x,y,stress
9.999999999999994671e+00,3.283567990682664346e-16,1.070025097058800384e+03
1.000570187583739212e+01,1.654200779754852191e-01,1.268428968055633845e+02
1.002271331246699759e+01,3.300626557360005209e-01,1.244485066349011646e+02
1.005075871963966705e+01,4.931831532517361172e-01,4.575920351322807988e+01
1.008940758757800360e+01,6.541234025012422348e-01,4.463629683738071918e+01
1.013810588447640093e+01,8.123155346504385976e-01,2.932466474069283180e+01
1.019621480509584011e+01,9.673008965683119742e-01,2.500104338421842698e+01
1.026304821599820372e+01,1.118731575741491735e+00,1.991917237918406514e+01
1.033790527733042452e+01,1.266363508221245437e+00,1.687567372816621614e+01
1.042009621353347448e+01,1.410044287382730577e+00,1.430516879006160380e+01
1.050896080639443575e+01,1.549698452700400297e+00,1.242350102070780693e+01
1.060388021456086705e+01,1.685312321122143020e+00,1.087350682763106668e+01
1.070428339569911458e+01,1.816919889021685997e+00,9.617814989064070730e+00
1.080964947878932136e+01,1.944590531095982788e+00,8.577432861795317720e+00
1.091950738502869811e+01,2.068418824889731056e+00,7.708258022931896214e+00
1.103343354536187881e+01,2.188516263341072410e+00,6.974449247614882275e+00
1.115104854761410103e+01,2.305004769433976364e+00,6.350478941225463636e+00
1.127201344421121298e+01,2.418011914745910484e+00,5.816088892659190712e+00
1.139602575529866080e+01,2.527667217004732070e+00,5.356056823601043071e+00
1.152281561562790557e+01,2.634099499096786534e+00,4.958135785486962099e+00
1.165214233082435058e+01,2.737435168720643741e+00,4.612614692610527811e+00
1.178379098567982552e+01,2.837796871935755139e+00,4.311933418668458806e+00
1.191756920857402591e+01,2.935302494464234080e+00,4.049563149836813203e+00
1.205330446833348823e+01,3.030064680770402585e+00,3.820484697698463883e+00
1.219084257484755263e+01,3.122191180761665574e+00,3.619347719579504741e+00
1.233004517677253631e+01,3.211784420595509726e+00,3.427455101682170380e+00
1.247078663489674000e+01,3.298940737914956234e+00,3.275846888964450532e+00
1.261295373137934384e+01,3.383751403139449110e+00,3.137205561594674119e+00
1.275644459197440916e+01,3.466302952036532492e+00,3.016507743701598354e+00
1.290116658099168845e+01,3.546676864877041258e+00,2.909784559461597642e+00
1.304703560582783872e+01,3.624950034230047358e+00,2.815924011880046152e+00
1.319397513935727773e+01,3.701194985188132058e+00,2.733276769161353759e+00
1.334191526345259327e+01,3.775480054784671857e+00,2.661322983039202672e+00
1.349079210292885023e+01,3.847869718833945463e+00,2.595693751073850475e+00
1.364054717401766226e+01,3.918424816056206517e+00,2.539490737955198085e+00
1.379112679600809166e+01,3.987202758763736643e+00,2.489715324066900770e+00
1.394248160230394262e+01,4.054257749766054353e+00,2.446418020332097321e+00
1.409456614595057466e+01,4.119641002902126203e+00,2.406804910906368278e+00
1.424733843190120908e+01,4.183400897871132784e+00,2.373236438904818169e+00
1.440075960387590648e+01,4.245583173608472372e+00,2.343420737529562370e+00
1.455479378335100193e+01,4.306231152024741604e+00,2.317365095712584644e+00
1.470940766377882980e+01,4.365385836229482841e+00,2.294429459082498735e+00
1.486457024362919732e+01,4.423086047612880378e+00,2.274344289443662515e+00
1.502025275619034694e+01,4.479368615323791047e+00,2.256641330496238496e+00
1.517642827525954630e+01,4.534268427323284278e+00,2.241345271073085677e+00
1.533307160797640023e+01,4.587818574677738681e+00,2.227136291466629281e+00
1.549015942011538627e+01,4.640050553951839518e+00,2.215300010214075410e+00
1.564769922261008617e+01,4.691003648162844542e+00,2.204757140158498885e+00
1.580564112493216555e+01,4.740696402453314917e+00,2.195581047830915900e+00
1.596400578122681679e+01,4.789167919015537400e+00,2.187484388986597139e+00
1.612273522443859264e+01,4.836431248010486073e+00,2.180425698998505801e+00
1.628174251219453339e+01,4.882490944201721916e+00,2.174042303281269017e+00
1.644108106988802831e+01,4.927391305715770109e+00,2.169025437953984170e+00
1.660073570797632314e+01,4.971154543608331977e+00,2.163992495246982006e+00
1.676069207104128722e+01,5.013801828581549991e+00,2.159553548090250796e+00
1.692093660233427244e+01,5.055353354478762107e+00,2.155610933768510762e+00
1.708145643184277773e+01,5.095828376375262536e+00,2.152118321203791762e+00
1.724223934702150274e+01,5.135245266214242044e+00,2.148976547650786273e+00
1.740327381351738012e+01,5.173621574836864134e+00,2.146143362901275164e+00
1.756454885661532472e+01,5.210974055500019020e+00,2.143565319439044270e+00
1.772605401729968122e+01,5.247318703349479030e+00,2.141204902490934980e+00
1.789003288784972412e+01,5.283156142521497678e+00,2.138994350286129720e+00
1.805422822320169729e+01,5.317988408029969527e+00,2.136935479303238683e+00
1.821637139226663749e+01,5.351371905032823229e+00,2.135024654369647390e+00
1.837870732629475512e+01,5.383805097945313811e+00,2.133214750847977736e+00
1.854122772557896326e+01,5.415300703852669706e+00,2.131486072903666873e+00
1.870392474092944468e+01,5.445870895746530493e+00,2.129817045930820552e+00
1.886679083285465097e+01,5.475527303367873522e+00,2.128198073556389236e+00
1.902981871806458258e+01,5.504281031500160459e+00,2.126615841234594129e+00
1.919300144887119686e+01,5.532142699926500207e+00,2.125061215881044685e+00
1.935633231230704254e+01,5.559122449176888026e+00,2.123527263902815765e+00
1.951980483942466904e+01,5.585229964855614959e+00,2.122009409217761711e+00
1.968341285895643367e+01,5.610474506445102705e+00,2.120502948786261221e+00
1.984736760164999936e+01,5.634896689274419224e+00,2.119002732941673184e+00
2.001144641496946619e+01,5.658470933095319566e+00,2.117511165751525759e+00
2.018090264803209877e+01,5.681919404036009702e+00,2.115978184518479743e+00
2.035047913262283359e+01,5.704481826828083690e+00,2.114446528581169549e+00
2.051468628604230560e+01,5.725479346044423323e+00,2.112974369629379900e+00
2.067899563463979007e+01,5.745661615856441529e+00,2.111511909149004218e+00
2.084340227920264965e+01,5.765035235104286393e+00,2.110061904967351243e+00
2.100790149387774974e+01,5.783606480630111513e+00,2.108624599194238058e+00
2.117248866443869559e+01,5.801381311048596778e+00,2.107205732124449060e+00
2.133715931599785165e+01,5.818365380394992847e+00,2.105805832316138826e+00
2.150190908974691339e+01,5.834564045185959280e+00,2.104430538207111567e+00
2.166673372560885014e+01,5.849982371857287866e+00,2.103081460709863126e+00
2.183162907108993167e+01,5.864625146170382664e+00,2.101761976548484512e+00
2.199659107097780364e+01,5.878496880054554730e+00,2.100477275068212357e+00
2.216163039195713580e+01,5.891602946134620211e+00,2.099228440135453511e+00
2.232672852754821946e+01,5.903946065262796417e+00,2.098026466420103375e+00
2.249972922803699404e+01,5.916061474553723443e+00,2.096816591976329303e+00
2.267278599570974507e+01,5.927347804584914392e+00,2.095657227280401713e+00
2.283873466268612873e+01,5.937392453146082438e+00,2.094603370264516595e+00
2.300472733536908621e+01,5.946681588836267629e+00,2.093611954841044565e+00
2.317005311209327445e+01,5.955183213133786957e+00,2.092682182090908061e+00
2.333541546323511184e+01,5.962940996789593662e+00,2.091819137344105517e+00
2.350081093543500899e+01,5.969957214569477699e+00,2.091022479901134989e+00
2.366623612336580607e+01,5.976233916725623985e+00,2.090296908714889046e+00
2.383168765833461578e+01,5.981772931461871501e+00,2.089668075538865910e+00
2.399716219750011703e+01,5.986575867280085284e+00,2.089117919828692216e+00
2.416265642711165995e+01,5.990644115497995692e+00,2.088650053875169554e+00
2.432816706226557812e+01,5.993978852198595497e+00,2.088264513762204899e+00
2.449369083677263959e+01,5.996581039642263633e+00,2.087961153955183669e+00
2.465922449812088857e+01,5.998451427591207086e+00,2.087745141808441396e+00
2.482961048960000383e+01,5.999612886375190968e+00,2.087614412175514911e+00
2.499999999999998934e+01,5.999999999999997335e+00,2.087572992174032471e+00
2.517038951039998906e+01,5.999612886375192744e+00,2.087623207726287511e+00
2.534077550187907590e+01,5.998451427591207086e+00,2.087761944058895036e+00
2.550630916322733555e+01,5.996581039642261857e+00,2.087982785319398182e+00
2.567183293773440056e+01,5.993978852198595497e+00,2.088290077807252398e+00
2.583734357288831163e+01,5.990644115497997468e+00,2.088680343997337374e+00
2.600283780249985099e+01,5.986575867280087060e+00,2.089153075222217382e+00
2.616831234166536291e+01,5.981772931461871501e+00,2.089707760612952825e+00
2.633376387663417262e+01,5.976233916725623097e+00,2.090340688105438716e+00
2.649918906456496259e+01,5.969957214569479476e+00,2.091050168059995773e+00
2.666458453676485263e+01,5.962940996789593662e+00,2.091832577820899708e+00
2.682994688790670068e+01,5.955183213133785181e+00,2.092685116660122802e+00
2.699527266463089603e+01,5.946681588836267629e+00,2.093604535252557852e+00
2.716126533731384640e+01,5.937392453146084215e+00,2.094590640522347336e+00
2.732721400429022296e+01,5.927347804584914392e+00,2.095639102286343647e+00
2.750027077196298109e+01,5.916061474553721666e+00,2.096794167344476101e+00
2.767327147245176278e+01,5.903946065262796417e+00,2.097999057311672022e+00
2.783836960804283933e+01,5.891602946134621988e+00,2.099197403702875775e+00
2.800340892902216439e+01,5.878496880054553841e+00,2.100442626544170022e+00
2.816837092891003991e+01,5.864625146170380887e+00,2.101727160130391958e+00
2.833326627439113210e+01,5.849982371857287866e+00,2.103046712776234894e+00
2.849809091025306529e+01,5.834564045185959280e+00,2.104399506279701626e+00
2.866284068400212348e+01,5.818365380394991071e+00,2.105779057362345608e+00
2.882751133556127598e+01,5.801381311048595002e+00,2.107183592430561525e+00
2.899209850612222894e+01,5.783606480630111513e+00,2.108607281656281973e+00
2.915659772079733258e+01,5.765035235104286393e+00,2.110048023642053572e+00
2.932100436536018506e+01,5.745661615856439752e+00,2.111501418467161439e+00
2.948531371395768019e+01,5.725479346044418882e+00,2.112965600754626472e+00
2.964952086737715931e+01,5.704481826828081026e+00,2.114439538503499527e+00
2.981909735196790834e+01,5.681919404036007037e+00,2.115971734172620078e+00
2.998855358503055513e+01,5.658470933095311572e+00,2.117505384486471520e+00
3.015263239835001841e+01,5.634896689274410342e+00,2.118996781206191837e+00
3.031658714104358054e+01,5.610474506445098264e+00,2.120497036369426880e+00
3.048019516057533096e+01,5.585229964855611406e+00,2.122002674067854144e+00
3.064366768769295035e+01,5.559122449176884473e+00,2.123519798166391581e+00
3.080699855112880670e+01,5.532142699926493101e+00,2.125052403168184334e+00
3.097018128193543518e+01,5.504281031500153354e+00,2.126606113751227323e+00
3.113320916714535969e+01,5.475527303367869081e+00,2.128188845899683823e+00
3.129607525907055887e+01,5.445870895746524276e+00,2.129809101065506916e+00
3.145877227442104740e+01,5.415300703852659936e+00,2.131479030891863413e+00
3.162129267370526620e+01,5.383805097945305818e+00,2.133211254597087159e+00
3.178362860773338028e+01,5.351371905032817011e+00,2.135023093396509086e+00
3.194577177679830982e+01,5.317988408029961533e+00,2.136932688029009153e+00
3.210996711215029364e+01,5.283156142521484355e+00,2.138993140605926158e+00
3.227394598270036141e+01,5.247318703349463043e+00,2.141203028173016332e+00
3.243545114338471791e+01,5.210974055500002144e+00,2.143560285170273971e+00
3.259672618648266251e+01,5.173621574836843706e+00,2.146129715967636464e+00
3.275776065297853989e+01,5.135245266214221616e+00,2.148950578356767505e+00
3.291854356815728266e+01,5.095828376375240332e+00,2.152068546928897153e+00
3.307906339766577020e+01,5.055353354478741679e+00,2.155535680668465126e+00
3.323930792895875186e+01,5.013801828581529563e+00,2.159411494156428635e+00
3.339926429202371594e+01,4.971154543608308884e+00,2.163763485765869188e+00
3.355891893011202143e+01,4.927391305715747905e+00,2.168668860159725931e+00
3.371825748780550924e+01,4.882490944201700600e+00,2.174214878869188183e+00
3.387726477556145710e+01,4.836431248010459427e+00,2.180500664367638120e+00
3.403599421877324005e+01,4.789167919015507202e+00,2.187641392659201767e+00
3.419435887506791261e+01,4.740696402453282055e+00,2.195762218004305044e+00
3.435230077738997778e+01,4.691003648162817008e+00,2.205004054017690507e+00
3.450984057988465992e+01,4.640050553951812873e+00,2.215532146610201369e+00
3.466692839202364240e+01,4.587818574677711148e+00,2.227525528904927388e+00
3.482357172474051055e+01,4.534268427323254080e+00,2.241196357372888581e+00
3.497974724380971168e+01,4.479368615323759961e+00,2.256775558750622412e+00
3.513542975637086840e+01,4.423086047612843075e+00,2.274532774023777737e+00
3.529059233622123060e+01,4.365385836229444649e+00,2.294760234347012595e+00
3.544520621664907623e+01,4.306231152024702524e+00,2.317804301365764985e+00
3.559924039612416635e+01,4.245583173608431515e+00,2.344038225532831810e+00
3.575266156809885842e+01,4.183400897871088375e+00,2.373904102851793763e+00
3.590543385404949106e+01,4.119641002902082683e+00,2.407876998280655378e+00
3.605751839769613554e+01,4.054257749766008168e+00,2.446522063506372024e+00
3.620887320399197762e+01,3.987202758763692234e+00,2.490446866180025864e+00
3.635945282598240880e+01,3.918424816056157223e+00,2.540372739817543302e+00
3.650920789707120662e+01,3.847869718833901054e+00,2.597076395077665634e+00
3.665808473654747957e+01,3.775480054784622563e+00,2.661481785484258733e+00
3.680602486064277201e+01,3.701194985188090758e+00,2.734585678899486449e+00
3.695296439417221279e+01,3.624950034229999396e+00,2.817578856691884237e+00
3.709883341900835774e+01,3.546676864876997737e+00,2.911749556506559866e+00
3.724355540802566367e+01,3.466302952036475649e+00,3.018646592004354368e+00
3.738704626862070768e+01,3.383751403139402480e+00,3.139950279751326789e+00
3.752921336510332395e+01,3.298940737914894950e+00,3.277711031580249124e+00
3.766995482322750632e+01,3.211784420595461320e+00,3.434166999073223092e+00
3.780915742515252020e+01,3.122191180761598961e+00,3.612080881367158991e+00
3.794669553166654907e+01,3.030064680770358176e+00,3.814494883266856373e+00
3.808243079142603449e+01,2.935302494464165246e+00,4.045243711868756087e+00
3.821620901432019224e+01,2.837796871935716947e+00,4.308611591216520154e+00
3.834785766917570982e+01,2.737435168720578016e+00,4.610070660912950480e+00
3.847718438437209443e+01,2.634099499096763886e+00,4.955849446054880758e+00
3.860397424470137651e+01,2.527667217004665456e+00,5.354080491795144781e+00
3.872798655578875326e+01,2.418011914745911817e+00,5.814246323852259479e+00
3.884895145238591851e+01,2.305004769433931511e+00,6.348938107824495525e+00
3.896656645463806257e+01,2.188516263341105716e+00,6.973253595587894260e+00
3.908049261497129123e+01,2.068418824889698193e+00,7.707902740293771870e+00
3.919035052121058982e+01,1.944590531096047625e+00,8.578187233584500859e+00
3.929571660430087121e+01,1.816919889021672452e+00,9.621346286744945075e+00
3.939611978543904769e+01,1.685312321122222068e+00,1.088035914027491735e+01
3.949103919360554471e+01,1.549698452700374984e+00,1.243683037226646171e+01
3.957990378646644558e+01,1.410044287382808070e+00,1.434805527083148746e+01
3.966209472266955061e+01,1.266363508221244993e+00,1.688406754075925775e+01
3.973695178400173944e+01,1.118731575741553241e+00,1.990846821745356365e+01
3.980378519490412970e+01,9.673008965683019822e-01,2.493570412579342133e+01
3.986189411552355466e+01,8.123155346504770113e-01,2.932299831617180530e+01
3.991059241242196265e+01,6.541234025012682141e-01,4.453627108867794959e+01
3.994924128036029742e+01,4.931831532517624295e-01,4.541611549582381002e+01
3.997728668753296688e+01,3.300626557360154534e-01,1.250749004163726141e+02
3.999429812416257590e+01,1.654200779754921302e-01,1.243911691319748627e+02
3.999999999999997868e+01,-3.252045092998093684e-17,1.069615707405205512e+03
