x,y,stress
8.999999999999994671e+00,-3.403752407622498712e-13,7.619392461986810758e+02
9.002479710149755121e+00,2.112612692954629334e-01,1.230300380950709211e+02
9.009915683553682442e+00,4.224062008629589360e-01,9.649567489814300814e+01
9.020672275618128566e+00,6.098037230950709153e-01,4.714899465815075530e+01
9.035322809946546130e+00,7.969371037166300686e-01,4.123811585840167027e+01
9.051786782605574899e+00,9.647038584694429542e-01,3.065952336510938991e+01
9.071366440085228078e+00,1.132135598813531541e+00,2.629321807275827183e+01
9.093589861994365364e+00,1.296028758698234862e+00,2.209660579032039962e+01
9.118780750255224277e+00,1.459492126431005454e+00,1.924003745139877353e+01
9.146920172986792608e+00,1.622473805357185439e+00,1.684458583763798956e+01
9.177987187190263185e+00,1.784922879313747268e+00,1.493979243893934772e+01
9.211958912028588742e+00,1.946789463461898961e+00,1.334411786576707293e+01
9.248810612235926598e+00,2.108024783966876647e+00,1.200281778337405214e+01
9.288515790345101664e+00,2.268581266010274433e+00,1.085385898696370077e+01
9.331046276950479168e+00,2.428412586243259064e+00,9.860256290463297546e+00
9.376372333586193264e+00,2.587473754352684452e+00,8.991780782264715555e+00
9.424462739416149759e+00,2.745721118821502049e+00,8.226589171308152260e+00
9.475298146131061472e+00,2.903152286053754416e+00,7.547775964360801559e+00
9.528832811319867702e+00,3.059686180590740268e+00,6.941890623395616799e+00
9.585017080654099075e+00,3.215244103937412223e+00,6.398934859235626327e+00
9.643828106958963531e+00,3.369828103204870473e+00,5.909690034089082999e+00
9.705228835548295407e+00,3.523401900538662535e+00,5.448823905514662336e+00
9.769181348970333190e+00,3.675930740770144478e+00,5.051800006255692033e+00
9.835646972560818213e+00,3.827381410089399694e+00,4.685472127071932391e+00
9.904586360683691026e+00,3.977722208763838641e+00,4.354220520164312269e+00
9.975959589807581906e+00,4.126922944035817054e+00,4.040901679888966314e+00
1.004972627972213495e+01,4.274954979287231005e+00,3.765735582277334181e+00
1.012584565661865987e+01,4.421791160854893654e+00,3.511518995571504487e+00
1.020427662753373887e+01,4.567405780152320460e+00,3.280535085058125411e+00
1.028519761312695557e+01,4.712160574231574195e+00,3.069830828788279842e+00
1.036835929711563331e+01,4.855639846323542841e+00,2.878938577246267894e+00
1.045351231941562098e+01,4.997482275027741672e+00,2.707116695291378328e+00
1.054081205253761411e+01,5.138013691469368815e+00,2.552999663904984118e+00
1.063019178805139653e+01,5.277176728412237949e+00,2.415864923965686639e+00
1.072163418219446029e+01,5.414993225736196791e+00,2.294980325468593652e+00
1.081509804181193246e+01,5.551446928106515522e+00,2.189714106233998425e+00
1.091054240955202204e+01,5.686522791119322129e+00,2.099488274870525473e+00
1.100792660061843620e+01,5.820206922206838662e+00,2.023678590565936020e+00
1.110721024339846252e+01,5.952486534055578815e+00,1.961652958534361391e+00
1.120835334594615240e+01,6.083349936134742286e+00,1.912673986309330942e+00
1.131131627413505925e+01,6.212786415325070699e+00,1.875985431840214934e+00
1.141605981188142138e+01,6.340786232255399391e+00,1.850707684190751046e+00
1.152254525400219798e+01,6.467340653846027188e+00,1.835930760147097107e+00
1.163192135744868239e+01,6.593795666472533235e+00,1.830650186039266103e+00
1.174299942571560607e+01,6.718758357952057558e+00,1.834117951840449123e+00
1.185451820116636412e+01,6.840900774426581954e+00,1.845105253419867086e+00
1.196762820567561114e+01,6.961571162148330494e+00,1.862683473472587004e+00
1.208229327347259918e+01,7.080764773079157415e+00,1.885933413419541571e+00
1.219847793032513472e+01,7.198477678894366072e+00,1.914048277188546754e+00
1.231614724209039125e+01,7.314706559993623181e+00,1.946249688295175861e+00
1.243526682292459817e+01,7.429448674447969303e+00,1.981867782763843344e+00
1.255580299487838580e+01,7.542701969783032645e+00,2.020288761923572984e+00
1.267772248971680860e+01,7.654464761807819428e+00,2.060976187261180925e+00
1.280099131647796717e+01,7.764734719608049396e+00,2.103466246014577656e+00
1.292557888529550780e+01,7.873512528975733282e+00,2.147340588334295752e+00
1.305187050328842879e+01,7.981148937372278596e+00,2.192399929740409981e+00
1.317942690280722928e+01,8.087283478111261914e+00,2.238183245720306136e+00
1.331062678916944186e+01,8.193850535009667979e+00,2.285291235478133398e+00
1.344307579224865989e+01,8.298861087924276347e+00,2.332628943370802510e+00
1.357385806455620703e+01,8.400109836483668602e+00,2.378982836651704069e+00
1.370577832616289626e+01,8.499871363144464453e+00,2.425182916605433725e+00
1.383880879671670705e+01,8.598147686834082037e+00,2.471093347776791571e+00
1.397292217047827201e+01,8.694941025084043318e+00,2.516580622608964646e+00
1.410809167245965767e+01,8.790253824762812584e+00,2.561536676704201820e+00
1.424429121683143684e+01,8.884088857140314488e+00,2.605866834156857159e+00
1.438149519265893872e+01,8.976449050530339591e+00,2.649477282514013599e+00
1.451967850832695639e+01,9.067337511918067250e+00,2.692285279605832304e+00
1.465881660216684423e+01,9.156757523106291430e+00,2.734235297897147365e+00
1.479888541402992885e+01,9.244712511873940386e+00,2.775273971932272765e+00
1.494049177939845663e+01,9.331588320179102780e+00,2.815524142398555085e+00
1.508299003787833215e+01,9.416993352115550664e+00,2.854773311421884507e+00
1.523149892843084885e+01,9.503905385855762944e+00,2.894313354390193993e+00
1.538091518632263544e+01,9.589248100494939919e+00,2.932674268839250420e+00
1.552536614112048063e+01,9.669804222299317686e+00,2.968430386211226679e+00
1.567061173164310972e+01,9.748918628635827588e+00,3.003070887186312543e+00
1.581663125287155047e+01,9.826595436901007119e+00,3.036559192222407777e+00
1.596340435709675987e+01,9.902838774437229930e+00,3.068885367785769702e+00
1.611091111783032659e+01,9.977652810167791486e+00,3.100028369198323919e+00
1.625913206368093000e+01,1.005104176652370285e+01,3.129982767178374647e+00
1.640804807271492294e+01,1.012300986216858867e+01,3.158733499818329626e+00
1.655764043967580434e+01,1.019356134248423373e+01,3.186280183147310208e+00
1.670789085997865797e+01,1.026270046725571383e+01,3.212611158239984999e+00
1.685878129864807562e+01,1.033043144824678450e+01,3.237711688526281772e+00
1.701029522863622745e+01,1.039675898717366564e+01,3.261658019687728505e+00
1.716241425110622032e+01,1.046168678637267568e+01,3.284245040173889851e+00
1.732330208960271634e+01,1.052857653820222517e+01,3.307484815619142537e+00
1.748482317836695898e+01,1.059392236159577649e+01,3.328615487202619683e+00
1.764071891351553845e+01,1.065530629842183252e+01,3.347926851511549895e+00
1.779716592264410124e+01,1.071527131972962721e+01,3.366019371659698667e+00
1.795212945411350347e+01,1.077307896714023627e+01,3.382733547077060088e+00
1.810759887925235745e+01,1.082951193820746560e+01,3.398294761740082937e+00
1.826355906270597984e+01,1.088457415188216437e+01,3.412727670723809670e+00
1.841999512467265276e+01,1.093826946597933691e+01,3.426048709769772049e+00
1.857689243542936097e+01,1.099060167519730946e+01,3.438274210906191897e+00
1.873423663611986356e+01,1.104157451750744379e+01,3.449435226931500065e+00
1.889201359550151693e+01,1.109119165921248573e+01,3.459559621758829362e+00
1.905020941581022242e+01,1.113945669691350737e+01,3.468673653021585146e+00
1.920881044843865126e+01,1.118637316168923412e+01,3.476802594632552701e+00
1.936780320794789390e+01,1.123194449344252099e+01,3.483988022539327378e+00
1.952948712831655342e+01,1.127680528864089915e+01,3.490333020865623137e+00
1.969154695112970899e+01,1.132028857861918780e+01,3.495789115313089557e+00
1.986278847347588439e+01,1.136464231615355658e+01,3.500592736749880363e+00
2.003441737711228399e+01,1.140747261375596544e+01,3.504418469701952699e+00
2.019555857363887696e+01,1.144622231138396096e+01,3.507235881251024256e+00
2.035701406157436466e+01,1.148364090287852513e+01,3.509341793273629495e+00
2.051843951093502127e+01,1.151965857850630925e+01,3.510754595748478479e+00
2.068015383795117401e+01,1.155435621915519739e+01,3.511522731373664996e+00
2.084214521427224653e+01,1.158773649226631086e+01,3.511688671928586913e+00
2.100440196900989420e+01,1.161980197597169351e+01,3.511301563406703519e+00
2.116691255577313058e+01,1.165055515255655116e+01,3.510393983164667553e+00
2.132966557140198560e+01,1.167999841245770121e+01,3.509028251653222075e+00
2.149264974933539207e+01,1.170813405279761277e+01,3.507244896764095898e+00
2.165585390648704234e+01,1.173496426855227170e+01,3.505102167087112530e+00
2.181926697153334160e+01,1.176049115846833537e+01,3.502708444105282926e+00
2.198287801763179772e+01,1.178471672997380892e+01,3.500072929792847454e+00
2.215258979690186081e+01,1.180844585513275824e+01,3.497120042288534236e+00
2.232249050860300343e+01,1.183078211254255230e+01,3.493996803622708480e+00
2.249707405087900014e+01,1.185226311522125719e+01,3.490671411634903354e+00
2.267183146748300615e+01,1.187228042952831508e+01,3.487238341718528201e+00
2.283630921750397391e+01,1.188976970913354414e+01,3.484013136171941749e+00
2.300091914963929085e+01,1.190596773099389871e+01,3.480843376302225067e+00
2.316564084166151360e+01,1.192087491101213104e+01,3.477749053549839875e+00
2.333047407626076009e+01,1.193449346618254303e+01,3.474769098635378750e+00
2.349540862955750598e+01,1.194682448203262837e+01,3.471952069971193655e+00
2.366043432777774669e+01,1.195786894237491182e+01,3.469322759497556863e+00
2.382554104362840519e+01,1.196762772920709494e+01,3.466921424306278254e+00
2.399071869026325388e+01,1.197610162245091381e+01,3.464768687674941727e+00
2.415595721668005780e+01,1.198329129981442165e+01,3.462901890768659285e+00
2.432124660230142865e+01,1.198919733662874343e+01,3.461333636464556829e+00
2.448657685207430745e+01,1.199382020573658991e+01,3.460083872234420266e+00
2.465193799155242260e+01,1.199716027739605551e+01,3.459186173068761860e+00
2.482596320348370611e+01,1.199929008509754347e+01,3.458618487564562916e+00
2.499999999999980815e+01,1.199999999999999467e+01,3.458414619615264751e+00
2.517403679651591375e+01,1.199929008509754524e+01,3.458617541711836108e+00
2.534806200844717949e+01,1.199716027739605906e+01,3.459183971290474613e+00
2.551342314792533372e+01,1.199382020573659524e+01,3.460080926493489528e+00
2.567875339769818410e+01,1.198919733662875409e+01,3.461330007399261444e+00
2.584404278331955496e+01,1.198329129981443586e+01,3.462896256391057026e+00
2.600928130973634822e+01,1.197610162245093157e+01,3.464760470021597705e+00
2.617445895637121822e+01,1.196762772920711448e+01,3.466909205626729662e+00
2.633956567222189094e+01,1.195786894237493314e+01,3.469306378291880044e+00
2.650459137044211388e+01,1.194682448203265679e+01,3.471929340644246853e+00
2.666952592373884201e+01,1.193449346618257145e+01,3.474739186405187752e+00
2.683435915833809204e+01,1.192087491101215946e+01,3.477710279266180038e+00
2.699908085036032546e+01,1.190596773099393424e+01,3.480795828401547887e+00
2.716369078249563529e+01,1.188976970913358500e+01,3.483957755367759646e+00
2.732816853251659595e+01,1.187228042952835416e+01,3.487175170308604688e+00
2.750292594912059485e+01,1.185226311522130338e+01,3.490601053035397250e+00
2.767750949139657024e+01,1.183078211254260559e+01,3.493920472415709355e+00
2.784741020309769155e+01,1.180844585513281508e+01,3.497048360764820618e+00
2.801712198236773332e+01,1.178471672997387287e+01,3.500003082335635618e+00
2.818073302846619299e+01,1.176049115846840465e+01,3.502639177496175371e+00
2.834414609351249936e+01,1.173496426855234098e+01,3.505034149173887226e+00
2.850735025066414607e+01,1.170813405279768737e+01,3.507122216430446748e+00
2.867033442859753833e+01,1.167999841245777937e+01,3.508853051631862119e+00
2.883308744422640046e+01,1.165055515255662755e+01,3.510184962852668011e+00
2.899559803098964039e+01,1.161980197597177877e+01,3.511059985760591751e+00
2.915785478572728451e+01,1.158773649226640323e+01,3.511437846823685316e+00
2.931984616204834637e+01,1.155435621915528976e+01,3.511263040020742743e+00
2.948156048906450266e+01,1.151965857850640340e+01,3.510497877158729629e+00
2.964298593842517349e+01,1.148364090287862460e+01,3.509089643530892033e+00
2.980444142636065408e+01,1.144622231138406931e+01,3.506991606084016055e+00
2.996558262288724706e+01,1.140747261375607735e+01,3.504184164755367981e+00
3.013721152652367863e+01,1.136464231615366138e+01,3.500360569740953665e+00
3.030845304886988245e+01,1.132028857861929083e+01,3.495557803447419065e+00
3.047051287168306288e+01,1.127680528864100040e+01,3.490104039330616637e+00
3.063219679205174018e+01,1.123194449344261514e+01,3.483755914616854632e+00
3.079118955156098636e+01,1.118637316168932827e+01,3.476566756032925642e+00
3.094979058418941875e+01,1.113945669691361040e+01,3.468431548329406588e+00
3.110798640449813135e+01,1.109119165921259054e+01,3.459315730730984306e+00
3.126576336387978827e+01,1.104157451750754504e+01,3.449186128959084829e+00
3.142310756457029086e+01,1.099060167519740894e+01,3.438025151299447302e+00
3.158000487532700973e+01,1.093826946597944350e+01,3.425798260240268345e+00
3.173644093729368265e+01,1.088457415188227806e+01,3.412490585548510147e+00
3.189240112074730504e+01,1.082951193820757929e+01,3.398073220950696083e+00
3.204787054588615547e+01,1.077307896714034996e+01,3.382535693029217416e+00
3.220283407735555414e+01,1.071527131972974622e+01,3.365856567888169337e+00
3.235928108648413115e+01,1.065530629842194976e+01,3.347784660190213479e+00
3.251517682163270706e+01,1.059392236159589373e+01,3.328515773315367188e+00
3.267669791039695326e+01,1.052857653820234241e+01,3.307209229176034437e+00
3.283758574889345283e+01,1.046168678637280003e+01,3.284544537462937175e+00
3.298970477136344925e+01,1.039675898717379177e+01,3.261790330239677793e+00
3.314121870135161174e+01,1.033043144824691062e+01,3.237851727433972648e+00
3.329210914002102584e+01,1.026270046725584528e+01,3.212701331813244909e+00
3.344235956032387236e+01,1.019356134248437229e+01,3.186342351642552195e+00
3.359195192728475376e+01,1.012300986216872900e+01,3.158778348389115198e+00
3.374086793631875025e+01,1.005104176652384140e+01,3.130008321143012306e+00
3.388908888216936077e+01,9.977652810167931818e+00,3.100042685098654882e+00
3.403659564290293105e+01,9.902838774437375591e+00,3.068886333938752653e+00
3.418336874712812801e+01,9.826595436901161662e+00,3.036555129374585604e+00
3.432938826835656698e+01,9.748918628635985684e+00,3.003057282486886859e+00
3.447463385887920140e+01,9.669804222299479335e+00,2.968411977842254856e+00
3.461908481367704837e+01,9.589248100495101568e+00,2.932647832381445330e+00
3.476850107156882785e+01,9.503905385855929921e+00,2.894286956219645379e+00
3.491700996212134100e+01,9.416993352115721194e+00,2.854741239394307684e+00
3.505950822060123073e+01,9.331588320179271534e+00,2.815487464184601496e+00
3.520111458596976917e+01,9.244712511874110916e+00,2.775230504079865046e+00
3.534118339783285734e+01,9.156757523106465513e+00,2.734190923502493042e+00
3.548032149167273985e+01,9.067337511918241333e+00,2.692239850565963710e+00
3.561850480734075575e+01,8.976449050530517226e+00,2.649439122073675268e+00
3.575570878316826651e+01,8.884088857140495676e+00,2.605846277042204395e+00
3.589190832754005100e+01,8.790253824762995549e+00,2.561541079752873262e+00
3.602707782952143845e+01,8.694941025084235164e+00,2.516601570221155271e+00
3.616119120328299630e+01,8.598147686834277437e+00,2.471130812522678522e+00
3.629422167383680176e+01,8.499871363144668734e+00,2.425234595365143964e+00
3.642614193544348922e+01,8.400109836483878212e+00,2.379043906820456744e+00
3.655692420775103102e+01,8.298861087924489510e+00,2.332703255413147936e+00
3.668937321083024727e+01,8.193850535009893576e+00,2.285377722383338917e+00
3.682057309719245808e+01,8.087283478111494617e+00,2.238285975885905277e+00
3.694812949671124613e+01,7.981148937372529062e+00,2.192512313267079183e+00
3.707442111470415114e+01,7.873512528975994407e+00,2.147468711060994462e+00
3.719900868352169709e+01,7.764734719608314073e+00,2.103602508921729175e+00
3.732227751028286633e+01,7.654464761808091211e+00,2.061124759598863321e+00
3.744419700512128202e+01,7.542701969783313309e+00,2.020437805627211425e+00
3.756473317707506965e+01,7.429448674448257961e+00,1.982020276274631954e+00
3.768385275790928546e+01,7.314706559993911839e+00,1.946396130754387777e+00
3.780152206967454731e+01,7.198477678894659171e+00,1.914188728139422979e+00
3.791770672652707930e+01,7.080764773079454955e+00,1.886069816580235869e+00
3.803237179432406379e+01,6.961571162148633363e+00,1.862815034481271725e+00
3.814548179883331613e+01,6.840900774426884823e+00,1.845240878390344674e+00
3.825700057428409195e+01,6.718758357952364868e+00,1.834259945698306860e+00
3.836807864255100498e+01,6.593795666472856531e+00,1.830819627750485123e+00
3.847745474599748405e+01,6.467340653846367360e+00,1.836133798645845916e+00
3.858394018811826953e+01,6.340786232255733346e+00,1.850951724219051631e+00
3.868868372586464233e+01,6.212786415325404654e+00,1.876285273184498115e+00
3.879164665405354384e+01,6.083349936135095781e+00,1.913040007086125760e+00
3.889278975660122484e+01,5.952486534055942968e+00,1.962112151388929693e+00
3.899207339938125472e+01,5.820206922207209921e+00,2.024234517992160587e+00
3.908945759044767243e+01,5.686522791119704934e+00,2.100178742693610712e+00
3.918490195818777266e+01,5.551446928106904544e+00,2.190542790472259860e+00
3.927836581780524483e+01,5.414993225736592919e+00,2.295982413885402362e+00
3.936980821194831037e+01,5.277176728412644735e+00,2.417023829632370280e+00
3.945918794746209102e+01,5.138013691469788036e+00,2.554353951185751370e+00
3.954648768058409303e+01,4.997482275028167997e+00,2.708638697573754861e+00
3.963164070288407714e+01,4.855639846323972719e+00,2.880668152077287658e+00
3.971480238687276199e+01,4.712160574232010291e+00,3.071752059769469412e+00
3.979572337246599290e+01,4.567405780152761885e+00,3.282694018737833286e+00
3.987415434338107190e+01,4.421791160855344849e+00,3.514076617729537944e+00
3.995027372027760038e+01,4.274954979287692858e+00,3.768051830367393773e+00
4.002404041019217118e+01,4.126922944036264695e+00,4.046400413210670344e+00
4.009541363931607805e+01,3.977722208764278733e+00,4.351453503842026116e+00
4.016435302743895619e+01,3.827381410089840230e+00,4.685783164867499018e+00
4.023081865102944477e+01,3.675930740770583238e+00,5.052706533796812671e+00
4.029477116445149676e+01,3.523401900539090192e+00,5.455949425356345195e+00
4.035617189304084462e+01,3.369828103205286585e+00,5.900311308838162461e+00
4.041498291934571796e+01,3.215244103937824782e+00,6.391304550176530874e+00
4.047116718867995644e+01,3.059686180591144389e+00,6.936026845225404358e+00
4.052470185386877688e+01,2.903152286054153208e+00,7.543025003267003648e+00
4.057553726058369392e+01,2.745721118821904394e+00,8.223048708612939350e+00
4.062362766641366107e+01,2.587473754353089461e+00,8.989104296508344305e+00
4.066895372304938405e+01,2.428412586243662741e+00,9.858965573434989693e+00
4.071148420965477044e+01,2.268581266010674558e+00,1.085433830901959418e+01
4.075118938776395083e+01,2.108024783967279880e+00,1.200585212140509306e+01
4.078804108797130112e+01,1.946789463462293979e+00,1.335058089098343892e+01
4.082201281280962490e+01,1.784922879314137178e+00,1.495025529187081403e+01
4.085307982701311147e+01,1.622473805357576015e+00,1.686323308935939025e+01
4.088121924974468158e+01,1.459492126431395809e+00,1.926041667149705106e+01
4.090641013800554759e+01,1.296028758698633432e+00,2.214479910539549934e+01
4.092863355991469376e+01,1.132135598813936772e+00,2.631321474560743923e+01
4.094821321739435405e+01,9.647038584698452990e-01,3.080144623321602282e+01
4.096467719005339347e+01,7.969371037170283056e-01,4.117767139533752641e+01
4.097932772438181814e+01,6.098037230954395094e-01,4.755281479652730070e+01
4.099008431644626427e+01,4.224062008632972764e-01,9.600452905845889973e+01
4.099752028985020758e+01,2.112612692958017457e-01,1.232357965729199805e+02
4.099999999999997868e+01,-4.081534113048116709e-17,7.611724326594628565e+02
