x,y,stress
8.999999999999994671e+00,3.405906885181360534e-13,7.021798793995903907e+02
9.002028251042865747e+00,2.388324620612079230e-01,1.063115070702059910e+02
9.008112206688345225e+00,4.775960365597869961e-01,8.831114552468169165e+01
9.016915839664896737e+00,6.895697900803106073e-01,4.193773983469754540e+01
9.028914943690901751e+00,9.013866876486679169e-01,3.738061909096038704e+01
9.042248638484858603e+00,1.089345746727694575e+00,2.772704390760749149e+01
9.058096896432411782e+00,1.277109503680375679e+00,2.393679525889901782e+01
9.074442587868553289e+00,1.445277533906372813e+00,2.040148154596881369e+01
9.092803723101043900e+00,1.613237460783117028e+00,1.798710981496470040e+01
9.112732499001245046e+00,1.777479072194087184e+00,1.594380025395525102e+01
9.134586582439343516e+00,1.941475603866308131e+00,1.429142304131219277e+01
9.158361893210480886e+00,2.105204646970909810e+00,1.288206997187334935e+01
9.184053999866748086e+00,2.268643874235806379e+00,1.168059737562647626e+01
9.211658123608088999e+00,2.431771054936238574e+00,1.063765447935912611e+01
9.241169142536492132e+00,2.594564067518767114e+00,9.725017703409617909e+00
9.272581593840635961e+00,2.757000898607352646e+00,8.918398993552557386e+00
9.305889676941871969e+00,2.919059648141271168e+00,8.200327650679316349e+00
9.341087258610373922e+00,3.080718542812778349e+00,7.556525407857753507e+00
9.378167875222203520e+00,3.241955934310991161e+00,6.975859319436398032e+00
9.417441770356116848e+00,3.404026097095776304e+00,6.445527565074367082e+00
9.458614564322330054e+00,3.565624296907187851e+00,5.962663886352370213e+00
9.503667420128437016e+00,3.733990424315137169e+00,5.502436338486224265e+00
9.550777134880416241e+00,3.901792654089609069e+00,5.082408246895661286e+00
9.597400108199336088e+00,4.060567438865933632e+00,4.716026904038240097e+00
9.645860330318285492e+00,4.218791146039603923e+00,4.377682647207064903e+00
9.696139146136484754e+00,4.376412569841914291e+00,4.065098478552650718e+00
9.748236841426072274e+00,4.533442195929971774e+00,3.775704225820094351e+00
9.802144158899698922e+00,4.689859827852280283e+00,3.507758246235492372e+00
9.857851560157513404e+00,4.845645452039732071e+00,3.259089832014699706e+00
9.915349232288749093e+00,5.000779245387977134e+00,3.019736675100977319e+00
9.974627093018458623e+00,5.155241578050183904e+00,2.809111474643839923e+00
1.003567479513070460e+01,5.309013014313921808e+00,2.611637137889639693e+00
1.009848173656124537e+01,5.462074327303995780e+00,2.431272681568769300e+00
1.016303705510445710e+01,5.614406475565178134e+00,2.260776925513778401e+00
1.022932965609489386e+01,5.765990658502628818e+00,2.111167029332868150e+00
1.030052345254482482e+01,5.923738188732378340e+00,1.968988299182248936e+00
1.037359263656537678e+01,6.080625841152922817e+00,1.843993033301407181e+00
1.044661612761182212e+01,6.232719554381927374e+00,1.738438618234935173e+00
1.052139621446456985e+01,6.383957339138534692e+00,1.649455648287936782e+00
1.059642058171545997e+01,6.531415215243869810e+00,1.578585254904678381e+00
1.067310914342121286e+01,6.678014486780903702e+00,1.524112880334250075e+00
1.075144923624256243e+01,6.823737937008815813e+00,1.486017839548638086e+00
1.083142796876032499e+01,6.968568518938471179e+00,1.463933519967726138e+00
1.091303225605006411e+01,7.112489414179761660e+00,1.457149751855858044e+00
1.099624886541966795e+01,7.255484102066382945e+00,1.464655675593756090e+00
1.108106437229771224e+01,7.397536269864247949e+00,1.485170719507348025e+00
1.116746517169100095e+01,7.538629825748500934e+00,1.517277383155202886e+00
1.125543750679876887e+01,7.678748937016494303e+00,1.559489019341340876e+00
1.134496744031302740e+01,7.817877974858973289e+00,1.610365452938198549e+00
1.143685765977628144e+01,7.957225298195212737e+00,1.669128295951333385e+00
1.153030435601290371e+01,8.095533667633572961e+00,1.734110413260314454e+00
1.163029596597074011e+01,8.239927127150913577e+00,1.808019550079768223e+00
1.173197717179544952e+01,8.383135810821297440e+00,1.886653414698021392e+00
1.182941664035458729e+01,8.517110568239067092e+00,1.964311414689060342e+00
1.192832881407554524e+01,8.650001759300602444e+00,2.044697514392040283e+00
1.202856753168057402e+01,8.781625089178010768e+00,2.127217562631224634e+00
1.213024519312333460e+01,8.912140052874960361e+00,2.211554971172409179e+00
1.223334667324732550e+01,9.041533210898077044e+00,2.297355842158799621e+00
1.233785674017937062e+01,9.169791355154785606e+00,2.384336020895924335e+00
1.244376006548258218e+01,9.296901514465714556e+00,2.472250566723511067e+00
1.255104122680181078e+01,9.422850950536469483e+00,2.560898362822511487e+00
1.265968471324348776e+01,9.547627157415130128e+00,2.650107885636729943e+00
1.276967493100659823e+01,9.671217861161197860e+00,2.739729630474831090e+00
1.288099620688090496e+01,9.793611017088219128e+00,2.829642675410058317e+00
1.299363279370297342e+01,9.914794809281533006e+00,2.919735852963210920e+00
1.311214503257670572e+01,1.003952218530040597e+01,3.013502814731814361e+00
1.323204474942743758e+01,1.016291638419303034e+01,3.107263719508142952e+00
1.335320055451474808e+01,1.028485197204581070e+01,3.200851927551568554e+00
1.347570540530438166e+01,1.040543215091367557e+01,3.294261063026164393e+00
1.359487352156540574e+01,1.052019918204505622e+01,3.383957480323068978e+00
1.371525860455029822e+01,1.063368902403141547e+01,3.473365658076804419e+00
1.383684450533523780e+01,1.074589145060137518e+01,3.562428202192106763e+00
1.395961502407885924e+01,1.085679643959353236e+01,3.651082880852722479e+00
1.408355403638793746e+01,1.096639427922799470e+01,3.739279946357243922e+00
1.420864517086600820e+01,1.107467527637281712e+01,3.826960264390957711e+00
1.433487201678335943e+01,1.118162994530924159e+01,3.914071396515983459e+00
1.446221836338437505e+01,1.128724919957327089e+01,4.000555447810132392e+00
1.459066788292516215e+01,1.139152407240482212e+01,4.086362955620390203e+00
1.472020418789482399e+01,1.149444576534354567e+01,4.171434133370277131e+00
1.485100479598284373e+01,1.159615485140849600e+01,4.255833829256999046e+00
1.498286249623752653e+01,1.169648971645562163e+01,4.339396404617311909e+00
1.512469378944360443e+01,1.180201645091166007e+01,4.427531711161927674e+00
1.526768962912317917e+01,1.190595969792213005e+01,4.514516195764421980e+00
1.540478065594793833e+01,1.200336009132476178e+01,4.596192029175724336e+00
1.554289010686054340e+01,1.209931094783007133e+01,4.676749557496827414e+00
1.567974080135435244e+01,1.219228638476556092e+01,4.754862209148546626e+00
1.581754405972444388e+01,1.228384405708400706e+01,4.831722453569800457e+00
1.595628339229953063e+01,1.237397687246407330e+01,4.907250712644870561e+00
1.609594241109906321e+01,1.246267797829996127e+01,4.981385039190034725e+00
1.623650473707724728e+01,1.254994069407743318e+01,5.054042600995328982e+00
1.637795389326389284e+01,1.263575844361144540e+01,5.125162006779317103e+00
1.652027340767157781e+01,1.272012481925412430e+01,5.194657874160246713e+00
1.666344692843641084e+01,1.280303364458587012e+01,5.262451656150135548e+00
1.680745810050366984e+01,1.288447889474609731e+01,5.328469905493820491e+00
1.695229050142351923e+01,1.296445465930418450e+01,5.392627295905161766e+00
1.709958686319743038e+01,1.304383853292058859e+01,5.455521072698994445e+00
1.724768955905224033e+01,1.312170771745505071e+01,5.516353371596632194e+00
1.740618548650672537e+01,1.320291542071802304e+01,5.578704196407118232e+00
1.756555531730101549e+01,1.328239440047116737e+01,5.638400462461005347e+00
1.771524735079710666e+01,1.335509401276469710e+01,5.691733669501136461e+00
1.786566812487188471e+01,1.342627357443909197e+01,5.742671306693722499e+00
1.801592226064995828e+01,1.349552849549430711e+01,5.790749568044353701e+00
1.816686410941511909e+01,1.356327145381971100e+01,5.836192258151379875e+00
1.831847746414034717e+01,1.362949792952969652e+01,5.879071924629638346e+00
1.847074611354811680e+01,1.369420352817646602e+01,5.918860400921889031e+00
1.862365385432947917e+01,1.375738398493403025e+01,5.957776637229227568e+00
1.877718455783736573e+01,1.381903518954301013e+01,5.991446181848797181e+00
1.893132209335825067e+01,1.387915315161380825e+01,6.022813016910995465e+00
1.908605034909561127e+01,1.393773400777176086e+01,6.050986339162907512e+00
1.924135326482321062e+01,1.399477403164379119e+01,6.077988876087498049e+00
1.939721474912553845e+01,1.405026960127390545e+01,6.099470712769836211e+00
1.955756689474558740e+01,1.410555664367339013e+01,6.119042679541766283e+00
1.971847199399988781e+01,1.415921311875201027e+01,6.135194659973947751e+00
1.988743171878303073e+01,1.421361449198143845e+01,6.148535202746307604e+00
2.005695841283399261e+01,1.426622246424088836e+01,6.158116312685980809e+00
2.021569287751112398e+01,1.431370644553386740e+01,6.163854375153524856e+00
2.037488817828115728e+01,1.435962175294438836e+01,6.166535208178419047e+00
2.053429873200938616e+01,1.440390304115195264e+01,6.166147804649891206e+00
2.069413699181236055e+01,1.444661472900045318e+01,6.162784802156873631e+00
2.085438709847003125e+01,1.448775426813920397e+01,6.156547504926935588e+00
2.101503321137770897e+01,1.452731921714853591e+01,6.147545272979220599e+00
2.117605951154719435e+01,1.456530724104604779e+01,6.135921061927580133e+00
2.133745019900053208e+01,1.460171610940063402e+01,6.121820827550891408e+00
2.149918949325827100e+01,1.463654369528684107e+01,6.105443802728727221e+00
2.166126163254474690e+01,1.466978797397830370e+01,6.086975741838234200e+00
2.182365087280606986e+01,1.470144702167809747e+01,6.066637947350811189e+00
2.198634148783959930e+01,1.473151901453015533e+01,6.044723940787013028e+00
2.215571097159671154e+01,1.476108620487887002e+01,6.020479132081546503e+00
2.232537133976945753e+01,1.478893581155740833e+01,5.995042556025606650e+00
2.249938490910975020e+01,1.481567185681562293e+01,5.968157233369112191e+00
2.267366616579049676e+01,1.484060340999925565e+01,5.940610016668817828e+00
2.283768293746918943e+01,1.486238785271565810e+01,5.914646266470175107e+00
2.300190384612006511e+01,1.488257588669736009e+01,5.888922649382089425e+00
2.316630274693499913e+01,1.490116524077570048e+01,5.863707571620771830e+00
2.333087452341003143e+01,1.491815621622385457e+01,5.839306112184447173e+00
2.349560357430361535e+01,1.493354786416952074e+01,5.816059189390608175e+00
2.366047430772511362e+01,1.494733932701062962e+01,5.794247825798089835e+00
2.382547114033930669e+01,1.495952983789075397e+01,5.774184319040752023e+00
2.399057849637659956e+01,1.497011872021345447e+01,5.756121100934469936e+00
2.415578080678512762e+01,1.497910538722485185e+01,5.740353798634836302e+00
2.432106250828411120e+01,1.498648934164419089e+01,5.727059713343916059e+00
2.448640804239613189e+01,1.499227017535098838e+01,5.716466094675038079e+00
2.465180185462024554e+01,1.499644756913277988e+01,5.708748153152131799e+00
2.482589186665190795e+01,1.499911187872467266e+01,5.703828542061573081e+00
2.500000000000014566e+01,1.499999999999999467e+01,5.702157161547042108e+00
2.517410813334838693e+01,1.499911187872467266e+01,5.703903002481432338e+00
2.534819814538004223e+01,1.499644756913277455e+01,5.708896711911961575e+00
2.551359195760415943e+01,1.499227017535097595e+01,5.716666391885721232e+00
2.567893749171619078e+01,1.498648934164418023e+01,5.727307763325760526e+00
2.584421919321517791e+01,1.497910538722483587e+01,5.740608749785019782e+00
2.600942150362368466e+01,1.497011872021343670e+01,5.756382727439813607e+00
2.617452885966099885e+01,1.495952983789073087e+01,5.774420869463280148e+00
2.633952569227518126e+01,1.494733932701060475e+01,5.794461312269428177e+00
2.650439642569670440e+01,1.493354786416948876e+01,5.816242569296781184e+00
2.666912547659025279e+01,1.491815621622382260e+01,5.839462984031626114e+00
2.683369725306533482e+01,1.490116524077566140e+01,5.863828561304538667e+00
2.699809615388022976e+01,1.488257588669732279e+01,5.889011515344024339e+00
2.716231706253114808e+01,1.486238785271561369e+01,5.914697716956238693e+00
2.732633383420978035e+01,1.484060340999921301e+01,5.940625090669628072e+00
2.750061509089051270e+01,1.481567185681558207e+01,5.968121661367058906e+00
2.767462866023077339e+01,1.478893581155736747e+01,5.994960418719777806e+00
2.784428902840352649e+01,1.476108620487882739e+01,6.020349963580246211e+00
2.801365851216064229e+01,1.473151901453010559e+01,6.044542244293507949e+00
2.817634912719418239e+01,1.470144702167804063e+01,6.066407069292945486e+00
2.833873836745551600e+01,1.466978797397824685e+01,6.086691612383442695e+00
2.850081050674200611e+01,1.463654369528677890e+01,6.105115281747324651e+00
2.866254980099974503e+01,1.460171610940056652e+01,6.121440522992783961e+00
2.882394048845308276e+01,1.456530724104597319e+01,6.135506138489898120e+00
2.898496678862257525e+01,1.452731921714846131e+01,6.147089649446482618e+00
2.914561290153025297e+01,1.448775426813912581e+01,6.156067988172147842e+00
2.930586300818791656e+01,1.444661472900037325e+01,6.162273094953672370e+00
2.946570126799091227e+01,1.440390304115186737e+01,6.165623042950800325e+00
2.962511182171914825e+01,1.435962175294429599e+01,6.165990136159067880e+00
2.978430712248917800e+01,1.431370644553377680e+01,6.163304204203744696e+00
2.994304158716630226e+01,1.426622246424079066e+01,6.157562474604933556e+00
3.011256828121726770e+01,1.421361449198133720e+01,6.147974773468270371e+00
3.028152800600040706e+01,1.415921311875190725e+01,6.134599466951301316e+00
3.044243310525470747e+01,1.410555664367328532e+01,6.118414721631824094e+00
3.060278525087475288e+01,1.405026960127379176e+01,6.098924462797614687e+00
3.075864673517707715e+01,1.399477403164367217e+01,6.076695163286010448e+00
3.091394965090468006e+01,1.393773400777164539e+01,6.051374076567997307e+00
3.106867790664203355e+01,1.387915315161369456e+01,6.022964152804004989e+00
3.122281544216292204e+01,1.381903518954288579e+01,5.991521547865745312e+00
3.137634614567080149e+01,1.375738398493390058e+01,5.957103709730718677e+00
3.152925388645217097e+01,1.369420352817633635e+01,5.919776293871655604e+00
3.168152253585993350e+01,1.362949792952956685e+01,5.879618395495244343e+00
3.183313589058515092e+01,1.356327145381957600e+01,5.836696584391630971e+00
3.198407773935029752e+01,1.349552849549417211e+01,5.791105495517316903e+00
3.213433187512837463e+01,1.342627357443895519e+01,5.742921587944517903e+00
3.228475264920312782e+01,1.335509401276456920e+01,5.691937121850589421e+00
3.243444468269920833e+01,1.328239440047103770e+01,5.638542405923738343e+00
3.259381451349351977e+01,1.320291542071788271e+01,5.578853862423994059e+00
3.275231044094801547e+01,1.312170771745490150e+01,5.516492700117428427e+00
3.290041313680282542e+01,1.304383853292043760e+01,5.455638672300077374e+00
3.304770949857672235e+01,1.296445465930402818e+01,5.392732132018773328e+00
3.319254189949657530e+01,1.288447889474593744e+01,5.328560256554198737e+00
3.333655307156384140e+01,1.280303364458570847e+01,5.262527266841284579e+00
3.347972659232867443e+01,1.272012481925395555e+01,5.194717952965442365e+00
3.362204610673634164e+01,1.263575844361127665e+01,5.125205923924805340e+00
3.376349526292298719e+01,1.254994069407726265e+01,5.054081255067267797e+00
3.390405758890117482e+01,1.246267797829979251e+01,4.981415788122683708e+00
3.404371660770070918e+01,1.237397687246390277e+01,4.907293837172630901e+00
3.418245594027578704e+01,1.228384405708382943e+01,4.831782990572015102e+00
3.432025919864588559e+01,1.219228638476537618e+01,4.754959917136501346e+00
3.445710989313969463e+01,1.209931094782988836e+01,4.676898161227992290e+00
3.459521934405230326e+01,1.200336009132457349e+01,4.596353348133000338e+00
3.473231037087705175e+01,1.190595969792193998e+01,4.514670467467801984e+00
3.487530621055663715e+01,1.180201645091146112e+01,4.427673773944558633e+00
3.501713750376271150e+01,1.169648971645542268e+01,4.339530823900966894e+00
3.514899520401738897e+01,1.159615485140829350e+01,4.255957193136635119e+00
3.527979581210539806e+01,1.149444576534334139e+01,4.171552274347477329e+00
3.540933211707505279e+01,1.139152407240461606e+01,4.086479621884754110e+00
3.553778163661584699e+01,1.128724919957306483e+01,4.000671559937030608e+00
3.566512798321684130e+01,1.118162994530904619e+01,3.914187948258113448e+00
3.579135482913418542e+01,1.107467527637261817e+01,3.827077802232973891e+00
3.591644596361226860e+01,1.096639427922779397e+01,3.739400021741666524e+00
3.604038497592133439e+01,1.085679643959333163e+01,3.651206033441602106e+00
3.616315549466495582e+01,1.074589145060117090e+01,3.562553031323626218e+00
3.628474139544988475e+01,1.063368902403120941e+01,3.473493395706993780e+00
3.640512647843478788e+01,1.052019918204484306e+01,3.384083885954042970e+00
3.652429459469581019e+01,1.040543215091345886e+01,3.294385496647116884e+00
3.664679944548543489e+01,1.028485197204559576e+01,3.200968855732883256e+00
3.676795525057273295e+01,1.016291638419281718e+01,3.107372706349002645e+00
3.688785496742346481e+01,1.003952218530019280e+01,3.013597831605089095e+00
3.700636720629719889e+01,9.914794809281321619e+00,2.919819542795367262e+00
3.711900379311926201e+01,9.793611017088009518e+00,2.829710107240331229e+00
3.723032506899355809e+01,9.671217861160984697e+00,2.739781490976736844e+00
3.734031528675667033e+01,9.547627157414915189e+00,2.650142645103207517e+00
3.744895877319834909e+01,9.422850950536258097e+00,2.560918934526613899e+00
3.755623993451757059e+01,9.296901514465501393e+00,2.472256611510140090e+00
3.766214325982077327e+01,9.169791355154568890e+00,2.384326003732546884e+00
3.776665332675282372e+01,9.041533210897853223e+00,2.297327417850156817e+00
3.786975480687680573e+01,8.912140052874743645e+00,2.211509191086137971e+00
3.797143246831956276e+01,8.781625089177795829e+00,2.127155908228590686e+00
3.807167118592457911e+01,8.650001759300383952e+00,2.044619966454744198e+00
3.817058335964554061e+01,8.517110568238843271e+00,1.964219566907852155e+00
3.826802282820468548e+01,8.383135810821077172e+00,1.886548281728331888e+00
3.836970403402938246e+01,8.239927127150698638e+00,1.807923081970495449e+00
3.846969564398720820e+01,8.095533667633361574e+00,1.734027340191543587e+00
3.856314234022384113e+01,7.957225298194994245e+00,1.669052099826648261e+00
3.865503255968709340e+01,7.817877974858744139e+00,1.610312288610425302e+00
3.874456249320135015e+01,7.678748937016266929e+00,1.559466935692821243e+00
3.883253482830910741e+01,7.538629825748271784e+00,1.517302525990526174e+00
3.891893562770239612e+01,7.397536269864008140e+00,1.485250160379802065e+00
3.900375113458044751e+01,7.255484102066145802e+00,1.464808802244990993e+00
3.908696774395004780e+01,7.112489414179520075e+00,1.457387634418910283e+00
3.916857203123977627e+01,6.968568518938227818e+00,1.464279942188546402e+00
3.924855076375754237e+01,6.823737937008573340e+00,1.486475804705363890e+00
3.932689085657888484e+01,6.678014486780666559e+00,1.524705173267126623e+00
3.940357941828462884e+01,6.531415215243637995e+00,1.579304751609781787e+00
3.947860378553551186e+01,6.383957339138306430e+00,1.650323719679867240e+00
3.955338387238825959e+01,6.232719554381707994e+00,1.739460391533217853e+00
3.962640736343469428e+01,6.080625841152715871e+00,1.845194029219782594e+00
3.969947654745525512e+01,5.923738188732138532e+00,1.970445258242208730e+00
3.977067034390519495e+01,5.765990658502340160e+00,2.112602027671517835e+00
3.983696294489563883e+01,5.614406475564891252e+00,2.264022313515171803e+00
3.990151826343885233e+01,5.462074327303706234e+00,2.430521046406619590e+00
3.996432520486938955e+01,5.309013014313628709e+00,2.612366624498797751e+00
4.002537290698161598e+01,5.155241578049895246e+00,2.809958093221703646e+00
4.008465076771132374e+01,5.000779245387685812e+00,3.023834743906767653e+00
4.014214843984256476e+01,4.845645452039439860e+00,3.254888692730920408e+00
4.019785584110037036e+01,4.689859827851993401e+00,3.504117352686553222e+00
4.025176315857399345e+01,4.533442195929679563e+00,3.772921421378789830e+00
4.030386085386358275e+01,4.376412569841601652e+00,4.062839266561502072e+00
4.035413966968179267e+01,4.218791146039273521e+00,4.375913427062098293e+00
4.040259989180074029e+01,4.060567438865590795e+00,4.714505056310534847e+00
4.044922286511965126e+01,3.901792654089250245e+00,5.081198759169240908e+00
4.049633257987164114e+01,3.733990424314760137e+00,5.501365113229301329e+00
4.054138543567774633e+01,3.565624296906793056e+00,5.961787490741368600e+00
4.058255822964396486e+01,3.404026097095338876e+00,6.444858276740453640e+00
4.062183212477787464e+01,3.241955934310499110e+00,6.975398768578077835e+00
4.065891274138969891e+01,3.080718542812295180e+00,7.556302103033258000e+00
4.069411032305820441e+01,2.919059648140803986e+00,8.200394000194402011e+00
4.072741840615942976e+01,2.757000898606876582e+00,8.918815676811508553e+00
4.075883085746357182e+01,2.594564067518286166e+00,9.725888196599246527e+00
4.078834187639197495e+01,2.431771054935745635e+00,1.063920651075762436e+01
4.081594600013330876e+01,2.268643874235301450e+00,1.168311367670325573e+01
4.084163810678956708e+01,2.105204646970394666e+00,1.288612626614421330e+01
4.086541341756070267e+01,1.941475603865786992e+00,1.429706845935085369e+01
4.088726750099880292e+01,1.777479072193499876e+00,1.595365181946203137e+01
4.090719627689899340e+01,1.613237460782591226e+00,1.799760300532127033e+01
4.092555741213147513e+01,1.445277533905819922e+00,2.042760188090528573e+01
4.094190310356760421e+01,1.277109503679884295e+00,2.394486289018480463e+01
4.095775136151515738e+01,1.089345746727169884e+00,2.780051937521504968e+01
4.097108505630910003e+01,9.013866876481745338e-01,3.734405362252646654e+01
4.098308416033510326e+01,6.895697900798090085e-01,4.215785850577482563e+01
4.099188779331163346e+01,4.775960365593031054e-01,8.804679558551144680e+01
4.099797174895710583e+01,2.388324620607929494e-01,1.066564877418619091e+02
4.099999999999997868e+01,-4.606272633479642649e-17,7.019845676565165604e+02
