x,y,stress
9.999999999999994449e-01,8.621880863778092355e-16,6.733645937825154988e+02
1.003054049664274361e+00,2.392901748089912572e-01,9.285599842978810159e+01
1.012210578850569975e+00,4.784246146989608595e-01,6.713878771967424086e+01
1.025456534395920771e+00,6.906930441199046200e-01,2.491230154018140297e+01
1.043490178510409594e+00,9.026084536793561597e-01,1.727737867265403438e+01
1.063508870867848843e+00,1.090511710623506936e+00,9.208619407556124514e+00
1.087264296021650312e+00,1.277979232470012771e+00,6.221453449164860317e+00
1.111685028939312092e+00,1.445414063106915226e+00,4.190451296853412444e+00
1.139059198524676519e+00,1.612391477512214122e+00,2.879611943142565078e+00
1.168622381988405623e+00,1.774982485359891893e+00,2.054371481077344797e+00
1.200955705983019373e+00,1.937045379265835532e+00,1.483877428538564969e+00
1.236032973395832402e+00,2.098536614233189823e+00,1.094679155191650155e+00
1.273826173483548319e+00,2.259413947963549330e+00,8.183458332716863071e-01
1.314305594986368009e+00,2.419636510045371836e+00,6.188194520954021227e-01
1.357439939339296631e+00,2.579164849239242940e+00,4.733452473493420243e-01
1.403196440497242792e+00,2.737960989598231976e+00,3.657841598945371642e-01
1.451540986853117277e+00,2.895988477223523816e+00,2.859883976627849433e-01
1.502438238380487734e+00,3.053212400161289253e+00,2.266156846917322110e-01
1.555851749279457685e+00,3.209599419991738145e+00,1.827468641020779938e-01
1.612092937494409073e+00,3.366064748175035870e+00,1.505936041179020413e-01
1.670804304795544981e+00,3.521620067018494726e+00,1.282280666836684291e-01
1.736198109876279538e+00,3.686733056741474002e+00,1.110319055813280970e-01
1.804315359207769198e+00,3.850741306721995549e+00,1.031091884316245183e-01
1.870737453049229559e+00,4.003768441370866071e+00,1.000192866005713416e-01
1.939476641886510366e+00,4.155768884273165931e+00,1.008555890591367465e-01
2.009814647132041276e+00,4.305310013553376614e+00,1.046126709939700222e-01
2.082343807720109741e+00,4.453800810668939292e+00,1.106671968370408210e-01
2.157022724642926992e+00,4.601222205053931980e+00,1.185328550532404046e-01
2.233809951191427334e+00,4.747556553339832952e+00,1.278838098280311308e-01
2.312664082410885502e+00,4.892787619390934317e+00,1.385065711652344600e-01
2.393543804148186016e+00,5.036900486388290688e+00,1.502641408370133103e-01
2.476407973310691180e+00,5.179881537287807980e+00,1.630885974172721631e-01
2.561215707388682095e+00,5.321718452984504744e+00,1.769582464970430313e-01
2.647926422288252812e+00,5.462400126967440706e+00,1.918818971934188322e-01
2.736499857086860832e+00,5.601916573067128091e+00,2.079123210808302979e-01
2.828573205740364305e+00,5.742788749365434597e+00,2.254121902841531300e-01
2.922495381246938084e+00,5.882435116014121945e+00,2.442119988587727608e-01
3.026527978533126717e+00,6.032675586759411956e+00,2.661336524709485007e-01
3.132640195688376039e+00,6.181454596865994411e+00,2.897676089449002235e-01
3.232869042799900061e+00,6.318128984446421015e+00,3.133544351344850765e-01
3.334802731198421188e+00,6.453536678875456012e+00,3.385779119000714155e-01
3.435797017938805098e+00,6.584343104706297467e+00,3.648446112378293527e-01
3.538338759386830290e+00,6.713940045519399824e+00,3.927914148981161424e-01
3.642392681802994137e+00,6.842326040264970821e+00,4.224706478325622183e-01
3.747924165988378409e+00,6.969500316821814145e+00,4.539077323951660192e-01
3.854899191143578818e+00,7.095462672747379962e+00,4.871200759573924843e-01
3.963284508735524625e+00,7.220213632454276720e+00,5.221169822748263911e-01
4.073047529061878613e+00,7.343754262740698202e+00,5.588978054476330115e-01
4.184156249456148835e+00,7.466086056110251334e+00,5.974467130045054697e-01
4.296579415786127676e+00,7.587211076489105643e+00,6.377447600236262337e-01
4.410286379662704981e+00,7.707131768097593039e+00,6.797588608424173229e-01
4.525867650074563819e+00,7.826485095637822020e+00,7.236871372412462255e-01
4.642686518915156491e+00,7.944627406128219604e+00,7.692738593481003306e-01
4.771887771912010301e+00,8.072510154256663739e+00,8.209493359378660093e-01
4.902498675547783513e+00,8.198952879828077300e+00,8.744786029390765325e-01
5.037426414235594230e+00,8.326718474870073550e+00,9.310158516825891573e-01
5.173751521295156586e+00,8.452992056733101833e+00,9.893132890635989440e-01
5.297949390352365562e+00,8.565674634453127823e+00,1.043401860246237822e+00
5.423229189575903497e+00,8.677153115278482431e+00,1.098787256734223394e+00
5.547719938714604559e+00,8.785837334199571913e+00,1.154589816461747187e+00
5.673212560875797728e+00,8.893363204934736643e+00,1.211538587049661997e+00
5.799683907031554675e+00,8.999736583169756443e+00,1.269578734154082733e+00
5.927111027189757131e+00,9.104963151843454838e+00,1.328648734783139496e+00
6.055470996278811135e+00,9.209048302382388584e+00,1.388692225173612904e+00
6.184742872117070966e+00,9.311998711584475785e+00,1.449650186746619607e+00
6.314907121775437560e+00,9.413821789082795988e+00,1.511473760744415085e+00
6.445941592319854863e+00,9.514522547064107272e+00,1.574106706589531779e+00
6.577825271995643597e+00,9.614106625546337881e+00,1.637496556031113215e+00
6.710539506099746809e+00,9.712581137894312988e+00,1.701596597069816807e+00
6.845733108116117904e+00,9.811158220726458268e+00,1.767165205090763358e+00
6.981739204496676621e+00,9.908611270341046051e+00,1.833346431090460804e+00
7.133178373984780940e+00,1.001515814013615113e+01,1.907222851898968230e+00
7.285564758406494867e+00,1.012034584527063963e+01,1.981732726692839730e+00
7.447007910673068665e+00,1.022963809675763436e+01,2.060788883164818674e+00
7.609447001671934885e+00,1.033744457384518611e+01,2.140397424940578386e+00
7.755666249311507165e+00,1.043268888920453996e+01,2.212079974132372229e+00
7.902643598163529681e+00,1.052675913276681641e+01,2.284112211074619925e+00
8.042516564881081464e+00,1.061476999330685267e+01,2.352604199966667586e+00
8.183038319211336287e+00,1.070174123950757838e+01,2.421331277826928030e+00
8.324194317274292487e+00,1.078767932991101830e+01,2.490251281999619426e+00
8.465970334587309409e+00,1.087259066384172357e+01,2.559329338496456607e+00
8.608352486341010135e+00,1.095648159673855737e+01,2.628534244424955979e+00
8.751327279978626805e+00,1.103935847245891289e+01,2.697827585711327192e+00
8.894881556341665885e+00,1.112122758925849553e+01,2.767179288426844685e+00
9.039002412062281167e+00,1.120209515834688219e+01,2.836551147387502692e+00
9.183677243336168416e+00,1.128196733275187036e+01,2.905912246773989072e+00
9.328893831770168177e+00,1.136085025606146459e+01,2.975225051985502578e+00
9.474640279499604745e+00,1.143875002644970174e+01,3.044457042299576255e+00
9.620904834060196364e+00,1.151567260636304191e+01,3.113577874725293348e+00
9.776668044888578990e+00,1.159623733736783180e+01,3.186757331562020568e+00
9.932988527207731622e+00,1.167571540364915705e+01,3.259735783930102659e+00
1.010964210749947156e+01,1.176390868678910273e+01,3.341596756025628778e+00
1.028696766260353890e+01,1.185074297906052365e+01,3.423060634101957156e+00
1.046458293879970292e+01,1.193605440947731289e+01,3.503931854800460766e+00
1.064283302989522362e+01,1.202003140257786207e+01,3.584289400632647560e+00
1.080166978304315961e+01,1.209350644215745874e+01,3.655194858792990331e+00
1.096098303662052231e+01,1.216594251611631172e+01,3.725640501137044147e+00
1.111184898205407912e+01,1.223339533598002760e+01,3.791662520668098946e+00
1.126312096414612363e+01,1.229993258293131575e+01,3.857183101452018814e+00
1.141479009997560112e+01,1.236555940360853434e+01,3.922091887986042469e+00
1.156684777135353848e+01,1.243028090117175566e+01,3.986491582938080480e+00
1.171928546951763117e+01,1.249410207044948962e+01,4.050514632268106929e+00
1.187209495458812292e+01,1.255702786787033887e+01,4.113353669618998509e+00
1.202526813752204937e+01,1.261906316316457932e+01,4.175609801792170117e+00
1.217879706817078223e+01,1.268021273759419110e+01,4.237180512528797571e+00
1.233267402363437881e+01,1.274048132137056832e+01,4.298204946270833382e+00
1.248689135603102329e+01,1.279987353551156382e+01,4.357904859357001115e+00
1.264144162079296763e+01,1.285839394477232567e+01,4.416869643672012735e+00
1.279631752130509526e+01,1.291604703761218431e+01,4.474894946611697399e+00
1.296053474490283541e+01,1.297610900202915651e+01,4.535187747146263604e+00
1.312510023879960563e+01,1.303521006467678589e+01,4.594339193334824323e+00
1.331078838172101975e+01,1.310060726978505841e+01,4.659400568995751613e+00
1.349689639132744112e+01,1.316479988466141826e+01,4.722807785655503743e+00
1.369342582357685245e+01,1.323113899919548153e+01,4.787732447462372143e+00
1.389039644772121740e+01,1.329615647164379943e+01,4.850564917693295008e+00
1.406708209852033598e+01,1.335324320038231960e+01,4.905051536429127168e+00
1.424410275270174253e+01,1.340928250092720120e+01,4.957754856459339443e+00
1.440410448010617017e+01,1.345895087460812078e+01,5.003748807923975583e+00
1.456436593942062174e+01,1.350777469635651684e+01,5.048210779117084712e+00
1.472269982593211424e+01,1.355511177120011901e+01,5.090504975359014139e+00
1.488127497147691258e+01,1.360163426240604068e+01,5.131197247217710533e+00
1.504008586038044726e+01,1.364734564295216757e+01,5.170240545729033244e+00
1.519912702102919688e+01,1.369224930232656590e+01,5.207590513490962358e+00
1.535839309889147941e+01,1.373634856930258863e+01,5.243208989339760429e+00
1.551787883732268902e+01,1.377964670742214182e+01,5.277051953294592757e+00
1.567757906235775422e+01,1.382214691205251533e+01,5.309080136552810636e+00
1.583748869094442568e+01,1.386385231387822792e+01,5.339257372838663862e+00
1.599760271535262568e+01,1.390476597600302711e+01,5.367548500310546977e+00
1.615791621958052460e+01,1.394489089936988968e+01,5.393933813126417398e+00
1.632058188192322490e+01,1.398475315314973066e+01,5.418658410507305234e+00
1.648344248438721849e+01,1.402381133670597890e+01,5.441439052855626457e+00
1.666410075785471179e+01,1.406614930183676648e+01,5.464197635831362199e+00
1.684498579125066087e+01,1.410750774265326868e+01,5.484504707458727424e+00
1.704878822192977239e+01,1.415287944504741802e+01,5.504234513576799159e+00
1.725286064444841472e+01,1.419702092162603257e+01,5.520597958180738729e+00
1.745393063565311209e+01,1.423926181412221936e+01,5.533538936085376392e+00
1.765524525117990606e+01,1.428032105402839846e+01,5.543193840963099639e+00
1.783424019739771182e+01,1.431580047168447933e+01,5.549154935508977537e+00
1.801341608986373899e+01,1.435035448803531466e+01,5.552612718431149119e+00
1.817690330241444130e+01,1.438104969785809395e+01,5.553637244828087738e+00
1.834053216472408465e+01,1.441098062447365713e+01,5.552658054058700721e+00
1.850322986079603638e+01,1.443996161047024529e+01,5.549698758610254856e+00
1.866605939950105508e+01,1.446819243619741613e+01,5.544793552227170075e+00
1.882901687562327453e+01,1.449567509960214196e+01,5.537983366616169967e+00
1.899209844608904518e+01,1.452241154483457564e+01,5.529315701489807111e+00
1.915530030886273138e+01,1.454840365921340251e+01,5.518841530974590626e+00
1.931861869525512532e+01,1.457365327276866473e+01,5.506623226754658873e+00
1.948204988237428381e+01,1.459816216091346597e+01,5.492729720971021301e+00
1.964559018764336429e+01,1.462193204414683123e+01,5.477235166823919421e+00
1.980923596620458227e+01,1.464496458825331437e+01,5.460220500009337563e+00
1.997298361092956753e+01,1.466726140486889207e+01,5.441793397221305284e+00
2.014063698466437202e+01,1.468931625851426581e+01,5.421517356501009743e+00
2.030838948293358825e+01,1.471060404569172420e+01,5.400035063996883267e+00
2.049581093141129529e+01,1.473346903145826303e+01,5.374548797583446280e+00
2.068334610903893989e+01,1.475538168751979917e+01,5.347817890983984412e+00
2.089432263614567375e+01,1.477888344405960375e+01,5.316351506282965822e+00
2.110542923941487103e+01,1.480118658924105723e+01,5.283629774127344803e+00
2.131160786476884894e+01,1.482180303135548449e+01,5.250888683223308817e+00
2.151789704936794934e+01,1.484128215065896583e+01,5.217489774986626472e+00
2.170119862003727818e+01,1.485763047666337933e+01,5.187627986401342817e+00
2.188457773337457013e+01,1.487308475197066926e+01,5.157737919322698872e+00
2.205091918503158865e+01,1.488632607602402658e+01,5.130804995859658213e+00
2.221731736638350796e+01,1.489883433675172064e+01,5.104212984716204105e+00
2.238216379734407369e+01,1.491050035859879408e+01,5.078336516672015577e+00
2.254705942566923582e+01,1.492144904547541984e+01,5.053079882655143962e+00
2.271200107026657733e+01,1.493168114825322945e+01,5.028598957891071031e+00
2.287698556563558938e+01,1.494119736813441612e+01,5.005043730066593533e+00
2.304200976092046105e+01,1.494999835680996370e+01,4.982571888051373854e+00
2.320707051732702553e+01,1.495808471652644123e+01,4.961320385863841054e+00
2.337216470830249193e+01,1.496545700029821369e+01,4.941438975014220247e+00
2.353728921917827321e+01,1.497211571205561320e+01,4.923048656949330137e+00
2.370244094439628313e+01,1.497806130668207381e+01,4.906279870959206590e+00
2.386761678834960776e+01,1.498329419019171382e+01,4.891251204227094362e+00
2.403580814977900104e+01,1.498789008661407784e+01,4.877819299505556039e+00
2.420401805934443118e+01,1.499174789611028658e+01,4.866433892683289741e+00
2.439120663069289563e+01,1.499517332022894145e+01,4.856161209206149465e+00
2.457840968536684301e+01,1.499768551944202244e+01,4.848582149586716739e+00
2.478920166600258668e+01,1.499942139590286061e+01,4.843285889248542198e+00
2.500000000000029488e+01,1.499999999999999289e+01,4.841459769288873893e+00
2.521079833399796399e+01,1.499942139590285528e+01,4.843200604592591496e+00
2.542159031463367924e+01,1.499768551944201533e+01,4.848402824426519153e+00
2.560879336930761596e+01,1.499517332022893612e+01,4.856008168029626759e+00
2.579598194065602712e+01,1.499174789611027592e+01,4.866314349806555306e+00
2.596419185022148923e+01,1.498789008661406363e+01,4.877736701324594470e+00
2.613238321165082567e+01,1.498329419019170139e+01,4.891207874721852811e+00
2.629755905560423201e+01,1.497806130668205427e+01,4.906247856590779222e+00
2.646271078082215666e+01,1.497211571205559721e+01,4.923026481605161209e+00
2.662783529169808006e+01,1.496545700029819059e+01,4.941414487082296247e+00
2.679292948267341146e+01,1.495808471652641991e+01,4.961292887518230721e+00
2.695799023907996883e+01,1.494999835680993883e+01,4.982532214561691930e+00
2.712301443436483339e+01,1.494119736813439125e+01,5.004990413268666671e+00
2.728799892973385610e+01,1.493168114825320281e+01,5.028529439428301551e+00
2.745294057433120472e+01,1.492144904547538964e+01,5.052992996586295860e+00
2.761783620265635264e+01,1.491050035859876566e+01,5.078232971643907412e+00
2.778268263361691837e+01,1.489883433675169044e+01,5.104091753603356985e+00
2.794908081496885188e+01,1.488632607602398572e+01,5.130671796187386668e+00
2.811542226662588817e+01,1.487308475197062840e+01,5.157596464721502016e+00
2.829880137996320855e+01,1.485763047666333136e+01,5.187480669854726223e+00
2.848210295063255870e+01,1.484128215065891609e+01,5.217342928569228100e+00
2.868839213523168752e+01,1.482180303135542765e+01,5.250738602401026078e+00
2.889457076058571161e+01,1.480118658924099506e+01,5.283480856233490286e+00
2.910567736385487336e+01,1.477888344405954335e+01,5.316202488241896340e+00
2.931665389096158947e+01,1.475538168751973522e+01,5.347666133079694184e+00
2.950418906858920209e+01,1.473346903145820264e+01,5.374403731325966049e+00
2.969161051706687360e+01,1.471060404569166202e+01,5.399891656412836305e+00
2.985936301533606851e+01,1.468931625851420364e+01,5.421379756684252094e+00
3.002701638907086235e+01,1.466726140486882990e+01,5.441656328267446163e+00
3.019076403379585116e+01,1.464496458825325220e+01,5.460080230365422338e+00
3.035440981235706914e+01,1.462193204414676728e+01,5.477088103780674011e+00
3.051795011762613541e+01,1.459816216091340024e+01,5.492565607887637924e+00
3.068138130474529390e+01,1.457365327276859901e+01,5.506438799551531815e+00
3.084469969113770205e+01,1.454840365921333145e+01,5.518639562376829844e+00
3.100790155391138470e+01,1.452241154483450103e+01,5.529095080308633392e+00
3.117098312437714824e+01,1.449567509960206735e+01,5.537749206499819721e+00
3.133394060049936414e+01,1.446819243619733619e+01,5.544545369277899205e+00
3.149677013920438640e+01,1.443996161047016535e+01,5.549446434339220247e+00
3.165946783527634523e+01,1.441098062447357542e+01,5.552404593464707716e+00
3.182309669758599568e+01,1.438104969785800691e+01,5.553384492270653894e+00
3.198658391013669444e+01,1.435035448803522584e+01,5.552373772152335185e+00
3.216575980260275003e+01,1.431580047168438519e+01,5.548911156926195076e+00
3.234475474882058421e+01,1.428032105402829188e+01,5.542966660814541591e+00
3.254606936434741016e+01,1.423926181412210212e+01,5.533309669081226012e+00
3.274713935555213595e+01,1.419702092162590823e+01,5.520384096463025969e+00
3.295121177807074986e+01,1.415287944504729190e+01,5.504032073796886415e+00
3.315501420874984007e+01,1.410750774265314966e+01,5.484328395495635888e+00
3.333589924214575717e+01,1.406614930183665102e+01,5.464046434912271266e+00
3.351655751561322205e+01,1.402381133670586699e+01,5.441275267324604314e+00
3.367941811807719432e+01,1.398475315314962408e+01,5.418495721302629242e+00
3.384208378041988396e+01,1.394489089936978132e+01,5.393758614084351422e+00
3.400239728464777755e+01,1.390476597600291520e+01,5.367367983235094009e+00
3.416251130905599354e+01,1.386385231387811245e+01,5.339070535710827237e+00
3.432242093764265434e+01,1.382214691205240342e+01,5.308888698349552016e+00
3.448212116267772132e+01,1.377964670742202458e+01,5.276855900831459500e+00
3.464160690110892915e+01,1.373634856930247139e+01,5.243010704245406828e+00
3.480087297897122056e+01,1.369224930232644333e+01,5.207389380762597497e+00
3.495991413961995420e+01,1.364734564295204144e+01,5.170036946259069843e+00
3.511872502852349243e+01,1.360163426240591278e+01,5.130991868367628328e+00
3.527730017406829433e+01,1.355511177119999111e+01,5.090299704904944988e+00
3.543563406057979392e+01,1.350777469635638006e+01,5.048008135882904313e+00
3.559589551989427747e+01,1.345895087460797690e+01,5.003542234023874435e+00
3.575589724729872643e+01,1.340928250092704488e+01,4.957557410385618368e+00
3.593291790148018805e+01,1.335324320038214374e+01,4.904846794028900447e+00
3.610960355227937413e+01,1.329615647164359693e+01,4.850366774887074683e+00
3.630657417642373019e+01,1.323113899919527370e+01,4.787530683411764798e+00
3.650310360867315040e+01,1.316479988466120865e+01,4.722600928065280534e+00
3.668921161827953625e+01,1.310060726978485413e+01,4.659201132931986677e+00
3.687489976120091484e+01,1.303521006467659049e+01,4.594141341452477434e+00
3.703946525509767440e+01,1.297610900202896467e+01,4.535008242960820724e+00
3.720368247869539147e+01,1.291604703761199424e+01,4.474731351032583682e+00
3.735855837920750844e+01,1.285839394477213382e+01,4.416709986190583415e+00
3.751310864396945277e+01,1.279987353551137197e+01,4.357752502081745583e+00
3.766732597636609370e+01,1.274048132137037648e+01,4.297887840734547993e+00
3.782120293182968140e+01,1.268021273759399570e+01,4.237161254954552092e+00
3.797473186247840715e+01,1.261906316316438215e+01,4.175620081559459962e+00
3.812790504541234071e+01,1.255702786787013636e+01,4.113307773668870126e+00
3.828071453048283246e+01,1.249410207044928178e+01,4.050271449879835117e+00
3.843315222864692515e+01,1.243028090117154960e+01,3.986552114736210850e+00
3.858520990002487139e+01,1.236555940360831762e+01,3.922193681008100619e+00
3.873687903585435777e+01,1.229993258293109548e+01,3.857237462079265988e+00
3.888815101794640583e+01,1.223339533597980378e+01,3.791722279731262191e+00
3.903901696337995730e+01,1.216594251611608257e+01,3.725699994755137912e+00
3.919833021695733066e+01,1.209350644215721893e+01,3.655264356327438957e+00
3.935716697010527554e+01,1.202003140257761338e+01,3.584350177557768191e+00
3.953541706120076071e+01,1.193605440947707308e+01,3.503995352212595726e+00
3.971303233739690342e+01,1.185074297906029805e+01,3.423120324391436764e+00
3.989035789250093700e+01,1.176390868678888957e+01,3.341651776649497307e+00
4.006701147279263608e+01,1.167571540364895455e+01,3.259792892380342533e+00
4.022333195511174608e+01,1.159623733736764706e+01,3.186803089226029062e+00
4.037909516594009318e+01,1.151567260636287671e+01,3.113620345502973397e+00
4.052535972050068125e+01,1.143875002644953653e+01,3.044491196703032365e+00
4.067110616823011782e+01,1.136085025606129939e+01,2.975255584086830662e+00
4.081632275666409271e+01,1.128196733275170693e+01,2.905940835998897853e+00
4.096099758793797463e+01,1.120209515834672587e+01,2.836578028559030518e+00
4.110511844365858281e+01,1.112122758925834098e+01,2.767203070072629778e+00
4.124867272002163787e+01,1.103935847245874946e+01,2.697847287486028645e+00
4.139164751365924388e+01,1.095648159673839395e+01,2.628545879370123739e+00
4.153402966541293750e+01,1.087259066384155837e+01,2.559332609720204044e+00
4.167580568272594377e+01,1.078767932991085665e+01,2.490241953674566577e+00
4.181696168078889286e+01,1.070174123950742029e+01,2.421309756002737235e+00
4.195748343511913703e+01,1.061476999330669102e+01,2.352570050528996592e+00
4.209735640183669858e+01,1.052675913276665653e+01,2.284065344223074057e+00
4.224433375068874597e+01,1.043268888920436233e+01,2.212027274502048169e+00
4.239055299832833867e+01,1.033744457384499071e+01,2.140336682872388430e+00
4.255299208932717647e+01,1.022963809675744074e+01,2.060732623651200246e+00
4.271443524159376182e+01,1.012034584527044601e+01,1.981677868143698618e+00
4.286682162601542956e+01,1.001515814013598948e+01,1.907171792295936141e+00
4.301826079550348680e+01,9.908611270340912824e+00,1.833300807883096795e+00
4.315426689188404197e+01,9.811158220726325041e+00,1.767129934464442442e+00
4.328946049390040685e+01,9.712581137894183314e+00,1.701584408659310155e+00
4.342217472800449940e+01,9.614106625546213536e+00,1.637498225796629736e+00
4.355405840768027304e+01,9.514522547063988256e+00,1.574113344630733602e+00
4.368509287822468679e+01,9.413821789082676972e+00,1.511482090925164945e+00
4.381525712788306492e+01,9.311998711584353217e+00,1.449656625073761695e+00
4.394452900372131410e+01,9.209048302382266016e+00,1.388690549331585755e+00
4.407288897281035389e+01,9.104963151843344704e+00,1.328638969098005829e+00
4.420031609296855635e+01,8.999736583169640980e+00,1.269560883906290405e+00
4.432678743912431685e+01,8.893363204934619404e+00,1.211512734190392626e+00
4.445228006128549936e+01,8.785837334199458226e+00,1.154554555635341151e+00
4.457677081042419331e+01,8.677153115278374074e+00,1.098742405235599850e+00
4.470205060964773480e+01,8.565674634453005254e+00,1.043353655020898385e+00
4.482624847870496154e+01,8.452992056732973936e+00,9.892631931091432351e-01
4.496257358576452390e+01,8.326718474869942099e+00,9.309713973456910097e-01
4.509750132445233106e+01,8.198952879827947626e+00,8.744401343940031435e-01
4.522811222808810072e+01,8.072510154256528736e+00,8.209226925211864367e-01
4.535731348108495808e+01,7.944627406128079272e+00,7.692606349780444219e-01
4.547413234992554010e+01,7.826485095637686129e+00,7.236849758358133711e-01
4.558971362033739894e+01,7.707131768097461588e+00,6.797695395479973479e-01
4.570342058421396558e+01,7.587211076488976857e+00,6.377577658925149828e-01
4.581584375054394798e+01,7.466086056110119884e+00,5.974585348232915871e-01
4.592695247093821109e+01,7.343754262740570304e+00,5.588967076202390194e-01
4.603671549126455886e+01,7.220213632454154151e+00,5.220976995263862941e-01
4.614510080885649046e+01,7.095462672747251176e+00,4.870737885630358477e-01
4.625207583401170552e+01,6.969500316821687136e+00,4.538306143725877040e-01
4.635760731819708980e+01,6.842326040264839371e+00,4.223662885694459135e-01
4.646166124061326030e+01,6.713940045519261268e+00,3.926589283583089007e-01
4.656420298206126773e+01,6.584343104706157135e+00,3.646871826779487513e-01
4.666519726880166274e+01,6.453536678875313903e+00,3.383971431941209529e-01
4.676713095720019453e+01,6.318128984446263807e+00,3.131601567784116913e-01
4.686735980431171811e+01,6.181454596865828321e+00,2.895639398668031772e-01
4.697347202146696787e+01,6.032675586759238762e+00,2.659258965037548106e-01
4.707750461875316006e+01,5.882435116013938980e+00,2.439995923271485179e-01
4.717142679425973739e+01,5.742788749365244527e+00,2.252017906295931682e-01
4.726350014291323021e+01,5.601916573066927363e+00,2.077028906278910458e-01
4.735207357771184178e+01,5.462400126967224878e+00,1.916767436776868616e-01
4.743878429261143737e+01,5.321718452984271153e+00,1.767547345629714717e-01
4.752359202668942117e+01,5.179881537287581494e+00,1.628884925723426136e-01
4.760645619585191923e+01,5.036900486388067755e+00,1.500650035178413555e-01
4.768733591758921619e+01,4.892787619390713161e+00,1.383075277223581590e-01
4.776619004880866726e+01,4.747556553339605578e+00,1.276809540061187020e-01
4.784297727535716405e+01,4.601222205053716152e+00,1.183239940883013264e-01
4.791765619227997064e+01,4.453800810668738563e+00,1.104500562403320923e-01
4.799018535286803200e+01,4.305310013553170556e+00,1.044136673892429035e-01
4.806052335811357068e+01,4.155768884272945662e+00,1.006768280371876101e-01
4.812926254695085504e+01,4.003768441370632480e+00,9.993367687853196846e-02
4.819568464079230097e+01,3.850741306721745971e+00,1.030541486786299005e-01
4.826380189012376576e+01,3.686733056741263503e+00,1.117124636441918228e-01
4.832919569520450409e+01,3.521620067018312206e+00,1.275216351667103065e-01
4.838790706250563289e+01,3.366064748174857346e+00,1.501400291355754479e-01
4.844414825072057340e+01,3.209599419991559177e+00,1.822552906291899089e-01
4.849756176161954357e+01,3.053212400161111617e+00,2.260686597503224204e-01
4.854845901314691758e+01,2.895988477223349733e+00,2.854358493848207501e-01
4.859680355950277431e+01,2.737960989598064110e+00,3.651057349840594601e-01
4.864256006066072047e+01,2.579164849239083956e+00,4.726216182053633030e-01
4.868569440501365619e+01,2.419636510045184874e+00,6.180718552774973062e-01
4.872617382651647944e+01,2.259413947963334390e+00,8.179621421166528572e-01
4.876396702660417759e+01,2.098536614232997533e+00,1.096273079305523757e+00
4.879904429401698707e+01,1.937045379265663447e+00,1.490946319262520747e+00
4.883137761801160082e+01,1.774982485359736240e+00,2.066631116541057356e+00
4.886094080147532281e+01,1.612391477512063798e+00,2.901884563499933734e+00
4.888831497106068724e+01,1.445414063106755798e+00,4.212553394450063493e+00
4.891273570397833481e+01,1.277979232469847570e+00,6.252087240698013915e+00
4.893649112913212917e+01,1.090511710623357278e+00,9.239908627398671470e+00
4.895650982148958263e+01,9.026084536792090551e-01,1.729036451928967821e+01
4.897454346560405725e+01,6.906930441197837167e-01,2.487117584035251383e+01
4.898778942114940094e+01,4.784246146988671011e-01,6.717227723022355690e+01
4.899694595033570721e+01,2.392901748089448222e-01,9.282422258192421793e+01
4.899999999999997868e+01,-4.634179493081784957e-17,6.733737009696109226e+02
