x,y,stress
7.999999999999995559e+00,6.257580279615785847e-16,8.186335654838445635e+02
8.002903758606427331e+00,2.033035354687775242e-01,1.219996864733212192e+02
8.011608543920635483e+00,4.064414049972742693e-01,1.012667236300027582e+02
8.024185126598558426e+00,5.865470935535371799e-01,4.744004979507330688e+01
8.041298536481180648e+00,7.662784852952440051e-01,4.210119322517603990e+01
8.061099246473085955e+00,9.317739763391172936e-01,3.083390800330630199e+01
8.084712414354255472e+00,1.096768694143195111e+00,2.628945522203277463e+01
8.112045055374638380e+00,1.260848168947260151e+00,2.190199998820502714e+01
8.143102128913762172e+00,1.424263658253411391e+00,1.888212745619475896e+01
8.177840312529747635e+00,1.586936459503959451e+00,1.627781422103580056e+01
8.216212017038397875e+00,1.748790757792573425e+00,1.439784214442545718e+01
8.258165714064180207e+00,1.909753832769659265e+00,1.276935751607802594e+01
8.303646275536829435e+00,2.069756224233073372e+00,1.141516876866548991e+01
8.352595326613498017e+00,2.228731880268081778e+00,1.025867476988381632e+01
8.404951605164480810e+00,2.386618274324482147e+00,9.262524205256264409e+00
8.460651316016743806e+00,2.543356471146447362e+00,8.397349461464639120e+00
8.519628480198180753e+00,2.698891162087798890e+00,7.635865528802826319e+00
8.581815277018344901e+00,2.853170675213307028e+00,6.939755389380399819e+00
8.647142398289755505e+00,3.006147012200902413e+00,6.351762288459894990e+00
8.715539348788325924e+00,3.157775758530353638e+00,5.818924414912275189e+00
8.786934756462231988e+00,3.308016039751051629e+00,5.343325012347992953e+00
8.861256667104013829e+00,3.456830458092857494e+00,4.901785079744824358e+00
8.938432794550614346e+00,3.604184960577248020e+00,4.518776616161469306e+00
9.018390788478637177e+00,3.750048769341975063e+00,4.168289140514724878e+00
9.101058452192843262e+00,3.894394239683349745e+00,3.852182099725856901e+00
9.186363973028031538e+00,4.037196768212184317e+00,3.565972954936698969e+00
9.274236057580537818e+00,4.178434567095592023e+00,3.307130289120308930e+00
9.364608103053791766e+00,4.318094602425331274e+00,3.073177243478814713e+00
9.457406676681364033e+00,4.456154302358468655e+00,2.862183878165142747e+00
9.552558907290254808e+00,4.592593784384744637e+00,2.672311027628623492e+00
9.650001195878090243e+00,4.727407368027522594e+00,2.502521636405651506e+00
9.749667183155450445e+00,4.860585503780223249e+00,2.351426806547754822e+00
9.851491798675146683e+00,4.992120647012745493e+00,2.218039094167323366e+00
9.955411327484158690e+00,5.122007119244460505e+00,2.101385523909609976e+00
1.006136347839072620e+01,5.250240990977126820e+00,2.000581559634221573e+00
1.016928742785319706e+01,5.376819951606565340e+00,1.914732111736794362e+00
1.027912380578547946e+01,5.501743131456119151e+00,1.843020142027209651e+00
1.039081474295839946e+01,5.625011016114719098e+00,1.784530010590517080e+00
1.050430393932915507e+01,5.746625392083362982e+00,1.738389996882547583e+00
1.061955493906050485e+01,5.866607981641604574e+00,1.703612987101445597e+00
1.073649665459306490e+01,5.984943377549071464e+00,1.679239495614475608e+00
1.085588532646306703e+01,6.102420653159275510e+00,1.664159744232587501e+00
1.097688389805097309e+01,6.218239158668808386e+00,1.657576107484322492e+00
1.109859426621766509e+01,6.331625775465668404e+00,1.658411713875030946e+00
1.122179608944165174e+01,6.443390094211817853e+00,1.665653853370075765e+00
1.134644344392399162e+01,6.553539839000269041e+00,1.678397051701893350e+00
1.147249197837708223e+01,6.662083418870333951e+00,1.695827956692337324e+00
1.159989846722591622e+01,6.769029500205068217e+00,1.717183964407908325e+00
1.172862138292858702e+01,6.874387462333969800e+00,1.741807800448814669e+00
1.185862084437337849e+01,6.978167292054659576e+00,1.769098157979419605e+00
1.198985725733103536e+01,7.080378482753146407e+00,1.798545961575178209e+00
1.212229264953395180e+01,7.181031111416747770e+00,1.829690721880021353e+00
1.225589049352825199e+01,7.280135654876512596e+00,1.862152607600417564e+00
1.239304134829149717e+01,7.379438332554236091e+00,1.896190943106560445e+00
1.253132377588416801e+01,7.477159152676780884e+00,1.930949136906807029e+00
1.266957166633208232e+01,7.572538482312007879e+00,1.965872047114041621e+00
1.280886540151357522e+01,7.666383885074432136e+00,2.001035941803819274e+00
1.294781978139220513e+01,7.757826540181885555e+00,2.035886701422791489e+00
1.308773855782964368e+01,7.847786655402708256e+00,2.070714309280788701e+00
1.322859263959757392e+01,7.936275223744952534e+00,2.105000142834392296e+00
1.337035383655376641e+01,8.023303201847824084e+00,2.139921628814057453e+00
1.351299490306695539e+01,8.108881538179744553e+00,2.174203298756169023e+00
1.365648939162390718e+01,8.193021086290693589e+00,2.207080791893191840e+00
1.380081168562829674e+01,8.275732630048034721e+00,2.239755798483612281e+00
1.394593704400387502e+01,8.357026911268979674e+00,2.271796942166649735e+00
1.409184143778275455e+01,8.436914540101216886e+00,2.303157214700316757e+00
1.423850163622007692e+01,8.515406048410564921e+00,2.333842821730369721e+00
1.438901056901110920e+01,8.594122740013080630e+00,2.364334473190224717e+00
1.454026076604202089e+01,8.671405595218150353e+00,2.394201790536549801e+00
1.469479516935109054e+01,8.748530902119417973e+00,2.423815419052186559e+00
1.485004977388598846e+01,8.824196006054865649e+00,2.452162200897887612e+00
1.500024024257719013e+01,8.895701185682822754e+00,2.478691461548331976e+00
1.515105888875916662e+01,8.965871747075034648e+00,2.504497710236921026e+00
1.530248700776706627e+01,9.034717209987091380e+00,2.529679278481143712e+00
1.545450645526972444e+01,9.102246939504158973e+00,2.553502589854302229e+00
1.560709960662004825e+01,9.168470133503472397e+00,2.576590369992666218e+00
1.576024933712892562e+01,9.233395820311690372e+00,2.598878741671650339e+00
1.591393900745692314e+01,9.297032858592663374e+00,2.620555872944384301e+00
1.606815244855975067e+01,9.359389936913757424e+00,2.640894885854349727e+00
1.622287397715798107e+01,9.420475585133356589e+00,2.660491288165577117e+00
1.637808826213155911e+01,9.480298127258786067e+00,2.679271715214051053e+00
1.653409864035902643e+01,9.538983974975451474e+00,2.697667851890494628e+00
1.669057428156827427e+01,9.596417791829487953e+00,2.714593516287732822e+00
1.685871298899623127e+01,9.656568652455389312e+00,2.731995653737133711e+00
1.702735246889177745e+01,9.715300929703989397e+00,2.748381396157043799e+00
1.718808386641870456e+01,9.769816154809941366e+00,2.763104910710346029e+00
1.734923893140847895e+01,9.823065938983972956e+00,2.776992822411253226e+00
1.750758174932425248e+01,9.874034299868627684e+00,2.789806031813989673e+00
1.766630627039997847e+01,9.923801260255569190e+00,2.801843289181094487e+00
1.782540042471493180e+01,9.972373540156000971e+00,2.813114328675964337e+00
1.798485248428415773e+01,1.001975770402030008e+01,2.823637822097327277e+00
1.814465096651318987e+01,1.006596013519394006e+01,2.833433557159437122e+00
1.830478465620359430e+01,1.011098704731714548e+01,2.842517844489441892e+00
1.846524261519363819e+01,1.015484449076324402e+01,2.850910549607291511e+00
1.862601409722891077e+01,1.019753833329622950e+01,2.858631450853359457e+00
1.878708861433305088e+01,1.023907428263484576e+01,2.865703611921814886e+00
1.894845590254302437e+01,1.027945788063720300e+01,2.872152448491556598e+00
1.911176486428588817e+01,1.031909090530809614e+01,2.878043911219251960e+00
1.927535222570388029e+01,1.035755868803499880e+01,2.883364549731028070e+00
1.945295368754697307e+01,1.039794089645568143e+01,2.888475208453531895e+00
1.963085809443433760e+01,1.043696686290562425e+01,2.892906937333890482e+00
1.979753293305886430e+01,1.047224948924859866e+01,2.896522530842199572e+00
1.996445246862943179e+01,1.050635572811671281e+01,2.899640076774145481e+00
2.012765581412365279e+01,1.053852574967999978e+01,2.902228177710931778e+00
2.029107457015893701e+01,1.056958301168820391e+01,2.904391153941706882e+00
2.045470013311355828e+01,1.059953157931026446e+01,2.906152109039902953e+00
2.061852405806513744e+01,1.062837536810762984e+01,2.907536375953776897e+00
2.078253803585193893e+01,1.065611814197354867e+01,2.908574155596186817e+00
2.094673386889092370e+01,1.068276351149953385e+01,2.909289828201770955e+00
2.111110349927550800e+01,1.070831494095862269e+01,2.909712100704915816e+00
2.127563896919733111e+01,1.073277574399408962e+01,2.909866558366636546e+00
2.144033241975593995e+01,1.075614908593284724e+01,2.909781264846595494e+00
2.160517613713150809e+01,1.077843799208932474e+01,2.909486480207245762e+00
2.177145308124367773e+01,1.079980690907742868e+01,2.908991759497070007e+00
2.193786717845971879e+01,1.082008008537296995e+01,2.908357978104001873e+00
2.211964417451312670e+01,1.084095936531337401e+01,2.907501905927961428e+00
2.230156566584061295e+01,1.086053977729276632e+01,2.906478588141202302e+00
2.247450998528122668e+01,1.087794026949748805e+01,2.905427694950121875e+00
2.264756774436949627e+01,1.089417379613324144e+01,2.904312227651573153e+00
2.281328315549675878e+01,1.090861863675722176e+01,2.903213199039649695e+00
2.297908794136441202e+01,1.092199863337355481e+01,2.902109553329384806e+00
2.314497509988801838e+01,1.093431549540232695e+01,2.901013042400303998e+00
2.331093766514537080e+01,1.094557079368977881e+01,2.899940314391550089e+00
2.347696873006622553e+01,1.095576596319498819e+01,2.898913703243964690e+00
2.364306142585571635e+01,1.096490230233464125e+01,2.897944549640453449e+00
2.380920892558270907e+01,1.097298097399231587e+01,2.897047855621937451e+00
2.397540443663759646e+01,1.098000300573446530e+01,2.896236900645672296e+00
2.414164119632611261e+01,1.098596929019919877e+01,2.895529435019295050e+00
2.430791246913314296e+01,1.099088058548103142e+01,2.894934976989517850e+00
2.447439402589316160e+01,1.099474116847650862e+01,2.894482573537635606e+00
2.464089672351853721e+01,1.099754556216461054e+01,2.894166161598744402e+00
2.482044416757211636e+01,1.099938641322155952e+01,2.893956110819863259e+00
2.500000000000006750e+01,1.099999999999999467e+01,2.893879742526991095e+00
2.517955583242800088e+01,1.099938641322156307e+01,2.893958360795761298e+00
2.535910327648155871e+01,1.099754556216460699e+01,2.894170057502668314e+00
2.552560597410699117e+01,1.099474116847650151e+01,2.894496565177965497e+00
2.569208753086696717e+01,1.099088058548102786e+01,2.894965460257651557e+00
2.585835880367399753e+01,1.098596929019919699e+01,2.895548948790101385e+00
2.602459556336251367e+01,1.098000300573445998e+01,2.896241750812230009e+00
2.619079107441742238e+01,1.097298097399230521e+01,2.897037991776020505e+00
2.635693857414443642e+01,1.096490230233463414e+01,2.897920338894163894e+00
2.652303126993392368e+01,1.095576596319498108e+01,2.898882012506276862e+00
2.668906233485478197e+01,1.094557079368976638e+01,2.899901515344257774e+00
2.685502490011214149e+01,1.093431549540231096e+01,2.900968196078493211e+00
2.702091205863575496e+01,1.092199863337353882e+01,2.902058746509462939e+00
2.718671684450339754e+01,1.090861863675720933e+01,2.903156185436254422e+00
2.735243225563066005e+01,1.089417379613322368e+01,2.904248590265842367e+00
2.752549001471896517e+01,1.087794026949746318e+01,2.905354603185683171e+00
2.769843433415961087e+01,1.086053977729274145e+01,2.906396103680686238e+00
2.788035582548711488e+01,1.084095936531334914e+01,2.907409200420697726e+00
2.806213282154054411e+01,1.082008008537293442e+01,2.908253639503932231e+00
2.822854691875659228e+01,1.079980690907738783e+01,2.908879394343755642e+00
2.839482386286876547e+01,1.077843799208928566e+01,2.909365476166654751e+00
2.855966758024431584e+01,1.075614908593280994e+01,2.909654131644987984e+00
2.872436103080291403e+01,1.073277574399404877e+01,2.909732783212400697e+00
2.888889650072474069e+01,1.070831494095857828e+01,2.909574296134874949e+00
2.905326613110933209e+01,1.068276351149948944e+01,2.909147661930532092e+00
2.921746196414831331e+01,1.065611814197350249e+01,2.908429678771915938e+00
2.938147594193512901e+01,1.062837536810758188e+01,2.907388972619637801e+00
2.954529986688671173e+01,1.059953157931021295e+01,2.906003318691215309e+00
2.970892542984132589e+01,1.056958301168814884e+01,2.904240581749951922e+00
2.987234418587661366e+01,1.053852574967994471e+01,2.902077760750966906e+00
3.003554753137083466e+01,1.050635572811665241e+01,2.899489974775700141e+00
3.020246706694139505e+01,1.047224948924853827e+01,2.896372060452824915e+00
3.036914190556591109e+01,1.043696686290556563e+01,2.892757398083199316e+00
3.054704631245324364e+01,1.039794089645562813e+01,2.888324213942206953e+00
3.072464777429630090e+01,1.035755868803494906e+01,2.883209775917424444e+00
3.088823513571427881e+01,1.031909090530804818e+01,2.877890383355320214e+00
3.105154409745712840e+01,1.027945788063716037e+01,2.871998360592799227e+00
3.121291138566709478e+01,1.023907428263480313e+01,2.865549611889318449e+00
3.137398590277123844e+01,1.019753833329618509e+01,2.858476062229767578e+00
3.153475738480650037e+01,1.015484449076319784e+01,2.850752870894447621e+00
3.169521534379654426e+01,1.011098704731710107e+01,2.842356783605342052e+00
3.185534903348693803e+01,1.006596013519389565e+01,2.833270028745721092e+00
3.201514751571595951e+01,1.001975770402025212e+01,2.823470186792362391e+00
3.217459957528519965e+01,9.972373540155949456e+00,2.812941471389429626e+00
3.233369372960014942e+01,9.923801260255519452e+00,2.801663449866023559e+00
3.249241825067586831e+01,9.874034299868579723e+00,2.789622001932200224e+00
3.265076106859163474e+01,9.823065938983921441e+00,2.776802791804506398e+00
3.281191613358139136e+01,9.769816154809895181e+00,2.762906741115393583e+00
3.297264753110830071e+01,9.715300929703952093e+00,2.748173348976756802e+00
3.314128701100384689e+01,9.656568652455352009e+00,2.731766281997761947e+00
3.330942571843178968e+01,9.596417791829448873e+00,2.714366730687895579e+00
3.346590135964103752e+01,9.538983974975410618e+00,2.697239878945648428e+00
3.362191173786850840e+01,9.480298127258746987e+00,2.679276733881997163e+00
3.377712602284208998e+01,9.420475585133317509e+00,2.660485459574363887e+00
3.393184755144031328e+01,9.359389936913714791e+00,2.640828012234863298e+00
3.408606099254314614e+01,9.297032858592615412e+00,2.620301262565345457e+00
3.423975066287116675e+01,9.233395820311642410e+00,2.598897972834373515e+00
3.439290039338003879e+01,9.168470133503422659e+00,2.576620314708160997e+00
3.454549354473035550e+01,9.102246939504109235e+00,2.553464022679353018e+00
3.469751299223301544e+01,9.034717209987036313e+00,2.529434569438814950e+00
3.484894111124092575e+01,8.965871747074981357e+00,2.504533156198002875e+00
3.499975975742290046e+01,8.895701185682769463e+00,2.478767493293531299e+00
3.514995022611409325e+01,8.824196006054807029e+00,2.452151898919853856e+00
3.530520483064901072e+01,8.748530902119350472e+00,2.423636082891452492e+00
3.545973923395809635e+01,8.671405595218075746e+00,2.394216790709635667e+00
3.561098943098900094e+01,8.594122740013013129e+00,2.364438480292736955e+00
3.576149836377999947e+01,8.515406048410504525e+00,2.333844843657903567e+00
3.590815856221732361e+01,8.436914540101151161e+00,2.303118082988946824e+00
3.605406295599621558e+01,8.357026911268915725e+00,2.271677532346264794e+00
3.619918831437177431e+01,8.275732630047979654e+00,2.239561720483346008e+00
3.634351060837614256e+01,8.193021086290642074e+00,2.206815805149754617e+00
3.648700509693309613e+01,8.108881538179691262e+00,2.173500717939728322e+00
3.662964616344628865e+01,8.023303201847772570e+00,2.139680022843533092e+00
3.677140736040248470e+01,7.936275223744900131e+00,2.105436967572734908e+00
3.691226144217041849e+01,7.847786655402646083e+00,2.070859678189659547e+00
3.705218021860785171e+01,7.757826540181825159e+00,2.036060498958095266e+00
3.719113459848648517e+01,7.666383885074375293e+00,2.001164803503973744e+00
3.733042833366798163e+01,7.572538482311943930e+00,1.965991674319755633e+00
3.746867622411589593e+01,7.477159152676708942e+00,1.931054227480022201e+00
3.760695865170857388e+01,7.379438332554159707e+00,1.896290937976609747e+00
3.774410950647183682e+01,7.280135654876430884e+00,1.862246182087078816e+00
3.787770735046612458e+01,7.181031111416670498e+00,1.829784813883915895e+00
3.801014274266903215e+01,7.080378482753066471e+00,1.798638315045934855e+00
3.814137915562668724e+01,6.978167292054579640e+00,1.769190876164565607e+00
3.827137861707148403e+01,6.874387462333894305e+00,1.741898890140008316e+00
3.840010153277414418e+01,6.769029500204995387e+00,1.717272938628007672e+00
3.852750802162297816e+01,6.662083418870254015e+00,1.695913289541814972e+00
3.865355655607606877e+01,6.553539839000184664e+00,1.678474031579595627e+00
3.877820391055841753e+01,6.443390094211731700e+00,1.665721238653497638e+00
3.890140573378240418e+01,6.331625775465573369e+00,1.658466253700321635e+00
3.902311610194909974e+01,6.218239158668702693e+00,1.657617480399695475e+00
3.914411467353700402e+01,6.102420653159172481e+00,1.664181541229461603e+00
3.926350334540700970e+01,5.984943377548973764e+00,1.679244384133509849e+00
3.938044506093956443e+01,5.866607981641504210e+00,1.703605409199221654e+00
3.949569606067090888e+01,5.746625392083255512e+00,1.738375618617055363e+00
3.960918525704166626e+01,5.625011016114609852e+00,1.784507861241087179e+00
3.972087619421458982e+01,5.501743131456009905e+00,1.843001291147722265e+00
3.983071257214685801e+01,5.376819951606468528e+00,1.914724992329388531e+00
3.993863652160931821e+01,5.250240990977030897e+00,2.000600375144329313e+00
4.004458867251588572e+01,5.122007119244365470e+00,2.101418512522296389e+00
4.014850820132490128e+01,4.992120647012652235e+00,2.218095444808116490e+00
4.025033281684459752e+01,4.860585503780129990e+00,2.351455096805381118e+00
4.034999880412194528e+01,4.727407368027427559e+00,2.502527141257325116e+00
4.044744109270978072e+01,4.592593784384654043e+00,2.672305269930192573e+00
4.054259332331866261e+01,4.456154302358391384e+00,2.862101343914381424e+00
4.063539189694623843e+01,4.318094602425246897e+00,3.073274503931552548e+00
4.072576394241949060e+01,4.178434567095496988e+00,3.307592018924839561e+00
4.081363602697198445e+01,4.037196768212099940e+00,3.566930392798449478e+00
4.089894154780717628e+01,3.894394239683273362e+00,3.853769612262711419e+00
4.098160921152138059e+01,3.750048769341895571e+00,4.170820541202461484e+00
4.106156720544939276e+01,3.604184960577163199e+00,4.521563000713343605e+00
4.113874333289599861e+01,3.456830458092766456e+00,4.909875027925228785e+00
4.121306524353779110e+01,3.308016039750952153e+00,5.340767696700740252e+00
4.128446065121168118e+01,3.157775758530264376e+00,5.819938119773915730e+00
4.135285760171024805e+01,3.006147012200811375e+00,6.354798150222656261e+00
4.141818472298166398e+01,2.853170675213215990e+00,6.953836170529484662e+00
4.148037151980182813e+01,2.698891162087705187e+00,7.628503546377123357e+00
4.153934868398325619e+01,2.543356471146361653e+00,8.392248773275703400e+00
4.159504839483551564e+01,2.386618274324404876e+00,9.263490340397270373e+00
4.164740467338648955e+01,2.228731880268011167e+00,1.026465131409766762e+01
4.169635372446315813e+01,2.069756224233009423e+00,1.142803141524485078e+01
4.174183428593580913e+01,1.909753832769588877e+00,1.279237804277010504e+01
4.178378798296158436e+01,1.748790757792497930e+00,1.442420130183416838e+01
4.182215968747023283e+01,1.586936459503876407e+00,1.638189325115455119e+01
4.185689787108622539e+01,1.424263658253319242e+00,1.886141943118362008e+01
4.188795494462534919e+01,1.260848168947180659e+00,2.183077732413649841e+01
4.191528758564572144e+01,1.096768694143131828e+00,2.626227901585146185e+01
4.193890075352688029e+01,9.317739763390805452e-01,3.072435748490285690e+01
4.195870146351879271e+01,7.662784852952316816e-01,4.212857080564722878e+01
4.197581487340141138e+01,5.865470935535241903e-01,4.715119887946324440e+01
4.198839145607932721e+01,4.064414049972576159e-01,1.015892613377512816e+02
4.199709624139353537e+01,2.033035354687696694e-01,1.214958124299556488e+02
4.199999999999997868e+01,-3.938312622325279846e-17,8.188320105872924159e+02
