x,y,stress
3.999999999999997780e+00,3.396430266371334966e-13,8.613449731688190241e+02
4.002830995766005096e+00,2.298732091444294634e-01,1.078912582768374193e+02
4.011319408722898494e+00,4.596070966225121457e-01,1.027963336458673353e+02
4.023599092346100470e+00,6.635275968059164420e-01,4.211683673945989170e+01
4.040320029733341478e+00,8.671320658104830770e-01,3.964650093030096656e+01
4.058884112225855212e+00,1.047677934993690885e+00,2.761724071274324999e+01
4.080918812282409824e+00,1.227833188395104358e+00,2.371711628428924357e+01
4.104104443109343414e+00,1.392288104846358232e+00,1.949331778937808579e+01
4.130159258109189047e+00,1.556312937413929731e+00,1.676528247352366563e+01
4.158914715872616519e+00,1.719064885302347800e+00,1.437240441843308503e+01
4.190468091859774091e+00,1.881297633029332506e+00,1.247155262740898785e+01
4.224794838754981186e+00,2.042966308329188241e+00,1.085628378266635252e+01
4.261868607755297411e+00,2.204027259157386176e+00,9.494439281160836686e+00
4.301661348641137472e+00,2.364438112595688590e+00,8.324477344762028608e+00
4.344143413070980841e+00,2.524157827449799552e+00,7.317339474251085107e+00
4.389283666673716056e+00,2.683146761808454350e+00,6.443263276972328590e+00
4.437049595348001141e+00,2.841366702120834198e+00,5.680851928988129629e+00
4.487407417447379920e+00,2.998780903575266610e+00,5.013605285148579505e+00
4.540322201292461557e+00,3.155354135650416669e+00,4.426430673268206384e+00
4.597226759183609346e+00,3.315072922531378197e+00,3.898180997686990334e+00
4.656744698590714826e+00,3.473836415369616848e+00,3.426775506992241205e+00
4.718222823742945771e+00,3.630091187875680081e+00,2.992311102768714814e+00
4.782183696580862176e+00,3.785346244031019047e+00,2.634026734999519892e+00
4.847523218307284054e+00,3.937155180715925518e+00,2.313271718960374201e+00
4.915188659635274071e+00,4.087941803345088054e+00,2.024889953993731062e+00
4.985140002055922004e+00,4.237681717516890600e+00,1.755191968442335382e+00
5.057336902394844458e+00,4.386351993547340733e+00,1.524454903838831976e+00
5.131738782642958796e+00,4.533931146801918111e+00,1.311860932607439745e+00
5.208304943216401917e+00,4.680399165279614415e+00,1.119573848297170438e+00
5.286994607373515898e+00,4.825737405494703758e+00,9.439443977938243302e-01
5.367767011286637135e+00,4.969928587766621497e+00,7.832065558717449250e-01
5.450581479220988790e+00,5.112956765769910206e+00,6.353712867819480969e-01
5.535397459813780507e+00,5.254807236239388502e+00,4.988722194858437042e-01
5.623168831842176196e+00,5.397053265160643321e+00,3.709234273134123794e-01
5.712904616794516777e+00,5.538068322644794428e+00,2.519025153827658126e-01
5.809183279084119356e+00,5.684777082865568154e+00,1.358741862118852117e-01
5.907534652182328649e+00,5.830104513733729732e+00,3.540772642502156703e-02
6.002104099972521034e+00,5.965826807622044647e+00,7.935571286273895852e-02
6.098435386047760254e+00,6.100304369258549464e+00,1.701277329610904887e-01
6.196402587957535069e+00,6.233412632858501112e+00,2.584960385200412158e-01
6.296052920501591821e+00,6.365265592689507201e+00,3.436868966863020902e-01
6.397349379773555889e+00,6.495858164221558262e+00,4.259636115504326637e-01
6.500255548227687363e+00,6.625186126328647340e+00,5.056651344794651504e-01
6.604735577769271337e+00,6.753246028926056077e+00,5.831460662903568126e-01
6.710754191556021375e+00,6.880035134222769244e+00,6.586979506642282045e-01
6.818276729645803336e+00,7.005551415215435007e+00,7.326041337190373204e-01
6.927269144146644742e+00,7.129793495899554578e+00,8.050843698415458549e-01
7.037698009180835435e+00,7.252760614356561497e+00,8.763509069996816558e-01
7.149530539932016815e+00,7.374452599050024482e+00,9.465826154071226295e-01
7.267495707391614879e+00,7.499875303041160457e+00,1.018790684067764074e+00
7.386913822005840125e+00,7.623915450345886136e+00,1.090172543809574623e+00
7.512565796603463575e+00,7.751405463437709642e+00,1.163635286031829974e+00
7.639712125336537873e+00,7.877405238579875402e+00,1.236424681527177993e+00
7.758701931879891767e+00,7.992708925465556113e+00,1.303334101593485173e+00
7.878910973870879353e+00,8.106740968940215453e+00,1.369842800102529567e+00
8.000003814927024948e+00,8.219222177513831440e+00,1.435823312047310285e+00
8.122253948797032663e+00,8.330444518781098040e+00,1.501485589996732095e+00
8.245634312840826041e+00,8.440411533435593583e+00,1.566867772808004711e+00
8.370118683665726422e+00,8.549127243425656886e+00,1.631988463502405562e+00
8.495681507627761420e+00,8.656595972047103515e+00,1.696872427645092829e+00
8.622297451045549010e+00,8.762821950794181802e+00,1.761527804200816005e+00
8.749941954287654866e+00,8.867809788742887278e+00,1.825970569556620182e+00
8.878591007232522259e+00,8.971564265634340174e+00,1.890199601350350367e+00
9.008221064802212297e+00,9.074090257131118165e+00,1.954219339405127709e+00
9.138809341493761451e+00,9.175392959057257158e+00,2.018031445751054420e+00
9.274785974589718762e+00,9.278832394339271872e+00,2.083763323692858105e+00
9.411738583484590137e+00,9.380976163619100916e+00,2.149266951720698593e+00
9.562287471364223634e+00,9.490978918793288699e+00,2.220460062353447839e+00
9.713941025539606144e+00,9.599453711987266047e+00,2.291312696147634220e+00
9.854439089303079768e+00,9.697926117368700361e+00,2.356227589682835966e+00
9.995825956286219949e+00,9.795118087109528915e+00,2.420856361567874426e+00
1.013284448723169184e+01,9.887538441204391404e+00,2.482817252926738938e+00
1.027064916899038849e+01,9.978782470756783596e+00,2.544484197223833011e+00
1.040922169384250573e+01,1.006885601844869704e+01,2.605837598114387532e+00
1.054854427973441489e+01,1.015776501150618039e+01,2.666841418208167447e+00
1.068859948608540478e+01,1.024551534044313073e+01,2.727476783521351145e+00
1.082937035734896902e+01,1.033211295010355890e+01,2.787726496023936740e+00
1.097084038171366771e+01,1.041756380999883014e+01,2.847568227889030190e+00
1.111299328365520900e+01,1.050187378963486751e+01,2.906982633026309326e+00
1.125581321200250962e+01,1.058504877512795517e+01,2.965950330490961129e+00
1.139928475376553685e+01,1.066709467455554439e+01,3.024444883859270572e+00
1.154361312166368947e+01,1.074813993583258132e+01,3.082532378503655135e+00
1.168856515898644766e+01,1.082806441046085588e+01,3.140111135495355921e+00
1.184585559169654090e+01,1.091316197962602352e+01,3.201701426884816293e+00
1.200383934454449353e+01,1.099696540399699174e+01,3.262617283948100244e+00
1.217346930842918162e+01,1.108512738198131231e+01,3.326962979452630975e+00
1.234385107015708094e+01,1.117182754900589181e+01,3.390426039757355348e+00
1.249817654396932376e+01,1.124879075524201433e+01,3.446908773621554900e+00
1.265308300623816251e+01,1.132457780913619771e+01,3.502660212766812275e+00
1.280207428517302759e+01,1.139611255854016036e+01,3.555324459153736516e+00
1.295157417461452276e+01,1.146657819985609805e+01,3.607240853369571454e+00
1.310157090443252947e+01,1.153598014056221643e+01,3.658376126233171544e+00
1.325205283869598993e+01,1.160432366730816334e+01,3.708680252644815489e+00
1.340300863349939142e+01,1.167161402235374368e+01,3.758708870319211304e+00
1.355442723446880393e+01,1.173785640223650795e+01,3.807039095614970226e+00
1.370629777136587180e+01,1.180305591260056808e+01,3.854705690661083484e+00
1.385860966662259663e+01,1.186721761716001566e+01,3.901464254270004428e+00
1.401135255886681286e+01,1.193034650543593678e+01,3.947542474987811190e+00
1.416451625759849087e+01,1.199244747642174680e+01,3.992118525829680298e+00
1.431819688534491064e+01,1.205356714780123184e+01,4.035781078709392844e+00
1.447227915806448451e+01,1.211366710004817371e+01,4.078614109970718715e+00
1.463829677088242498e+01,1.217712073597575895e+01,4.123766081839867148e+00
1.480475552786890781e+01,1.223940794053699577e+01,4.166877891037477077e+00
1.498893454681101467e+01,1.230679249650309259e+01,4.213148193652350493e+00
1.517362190687998158e+01,1.237277106429097095e+01,4.257631323849998317e+00
1.534512307411687004e+01,1.243263360937298856e+01,4.297323933962998055e+00
1.551703644737300181e+01,1.249130190278281738e+01,4.335466430918935465e+00
1.567460152342071389e+01,1.254391296832429248e+01,4.368992382648184680e+00
1.583249369447109522e+01,1.259553409635666732e+01,4.401193129701061579e+00
1.598990207060572288e+01,1.264591520000254832e+01,4.431867157901826282e+00
1.614761823113333605e+01,1.269532437147606529e+01,4.461162642385740007e+00
1.630563444311215804e+01,1.274376549207410569e+01,4.489059586406637159e+00
1.646394304892573857e+01,1.279124234654349124e+01,4.515537857495487195e+00
1.662253656184956796e+01,1.283775865419319118e+01,4.540576091549606730e+00
1.678140761397282432e+01,1.288331805419250742e+01,4.564160904839555499e+00
1.694054897464434717e+01,1.292792411229606664e+01,4.586285904684696213e+00
1.709995352283821646e+01,1.297158031422169522e+01,4.606937394252729412e+00
1.725961428240042395e+01,1.301429007655781867e+01,4.626106933559279710e+00
1.741952434944627726e+01,1.305605672835173436e+01,4.643807682306560380e+00
1.758389946756109623e+01,1.309794645300058846e+01,4.660399645782495881e+00
1.774852286375681842e+01,1.313884959182825263e+01,4.675491752790606803e+00
1.793292851992620385e+01,1.318343237544806357e+01,4.690449074167204024e+00
1.811762612268234918e+01,1.322678981483019278e+01,4.703448078782644259e+00
1.831033850513106742e+01,1.327065985270711224e+01,4.714950806596380772e+00
1.850334666901637704e+01,1.331320973898596627e+01,4.724292523940277100e+00
1.867578300991690554e+01,1.335006083152755885e+01,4.730958140962587599e+00
1.884843911767645608e+01,1.338586814867856489e+01,4.736042411347985315e+00
1.901047920287951598e+01,1.341848874784109746e+01,4.739415785843243967e+00
1.917270019466209163e+01,1.345019747031757085e+01,4.741476210683805093e+00
1.933508020525479409e+01,1.348099376025544061e+01,4.742244516769908103e+00
1.949762958925465028e+01,1.351088318295791346e+01,4.741758446694493756e+00
1.966034270703974229e+01,1.353986804455208492e+01,4.740073810059526771e+00
1.982321398337154861e+01,1.356795057869078214e+01,4.737234223389731547e+00
1.998623792236539742e+01,1.359513294984435028e+01,4.733297443337785460e+00
2.014940906609727023e+01,1.362141724706500945e+01,4.728320605115920117e+00
2.031272202278465144e+01,1.364680548967513651e+01,4.722369435859026687e+00
2.047617147141243521e+01,1.367129962844201252e+01,4.715512442318920527e+00
2.063975212941725701e+01,1.369490154128054193e+01,4.707807304578617291e+00
2.080345878840779861e+01,1.371761303919417863e+01,4.699378000074262651e+00
2.097560389571312811e+01,1.374051973779740621e+01,4.689740028153432050e+00
2.114787647470070553e+01,1.376244720398932486e+01,4.679509947792875657e+00
2.134190083900897861e+01,1.378595598633070374e+01,4.667270168334291647e+00
2.153607090521929734e+01,1.380822935348227354e+01,4.654411875046216451e+00
2.173191173182359037e+01,1.382943075989925497e+01,4.641052954035420619e+00
2.192788387732605671e+01,1.384938189601585812e+01,4.627330977608533402e+00
2.210206778935222971e+01,1.386605750108259194e+01,4.615064370040642849e+00
2.227634304975089208e+01,1.388174969467080722e+01,4.602821317105573407e+00
2.244103040748684208e+01,1.389566958323655754e+01,4.591366935194092669e+00
2.260578939050989788e+01,1.390871438355432588e+01,4.580120082237849388e+00
2.277061523923940811e+01,1.392088508662016189e+01,4.569148692526249000e+00
2.293550323876511499e+01,1.393218261791900758e+01,4.558539206999993709e+00
2.310044869321688310e+01,1.394260783566208595e+01,4.548379949777893394e+00
2.326544692098721612e+01,1.395216153092156475e+01,4.538748329675440729e+00
2.343049326688288403e+01,1.396084442869014630e+01,4.529719995033556934e+00
2.359558309071309168e+01,1.396865718743070062e+01,4.521368009807122945e+00
2.376071177163946757e+01,1.397560039953834377e+01,4.513770840838459364e+00
2.392587470256389892e+01,1.398167459125467893e+01,4.506981452574287950e+00
2.409106729038200356e+01,1.398688022285942267e+01,4.501057155752281602e+00
2.425628495327463341e+01,1.399121768871496485e+01,4.496072285433968752e+00
2.443117987962341786e+01,1.399486324288156247e+01,4.491824148134869077e+00
2.460609236367863772e+01,1.399753687497351429e+01,4.488719522116280558e+00
2.480304233117646007e+01,1.399938423529472153e+01,4.486569087699115777e+00
2.500000000000008527e+01,1.399999999999999112e+01,4.485822465970526807e+00
2.519695766882374954e+01,1.399938423529471976e+01,4.486580293185234325e+00
2.539390763632158254e+01,1.399753687497351073e+01,4.488742056070391229e+00
2.556882012037684149e+01,1.399486324288156069e+01,4.491858083068083651e+00
2.574371504672560462e+01,1.399121768871495952e+01,4.496117362998523603e+00
2.590893270961830908e+01,1.398688022285941379e+01,4.501106347256254026e+00
2.607412529743634977e+01,1.398167459125466827e+01,4.507033398591156370e+00
2.623928822836078467e+01,1.397560039953833311e+01,4.513816238480929499e+00
2.640441690928715346e+01,1.396865718743068641e+01,4.521406236801852607e+00
2.656950673311736111e+01,1.396084442869013209e+01,4.529747705711521633e+00
2.673455307901302902e+01,1.395216153092154876e+01,4.538765438370115923e+00
2.689955130678335493e+01,1.394260783566207351e+01,4.548386810006736169e+00
2.706449676123511594e+01,1.393218261791898982e+01,4.558535887069929515e+00
2.722938476076082992e+01,1.392088508662013879e+01,4.569138030339615852e+00
2.739421060949034725e+01,1.390871438355430456e+01,4.580102611879235397e+00
2.755896959251340661e+01,1.389566958323653623e+01,4.591344120299975629e+00
2.772365695024934240e+01,1.388174969467078235e+01,4.602794036327566118e+00
2.789793221064800477e+01,1.386605750108256885e+01,4.615030917709872504e+00
2.807211612267416712e+01,1.384938189601583325e+01,4.627294313156098404e+00
2.826808826817660503e+01,1.382943075989923543e+01,4.641008188950958235e+00
2.846392909478087674e+01,1.380822935348224867e+01,4.654359694379850865e+00
2.865809916099121679e+01,1.378595598633067354e+01,4.667211598288743879e+00
2.885212352529951119e+01,1.376244720398929466e+01,4.679442826551636792e+00
2.902439610428709571e+01,1.374051973779737601e+01,4.689668786280013713e+00
2.919654121159243232e+01,1.371761303919414310e+01,4.699299251951300604e+00
2.936024787058297036e+01,1.369490154128050285e+01,4.707725033094372513e+00
2.952382852858780637e+01,1.367129962844197344e+01,4.715425799158877496e+00
2.968727797721559725e+01,1.364680548967509566e+01,4.722280386620443693e+00
2.985059093390297491e+01,1.362141724706496504e+01,4.728228077125816498e+00
3.001376207763485837e+01,1.359513294984430409e+01,4.733204614184839620e+00
3.017678601662870363e+01,1.356795057869073418e+01,4.737141288513440074e+00
3.033965729296050995e+01,1.353986804455203696e+01,4.739981567077109936e+00
3.050237041074559130e+01,1.351088318295786372e+01,4.741665983095608716e+00
3.066491979474544749e+01,1.348099376025538554e+01,4.742153292859398128e+00
3.082729980533816772e+01,1.345019747031751578e+01,4.741386506107399867e+00
3.098952079712073626e+01,1.341848874784104595e+01,4.739326694790194416e+00
3.115156088232378551e+01,1.338586814867850805e+01,4.735956956306476506e+00
3.132421699008330762e+01,1.335006083152750911e+01,4.730869769312425532e+00
3.149665333098379705e+01,1.331320973898592364e+01,4.724209034710153965e+00
3.168966149486910311e+01,1.327065985270706783e+01,4.714863941885611531e+00
3.188237387731780359e+01,1.322678981483014837e+01,4.703358013334784538e+00
3.206707148007394892e+01,1.318343237544801561e+01,4.690361706080416582e+00
3.225147713624334500e+01,1.313884959182820289e+01,4.675401248422515366e+00
3.241610053243909562e+01,1.309794645300053517e+01,4.660314689772024899e+00
3.258047565055393591e+01,1.305605672835166864e+01,4.643722871356009030e+00
3.274038571759979988e+01,1.301429007655774939e+01,4.626021084442328402e+00
3.290004647716200736e+01,1.297158031422162416e+01,4.606848248857393635e+00
3.305945102535587665e+01,1.292792411229599558e+01,4.586187298134339230e+00
3.321859238602739595e+01,1.288331805419243281e+01,4.564049755135251019e+00
3.337746343815065586e+01,1.283775865419311479e+01,4.540449740175690252e+00
3.353605695107449236e+01,1.279124234654341130e+01,4.515395731609367580e+00
3.369436555688809420e+01,1.274376549207402043e+01,4.488904452698820435e+00
3.385238176886691974e+01,1.269532437147597648e+01,4.460991691632185230e+00
3.401009792939454002e+01,1.264591520000245595e+01,4.431684040984304573e+00
3.416750630552916590e+01,1.259553409635657495e+01,4.400997435262173241e+00
3.432539847657953658e+01,1.254391296832420544e+01,4.368788728779973596e+00
3.448296355262723267e+01,1.249130190278272323e+01,4.335264162272472355e+00
3.465487692588339996e+01,1.243263360937288553e+01,4.297113725142093443e+00
3.482637809312033284e+01,1.237277106429085016e+01,4.257416902656075308e+00
3.501106545318929619e+01,1.230679249650297180e+01,4.212911469590582492e+00
3.519524447213138529e+01,1.223940794053687142e+01,4.166641537927146643e+00
3.536170322911789299e+01,1.217712073597562039e+01,4.123274558479700147e+00
3.552772084193586721e+01,1.211366710004802627e+01,4.078618537309207426e+00
3.568180311465544463e+01,1.205356714780108440e+01,4.035892169196038104e+00
3.583548374240185552e+01,1.199244747642159403e+01,3.992122067699992449e+00
3.598864744113353709e+01,1.193034650543578401e+01,3.947340083330800109e+00
3.614139033337774976e+01,1.186721761715986112e+01,3.901551930873199403e+00
3.629370222863445150e+01,1.180305591260042064e+01,3.854792560914858779e+00
3.644557276553150871e+01,1.173785640223635696e+01,3.807088572107014901e+00
3.659699136650093010e+01,1.167161402235358381e+01,3.758475930302888290e+00
3.674794716130433159e+01,1.160432366730800879e+01,3.708983103391466418e+00
3.689842909556778494e+01,1.153598014056206011e+01,3.658639734925147380e+00
3.704842582538578455e+01,1.146657819985593818e+01,3.607477627811383147e+00
3.719792571482727794e+01,1.139611255853999694e+01,3.555525476734323398e+00
3.734691699376214302e+01,1.132457780913603429e+01,3.502825237915134782e+00
3.750182345603099776e+01,1.124879075524184557e+01,3.447072877479432584e+00
3.765614892984324769e+01,1.117182754900571240e+01,3.390579217861800831e+00
3.782653069157112924e+01,1.108512738198114000e+01,3.327124536226547580e+00
3.799616065545579602e+01,1.099696540399682654e+01,3.262782079451814532e+00
3.815414440830374332e+01,1.091316197962585832e+01,3.201862599996257330e+00
3.831143484101382057e+01,1.082806441046068713e+01,3.140274482896468378e+00
3.845638687833660896e+01,1.074813993583240368e+01,3.082684859492154317e+00
3.860071524623476336e+01,1.066709467455535787e+01,3.024591387212456794e+00
3.874418678799778348e+01,1.058504877512777220e+01,2.966089214250037465e+00
3.888700671634506278e+01,1.050187378963468454e+01,2.907114872791172644e+00
3.902915961828659874e+01,1.041756380999864717e+01,2.847692909294251340e+00
3.917062964265130631e+01,1.033211295010337594e+01,2.787844994169250690e+00
3.931140051391486168e+01,1.024551534044294954e+01,2.727595148374825751e+00
3.945145572026584091e+01,1.015776501150599387e+01,2.666960766018554807e+00
3.959077830615776605e+01,1.006885601844850164e+01,2.605964141541480039e+00
3.972935083100988862e+01,9.978782470756586420e+00,2.544624480963492363e+00
3.986715551276858349e+01,9.887538441204192452e+00,2.482959006545073066e+00
4.000417404371403762e+01,9.795118087109329963e+00,2.420990837969302145e+00
4.014556091069718491e+01,9.697926117368497856e+00,2.356356642121489653e+00
4.028605897446065853e+01,9.599453711987061766e+00,2.291432203599976791e+00
4.043771252863601262e+01,9.490978918793098629e+00,2.220579452385044394e+00
4.058826141651560704e+01,9.380976163618928609e+00,2.149386943577132669e+00
4.072521402541048730e+01,9.278832394339088907e+00,2.083879995190193402e+00
4.086119065850645882e+01,9.175392959057067088e+00,2.018147935464488452e+00
4.099177893519800620e+01,9.074090257130929871e+00,1.954332865153221244e+00
4.112140899276768380e+01,8.971564265634148327e+00,1.890309120545621280e+00
4.125005804571254941e+01,8.867809788742688326e+00,1.826077412862924243e+00
4.137770254895466593e+01,8.762821950793982850e+00,1.761632695673484683e+00
4.150431849237244109e+01,8.656595972046909893e+00,1.696972763436466414e+00
4.162988131633447608e+01,8.549127243425459710e+00,1.632082925465517365e+00
4.175436568715937824e+01,8.440411533435389302e+00,1.566956400983474218e+00
4.187774605120317517e+01,8.330444518780886654e+00,1.501568664172837853e+00
4.199999618507319354e+01,8.219222177513611172e+00,1.435897278033681612e+00
4.212108902612932582e+01,8.106740968939988079e+00,1.369905831526636364e+00
4.224129806812031518e+01,7.992708925465322523e+00,1.303386427696505256e+00
4.236028787466369039e+01,7.877405238579624047e+00,1.236465163534109957e+00
4.248743420339674515e+01,7.751405463437477827e+00,1.163664732202520646e+00
4.261308617799432596e+01,7.623915450345670308e+00,1.090186611583700005e+00
4.273250429260854588e+01,7.499875303040950847e+00,1.018790009565434307e+00
4.285046946006814039e+01,7.374452599049828194e+00,9.465662156471028599e-01
4.296230199081930579e+01,7.252760614356373203e+00,8.763160592678029825e-01
4.307273085585348582e+01,7.129793495899367173e+00,8.050274711997649213e-01
4.318172327035432545e+01,7.005551415215240496e+00,7.325225844881857462e-01
4.328924580844412873e+01,6.880035134222568516e+00,6.585871633901103639e-01
4.339526442223087344e+01,6.753246028925850908e+00,5.829991822452766925e-01
4.349974445177245741e+01,6.625186126328436842e+00,5.054737836467584344e-01
4.360265062022657645e+01,6.495858164221356645e+00,4.257149645937383653e-01
4.370394707949853341e+01,6.365265592689310914e+00,3.433714954216559034e-01
4.380359741204258484e+01,6.233412632858309266e+00,2.581062644475806689e-01
4.390156461395233833e+01,6.100304369258354065e+00,1.696613637295211752e-01
4.399789590002758644e+01,5.965826807621856354e+00,7.886425467746309426e-02
4.409246534781777882e+01,5.830104513733542326e+00,3.618775050090292100e-02
4.419081672091598278e+01,5.684777082865382525e+00,1.368743547452800358e-01
4.428709538320556049e+01,5.538068322644610575e+00,2.530776377086858542e-01
4.437683116815790640e+01,5.397053265160467461e+00,3.723247394835003110e-01
4.446460254018629854e+01,5.254807236239225077e+00,5.005327030882994466e-01
4.454941852077907782e+01,5.112956765769752998e+00,6.373515607018394036e-01
4.463223298871341171e+01,4.969928587766467842e+00,7.855592486472271485e-01
4.471300539262653473e+01,4.825737405494531451e+00,9.467736258584965592e-01
4.479169505678367358e+01,4.680399165279422569e+00,1.122926381017152808e+00
4.486826121735710871e+01,4.533931146801728929e+00,1.316104029531608433e+00
4.494266309760521239e+01,4.386351993547149775e+00,1.528838019212628074e+00
4.501485999794414994e+01,4.237681717516692537e+00,1.763813540103646327e+00
4.508481134036479432e+01,4.087941803344881109e+00,2.024363130663142218e+00
4.515247678169277634e+01,3.937155180715739444e+00,2.314030542630621579e+00
4.521781630341917690e+01,3.785346244030845853e+00,2.637154706927673509e+00
4.528177717625707288e+01,3.630091187875538861e+00,3.004458297960502566e+00
4.534325530140930738e+01,3.473836415369506270e+00,3.417399225444570199e+00
4.540277324081642263e+01,3.315072922531233424e+00,3.887444627730989755e+00
4.545967779870755976e+01,3.155354135650239034e+00,4.419851645097503834e+00
4.551259258255264939e+01,2.998780903575071211e+00,5.008434660823556150e+00
4.556295040465204238e+01,2.841366702120621035e+00,5.676955269468829002e+00
4.561071633332633013e+01,2.683146761808223424e+00,6.439538028647025847e+00
4.565585658692904758e+01,2.524157827449552638e+00,7.313678192463938466e+00
4.569833865135890250e+01,2.364438112595420804e+00,8.320549172981895225e+00
4.573813139224474611e+01,2.204027259157101515e+00,9.489683176241509699e+00
4.577520516124506145e+01,2.042966308328894254e+00,1.085401190613872480e+01
4.580953190814025078e+01,1.881297633029024752e+00,1.247441063165501873e+01
4.584108528412742345e+01,1.719064885302035384e+00,1.438661961676683454e+01
4.586984074189084026e+01,1.556312937413616204e+00,1.678772842725143377e+01
4.589589555689068590e+01,1.392288104846001850e+00,1.954554657618646729e+01
4.591908118771760172e+01,1.227833188394701347e+00,2.375416256363876144e+01
4.594111588777414568e+01,1.047677934993324289e+00,2.773445353314375339e+01
4.595967997026667007e+01,8.671320658101572265e-01,3.965343256580479192e+01
4.597640090765388976e+01,6.635275968056184581e-01,4.225286329352068293e+01
4.598868059127708108e+01,4.596070966222388088e-01,1.026181588198548127e+02
4.599716900423396027e+01,2.298732091441252623e-01,1.086780009130965539e+02
4.599999999999997868e+01,-4.438987382838607281e-17,8.619645036368611954e+02
