x,y,stress
8.999999999999994671e+00,1.135096739797590369e-13,1.004655891729831410e+03
9.008753574229249494e+00,1.653706036459652307e-01,1.255022184201303901e+02
9.034661616393496075e+00,3.289380250300225073e-01,1.133362747240042694e+02
9.076739595217659939e+00,4.891177166803717391e-01,4.481453275328087216e+01
9.133557706515553321e+00,6.446905255873128793e-01,3.887165872997821481e+01
9.203464548040413362e+00,7.948483858833808036e-01,2.614386775556626574e+01
9.284779647154083548e+00,9.391573507368902174e-01,2.157087913869100149e+01
9.375922939236815523e+00,1.077477885473733688e+00,1.735458426546044919e+01
9.475482156221714192e+00,1.209877387504172841e+00,1.449304123580378523e+01
9.582234768312252626e+00,1.336554691516259608e+00,1.228302613955616529e+01
9.695142726596563065e+00,1.457782986060769170e+00,1.058146572199731672e+01
9.813333977051572177e+00,1.573870350945200558e+00,9.230805439207996343e+00
9.936079671984561656e+00,1.685134463269090110e+00,8.144204436254387502e+00
1.006277117724816250e+01,1.791886965231673123e+00,7.255499018324955252e+00
1.019289931389016957e+01,1.894424623839845445e+00,6.520757826630558363e+00
1.032603689117000911e+01,1.993025110206035011e+00,5.906188423645180485e+00
1.046182397583111090e+01,2.087945262446492034e+00,5.388057830617588806e+00
1.059995580744262433e+01,2.179420957098849865e+00,4.947430018321793632e+00
1.074017303451534566e+01,2.267667934848040190e+00,4.570524861860613797e+00
1.088225257157514392e+01,2.352882365213270877e+00,4.245542204800758945e+00
1.102600479582777737e+01,2.435244510025744269e+00,3.964268437323378080e+00
1.117126701271208233e+01,2.514919232641180002e+00,3.719278101412141435e+00
1.131789375655788987e+01,2.592054580361776051e+00,3.506126701472346952e+00
1.146575927199645406e+01,2.666786600590837164e+00,3.320360425355759926e+00
1.161475456556202523e+01,2.739240397457697096e+00,3.157687412146950034e+00
1.176478271531933295e+01,2.809530088657409053e+00,3.006405550758944223e+00
1.191575860553856536e+01,2.877760684248576784e+00,2.882560404180126046e+00
1.206760634006708344e+01,2.944028553443217344e+00,2.771191355723708227e+00
1.222025831291155917e+01,3.008422461062928210e+00,2.673632508361494686e+00
1.237365411618768007e+01,3.071024323056759542e+00,2.583458462623315910e+00
1.252773933657432792e+01,3.131909766189191924e+00,2.507189693345916570e+00
1.268246495000771823e+01,3.191148804521468652e+00,2.438484899081352353e+00
1.283778686173772776e+01,3.248806445190087544e+00,2.377797063710720415e+00
1.299366506496219209e+01,3.304943051993925351e+00,2.323692057433297542e+00
1.315006312582934811e+01,3.359614760022175961e+00,2.275626978824277113e+00
1.330694788246295523e+01,3.412873894589050217e+00,2.232758038320781235e+00
1.346428904935035753e+01,3.464769293352501833e+00,2.194746799251768632e+00
1.362205888549600274e+01,3.515346600016840295e+00,2.159178330342159224e+00
1.378023193772507504e+01,3.564648538359274976e+00,2.129133881232980752e+00
1.393878483094537835e+01,3.612715161518984086e+00,2.101836770223382000e+00
1.409769593149288625e+01,3.659584030081008077e+00,2.077619082322625044e+00
1.425694523970653371e+01,3.705290432502283959e+00,2.055903311865380445e+00
1.441651434999922721e+01,3.749867595269663401e+00,2.036488655881421472e+00
1.457638621525161327e+01,3.793346813243842153e+00,2.019092807071197093e+00
1.473654485797907832e+01,3.835757551121903308e+00,2.003517690678170649e+00
1.489697536109597564e+01,3.877127605748821093e+00,1.989482312422583776e+00
1.505766403870306469e+01,3.917483293487800999e+00,1.976901396875470507e+00
1.521951886737506143e+01,3.957071755275999525e+00,1.965450849686648516e+00
1.538160954080722753e+01,3.995683278338252542e+00,1.955477701537096324e+00
1.554300121409560909e+01,4.033129091643801623e+00,1.946028633202829150e+00
1.570460412876230194e+01,4.069652544830121954e+00,1.937748605445242855e+00
1.586640838681112520e+01,4.105273669169681838e+00,1.930198315344327176e+00
1.602840459403861928e+01,4.140011462465881920e+00,1.923404540003342600e+00
1.619058392103534771e+01,4.173883977283990632e+00,1.917221587648697989e+00
1.635293807906773367e+01,4.206908382439364047e+00,1.911621986947433349e+00
1.651545919286712660e+01,4.239100998397990594e+00,1.906461994059251985e+00
1.667813986977283847e+01,4.270477367986157624e+00,1.901987695092744346e+00
1.684097310049766705e+01,4.301052288271447033e+00,1.897701077723292773e+00
1.700395220940184871e+01,4.330839849475358605e+00,1.893728097784343811e+00
1.716797010789363398e+01,4.360011241307901741e+00,1.890055590075835124e+00
1.733212300405146422e+01,4.388413170362255755e+00,1.886665182732558232e+00
1.750002679420883922e+01,4.416658826167042307e+00,1.883440378669060333e+00
1.766805964137045137e+01,4.444126330951776005e+00,1.880439896898299823e+00
1.783168694256928788e+01,4.470118757933192910e+00,1.877712996164408787e+00
1.799542619854868519e+01,4.495396363269066775e+00,1.875151276368332676e+00
1.815927269981208880e+01,4.519969255509201922e+00,1.872737101101237700e+00
1.832322193977501357e+01,4.543847088183187388e+00,1.870452146879596711e+00
1.848726959277454540e+01,4.567039080324473588e+00,1.868280199478665748e+00
1.865141153894422388e+01,4.589554041943599394e+00,1.866211910655924955e+00
1.881564381585070933e+01,4.611400387511673138e+00,1.864235077826375431e+00
1.897996261507701377e+01,4.632586154716609173e+00,1.862336900422079777e+00
1.914436427900117721e+01,4.653119021812001321e+00,1.860512061761464553e+00
1.930884528649714227e+01,4.673006322333802309e+00,1.858752884169629249e+00
1.947388567848919294e+01,4.692310661736850186e+00,1.857046594924045557e+00
1.963899917413931817e+01,4.710979427105308481e+00,1.855397445342946705e+00
1.981364106672129921e+01,4.730032879023213788e+00,1.853707936423229397e+00
1.998835749112229720e+01,4.748390345718584982e+00,1.852067588887353899e+00
2.015387728220169805e+01,4.765139264221527782e+00,1.850562375604680065e+00
2.031945789863804563e+01,4.781275792795809387e+00,1.849100567760492364e+00
2.048441333458645985e+01,4.796742435740927846e+00,1.847686770676247647e+00
2.064942366707964183e+01,4.811611987586411843e+00,1.846312526686020306e+00
2.081448630120301146e+01,4.825889197910174566e+00,1.844978445114131338e+00
2.097959872687061278e+01,4.839578582859241251e+00,1.843683184919300055e+00
2.114475850072961549e+01,4.852684431289350897e+00,1.842427651997984306e+00
2.130996323543608639e+01,4.865210811250308076e+00,1.841211474737360465e+00
2.147521060834949935e+01,4.877161577513564161e+00,1.840034742013443969e+00
2.164049835241958064e+01,4.888540377200733644e+00,1.838899205678636850e+00
2.180582425276836744e+01,4.899350655473914351e+00,1.837804107504074080e+00
2.197118614564144323e+01,4.909595660974765963e+00,1.836754072784849035e+00
2.214156193434421382e+01,4.919561279831421885e+00,1.835717223338283022e+00
2.231197139892060122e+01,4.928933453025451605e+00,1.834730135483633617e+00
2.248799280974348491e+01,4.937992656158504801e+00,1.833764705677816131e+00
2.266404536272631631e+01,4.946425042042273290e+00,1.832851100246407405e+00
2.282958191426743610e+01,4.953783329013590198e+00,1.832045959841801075e+00
2.299514197490731249e+01,4.960592205495308882e+00,1.831295243025877539e+00
2.316070260143331438e+01,4.966852871706810113e+00,1.830598846448240113e+00
2.332628295717697142e+01,4.972568022691032930e+00,1.829957359752987456e+00
2.349188119489317828e+01,4.977739290511805414e+00,1.829372895704407975e+00
2.365749548222964549e+01,4.982368146341682902e+00,1.828845689483577619e+00
2.382312400632973848e+01,4.986455902769606041e+00,1.828377947467058728e+00
2.398876497611783165e+01,4.990003715696357034e+00,1.827969550832392542e+00
2.415441661260675943e+01,4.993012585719053043e+00,1.827622398933595793e+00
2.432007714900128548e+01,4.995483359572970627e+00,1.827336423456638492e+00
2.448574482950402853e+01,4.997416731301362880e+00,1.827112761415200515e+00
2.465141790543160383e+01,4.998813243177876231e+00,1.826953474993305404e+00
2.482570794252443491e+01,4.999703333764350610e+00,1.826853745851940714e+00
2.499999999999993605e+01,4.999999999999996447e+00,1.826821207281868142e+00
2.517429205747547272e+01,4.999703333764349722e+00,1.826859419854605759e+00
2.534858209456828959e+01,4.998813243177876231e+00,1.826964735163469244e+00
2.551425517049585423e+01,4.997416731301365544e+00,1.827127601970523152e+00
2.567992285099859373e+01,4.995483359572971516e+00,1.827354338386879773e+00
2.584558338739312688e+01,4.993012585719053043e+00,1.827640234284806597e+00
2.601123502388206532e+01,4.990003715696358810e+00,1.827986819497484205e+00
2.617687599367014784e+01,4.986455902769609594e+00,1.828392518616673179e+00
2.634250451777023372e+01,4.982368146341685566e+00,1.828857316018174473e+00
2.650811880510670804e+01,4.977739290511807191e+00,1.829380996578360508e+00
2.667371704282292200e+01,4.972568022691035594e+00,1.829961912957073666e+00
2.683929739856657193e+01,4.966852871706813666e+00,1.830600364299078908e+00
2.700485802509256672e+01,4.960592205495312434e+00,1.831293806731992380e+00
2.717041808573245376e+01,4.953783329013592862e+00,1.832042193601154612e+00
2.733595463727358066e+01,4.946425042042276843e+00,1.832845148856404593e+00
2.751200719025639430e+01,4.937992656158510130e+00,1.833757277270302799e+00
2.768802860107927089e+01,4.928933453025456934e+00,1.834721376182668617e+00
2.785843806565567249e+01,4.919561279831426326e+00,1.835707674347251572e+00
2.802881385435845374e+01,4.909595660974771292e+00,1.836743730439420963e+00
2.819417574723152242e+01,4.899350655473920568e+00,1.837793188902832497e+00
2.835950164758030212e+01,4.888540377200738973e+00,1.838887684663459421e+00
2.852478939165038696e+01,4.877161577513569490e+00,1.840022695552574250e+00
2.869003676456380703e+01,4.865210811250314293e+00,1.841198782274440449e+00
2.885524149927027793e+01,4.852684431289357114e+00,1.842414264863417195e+00
2.902040127312926998e+01,4.839578582859247469e+00,1.843669057162691693e+00
2.918551369879688195e+01,4.825889197910180783e+00,1.844963739755224985e+00
2.935057633292026225e+01,4.811611987586418060e+00,1.846297215235575218e+00
2.951558666541343712e+01,4.796742435740935839e+00,1.847670772736259348e+00
2.968054210136184778e+01,4.781275792795817381e+00,1.849083907028307383e+00
2.984612271779817760e+01,4.765139264221536664e+00,1.850545098239125386e+00
3.001164250887756779e+01,4.748390345718596528e+00,1.852049711605420423e+00
3.018635893327855513e+01,4.730032879023227110e+00,1.853689266933745028e+00
3.036100082586052551e+01,4.710979427105322692e+00,1.855377878858635254e+00
3.052611432151065785e+01,4.692310661736863509e+00,1.857026568483033602e+00
3.069115471350271918e+01,4.673006322333815632e+00,1.858732419553717818e+00
3.085563572099868779e+01,4.653119021812015532e+00,1.860492306303890286e+00
3.102003738492285478e+01,4.632586154716621607e+00,1.862317922073138732e+00
3.118435618414916988e+01,4.611400387511683796e+00,1.864216307761265012e+00
3.134858846105567665e+01,4.589554041943610052e+00,1.866195164124001105e+00
3.151273040722535157e+01,4.567039080324486022e+00,1.868264183624804620e+00
3.167677806022487275e+01,4.543847088183198935e+00,1.870434410302391104e+00
3.184072730018779041e+01,4.519969255509214356e+00,1.872718511228224525e+00
3.200457380145117980e+01,4.495396363269081874e+00,1.875131084832835748e+00
3.216831305743058067e+01,4.470118757933208897e+00,1.877688882376580715e+00
3.233194035862941007e+01,4.444126330951791992e+00,1.880410682841022973e+00
3.249997320579101512e+01,4.416658826167058294e+00,1.883402712517512789e+00
3.266787699594840433e+01,4.388413170362271742e+00,1.886617242865417987e+00
3.283202989210622746e+01,4.360011241307920393e+00,1.890006419798615722e+00
3.299604779059799853e+01,4.330839849475377257e+00,1.893668982606220741e+00
3.315902689950218019e+01,4.301052288271465684e+00,1.897617172744491487e+00
3.332186013022702298e+01,4.270477367986178940e+00,1.901909908030006147e+00
3.348454080713273839e+01,4.239100998398011910e+00,1.906590515351802351e+00
3.364706192093213133e+01,4.206908382439383587e+00,1.911709438505579284e+00
3.380941607896451018e+01,4.173883977284011060e+00,1.917321165801356919e+00
3.397159540596125993e+01,4.140011462465901459e+00,1.923489371207448562e+00
3.413359161318874868e+01,4.105273669169703155e+00,1.930282295431980044e+00
3.429539587123755950e+01,4.069652544830144159e+00,1.937780316287248228e+00
3.445699878590426124e+01,4.033129091643821162e+00,1.946069632655347270e+00
3.461839045919265345e+01,3.995683278338273858e+00,1.955250637583771045e+00
3.478048113262483554e+01,3.957071755276018621e+00,1.965493340599637540e+00
3.494233596129684827e+01,3.917483293487814766e+00,1.976880066675438696e+00
3.510302463890393199e+01,3.877127605748836192e+00,1.989474328630950639e+00
3.526345514202083820e+01,3.835757551121917963e+00,2.003498327033334192e+00
3.542361378474829081e+01,3.793346813243860804e+00,2.019133048367230732e+00
3.558348565000066799e+01,3.749867595269682941e+00,2.036579880629593386e+00
3.574305476029335438e+01,3.705290432502304387e+00,2.056070736572629620e+00
3.590230406850701428e+01,3.659584030081028061e+00,2.077856569954854127e+00
3.606121516905452040e+01,3.612715161519006291e+00,2.102230153517522737e+00
3.621976806227482371e+01,3.564648538359295404e+00,2.129512788057419392e+00
3.637794111450390488e+01,3.515346600016857614e+00,2.160069727308399745e+00
3.653571095064958030e+01,3.464769293352513824e+00,2.194319270703512181e+00
3.669305211753697193e+01,3.412873894589066648e+00,2.232717711434400343e+00
3.684993687417057373e+01,3.359614760022189284e+00,2.275815288332482478e+00
3.700633493503771376e+01,3.304943051993947112e+00,2.324201699474220728e+00
3.716221313826218164e+01,3.248806445190111081e+00,2.378588338282728198e+00
3.731753504999216631e+01,3.191148804521500182e+00,2.439737339127892035e+00
3.747226066342557260e+01,3.131909766189216349e+00,2.508584846215899500e+00
3.762634588381220624e+01,3.071024323056790184e+00,2.586137715457845765e+00
3.777974168708836089e+01,3.008422461062949971e+00,2.673631134836159440e+00
3.793239365993279932e+01,2.944028553443255536e+00,2.772407246851311680e+00
3.808424139446133694e+01,2.877760684248602541e+00,2.884133362821022839e+00
3.823521728468053027e+01,2.809530088657455682e+00,3.010636808425299016e+00
3.838524543443787707e+01,2.739240397457729070e+00,3.154208581264630773e+00
3.853424072800340383e+01,2.666786600590895784e+00,3.317394483400465166e+00
3.868210624344202841e+01,2.592054580361801364e+00,3.503434519975352934e+00
3.882873298728775069e+01,2.514919232641251945e+00,3.715983480325093069e+00
3.897399520417214092e+01,2.435244510025773579e+00,3.959763363482561527e+00
3.911774742842465002e+01,2.352882365213373905e+00,4.240207046541740965e+00
3.925982696548456374e+01,2.267667934848075717e+00,4.564466897386341593e+00
3.940004419255711809e+01,2.179420957098995082e+00,4.940979781968687590e+00
3.953817602416880561e+01,2.087945262446532002e+00,5.381038004012784093e+00
3.967396310882967470e+01,1.993025110206241957e+00,5.898360343819685880e+00
3.980710068610974872e+01,1.894424623839881194e+00,6.511785462393890889e+00
3.993722882275143604e+01,1.791886965231974882e+00,7.245092619019163571e+00
4.006392032801536374e+01,1.685134463269129190e+00,8.131697814503681343e+00
4.018666602294792511e+01,1.573870350945647090e+00,9.215768430793932708e+00
4.030485727340335700e+01,1.457782986060818242e+00,1.056234421982170879e+01
4.041776523168717006e+01,1.336554691516874893e+00,1.226080246287674669e+01
4.052451784377823429e+01,1.209877387504208368e+00,1.446384120868661327e+01
4.062407706076265157e+01,1.077477885474446007e+00,1.732037463169206148e+01
4.071522035284586138e+01,9.391573507369173068e-01,2.152811934953104611e+01
4.079653545195925801e+01,7.948483858839457961e-01,2.608969657127966357e+01
4.086644229348441826e+01,6.446905255873133234e-01,3.880550231856911836e+01
4.092326040478226190e+01,4.891177166805458221e-01,4.417671946248113102e+01
4.096533838360647195e+01,3.289380250300039110e-01,1.141299933338180210e+02
4.099124642577071853e+01,1.653706036459588469e-01,1.244012334686489964e+02
4.099999999999997868e+01,-3.241766320688160509e-17,1.005171306302298149e+03
