x,y,stress
-7.443209170585917623e-19,-9.431176022064720725e-17,1.857933530619024512e-10
3.411315575597483572e-03,2.312699263609074019e-01,1.134654510279085483e-11
1.363619853404072872e-02,4.623389237088257886e-01,6.874156353698471958e-11
2.841358631648912766e-02,6.672869354053418967e-01,7.552108372182591338e-11
4.851663381241163447e-02,8.717813065812841655e-01,8.617779669755038910e-10
7.080181831717165253e-02,1.052900976618646345e+00,7.482791027061707850e-09
9.721926718145461332e-02,1.233464264607382788e+00,3.457379080327056154e-08
1.249541966006865457e-01,1.397993345129857179e+00,8.222356014831782585e-08
1.560727695439715623e-01,1.561916174185988382e+00,3.399666781558208818e-07
1.903516216878492762e-01,1.724340606504229267e+00,1.531063738562791143e-06
2.278978581635050238e-01,1.886041048540042064e+00,5.571136126498810800e-06
2.686657694418100317e-01,2.046959503880210196e+00,2.043946970816452974e-05
3.126067872718819030e-01,2.207040663545114967e+00,6.702278952805980209e-05
3.596697692773245802e-01,2.366232015573491498e+00,1.724122639600014144e-04
4.098012813954913791e-01,2.524483911769715760e+00,3.611796238225938342e-04
4.629458824222251745e-01,2.681749621508364267e+00,6.621940567614496625e-04
5.190464030618496816e-01,2.837985356684971538e+00,1.135916719144926170e-03
5.780442191852298572e-01,2.993150277450402186e+00,1.925788290942687152e-03
6.398795161756782868e-01,3.147206477537384472e+00,3.206134406063113063e-03
7.063638890517575097e-01,3.304438693328958898e+00,5.213321589254656281e-03
7.757178908020808672e-01,3.460426478600064026e+00,8.385137407084160624e-03
8.477896767592693061e-01,3.614960991077166508e+00,1.247308202022612972e-02
9.225899203853197283e-01,3.768193514389955201e+00,1.761765223184702869e-02
9.979678509802306641e-01,3.916096164828352322e+00,2.366152855245414952e-02
1.075805773853672820e+00,4.062719168912726886e+00,3.069328378529069187e-02
1.156041928901490268e+00,4.208043734891445453e+00,3.864387716295655806e-02
1.238615012356808931e+00,4.352053374658893858e+00,4.741806716604651112e-02
1.323464321792455989e+00,4.494733811490735143e+00,5.694088271603579832e-02
1.410529864913690590e+00,4.636072847432958888e+00,6.714136173176779576e-02
1.499752468974409725e+00,4.776060256266963400e+00,7.796808091307874666e-02
1.591073885862548165e+00,4.914687688769539875e+00,8.940710605419810442e-02
1.684436860979753758e+00,5.051948541310467888e+00,1.014969078735151464e-01
1.779785193163191837e+00,5.187837833637272134e+00,1.143052162634180524e-01
1.877621681744098270e+00,5.323112126996396576e+00,1.279963340612310652e-01
1.977355604072985384e+00,5.456993695970455249e+00,1.426548608167452492e-01
2.087294788596976591e+00,5.600222312656888413e+00,1.596995260437831798e-01
2.199324586083973632e+00,5.741821777961704676e+00,1.781885632804248165e-01
2.306965856780865298e+00,5.874029004959285594e+00,1.971781927866378126e-01
2.416360808680915184e+00,6.004788917090497335e+00,2.177565401729112671e-01
2.524516039486089269e+00,6.130724415946113837e+00,2.394670571981306617e-01
2.634239154567679098e+00,6.255296302336518011e+00,2.628909653433300631e-01
2.745485343125923183e+00,6.378510066508946252e+00,2.881056901111771484e-01
2.858210986719880164e+00,6.500371822117498866e+00,3.151453635222947192e-01
2.972373707372854224e+00,6.620888310530276932e+00,3.440306622262029879e-01
3.087932436674373893e+00,6.740066924255228464e+00,3.747597884755118347e-01
3.204847317309047927e+00,6.857915558475196072e+00,4.073166631731021115e-01
3.323079610739755108e+00,6.974442486425302512e+00,4.416617910933220426e-01
3.442591746586733503e+00,7.089656384514128717e+00,4.777490677182844592e-01
3.563347372890570686e+00,7.203566353672314015e+00,5.155241832752744946e-01
3.686023145579567117e+00,7.316832163415978307e+00,5.551519965305301563e-01
3.809886445621218254e+00,7.428798143473426485e+00,5.963587005834354304e-01
3.946915855924698402e+00,7.549989034419275491e+00,6.431897814860990659e-01
4.085287484676119796e+00,7.669645194261911492e+00,6.917268672330496582e-01
4.226493775308939327e+00,7.789063314161821516e+00,7.424115362273526753e-01
4.368988296476675970e+00,7.906941334646194974e+00,7.946134890979842380e-01
4.499240567214986442e+00,8.012479974150215511e+00,8.431862795392226495e-01
4.630490107250186504e+00,8.116775820870429925e+00,8.928390607770345655e-01
4.761412532274193588e+00,8.218838570308824032e+00,9.430075663031021183e-01
4.893259597052185939e+00,8.319704043988034314e+00,9.940943836284745760e-01
5.026006133204489856e+00,8.419382925208346080e+00,1.046031488498080364e+00
5.159627656919234973e+00,8.517885799321941676e+00,1.098750634690103922e+00
5.294100384494684342e+00,8.615223176433765673e+00,1.152187372441783264e+00
5.429401541915377827e+00,8.711405718437266188e+00,1.206286218738713556e+00
5.565509247155342898e+00,8.806444145856708872e+00,1.260985668733900500e+00
5.702401722818774665e+00,8.900348698209642251e+00,1.316237136965393795e+00
5.840057939182341507e+00,8.993129605588265463e+00,1.371989939667564107e+00
5.978457959961320789e+00,9.084797316848144177e+00,1.428157400473848648e+00
6.120359980673526046e+00,9.177154397931126084e+00,1.485820403843399529e+00
6.262995347331767881e+00,9.268374848059972138e+00,1.543829117783553695e+00
6.422823674370833125e+00,9.368726690365615895e+00,1.608813396884690272e+00
6.583512984703559390e+00,9.467694053275849342e+00,1.674096571857590865e+00
6.750759028239680326e+00,9.568714018099305108e+00,1.741946423667083188e+00
6.918874150123145661e+00,9.668281009418729255e+00,1.809980296726472204e+00
7.069391531198456313e+00,9.755792770899082811e+00,1.870744988765142836e+00
7.220560658630289730e+00,9.842173840731303969e+00,1.931573996309028596e+00
7.365284741769708710e+00,9.923491021303609827e+00,1.989583701371862912e+00
7.510571253994894114e+00,1.000379903029871009e+01,2.047578212202544101e+00
7.656406309356175832e+00,1.008310686621511287e+01,2.105514543981352293e+00
7.802776188118101253e+00,1.016142325937875412e+01,2.163367668716521752e+00
7.949667621290564590e+00,1.023875683797632519e+01,2.221104975883620547e+00
8.097067860854318511e+00,1.031511616838041689e+01,2.278696798555471137e+00
8.244964411700317797e+00,1.039050962039671688e+01,2.336113032553394309e+00
8.393345231643419169e+00,1.046494547802751995e+01,2.393325807566111685e+00
8.542198676265019941e+00,1.053843191487913877e+01,2.450305081156499476e+00
8.691513230552986968e+00,1.061097686895914016e+01,2.507025413481597909e+00
8.841344836743092017e+00,1.068261999397004303e+01,2.563470163278062763e+00
8.991616062238932727e+00,1.075333638759183863e+01,2.619630950222193722e+00
9.153263886265436966e+00,1.082816084772777643e+01,2.679395127220841388e+00
9.315392757071892404e+00,1.090193720359658158e+01,2.738979895111878449e+00
9.498588481006128958e+00,1.098380066971978941e+01,2.805750880947458725e+00
9.682362205845834069e+00,1.106435824378740840e+01,2.871336374120391444e+00
9.865868352249908213e+00,1.114326915167282195e+01,2.936167013207296339e+00
1.004991543119245812e+01,1.122091008013581614e+01,3.000241892738099381e+00
1.021373009392264564e+01,1.128877527910748491e+01,3.056516698834419010e+00
1.037794875343714196e+01,1.135565698666220058e+01,3.112173214834430546e+00
1.053207042589568054e+01,1.141739632052046538e+01,3.163701785722481841e+00
1.068652952191287753e+01,1.147828658454519690e+01,3.214638933065322224e+00
1.084129681744732920e+01,1.153832572540200374e+01,3.264943737409119695e+00
1.099638605352372878e+01,1.159752829541596775e+01,3.314600466194425721e+00
1.115178981799578573e+01,1.165590025022429543e+01,3.363585589794388042e+00
1.130750088973496403e+01,1.171344743450819337e+01,3.411872113191083855e+00
1.146351222457060537e+01,1.177017558042750345e+01,3.459433993592727852e+00
1.161981693898034251e+01,1.182609030546992024e+01,3.506246874563262228e+00
1.177640836959282744e+01,1.188119713704817748e+01,3.552287761982959147e+00
1.193327991155671874e+01,1.193550145886018043e+01,3.597530245182765096e+00
1.209042510473468468e+01,1.198900854620517187e+01,3.641944471242806181e+00
1.224783775701061472e+01,1.204172361039273831e+01,3.685526996962312118e+00
1.241390956391934530e+01,1.209639312832188196e+01,3.730460116274469495e+00
1.258026431119372646e+01,1.215019554886965736e+01,3.774431786801506483e+00
1.276794588994363622e+01,1.220975760878067362e+01,3.822673154495626058e+00
1.295596824034755379e+01,1.226823505471633169e+01,3.869583345517440875e+00
1.315966788689978806e+01,1.233026072382845051e+01,3.918744104390215810e+00
1.336374389410775976e+01,1.239103666961015549e+01,3.966180058370665673e+00
1.354908577440533968e+01,1.244506690547044947e+01,4.007740385882367029e+00
1.373471992760061688e+01,1.249808427678537015e+01,4.047838147310105938e+00
1.390027410911652339e+01,1.254445105623110912e+01,4.082324854162534322e+00
1.406604847192794949e+01,1.259002436727916852e+01,4.115627093329232267e+00
1.422631888539063816e+01,1.263327972410515443e+01,4.146632066954842877e+00
1.438678498690158492e+01,1.267580339063716721e+01,4.176488249388423668e+00
1.454744221232595791e+01,1.271759920716393921e+01,4.205176184512796844e+00
1.470828607665548127e+01,1.275867092801924052e+01,4.232677706237294224e+00
1.486931218660550869e+01,1.279902222689204194e+01,4.258978342921717619e+00
1.503051623353997357e+01,1.283865669685652122e+01,4.284064872580847450e+00
1.519189399383781947e+01,1.287757785225712226e+01,4.307927059448920737e+00
1.535344131462679940e+01,1.291578912703743320e+01,4.330553405521216703e+00
1.551515411858737359e+01,1.295329387772833840e+01,4.351932558312953780e+00
1.567702841149878168e+01,1.299009538680665621e+01,4.372062566576031983e+00
1.583950646707069687e+01,1.302629526542059146e+01,4.390974553466475250e+00
1.600213906258785457e+01,1.306179440756863208e+01,4.408660974225543150e+00
1.617900466662494452e+01,1.309957239609908797e+01,4.426383914823139420e+00
1.635604336541961601e+01,1.313653072527755050e+01,4.442658049647400631e+00
1.655568824161229813e+01,1.317718910176050073e+01,4.459135262779320819e+00
1.675554017056041189e+01,1.321681722023382299e+01,4.473723785833694677e+00
1.696929378631673657e+01,1.325802522315076715e+01,4.487225139664105633e+00
1.718326858887668251e+01,1.329806886245283870e+01,4.498508161113275783e+00
1.737602516678934350e+01,1.333311675596032764e+01,4.506909035876527803e+00
1.756894929232995750e+01,1.336723032700414571e+01,4.513608507128211933e+00
1.774046396777892554e+01,1.339675368276892264e+01,4.518196575258803804e+00
1.791210294894275989e+01,1.342554557354885425e+01,4.521516286492659020e+00
1.807593294595806910e+01,1.345232945802334257e+01,4.523523791706742792e+00
1.823986962611323648e+01,1.347845242845325764e+01,4.524427136007674655e+00
1.840390991845375979e+01,1.350391663153654953e+01,4.524244855514155894e+00
1.856805080368400240e+01,1.352872415501522951e+01,4.523008886903550518e+00
1.873228929102892693e+01,1.355287702497769509e+01,4.520760153054196984e+00
1.889662243869702607e+01,1.357637720981322005e+01,4.517531893513248242e+00
1.906104733929601025e+01,1.359922661881080153e+01,4.513365465020587664e+00
1.922556111440905013e+01,1.362142710227316122e+01,4.508301598342244532e+00
1.939016093171914079e+01,1.364298045461245223e+01,4.502390503336702210e+00
1.955484397407249375e+01,1.366388841097571571e+01,4.495678252034927880e+00
1.971968849923585410e+01,1.368416245733204839e+01,4.488200108244219777e+00
1.988461080144974602e+01,1.370379378105677937e+01,4.480058955064295745e+00
2.006166167113973842e+01,1.372414582561657426e+01,4.470564068484076614e+00
2.023879563504295831e+01,1.374376151522091938e+01,4.460448615319218213e+00
2.043844275217568196e+01,1.376497993100258377e+01,4.448268935826026116e+00
2.063818649950479411e+01,1.378526855830857478e+01,4.435458053479807816e+00
2.085863317238855430e+01,1.380657349738219075e+01,4.420676878140692878e+00
2.107918572809449742e+01,1.382675286405385684e+01,4.405301174231841088e+00
2.128326310386555420e+01,1.384441720848387902e+01,4.390802749430505081e+00
2.148742116384734047e+01,1.386112323438663374e+01,4.376092299508753669e+00
2.166870791930244167e+01,1.387515123621066060e+01,4.363012010056241508e+00
2.185005131185349825e+01,1.388842703026433156e+01,4.349976283539155553e+00
2.201632901979641943e+01,1.389993672886034837e+01,4.338147792235700351e+00
2.218264914458264769e+01,1.391081632082694419e+01,4.326514957845743581e+00
2.234833980540898679e+01,1.392102667763463764e+01,4.315167684633403056e+00
2.251406770564161519e+01,1.393061362973285000e+01,4.304128631849609476e+00
2.267983045904870565e+01,1.393957792227832471e+01,4.293456714469367164e+00
2.284562567792025334e+01,1.394792025047181561e+01,4.283218420702271878e+00
2.301145098690965440e+01,1.395564126069266386e+01,4.273473046069003800e+00
2.317730403344775780e+01,1.396274155114524440e+01,4.264278250326915654e+00
2.334318247251877665e+01,1.396922167128311010e+01,4.255688195308700017e+00
2.350908396040574644e+01,1.397508212184097154e+01,4.247753879469098770e+00
2.367500616472361941e+01,1.398032335545640592e+01,4.240527526363737643e+00
2.384094676157534565e+01,1.398494577669787731e+01,4.234059239452528267e+00
2.401213435599882473e+01,1.398906589064489303e+01,4.228202629666362178e+00
2.418333651625824743e+01,1.399252828664481996e+01,4.223253149461451805e+00
2.437533779979843018e+01,1.399562904558906418e+01,4.218757431015681014e+00
2.456735065118959582e+01,1.399790336586337780e+01,4.215450456936736146e+00
2.478367278538821949e+01,1.399947585859406018e+01,4.213146390683388809e+00
2.499999999999992539e+01,1.399999999999999289e+01,4.212345096404942701e+00
2.521632721461165616e+01,1.399947585859406196e+01,4.213123220970795835e+00
2.543264934881027983e+01,1.399790336586337780e+01,4.215408078676167847e+00
2.562466220020147745e+01,1.399562904558906773e+01,4.218776791460144615e+00
2.581666348374162467e+01,1.399252828664482173e+01,4.223326829530430260e+00
2.598786564400112198e+01,1.398906589064488948e+01,4.228308681536917746e+00
2.615905323842455132e+01,1.398494577669788086e+01,4.234195639423839808e+00
2.632499383527637349e+01,1.398032335545640414e+01,4.240659603439677738e+00
2.649091603959413987e+01,1.397508212184097331e+01,4.247878841002886041e+00
2.665681752748110966e+01,1.396922167128311187e+01,4.255788120561208032e+00
2.682269596655214272e+01,1.396274155114524795e+01,4.264352435328988555e+00
2.698854901309023546e+01,1.395564126069266919e+01,4.273520716192357405e+00
2.715437432207962942e+01,1.394792025047181916e+01,4.283239196690280082e+00
2.732016954095118777e+01,1.393957792227832648e+01,4.293454924889940294e+00
2.748593229435827823e+01,1.393061362973285533e+01,4.304104011273087949e+00
2.765166019459091018e+01,1.392102667763463941e+01,4.315130021136466709e+00
2.781735085541724928e+01,1.391081632082694775e+01,4.326464214168979971e+00
2.798367098020347754e+01,1.389993672886035192e+01,4.338092323876142409e+00
2.814994868814640228e+01,1.388842703026433689e+01,4.349917509547375438e+00
2.833129208069744465e+01,1.387515123621066948e+01,4.362954446245671747e+00
2.851257883615253164e+01,1.386112323438664085e+01,4.376039313514358930e+00
2.871673689613432856e+01,1.384441720848388790e+01,4.390753395732070352e+00
2.892081427190538179e+01,1.382675286405386572e+01,4.405257133053478213e+00
2.914136682761132136e+01,1.380657349738219963e+01,4.420635203109525513e+00
2.936181350049507444e+01,1.378526855830858189e+01,4.435418453551344342e+00
2.956155724782419369e+01,1.376497993100258910e+01,4.448236387523374802e+00
2.976120436495693511e+01,1.374376151522093004e+01,4.460423278683637527e+00
2.993833832886015855e+01,1.372414582561658314e+01,4.470546455626506877e+00
3.011538919855014740e+01,1.370379378105678647e+01,4.480049609059614468e+00
3.028031150076403222e+01,1.368416245733205550e+01,4.488196199360291239e+00
3.044515602592739967e+01,1.366388841097572637e+01,4.495679672993464493e+00
3.060983906828074907e+01,1.364298045461246645e+01,4.502392261910030058e+00
3.077443888559083263e+01,1.362142710227317188e+01,4.508304496076202206e+00
3.093895266070387962e+01,1.359922661881080863e+01,4.513365410114221099e+00
3.110337756130287445e+01,1.357637720981323071e+01,4.517529349004819395e+00
3.126771070897096649e+01,1.355287702497770930e+01,4.520754406599445829e+00
3.143194919631588746e+01,1.352872415501524372e+01,4.522999534077546180e+00
3.159609008154613363e+01,1.350391663153656197e+01,4.524229787961894900e+00
3.176013037388665694e+01,1.347845242845327007e+01,4.524407093721289463e+00
3.192406705404181011e+01,1.345232945802335678e+01,4.523501806736724973e+00
3.208789705105712642e+01,1.342554557354886846e+01,4.521493895250853434e+00
3.225953603222095722e+01,1.339675368276893686e+01,4.518169845050075573e+00
3.243105070766992526e+01,1.336723032700416169e+01,4.513583500305281326e+00
3.262397483321053215e+01,1.333311675596034362e+01,4.506879584856898546e+00
3.281673141112317893e+01,1.329806886245285824e+01,4.498480058725623287e+00
3.303070621368312487e+01,1.325802522315078669e+01,4.487189386894944398e+00
3.324445982943944955e+01,1.321681722023384253e+01,4.473683110055453049e+00
3.344431175838756332e+01,1.317718910176052560e+01,4.459092508693957235e+00
3.364395663458024899e+01,1.313653072527756827e+01,4.442609754691924984e+00
3.382099533337493114e+01,1.309957239609910218e+01,4.426330286085260468e+00
3.399786093741204240e+01,1.306179440756864807e+01,4.408597865318082398e+00
3.416049353292921609e+01,1.302629526542060745e+01,4.390905407870843824e+00
3.432297158850115437e+01,1.299009538680666331e+01,4.371982928048458561e+00
3.448484588141256779e+01,1.295329387772834551e+01,4.351842262224467461e+00
3.464655868537313665e+01,1.291578912703744209e+01,4.330451822349850488e+00
3.480810600616212014e+01,1.287757785225712936e+01,4.307818496092729710e+00
3.496948376645996603e+01,1.283865669685652655e+01,4.283947100659484697e+00
3.513068781339442381e+01,1.279902222689204905e+01,4.258853858087609190e+00
3.529171392334445301e+01,1.275867092801925118e+01,4.232546266572480675e+00
3.545255778767398169e+01,1.271759920716394809e+01,4.205041967631502509e+00
3.561321501309836179e+01,1.267580339063717254e+01,4.176350525764670252e+00
3.577368111460931743e+01,1.263327972410515976e+01,4.146491523000542578e+00
3.593395152807200787e+01,1.259002436727917207e+01,4.115487762577730635e+00
3.609972589088344819e+01,1.254445105623111090e+01,4.082182937301124248e+00
3.626528007239936358e+01,1.249808427678537015e+01,4.047703547999748963e+00
3.645091422559464434e+01,1.244506690547044947e+01,4.007600353976996210e+00
3.663625610589220827e+01,1.239103666961015726e+01,3.966044668964372022e+00
3.684033211310016043e+01,1.233026072382845761e+01,3.918605809978258137e+00
3.704403175965236983e+01,1.226823505471634235e+01,3.869440115149425541e+00
3.723205411005628207e+01,1.220975760878068606e+01,3.822533440752090339e+00
3.741973568880618473e+01,1.215019554886967867e+01,3.774287724177744607e+00
3.758609043608059608e+01,1.209639312832189617e+01,3.730324434892356322e+00
3.775216224298933554e+01,1.204172361039274186e+01,3.685393415133900064e+00
3.790957489526527269e+01,1.198900854620517187e+01,3.641817731433207417e+00
3.806672008844324750e+01,1.193550145886018221e+01,3.597406906243488578e+00
3.822359163040714947e+01,1.188119713704817570e+01,3.552169480834459492e+00
3.838018306101963617e+01,1.182609030546991491e+01,3.506131083013314775e+00
3.853648777542937154e+01,1.177017558042749634e+01,3.459320138873200001e+00
3.869249911026502531e+01,1.171344743450818804e+01,3.411758334411946425e+00
3.884821018200421605e+01,1.165590025022428833e+01,3.363473410511000683e+00
3.900361394647627122e+01,1.159752829541595709e+01,3.314488451234174349e+00
3.915870318255269211e+01,1.153832572540198420e+01,3.264831406877728437e+00
3.931347047808714734e+01,1.147828658454517736e+01,3.214525479396129537e+00
3.946792957410434610e+01,1.141739632052044762e+01,3.163587256403719294e+00
3.962205124656289001e+01,1.135565698666217926e+01,3.112061424300591295e+00
3.978626990607734371e+01,1.128877527910747780e+01,3.056400341479545091e+00
3.995008456880749037e+01,1.122091008013582325e+01,3.000126825125789765e+00
4.013413164775001718e+01,1.114326915167284682e+01,2.936037438166937186e+00
4.031763779415405224e+01,1.106435824378744393e+01,2.871221621563087467e+00
4.050141151899376979e+01,1.098380066971982494e+01,2.805457719999328692e+00
4.068460724292800990e+01,1.090193720359661178e+01,2.739057954437820186e+00
4.084673611373442981e+01,1.082816084772782617e+01,2.679613185840466372e+00
4.100838393776089674e+01,1.075333638759190258e+01,2.619762618441735302e+00
4.115865516325675344e+01,1.068261999397010165e+01,2.563592826775686451e+00
4.130848676944687270e+01,1.061097686895919701e+01,2.507121882053825690e+00
4.145780132373484861e+01,1.053843191487919384e+01,2.450390381223716219e+00
4.160665476835644228e+01,1.046494547802757324e+01,2.393399260635659775e+00
4.175503558829956319e+01,1.039050962039676484e+01,2.336178193525050517e+00
4.190293213914555537e+01,1.031511616838046841e+01,2.278754357611441073e+00
4.205033237870930662e+01,1.023875683797638025e+01,2.221157832075957295e+00
4.219722381188176286e+01,1.016142325937880919e+01,2.163415699298457895e+00
4.234359369064368650e+01,1.008310686621516794e+01,2.105559956487675244e+00
4.248942874600496822e+01,1.000379903029877227e+01,2.047621818130402449e+00
4.263471525823015185e+01,9.923491021303675552e+00,1.989630567891893742e+00
4.277943934136954596e+01,9.842173840731369694e+00,1.931624569914334399e+00
4.293060846880138826e+01,9.755792770899146760e+00,1.870806745595447573e+00
4.308112584987672022e+01,9.668281009418794980e+00,1.810052103621912822e+00
4.324924097176017312e+01,9.568714018099379714e+00,1.742010157495406775e+00
4.341648701529627630e+01,9.467694053275934607e+00,1.674144442547098155e+00
4.357717632562901144e+01,9.368726690365695831e+00,1.608837497582100706e+00
4.373700465266808379e+01,9.268374848060052074e+00,1.543832675372489360e+00
4.387964001932632385e+01,9.177154397931209573e+00,1.485809868632085973e+00
4.402154204003850424e+01,9.084797316848232995e+00,1.428140689564967980e+00
4.415994206081748530e+01,8.993129605588352504e+00,1.371981875960343489e+00
4.429759827718105925e+01,8.900348698209736398e+00,1.316256220291191159e+00
4.443449075284450345e+01,8.806444145856795913e+00,1.261018452091711373e+00
4.457059845808448273e+01,8.711405718437339019e+00,1.206319408926915360e+00
4.470589961550517444e+01,8.615223176433838503e+00,1.152220591817717965e+00
4.484037234308063802e+01,8.517885799322016283e+00,1.098778703161533032e+00
4.497399386679538935e+01,8.419382925208422463e+00,1.046058888847699375e+00
4.510674040294769327e+01,8.319704043988110698e+00,9.941230220695321806e-01
4.523858746772567940e+01,8.218838570308903968e+00,9.430405395714285266e-01
4.536950989274968293e+01,8.116775820870515190e+00,8.928778086631365962e-01
4.550075943278488921e+01,8.012479974150300777e+00,8.432312280167848506e-01
4.563101170352320679e+01,7.906941334646267805e+00,7.946652309880875009e-01
4.577350622469094077e+01,7.789063314161902341e+00,7.424680577987513574e-01
4.591471251532375675e+01,7.669645194261996757e+00,6.917891119330145111e-01
4.605308414407516437e+01,7.549989034419374967e+00,6.432549404831525708e-01
4.619011355437861965e+01,7.428798143473538396e+00,5.964262281167677093e-01
4.631397685442029655e+01,7.316832163416086665e+00,5.552196291363376002e-01
4.643665262710928943e+01,7.203566353672419709e+00,5.155891988626722933e-01
4.655740825341312217e+01,7.089656384514244181e+00,4.778027739089072412e-01
4.667692038926009701e+01,6.974442486425424192e+00,4.417001884533634515e-01
4.679515268269081929e+01,6.857915558475307094e+00,4.073353384735535210e-01
4.691206756332550754e+01,6.740066924255324388e+00,3.747478846079957404e-01
4.702762629262702632e+01,6.620888310530376408e+00,3.440092996522292057e-01
4.714178901328001103e+01,6.500371822117594789e+00,3.151267870736562671e-01
4.725451465687395824e+01,6.378510066509047505e+00,2.880891909106854110e-01
4.736576084543220588e+01,6.255296302336621039e+00,2.628783605460215944e-01
4.747548396051379882e+01,6.130724415946217754e+00,2.394542501686398317e-01
4.758363919131897291e+01,6.004788917090602141e+00,2.177425912541048336e-01
4.769303414321905876e+01,5.874029004959346878e+00,1.971624080214746388e-01
4.780067541391598951e+01,5.741821777961720663e+00,1.781702643187258461e-01
4.791270521140297234e+01,5.600222312656932822e+00,1.596784356760332368e-01
4.802264439592692469e+01,5.456993695970524527e+00,1.426296877139069108e-01
4.812237831825581935e+01,5.323112126996454307e+00,1.279672798508669496e-01
4.822021480683675065e+01,5.187837833637318319e+00,1.142706167220547547e-01
4.831556313902019184e+01,5.051948541310521179e+00,1.014559753612505472e-01
4.840892611413738678e+01,4.914687688769601159e+00,8.935637386479208799e-02
4.850024753102553632e+01,4.776060256267013138e+00,7.790468703320718724e-02
4.858947013508626611e+01,4.636072847432999744e+00,6.706258514173800422e-02
4.867653567820747895e+01,4.494733811490806197e+00,5.684789975070870388e-02
4.876138498764310469e+01,4.352053374658982676e+00,4.731833857229722495e-02
4.884395807109840604e+01,4.208043734891562693e+00,3.854650972464058328e-02
4.892419422614623414e+01,4.062719168912868994e+00,3.060511350600158068e-02
4.900203214901968352e+01,3.916096164828477111e+00,2.359054300785719607e-02
4.907741007961459445e+01,3.768193514390064003e+00,1.757033991247890226e-02
4.915221032324064510e+01,3.614960991077299735e+00,1.244558331198375965e-02
4.922428210919782288e+01,3.460426478600221678e+00,8.363182591306136254e-03
4.929363611094814956e+01,3.304438693329116106e+00,5.221141565729030785e-03
4.936012048382421824e+01,3.147206477537542124e+00,3.210439143165062965e-03
4.942195578081467744e+01,2.993150277450543406e+00,1.922885005710627763e-03
4.948095359693808604e+01,2.837985356685101213e+00,1.137263210896273004e-03
4.953705411757771060e+01,2.681749621508487280e+00,6.626865990838701898e-04
4.959019871860443374e+01,2.524483911769829003e+00,3.623541085843276261e-04
4.964033023072260420e+01,2.366232015573598080e+00,1.735968171081789257e-04
4.968739321272806109e+01,2.207040663545221104e+00,6.806967857126139789e-05
4.973133423055814006e+01,2.046959503880312781e+00,2.109643583324207779e-05
4.977210214183643444e+01,1.886041048540136655e+00,5.591674917205640685e-06
4.980964837831209024e+01,1.724340606504342732e+00,1.172528251181303683e-06
4.984392723045598217e+01,1.561916174186116502e+00,3.482752309509608068e-08
4.987504580339926719e+01,1.397993345130003950e+00,8.737083390275688741e-08
4.990278073281848492e+01,1.233464264607541772e+00,3.331368963618601848e-08
4.992919818168277146e+01,1.052900976618781348e+00,7.952948207352601845e-09
4.995148336618755280e+01,8.717813065813900808e-01,7.674864486990659701e-10
4.997158641368348242e+01,6.672869354054424829e-01,1.152614217578780355e-10
4.998636380146592018e+01,4.623389237089190473e-01,4.841325992286777839e-11
4.999658868442435988e+01,2.312699263609550582e-01,1.811494764987953610e-11
4.999999999999997868e+01,-9.418844812637546920e-17,1.962438120560280860e-10
