x,y,stress
5.999999999999997335e+00,5.072380076643781994e-16,8.598247290722042635e+02
6.004034554394842793e+00,1.854622131837924126e-01,1.331806690887060540e+02
6.016112930962665750e+00,3.705748015264477835e-01,1.046528774615021575e+02
6.033955267774326892e+00,5.378239845125212248e-01,4.984633873189904563e+01
6.058259604874732140e+00,7.042572069691848125e-01,4.274691880235502595e+01
6.088576906426848900e+00,8.680289428094596360e-01,3.074040876660733801e+01
6.124972473579769705e+00,1.030558310920959508e+00,2.550081750804195124e+01
6.167282976241209802e+00,1.191649534994404958e+00,2.084698469160357348e+01
6.215326625297497465e+00,1.351125254506832185e+00,1.760020725551916954e+01
6.268906911424307005e+00,1.508827476995095562e+00,1.478662321640115351e+01
6.327816291324423581e+00,1.664617946323403430e+00,1.287805441368698922e+01
6.391839677772394701e+00,1.818377959123945731e+00,1.122460693655560249e+01
6.460757649253481283e+00,1.970007760353701620e+00,9.863365591419682943e+00
6.534349315541050807e+00,2.119425606059332168e+00,8.667569141968789026e+00
6.612394806841961348e+00,2.266566586035307473e+00,7.711066274860858272e+00
6.694677352545830296e+00,2.411381246106483633e+00,6.872619263698692471e+00
6.780984981108752585e+00,2.553834134019835833e+00,6.150957539699914989e+00
6.871111872848854496e+00,2.693902336416525323e+00,5.522829845634904089e+00
6.964859354248868151e+00,2.831573984013463274e+00,4.975212184590925624e+00
7.062036634619594189e+00,2.966846864455590538e+00,4.495262721697547370e+00
7.162461302001035257e+00,3.099727120948715164e+00,4.073647933154113332e+00
7.265959557179404449e+00,3.230227977239953585e+00,3.702382478594231419e+00
7.372366362066332890e+00,3.358368683954799039e+00,3.374930929867504759e+00
7.481525352297377474e+00,3.484173448459833455e+00,3.085735658814911186e+00
7.593288735343670659e+00,3.607670590319232318e+00,2.830415691416970692e+00
7.707517114234481603e+00,3.728891797411590492e+00,2.605072030048388942e+00
7.824078979943013046e+00,3.847871198386684899e+00,2.406582793350772409e+00
7.942850511998599039e+00,3.964644915288944027e+00,2.232100323584995216e+00
8.063715446615242755e+00,4.079250755328189371e+00,2.079362076214692934e+00
8.186564461508448076e+00,4.191727513569015073e+00,1.946244528756386982e+00
8.311294752970020738e+00,4.302114564590824308e+00,1.831001489109273628e+00
8.437809858989972156e+00,4.410451725401002498e+00,1.731940863154502797e+00
8.566019077548650884e+00,4.516778800437331931e+00,1.647659435675881356e+00
8.695837181837093866e+00,4.621135432271482379e+00,1.576766582397479688e+00
8.827184293792011971e+00,4.723561089958460357e+00,1.518010003414088649e+00
8.960039201297643530e+00,4.824134921276543864e+00,1.470138069310389151e+00
9.094278471935327346e+00,4.922853550681028700e+00,1.432049342094027455e+00
9.230263239612432002e+00,5.020056064390599815e+00,1.402579345242144226e+00
9.367511120169600858e+00,5.115466906979237116e+00,1.380829849535343934e+00
9.505472107331968346e+00,5.208795043600053631e+00,1.365814404237107649e+00
9.644573099076538369e+00,5.300415506610823613e+00,1.356598876173652712e+00
9.784761631850303232e+00,5.390362342810552043e+00,1.352223453389393315e+00
9.925989019851495954e+00,5.478669195274042281e+00,1.352226851788713491e+00
1.006820905216628859e+01,5.565368565969772696e+00,1.355604753052400246e+00
1.021137798677778896e+01,5.650491944105103137e+00,1.362963582486691250e+00
1.035545449030626308e+01,5.734069883537719292e+00,1.371372479271754763e+00
1.050039969101809589e+01,5.816132131191952936e+00,1.382678191497370257e+00
1.064617675760334770e+01,5.896707477091288396e+00,1.395504227332867275e+00
1.079275082358782178e+01,5.975823808340349430e+00,1.409829675796854698e+00
1.094432482256563510e+01,6.055714917117889229e+00,1.425666541016358480e+00
1.109667326628166073e+01,6.134119185703322152e+00,1.442459480364727709e+00
1.124709837848935834e+01,6.209739793218563619e+00,1.459527274946622377e+00
1.139821122959403610e+01,6.283976615999768534e+00,1.477404198517255685e+00
1.154835854697103059e+01,6.356082157046343717e+00,1.495225786763701770e+00
1.169912683905128503e+01,6.426880147999049164e+00,1.513134441286645204e+00
1.185049199441134604e+01,6.496392686660901639e+00,1.531136079247510606e+00
1.200243127359939344e+01,6.564641241946310934e+00,1.549450038525668871e+00
1.215492298396784143e+01,6.631646556177584806e+00,1.567569279514923419e+00
1.230794636697276800e+01,6.697428650475776735e+00,1.585394596498209019e+00
1.246148169387918081e+01,6.762006916940038970e+00,1.603066547173386702e+00
1.261551012653064774e+01,6.825400104248196875e+00,1.620829062913033969e+00
1.277001371093329496e+01,6.887626358601498744e+00,1.638280470587569981e+00
1.292497527282660208e+01,6.948703222029270599e+00,1.655192769008286602e+00
1.308351568136806264e+01,7.009844585192546162e+00,1.672237735220040822e+00
1.324249901552555286e+01,7.069824843674706649e+00,1.688949649262011077e+00
1.341109695340661290e+01,7.132012692249512398e+00,1.706223458728339359e+00
1.358015451132089524e+01,7.192940030934212636e+00,1.723063851346590125e+00
1.373782178915000074e+01,7.248503656398231243e+00,1.738353256090387378e+00
1.389585874373521257e+01,7.303006970689925659e+00,1.753259467986720166e+00
1.405367627918182016e+01,7.356271516780522823e+00,1.767718695095807036e+00
1.421183618146950245e+01,7.408510722335483578e+00,1.781784410844130084e+00
1.437032695941209326e+01,7.459737568083115278e+00,1.795453808031876486e+00
1.452913743457519935e+01,7.509964573101376217e+00,1.808724052781794267e+00
1.468825684366990991e+01,7.559203852190400141e+00,1.821594353924931076e+00
1.484767499283636916e+01,7.607467182521207683e+00,1.834063903668216033e+00
1.500738195693713095e+01,7.654765929154430104e+00,1.846137285516965987e+00
1.516736824332592448e+01,7.701111113801494490e+00,1.857813497958938020e+00
1.532762473626512190e+01,7.746513414161251276e+00,1.869094539966113855e+00
1.548814251935620590e+01,7.790983130545691360e+00,1.879989839341877023e+00
1.565449072202681613e+01,7.836023421088451180e+00,1.890848410713891425e+00
1.582110037860873319e+01,7.880086747588077145e+00,1.901306043270263535e+00
1.600145380835027709e+01,7.926623234649786021e+00,1.912146557183857620e+00
1.618209165192740429e+01,7.972043235967414709e+00,1.922501735414216206e+00
1.634773187388914906e+01,8.012662893393873276e+00,1.931593605690368642e+00
1.651359424771935025e+01,8.052365718008953621e+00,1.940312787484684165e+00
1.667578921138601444e+01,8.090264436659765579e+00,1.948471227898844971e+00
1.683818234138538372e+01,8.127304843872563467e+00,1.956283937911579507e+00
1.700076717908494928e+01,8.163494549442800619e+00,1.963757551526668310e+00
1.716353744671999593e+01,8.198840913069565417e+00,1.970898513002947050e+00
1.732648705105459896e+01,8.233351054506062638e+00,1.977714570714857123e+00
1.748961009526598431e+01,8.267031864570824951e+00,1.984213215643700456e+00
1.765290085427097111e+01,8.299890007876641107e+00,1.990404178514856071e+00
1.781635374100202185e+01,8.331931923977528243e+00,1.996294116839388177e+00
1.797996331863314268e+01,8.363163837627206831e+00,2.001891750600779840e+00
1.814372432781042832e+01,8.393591770850237666e+00,2.007206552887132123e+00
1.830900419609915630e+01,8.423466198090817869e+00,2.012282318645990831e+00
1.847442769329741807e+01,8.452534801777646933e+00,2.017099182729495066e+00
1.865676140940789196e+01,8.483621054814152629e+00,2.022087941953569334e+00
1.883925676037210906e+01,8.513743925418815195e+00,2.026759772276082394e+00
1.902273167997608283e+01,8.543039696250096071e+00,2.031159083123980302e+00
1.920635707757229227e+01,8.571377001550784414e+00,2.035257042597919952e+00
1.937277397042070959e+01,8.596217763956273572e+00,2.038734822739410202e+00
1.953930487840854369e+01,8.620282324031757426e+00,2.042002428073721898e+00
1.970426455919592357e+01,8.643344048245957367e+00,2.045031602259622883e+00
1.986932765163741621e+01,8.665653586537240827e+00,2.047864858340762151e+00
2.003449014038698905e+01,8.687214896345862414e+00,2.050511915798838292e+00
2.019974810712192337e+01,8.708031781931010684e+00,2.052978763089056802e+00
2.036509769569938655e+01,8.728107893402942352e+00,2.055275945255679471e+00
2.053053513538571195e+01,8.747446733093971361e+00,2.057409266223266808e+00
2.069605673044502225e+01,8.766051657335932390e+00,2.059387808842810585e+00
2.086165882698869112e+01,8.783925875870538746e+00,2.061218609290099923e+00
2.102733784111138249e+01,8.801072458113193164e+00,2.062908974121002714e+00
2.119309025688340142e+01,8.817494335516560255e+00,2.064470158390752097e+00
2.136240724670710023e+01,8.833517357666174519e+00,2.065930344393091200e+00
2.153179352139540015e+01,8.848790556913353811e+00,2.067279826915424223e+00
2.172076660777391410e+01,8.864941828392716161e+00,2.068642484361272516e+00
2.190981652628163445e+01,8.880167459614797920e+00,2.069859004243643774e+00
2.209579460397955231e+01,8.894240545549321197e+00,2.070940997981136178e+00
2.228183781749337555e+01,8.907424638504011227e+00,2.071901676232541067e+00
2.245000311424761108e+01,8.918575775784317372e+00,2.072683454434504302e+00
2.261821471691623486e+01,8.929005150989310025e+00,2.073394491314314969e+00
2.278450177037719371e+01,8.938605147395531247e+00,2.074024674637012566e+00
2.295082784851690150e+01,8.947503462290587350e+00,2.074588965653905159e+00
2.311718991145358615e+01,8.955701555968609284e+00,2.075091520075500018e+00
2.328358494344118412e+01,8.963200770618319879e+00,2.075535817529554627e+00
2.345000995288851797e+01,8.970002331434157483e+00,2.075926717928618714e+00
2.361646196973846301e+01,8.976107347488717636e+00,2.076267024890812607e+00
2.378293804059108751e+01,8.981516812458552934e+00,2.076560536324133288e+00
2.394943523368755223e+01,8.986231605589292570e+00,2.076809853887870094e+00
2.411595063267329309e+01,8.990252492149149788e+00,2.077017696850917972e+00
2.428248132825657990e+01,8.993580123863550213e+00,2.077188617539101667e+00
2.445216289570656798e+01,8.996258045595176611e+00,2.077321736485520098e+00
2.462185428259667219e+01,8.998217347480037986e+00,2.077427374952915962e+00
2.481092504020598000e+01,8.999554360069726755e+00,2.077500974734685535e+00
2.500000000000018119e+01,8.999999999999992895e+00,2.077520010673161721e+00
2.518907495979437883e+01,8.999554360069721426e+00,2.077500991900966376e+00
2.537814571740366176e+01,8.998217347480034434e+00,2.077427392362669600e+00
2.554783710429382282e+01,8.996258045595171282e+00,2.077321353613394095e+00
2.571751867174371853e+01,8.993580123863544884e+00,2.077187623895906388e+00
2.588404936732702311e+01,8.990252492149142682e+00,2.077014858041909218e+00
2.605056476631276396e+01,8.986231605589283689e+00,2.076805033959796987e+00
2.621706195940922512e+01,8.981516812458542276e+00,2.076553136397174093e+00
2.638353803026183897e+01,8.976107347488705201e+00,2.076257009748434523e+00
2.654999004711179111e+01,8.970002331434145049e+00,2.075914351382959655e+00
2.671641505655910720e+01,8.963200770618307445e+00,2.075521102664811046e+00
2.688281008854669807e+01,8.955701555968595073e+00,2.075075078505811632e+00
2.704917215148337206e+01,8.947503462290571363e+00,2.074570819923608589e+00
2.721549822962308696e+01,8.938605147395511707e+00,2.074004894741813931e+00
2.738178528308405291e+01,8.929005150989292261e+00,2.073372927227689289e+00
2.754999688575268380e+01,8.918575775784297832e+00,2.072659757966206051e+00
2.771816218250691222e+01,8.907424638503989911e+00,2.071875905531449291e+00
2.790420539602078875e+01,8.894240545549294552e+00,2.070912948290193789e+00
2.809018347371876345e+01,8.880167459614765946e+00,2.069828539100343701e+00
2.827923339222645538e+01,8.864941828392684187e+00,2.068610603558192373e+00
2.846820647860491604e+01,8.848790556913323613e+00,2.067246346622112263e+00
2.863759275329320886e+01,8.833517357666144321e+00,2.065896336591640736e+00
2.880690974311688635e+01,8.817494335516530057e+00,2.064435648806052903e+00
2.897266215888889462e+01,8.801072458113162966e+00,2.062873836631391011e+00
2.913834117301157178e+01,8.783925875870508548e+00,2.061182897876351117e+00
2.930394326955524775e+01,8.766051657335900416e+00,2.059351126449788350e+00
2.946946486461455095e+01,8.747446733093939386e+00,2.057371587955966419e+00
2.963490230430088346e+01,8.728107893402908601e+00,2.055237166428097506e+00
2.980025189287833243e+01,8.708031781930975157e+00,2.052938804063938694e+00
2.996550985961326319e+01,8.687214896345826887e+00,2.050470295823454414e+00
3.013067234836281827e+01,8.665653586537205300e+00,2.047821520873088552e+00
3.029573544080431091e+01,8.643344048245921840e+00,2.044986299942384900e+00
3.046069512159168013e+01,8.620282324031720123e+00,2.041955038535839151e+00
3.062722602957953910e+01,8.596217763956232716e+00,2.038685645599851881e+00
3.079364292242798484e+01,8.571377001550738228e+00,2.035206567454002968e+00
3.097726832002418007e+01,8.543039696250053439e+00,2.031107394358604878e+00
3.116074323962814674e+01,8.513743925418769010e+00,2.026707029138799854e+00
3.134323859059236739e+01,8.483621054814104667e+00,2.022035050918285837e+00
3.152557230670283417e+01,8.452534801777598972e+00,2.017045656383591012e+00
3.169099580390108528e+01,8.423466198090769907e+00,2.012229763216824008e+00
3.185627567218978839e+01,8.393591770850193257e+00,2.007154628794673989e+00
3.202003668136706693e+01,8.363163837627160646e+00,2.001838832941685187e+00
3.218364625899818066e+01,8.331931923977482057e+00,1.996240151990437139e+00
3.234709914572922429e+01,8.299890007876594922e+00,1.990347356084813502e+00
3.251038990473419688e+01,8.267031864570778765e+00,1.984152816790402341e+00
3.267351294894558578e+01,8.233351054506014677e+00,1.977649496999476453e+00
3.283646255328019237e+01,8.198840913069517455e+00,1.970828207137248045e+00
3.299923282091524612e+01,8.163494549442750881e+00,1.963682643839806286e+00
3.316181765861480102e+01,8.127304843872511952e+00,1.956203901759627550e+00
3.332421078861418096e+01,8.090264436659712288e+00,1.948386895140510333e+00
3.348640575228085225e+01,8.052365718008898554e+00,1.940224580493458140e+00
3.365226812611104634e+01,8.012662893393819985e+00,1.931502437856499332e+00
3.381790834807278401e+01,7.972043235967357866e+00,1.922408945186677709e+00
3.399854619164992897e+01,7.926623234649725624e+00,1.912049964796995960e+00
3.417889962139148707e+01,7.880086747588013196e+00,1.901204848370128042e+00
3.434550927797338460e+01,7.836023421088390783e+00,1.890747542776965329e+00
3.451185748064396819e+01,7.790983130545634516e+00,1.879888299673558194e+00
3.467237526373504863e+01,7.746513414161191768e+00,1.868994270817819991e+00
3.483263175667425315e+01,7.701111113801434982e+00,1.857714237898231202e+00
3.499261804306304668e+01,7.654765929154370596e+00,1.846038334930751645e+00
3.515232500716379604e+01,7.607467182521145510e+00,1.833965373319444092e+00
3.531174315633026595e+01,7.559203852190333528e+00,1.821493070004036152e+00
3.547086256542499427e+01,7.509964573101307828e+00,1.808620002110287617e+00
3.562967304058808082e+01,7.459737568083048664e+00,1.795346068733048694e+00
3.578816381853066986e+01,7.408510722335418741e+00,1.781672026403138265e+00
3.594632372081835570e+01,7.356271516780454434e+00,1.767600463561267876e+00
3.610414125626496684e+01,7.303006970689855493e+00,1.753133976180318188e+00
3.626217821085016624e+01,7.248503656398163741e+00,1.738223514005901027e+00
3.641984548867927174e+01,7.192940030934140694e+00,1.722932232701149813e+00
3.658890304659356474e+01,7.132012692249438679e+00,1.706085736618924598e+00
3.675750098447462477e+01,7.069824843674630266e+00,1.688806144553760769e+00
3.691648431863209368e+01,7.009844585192476885e+00,1.672092053593976502e+00
3.707502472717352049e+01,6.948703222029207538e+00,1.655041910149464002e+00
3.722998628906682939e+01,6.887626358601433019e+00,1.638015287451415114e+00
3.738448987346948371e+01,6.825400104248133815e+00,1.620710438901288297e+00
3.753851830612094176e+01,6.762006916939976797e+00,1.603156374142860496e+00
3.769205363302734213e+01,6.697428650475712786e+00,1.585388929323995555e+00
3.784507701603227758e+01,6.631646556177515528e+00,1.567453440654754449e+00
3.799756872640074334e+01,6.564641241946238104e+00,1.549400286721509978e+00
3.814950800558878541e+01,6.496392686660829696e+00,1.531292925683598760e+00
3.830087316094884642e+01,6.426880147998971005e+00,1.513203145986128595e+00
3.845164145302911152e+01,6.356082157046262004e+00,1.495218755377943021e+00
3.860178877040610956e+01,6.283976615999684157e+00,1.477440845108190404e+00
3.875290162151076601e+01,6.209739793218487236e+00,1.459807754381745148e+00
3.890332673371844407e+01,6.134119185703250210e+00,1.442657591569725950e+00
3.905567517743448747e+01,6.055714917117810181e+00,1.425883670747384091e+00
3.920724917641231144e+01,5.975823808340265941e+00,1.410016981644411693e+00
3.935382324239677843e+01,5.896707477091203131e+00,1.395695674606032277e+00
3.949960030898203200e+01,5.816132131191860566e+00,1.382748957218289387e+00
3.964454550969386304e+01,5.734069883537629586e+00,1.371499205728244908e+00
3.978862201322233005e+01,5.650491944105016096e+00,1.362332449141177904e+00
3.993179094783382510e+01,5.565368565969690984e+00,1.355681836415665753e+00
4.007401098014859997e+01,5.478669195273960568e+00,1.352061776220969902e+00
4.021523836814979802e+01,5.390362342810468554e+00,1.352035348252205171e+00
4.035542690092356821e+01,5.300415506610735683e+00,1.356272984128180203e+00
4.049452789266812403e+01,5.208795043599971919e+00,1.365495135048756969e+00
4.063248887983048263e+01,5.115466906979155404e+00,1.380525115232453359e+00
4.076973676038766570e+01,5.020056064390512773e+00,1.402314706310016978e+00
4.090572152806478101e+01,4.922853550680933665e+00,1.431827858373230455e+00
4.103996079870245239e+01,4.824134921276451493e+00,1.469938414691245088e+00
4.117281570620808395e+01,4.723561089958361769e+00,1.517842807368265934e+00
4.130416281816299318e+01,4.621135432271383792e+00,1.576618387354623785e+00
4.143398092245144682e+01,4.516778800437230679e+00,1.647540238059057138e+00
4.156219014101011311e+01,4.410451725400903911e+00,1.731832277421180288e+00
4.168870524703006453e+01,4.302114564590721280e+00,1.830916489085123056e+00
4.181343553849163897e+01,4.191727513568914709e+00,1.946184386692261459e+00
4.193628455338484429e+01,4.079250755328078348e+00,2.079343074419493842e+00
4.205714948800148534e+01,3.964644915288840110e+00,2.232111743528764070e+00
4.217592102005706778e+01,3.847871198386571212e+00,2.406645313612899351e+00
4.229248288576557968e+01,3.728891797411488351e+00,2.605185042584710065e+00
4.240671126465640128e+01,3.607670590319128401e+00,2.830613011591069039e+00
4.251847464770268203e+01,3.484173448459741529e+00,3.086027779280860805e+00
4.262763363793370530e+01,3.358368683954707556e+00,3.375381743889470876e+00
4.273404044282064973e+01,3.230227977239860770e+00,3.703063712747142855e+00
4.283753869799902958e+01,3.099727120948604586e+00,4.074675023557689180e+00
4.293796336538044756e+01,2.966846864455495503e+00,4.496590510195335177e+00
4.303514064575117715e+01,2.831573984013367795e+00,4.977000551278579543e+00
4.312888812715118547e+01,2.693902336416433396e+00,5.525435842231037675e+00
4.321901501889129094e+01,2.553834134019732804e+00,6.154389914867367750e+00
4.330532264745419724e+01,2.411381246106386822e+00,6.878862535787173549e+00
4.338760519315805908e+01,2.266566586035199116e+00,7.718837646772779060e+00
4.346565068445896429e+01,2.119425606059228695e+00,8.698645199657159210e+00
4.353924235074655513e+01,1.970007760353590154e+00,9.853763730196558157e+00
4.360816032222761862e+01,1.818377959123852694e+00,1.122445941081680942e+01
4.367218370867556843e+01,1.664617946323316167e+00,1.288284151406635480e+01
4.373109308857569744e+01,1.508827476995010741e+00,1.489626914297455151e+01
4.378467337470250698e+01,1.351125254506742257e+00,1.747650497570486294e+01
4.383271702375878931e+01,1.191649534994317472e+00,2.061749849990102135e+01
4.387502752642021875e+01,1.030558310920873799e+00,2.535459074090909581e+01
4.391142309357314133e+01,8.680289428093997950e-01,3.033712394874165597e+01
4.394174039512524388e+01,7.042572069691531711e-01,4.274701469272943655e+01
4.396604473222564735e+01,5.378239845125084573e-01,4.886294524843225417e+01
4.398388706903729428e+01,3.705748015264604400e-01,1.056775134674976613e+02
4.399596544560511546e+01,1.854622131837986576e-01,1.311925199365864216e+02
4.399999999999997868e+01,-3.639122188140718997e-17,8.600113341871084458e+02
