x,y,stress
1.999999999999998890e+00,6.849365124289976668e-16,8.212975535540813325e+02
2.003573802119773095e+00,2.115342552466874526e-01,1.246797733346456170e+02
2.014282255490988494e+00,4.228275664352476593e-01,9.882596685908373502e+01
2.029764251683376930e+00,6.102942238970919808e-01,4.189307478200881008e+01
2.050812363155090967e+00,7.972178708542975167e-01,3.664628896249357837e+01
2.074369917572751465e+00,9.642277404097765459e-01,2.437005476535009052e+01
2.102303583519626873e+00,1.130561723552487852e+00,1.975969380217568983e+01
2.133804768069107016e+00,1.292514912428598395e+00,1.508953916174195697e+01
2.169371990391779637e+00,1.453624083850560078e+00,1.204855565228555392e+01
2.208935050212135653e+00,1.613798966085979947e+00,9.550454944837648341e+00
2.252417955642568970e+00,1.772954559614801306e+00,7.659783252933619835e+00
2.299739641665437873e+00,1.931011406042447698e+00,6.169990074595717466e+00
2.350814680727458583e+00,2.087895726048226930e+00,4.968541486389767670e+00
2.405553999630127837e+00,2.243539530186824837e+00,3.913933888786281567e+00
2.463865586516346795e+00,2.397880672808962554e+00,3.201882697539632616e+00
2.525655146284124797e+00,2.550862773003121031e+00,2.597299458313619080e+00
2.590826737388850720e+00,2.702435130549270870e+00,2.118968177212415593e+00
2.659617310173990834e+00,2.853264433351191620e+00,1.729101619075988028e+00
2.731625397568206548e+00,3.002584560735736208e+00,1.414623481411740435e+00
2.806429110522111525e+00,3.149740952836094898e+00,1.159533551400137696e+00
2.884227966995288828e+00,3.295336208129983735e+00,9.509031548491250208e-01
2.964881937983334215e+00,3.439269047662878886e+00,7.792988030775059860e-01
3.048336529561451069e+00,3.581596471294841599e+00,6.374116275557295541e-01
3.134498175858934754e+00,3.722301744579138649e+00,5.197314693270899122e-01
3.223275047781643199e+00,3.861371895244937846e+00,4.225428927950548030e-01
3.314577271638230016e+00,3.998797436735896937e+00,3.434648053324951822e-01
3.408317099350957502e+00,4.134572081360542661e+00,2.817451126563634278e-01
3.504409049806715526e+00,4.268692471918953402e+00,2.380890151470113347e-01
3.602770013572202945e+00,4.401157916624838684e+00,2.139484787772165941e-01
3.703319331274718351e+00,4.531970139398073805e+00,2.094358936673311467e-01
3.805978845773330121e+00,4.661133041961496026e+00,2.214886844523218379e-01
3.914119912532223911e+00,4.792782691310007337e+00,2.459949531988718241e-01
4.024349980943534355e+00,4.922688359846334016e+00,2.778087326796258583e-01
4.133457896936577392e+00,5.047335214719365304e+00,3.127391796340424635e-01
4.244398747537182714e+00,5.170353616230305427e+00,3.498479682919345413e-01
4.356651740669970962e+00,5.291272705549751265e+00,3.880152270886781385e-01
4.470594444117822697e+00,5.410601000057488008e+00,4.268672883345019375e-01
4.586166346851894282e+00,5.528352247317100954e+00,4.661276191801091984e-01
4.703309181645643378e+00,5.644540869793133631e+00,5.056257013343775641e-01
4.821966866502378934e+00,5.759181862111105055e+00,5.452834966068583755e-01
4.942085751692943951e+00,5.872290984657127844e+00,5.850424138047392031e-01
5.063614329831588101e+00,5.983884438530980177e+00,6.248826012589370205e-01
5.186502892714539570e+00,6.093978537012352703e+00,6.647746814195106824e-01
5.310703729468715828e+00,6.202589888587620059e+00,7.047112441028825502e-01
5.436171270148347112e+00,6.309735506213805856e+00,7.446784626746063562e-01
5.566422286948275122e+00,6.418368054422159297e+00,7.857800808615795773e-01
5.697919860234615719e+00,6.525488361164062390e+00,8.268879066084853235e-01
5.837320875676062393e+00,6.636384920209835947e+00,8.700519322134460110e-01
5.978000062843652707e+00,6.745655557493110521e+00,9.131696411075364006e-01
6.109773942131671909e+00,6.845713651469716332e+00,9.531828427707255136e-01
6.242574809566280969e+00,6.944404668867725228e+00,9.931519699961189884e-01
6.375991164762882413e+00,7.041474012523127435e+00,1.032940231484456461e+00
6.510362124638089831e+00,7.137217603492413076e+00,1.072648927080884107e+00
6.645656722801128069e+00,7.231652219427512129e+00,1.112276516194980136e+00
6.781844608523736717e+00,7.324794007311682620e+00,1.151780287070395037e+00
6.918896581811639912e+00,7.416658901864162878e+00,1.191148655767437559e+00
7.056785271623419398e+00,7.507263088140081031e+00,1.230364448743423988e+00
7.195484108115846489e+00,7.596622321162437963e+00,1.269412289526336890e+00
7.334967438025876696e+00,7.684752037348047793e+00,1.308282685806268386e+00
7.475210635695172634e+00,7.771667450455912451e+00,1.346959073800767515e+00
7.616190066873394393e+00,7.857383547699766879e+00,1.385436419405404074e+00
7.762382409594096089e+00,7.944573320226165691e+00,1.424902518136396790e+00
7.909310130472515077e+00,8.030518119296729651e+00,1.464125802564181011e+00
8.071951653084136424e+00,8.123751007643395639e+00,1.507011254551565038e+00
8.235427579120168318e+00,8.215513020037294112e+00,1.549539556405755913e+00
8.388218752186228144e+00,8.299567964655800267e+00,1.588785864691951710e+00
8.541685480962712518e+00,8.382383090473048526e+00,1.627713171214795196e+00
8.687488531956809368e+00,8.459609766247563556e+00,1.664232279063539099e+00
8.833860291131999887e+00,8.535753059572202872e+00,1.700445692439262801e+00
8.980784264283178331e+00,8.610825463220759701e+00,1.736334034045676322e+00
9.128244422179657036e+00,8.684839144662445776e+00,1.771888359469795837e+00
9.276225282388889326e+00,8.757806006885534345e+00,1.807097768836323670e+00
9.424712056291765450e+00,8.829737774363026759e+00,1.841951065333026438e+00
9.573690382046340375e+00,8.900645874721629269e+00,1.876438873529054696e+00
9.723146412855138365e+00,8.970541497236769857e+00,1.910551172796433939e+00
9.873066834998436292e+00,9.039435613467905029e+00,1.944276707432822215e+00
1.002343864223334968e+01,9.107338886726727978e+00,1.977608563992664381e+00
1.017424924059417712e+01,9.174261736261838607e+00,2.010525108946903838e+00
1.032548663360909913e+01,9.240214429932013473e+00,2.043046485020619141e+00
1.048605868475242531e+01,9.308994479662949573e+00,2.076970506005264117e+00
1.064708262443363473e+01,9.376709859918666012e+00,2.110544837266571161e+00
1.082708921521726708e+01,9.450949721099670242e+00,2.147593108765819103e+00
1.100762389097401162e+01,9.523896039065874675e+00,2.183559966741713598e+00
1.117856255949044098e+01,9.591601246857655028e+00,2.217082725700068035e+00
1.134994367706310214e+01,9.658178565341694721e+00,2.249990888328329941e+00
1.150566052962500585e+01,9.717561862640165415e+00,2.279322278059242812e+00
1.166172075125222740e+01,9.776036842043538400e+00,2.308164950091291967e+00
1.181655283651832988e+01,9.833041768027383611e+00,2.336223190980780462e+00
1.197170392929828786e+01,9.889172652777295625e+00,2.363780687744190256e+00
1.212716570322915643e+01,9.944437298304736217e+00,2.390829067179514933e+00
1.228293004766667273e+01,9.998843315254710262e+00,2.417362102798391366e+00
1.243898909873944980e+01,1.005239814139219412e+01,2.443374158766757009e+00
1.259533521875475870e+01,1.010510904112309127e+01,2.468858041014680094e+00
1.275196099250718440e+01,1.015698311078111793e+01,2.493806723245508117e+00
1.290885919730425613e+01,1.020802727506781693e+01,2.518214994899345527e+00
1.306602286933761903e+01,1.025824831456520769e+01,2.542077665859398650e+00
1.322344513258537724e+01,1.030765281666116273e+01,2.565395031030903272e+00
1.338379612890129167e+01,1.035706459151242242e+01,2.588527328341806655e+00
1.354440090202004221e+01,1.040564517975816905e+01,2.611104369991612106e+00
1.372320201245255689e+01,1.045867474077406278e+01,2.635487339631620074e+00
1.390229965110123977e+01,1.051069405573637994e+01,2.659152258099004573e+00
1.409707879879769798e+01,1.056603937904343837e+01,2.684008352344818160e+00
1.429218676058830617e+01,1.062021416117893402e+01,2.707958209016765316e+00
1.447007722683512476e+01,1.066852202479055833e+01,2.729023118221422628e+00
1.464822407060676746e+01,1.071587570688486757e+01,2.749351382999289939e+00
1.480967825985858433e+01,1.075791855609074332e+01,2.767131218738785758e+00
1.497133113013075878e+01,1.079919090477177512e+01,2.784319215155334426e+00
1.513138587106519672e+01,1.083925387057874978e+01,2.800728156161631510e+00
1.529162494795316007e+01,1.087857308089716035e+01,2.816549664575617840e+00
1.545204358852621951e+01,1.091715322619756101e+01,2.831783754975176759e+00
1.561263709894974028e+01,1.095499887260162630e+01,2.846431427299144445e+00
1.577340091616944662e+01,1.099211447773396522e+01,2.860496949200611372e+00
1.593433055492908323e+01,1.102850438129065580e+01,2.873981835233482940e+00
1.609542161705658359e+01,1.106417281055373714e+01,2.886888519595560254e+00
1.625666984033977158e+01,1.109912389392879994e+01,2.899222307414671018e+00
1.641807104294235486e+01,1.113336165102213116e+01,2.910987686791432161e+00
1.657962110674843004e+01,1.116688999207817901e+01,2.922196479230507293e+00
1.674383876064633014e+01,1.120021902879019216e+01,2.932999797165952494e+00
1.690820167674246477e+01,1.123282416509661097e+01,2.943262784193714676e+00
1.709083522886360029e+01,1.126817760325574191e+01,2.953968910561490357e+00
1.727363740181469254e+01,1.130264855323527051e+01,2.964014535307348375e+00
1.747711945081248786e+01,1.133995250978930791e+01,2.974386021880834452e+00
1.768079634148933010e+01,1.137617757040283806e+01,2.983915032627553199e+00
1.787224812573867183e+01,1.140922106288912552e+01,2.992167872089518177e+00
1.806385995235332587e+01,1.144132350686779631e+01,2.999726030721168168e+00
1.823435003466925863e+01,1.146907910090859950e+01,3.005907729430462805e+00
1.840495843147438748e+01,1.149609791990475038e+01,3.011589648544118702e+00
1.856802719961932269e+01,1.152122070440741908e+01,3.016564453034388027e+00
1.873119727560055381e+01,1.154567687127178566e+01,3.021109094359239577e+00
1.889446549913337137e+01,1.156946902710341440e+01,3.025231827874165003e+00
1.905782875071150784e+01,1.159259969616841524e+01,3.028947254630771635e+00
1.922128395723728289e+01,1.161507132273010434e+01,3.032273087645465992e+00
1.938482810039829474e+01,1.163688627351183946e+01,3.035224076163745455e+00
1.954845820290250202e+01,1.165804683704605615e+01,3.037815067135462233e+00
1.971217132459921828e+01,1.167855522448999039e+01,3.040064011813083944e+00
1.987596456362329533e+01,1.169841357104748525e+01,3.041991227928906305e+00
2.003983506472275167e+01,1.171762393810672798e+01,3.043613527514991368e+00
2.020382019940663554e+01,1.173619278397540988e+01,3.044944831384403638e+00
2.036787702093960917e+01,1.175411723592283408e+01,3.046022904811010346e+00
2.054340826621147187e+01,1.177257600919711500e+01,3.046879968493287461e+00
2.071901502475970247e+01,1.179030200789853744e+01,3.047494531825925446e+00
2.091678872533712408e+01,1.180938266705902429e+01,3.047871504555596189e+00
2.111464932083187662e+01,1.182754012925900078e+01,3.047966868051611211e+00
2.132328185753654282e+01,1.184568158437280516e+01,3.047807879960239497e+00
2.153200054927516049e+01,1.186280338473225449e+01,3.047375095251851018e+00
2.171896595192275825e+01,1.187727201966885993e+01,3.046832767791370689e+00
2.190599252757156279e+01,1.189092718243922420e+01,3.046153574729429270e+00
2.207390211503096822e+01,1.190249175419418037e+01,3.045454474730271421e+00
2.224185537980845950e+01,1.191340366867348521e+01,3.044696476988980383e+00
2.240654079533004506e+01,1.192346827175195578e+01,3.043900178709291193e+00
2.257126322361309434e+01,1.193290776630827743e+01,3.043069692512426094e+00
2.273602023588009402e+01,1.194172309244363994e+01,3.042218745257535772e+00
2.290080941557349803e+01,1.194991512654222632e+01,3.041360622623408005e+00
2.306562836247348613e+01,1.195748468193378322e+01,3.040508696227155028e+00
2.323047468851518005e+01,1.196443250907520017e+01,3.039676283104348009e+00
2.339534601841272732e+01,1.197075929594982213e+01,3.038875277937761687e+00
2.356023998749358483e+01,1.197646566830949943e+01,3.038117294030728832e+00
2.372515424137655415e+01,1.198155218996778082e+01,3.037411004724482222e+00
2.389008643428312695e+01,1.198601936301530912e+01,3.036769927081071963e+00
2.405634156872181606e+01,1.198989565630554743e+01,3.036192551012877328e+00
2.422261016590068650e+01,1.199314358050192375e+01,3.035712803281801708e+00
2.440544910606153906e+01,1.199598998293360630e+01,3.035277606560057073e+00
2.458829828682072360e+01,1.199807736997926177e+01,3.034964797302405870e+00
2.479414689864108112e+01,1.199951936089230209e+01,3.034753087516335768e+00
2.500000000000015277e+01,1.199999999999999467e+01,3.034670083936373164e+00
2.520585310135921020e+01,1.199951936089230564e+01,3.034754708252078714e+00
2.541170171317953219e+01,1.199807736997925822e+01,3.034968035072501458e+00
2.559455089393874871e+01,1.199598998293359919e+01,3.035282194622638041e+00
2.577738983409955154e+01,1.199314358050192020e+01,3.035718692282551423e+00
2.594365843127848237e+01,1.198989565630554388e+01,3.036198485793277779e+00
2.610991356571708621e+01,1.198601936301530557e+01,3.036775609051297842e+00
2.627484575862366967e+01,1.198155218996777371e+01,3.037415295437501328e+00
2.643976001250663899e+01,1.197646566830949233e+01,3.038120177053179827e+00
2.660465398158748584e+01,1.197075929594981858e+01,3.038876320470728309e+00
2.676952531148502956e+01,1.196443250907518951e+01,3.039675393935774572e+00
2.693437163752673769e+01,1.195748468193376901e+01,3.040504156641579137e+00
2.709919058442672579e+01,1.194991512654221388e+01,3.041352291691821197e+00
2.726397976412011914e+01,1.194172309244363106e+01,3.042205077593370000e+00
2.742873677638711527e+01,1.193290776630826500e+01,3.043050115610250295e+00
2.759345920467017166e+01,1.192346827175193624e+01,3.043873817212163768e+00
2.775814462019176077e+01,1.191340366867347100e+01,3.044662774954583373e+00
2.792609788496925560e+01,1.190249175419416794e+01,3.045413943186078942e+00
2.809400747242866103e+01,1.189092718243920643e+01,3.046106079738485128e+00
2.828103404807749044e+01,1.187727201966883683e+01,3.046781234926324355e+00
2.846799945072511306e+01,1.186280338473222962e+01,3.047319439622103054e+00
2.867671814246373074e+01,1.184568158437278385e+01,3.047750570546169158e+00
2.888535067916840049e+01,1.182754012925897236e+01,3.047906892286796676e+00
2.908321127466314238e+01,1.180938266705899409e+01,3.047812983174042145e+00
2.928098497524054622e+01,1.179030200789850902e+01,3.047437043238965693e+00
2.945659173378875906e+01,1.177257600919709191e+01,3.046825894873963048e+00
2.963212297906060755e+01,1.175411723592280744e+01,3.045973392791541112e+00
2.979617980059358118e+01,1.173619278397537791e+01,3.044901366679992449e+00
2.996016493527747571e+01,1.171762393810669955e+01,3.043577140844818008e+00
3.012403543637692493e+01,1.169841357104745860e+01,3.041958401338431983e+00
3.028782867540099133e+01,1.167855522448996020e+01,3.040034955258800853e+00
3.045154179709771114e+01,1.165804683704602240e+01,3.037785204647549975e+00
3.061517189960192553e+01,1.163688627351180749e+01,3.035193115997133706e+00
3.077871604276293027e+01,1.161507132273007592e+01,3.032231995136361213e+00
3.094217124928870177e+01,1.159259969616838148e+01,3.028895242203110350e+00
3.110553450086685601e+01,1.156946902710337532e+01,3.025162397265494185e+00
3.126880272439968778e+01,1.154567687127174480e+01,3.021015079044950369e+00
3.143197280038092600e+01,1.152122070440738000e+01,3.016474091093483523e+00
3.159504156852586831e+01,1.149609791990470598e+01,3.011507963220731998e+00
3.176564996533103269e+01,1.146907910090854443e+01,3.005830165881681726e+00
3.193614004764699033e+01,1.144132350686773769e+01,2.999654315906696844e+00
3.212775187426166212e+01,1.140922106288906512e+01,2.992091610707023008e+00
3.231920365851102162e+01,1.137617757040276878e+01,2.983835994805602798e+00
3.252288054918786031e+01,1.133995250978923508e+01,2.974300720524154062e+00
3.272636259818566629e+01,1.130264855323519768e+01,2.963921913851627288e+00
3.290916477113672300e+01,1.126817760325567797e+01,2.953874047119289692e+00
3.309179832325781234e+01,1.123282416509654702e+01,2.943163219259605778e+00
3.325616123935392920e+01,1.120021902879012998e+01,2.932899274135069234e+00
3.342037889325180799e+01,1.116688999207812216e+01,2.922094654749647802e+00
3.358192895705788317e+01,1.113336165102207609e+01,2.910884934333826113e+00
3.374333015966046645e+01,1.109912389392874310e+01,2.899117557758004615e+00
3.390457838294366155e+01,1.106417281055367674e+01,2.886781217560469681e+00
3.406566944507115835e+01,1.102850438129059363e+01,2.873871891940233958e+00
3.422659908383081273e+01,1.099211447773390127e+01,2.860386542192918213e+00
3.438736290105050841e+01,1.095499887260155703e+01,2.846320354144596276e+00
3.454795641147403984e+01,1.091715322619748640e+01,2.831672332302314743e+00
3.470837505204711704e+01,1.087857308089708752e+01,2.816438773041968879e+00
3.486861412893508572e+01,1.083925387057867873e+01,2.800620562734297270e+00
3.502866886986951300e+01,1.079919090477169696e+01,2.784215356757858917e+00
3.519032174014169811e+01,1.075791855609065628e+01,2.767029603694180828e+00
3.535177592939353985e+01,1.071587570688478053e+01,2.749255739894416184e+00
3.552992277316520386e+01,1.066852202479046419e+01,2.728929488599917796e+00
3.570781323941204022e+01,1.062021416117882566e+01,2.707870373645016926e+00
3.590292120120266617e+01,1.056603937904332469e+01,2.683919499300678968e+00
3.609770034889914569e+01,1.051069405573625914e+01,2.659062914098517805e+00
3.627679798754779483e+01,1.045867474077395265e+01,2.635400323695374247e+00
3.645559909798026865e+01,1.040564517975806424e+01,2.611015766961619633e+00
3.661620387109901031e+01,1.035706459151231762e+01,2.588437765316249806e+00
3.677655486741493718e+01,1.030765281666105793e+01,2.565302175564526443e+00
3.693397713066268295e+01,1.025824831456510644e+01,2.541982991964170324e+00
3.709114080269603164e+01,1.020802727506771035e+01,2.518116414577525219e+00
3.724803900749311225e+01,1.015698311078100602e+01,2.493703095091084787e+00
3.740466478124554328e+01,1.010510904112298114e+01,2.468749157641159098e+00
3.756101090126085040e+01,1.005239814139208399e+01,2.443261811539872763e+00
3.771706995233363102e+01,9.998843315254593023e+00,2.417244953302327470e+00
3.787283429677115265e+01,9.944437298304615425e+00,2.390707109387102847e+00
3.802829607070201945e+01,9.889172652777174832e+00,2.363653324920125698e+00
3.818344716348196499e+01,9.833041768027264595e+00,2.336092135629690425e+00
3.833827924874805149e+01,9.776036842043421160e+00,2.308029707717067947e+00
3.849433947037528014e+01,9.717561862640041070e+00,2.279181605383327369e+00
3.865005632293721050e+01,9.658178565341565047e+00,2.249848147993071645e+00
3.882143744050988943e+01,9.591601246857514695e+00,2.216928248919941336e+00
3.899237610902633122e+01,9.523896039065720132e+00,2.183417400794744889e+00
3.917291078478305622e+01,9.450949721099522804e+00,2.147318762079131194e+00
3.935291737556667613e+01,9.376709859918525680e+00,2.110570179794155621e+00
3.951394131524784825e+01,9.308994479662821675e+00,2.077070521199627429e+00
3.967451336639113890e+01,9.240214429931894458e+00,2.043100956290505366e+00
3.982575075940605558e+01,9.174261736261719591e+00,2.010570343619213496e+00
3.997656135776690434e+01,9.107338886726603633e+00,1.977637157308982374e+00
4.012693316500181595e+01,9.039435613467778907e+00,1.944299644541289451e+00
4.027685358714510500e+01,8.970541497236640183e+00,1.910566950535705466e+00
4.042630961795391187e+01,8.900645874721494266e+00,1.876450192054512689e+00
4.057528794370849567e+01,8.829737774362888203e+00,1.841957957787219158e+00
4.072377471761137002e+01,8.757806006885392236e+00,1.807101499940058087e+00
4.087175557782060764e+01,8.684839144662296562e+00,1.771888332709077085e+00
4.101921573571708990e+01,8.610825463220605158e+00,1.736330837810690975e+00
4.116613970886827900e+01,8.535753059572046553e+00,1.700438392562343637e+00
4.131251146804344643e+01,8.459609766247414342e+00,1.664221030360439890e+00
4.145831451903752907e+01,8.382383090472902865e+00,1.627695723561186858e+00
4.161178124781400811e+01,8.299567964655652830e+00,1.588767071819101817e+00
4.176457242088007860e+01,8.215513020037144898e+00,1.549516229346793894e+00
4.192804834691609983e+01,8.123751007643248201e+00,1.506988928114019410e+00
4.209068986952770786e+01,8.030518119296583990e+00,1.464103715563164654e+00
4.223761759040608155e+01,7.944573320226043123e+00,1.424879417681023552e+00
4.238380993312674860e+01,7.857383547699670068e+00,1.385416992791169033e+00
4.252478936430496503e+01,7.771667450455812975e+00,1.346937042273274265e+00
4.266503256197425031e+01,7.684752037347943876e+00,1.308254530653164993e+00
4.280451589188425743e+01,7.596622321162345592e+00,1.269380998816209249e+00
4.294321472837668097e+01,7.507263088139997542e+00,1.230329289524274339e+00
4.308110341818845512e+01,7.416658901864082942e+00,1.191116365055328918e+00
4.321815539147633700e+01,7.324794007311603572e+00,1.151754907503500291e+00
4.335434327719895009e+01,7.231652219427431305e+00,1.112262823076843432e+00
4.348963787536199277e+01,7.137217603492337581e+00,1.072653525602172975e+00
4.362400883523721262e+01,7.041474012523044834e+00,1.032944880578461788e+00
4.375742519043379986e+01,6.944404668867638186e+00,9.931512256006342909e-01
4.389022605786841069e+01,6.845713651469625738e+00,9.531744096878452810e-01
4.402199993715644410e+01,6.745655557493015486e+00,9.131512779079339337e-01
4.416267912432401488e+01,6.636384920209757787e+00,8.700303767405183075e-01
4.430208013976542958e+01,6.525488361163993112e+00,8.268645847783269165e-01
4.443357771305175419e+01,6.418368054422099789e+00,7.857547634465985587e-01
4.456382872985168575e+01,6.309735506213754341e+00,7.446519934880452274e-01
4.468929627053132236e+01,6.202589888587566769e+00,7.046826132613658311e-01
4.481349710728549240e+01,6.093978537012291419e+00,6.647444510916679095e-01
4.493638567016844121e+01,5.983884438530914451e+00,6.248480858441987085e-01
4.505791424830710667e+01,5.872290984657055901e+00,5.850025488505700144e-01
4.517803313349767080e+01,5.759181862111032224e+00,5.452329419897207208e-01
4.529669081835438504e+01,5.644540869793065241e+00,5.055610126813401273e-01
4.541383365314812437e+01,5.528352247317039669e+00,4.660429672562667602e-01
4.552940555588219951e+01,5.410601000057441823e+00,4.267572861786104732e-01
4.564334825933004680e+01,5.291272705549711297e+00,3.878659879162422164e-01
4.575560125246281729e+01,5.170353616230265459e+00,3.496481829564332400e-01
4.586654210306342350e+01,5.047335214719321783e+00,3.124500906930157140e-01
4.597565001905648074e+01,4.922688359846291384e+00,2.774014065633605419e-01
4.608588008746779252e+01,4.792782691309965593e+00,2.453790722391070434e-01
4.619402115422666810e+01,4.661133041961451617e+00,2.206329828661018067e-01
4.629668066872527987e+01,4.531970139398029396e+00,2.084158437469614544e-01
4.639722998642780993e+01,4.401157916624792499e+00,2.130107919134422434e-01
4.649559095019331068e+01,4.268692471918886788e+00,2.378688093834289974e-01
4.659168290064906870e+01,4.134572081360451179e+00,2.822956495262440302e-01
4.668542272836179308e+01,3.998797436735804567e+00,3.446477592515254651e-01
4.677672495221839455e+01,3.861371895244840591e+00,4.242485757143451552e-01
4.686550182414109145e+01,3.722301744579061822e+00,5.218741493207499360e-01
4.695166347043854671e+01,3.581596471294778983e+00,6.400391221877779202e-01
4.703511806201667156e+01,3.439269047662801615e+00,7.825035587666022696e-01
4.711577203300473826e+01,3.295336208129891808e+00,9.548574182359017559e-01
4.719357088947791112e+01,3.149740952836004748e+00,1.164297313495696429e+00
4.726837460243179834e+01,3.002584560735650498e+00,1.420256683824154598e+00
4.734038268982601494e+01,2.853264433351104579e+00,1.736175894614401027e+00
4.740917326261116216e+01,2.702435130549185605e+00,2.126870254543362204e+00
4.747434485371588408e+01,2.550862773003054862e+00,2.609349872325662290e+00
4.753613441348363011e+01,2.397880672808920366e+00,3.210498699648322241e+00
4.759444600036984951e+01,2.243539530186793307e+00,3.962018266645244147e+00
4.764918531927252587e+01,2.087895726048207834e+00,4.906048174523506944e+00
4.770026035833454614e+01,1.931011406042429934e+00,6.092482041236802814e+00
4.774758204435739373e+01,1.772954559614781767e+00,7.600188345150656666e+00
4.779106494978783104e+01,1.613798966085965736e+00,9.499503774660833955e+00
4.783062800960819771e+01,1.453624083850548310e+00,1.199991485810296510e+01
4.786619523193087389e+01,1.292514912428584628e+00,1.505420906068566289e+01
4.789769641648033627e+01,1.130561723552462094e+00,1.970691872218539231e+01
4.792563008242721168e+01,9.642277404097667759e-01,2.434789206532235184e+01
4.794918763684488994e+01,7.972178708543021797e-01,3.658958873957191571e+01
4.797023574831660397e+01,6.102942238971060807e-01,4.177664806721561064e+01
4.798571774450896754e+01,4.228275664352761920e-01,9.895312262409500192e+01
4.799642619788020426e+01,2.115342552467016635e-01,1.236362384358962316e+02
4.799999999999997868e+01,-4.129899102809276522e-17,8.206724595605601280e+02
