x,y,stress
-2.107111489550212185e-18,-6.661895393497056613e-17,1.695352926190638087e-05
9.522737349318065661e-03,1.655906405945297699e-01,1.901684533905906278e-05
3.762641008809448212e-02,3.290630852005625440e-01,4.017771541636050306e-05
8.297270052736030466e-02,4.884309901127283360e-01,1.063612876580231139e-04
1.437828905069479524e-01,6.425760110141830461e-01,8.246760144719548742e-04
2.180485165861297259e-01,7.907219023185939610e-01,4.049738015241947237e-03
3.038013838403832434e-01,9.325404963243548728e-01,9.411183596631353745e-03
3.992587069888881568e-01,1.068027716521376291e+00,1.891858243544813911e-02
5.028814006740202069e-01,1.197385479718244827e+00,3.558271029672813168e-02
6.133777792715303656e-01,1.320930362969983562e+00,5.934030190173800179e-02
7.296802158180882847e-01,1.439031225594624708e+00,8.772659810445268547e-02
8.509122940872119178e-01,1.552070239130561635e+00,1.198302206028552530e-01
9.763556131467218124e-01,1.660420367721123780e+00,1.548305697443684570e-01
1.105420088863105166e+00,1.764433430347794873e+00,1.908112673726652941e-01
1.237618974274687700e+00,1.864434682182023684e+00,2.266065636090415225e-01
1.372548617700536822e+00,1.960721288658724415e+00,2.623487019714518809e-01
1.509872367568113605e+00,2.053562967034285425e+00,2.974065403953365383e-01
1.649307613780283122e+00,2.143203562157942610e+00,3.315395191538793029e-01
1.790615497152137747e+00,2.229863119014348971e+00,3.645641892314537280e-01
1.933592894353302283e+00,2.313740202016317582e+00,3.963978968547166026e-01
2.078066229912332918e+00,2.395014248184665018e+00,4.269917971191937722e-01
2.223885697995234612e+00,2.473847278349250445e+00,4.563516388590931894e-01
2.370922402925492278e+00,2.550386479199071132e+00,4.844862311095134988e-01
2.519064686948579546e+00,2.624765652995118437e+00,5.114332768379661331e-01
2.668213475793157929e+00,2.697105762239554227e+00,5.372328428137648215e-01
2.818282314497681629e+00,2.767517419997714168e+00,5.619281829301715492e-01
2.969195132642995727e+00,2.836101811507280690e+00,5.855564941528272893e-01
3.120884174115649667e+00,2.902951453783910285e+00,6.082383350794294818e-01
3.273289634850462537e+00,2.968151489805202825e+00,6.297904994176817262e-01
3.426357954829170271e+00,3.031780171620928499e+00,6.511538229924621612e-01
3.580040997524883917e+00,3.093909585740930446e+00,6.710157764559342430e-01
3.734295629772476754e+00,3.154606393189766766e+00,6.902795226770580550e-01
3.889082760628377766e+00,3.213932230585198280e+00,7.087570926328163878e-01
4.049889575930689212e+00,3.273980680674798638e+00,7.271582643313988514e-01
4.211194047218146608e+00,3.332679329085938669e+00,7.448431145141056753e-01
4.368544710191471836e+00,3.388533581238170722e+00,7.614109464643781244e-01
4.526308759662225789e+00,3.443209389353226069e+00,7.773876367608133497e-01
4.683320636435454709e+00,3.496368728145697879e+00,7.926948351969798079e-01
4.840693489220360135e+00,3.548449801512710611e+00,8.074821786077422958e-01
4.998406981772351543e+00,3.599490177765674037e+00,8.217777831808477096e-01
5.156442353789615574e+00,3.649525101795007220e+00,8.356089434351411382e-01
5.314782106263405304e+00,3.698587638142981415e+00,8.490004258912762225e-01
5.473410438288900615e+00,3.746709020606772800e+00,8.619760047148186111e-01
5.632312755901518919e+00,3.793918685334678464e+00,8.745578650441572233e-01
5.791475075074651535e+00,3.840244268794739124e+00,8.867667757592166966e-01
5.950884579165312438e+00,3.885711931806339337e+00,8.986209894294020506e-01
6.110529385025009752e+00,3.930346426644014901e+00,9.101412527831292953e-01
6.274151437243978613e+00,3.975189744758397481e+00,9.215993406976469293e-01
6.437997212689798410e+00,4.019208656610895325e+00,9.327450790339750775e-01
6.618175799834266293e+00,4.066626593464659933e+00,9.446371078521001996e-01
6.798598870890258716e+00,4.113105666474562661e+00,9.561729812885781943e-01
6.966855656054174339e+00,4.155575605383189597e+00,9.666266756084838097e-01
7.135305162168958937e+00,4.197274624447100422e+00,9.768104623712611234e-01
7.296387448007316756e+00,4.236405210821337697e+00,9.862966769971471814e-01
7.457630940619966786e+00,4.274866147189586130e+00,9.955582736849405423e-01
7.619029083647030909e+00,4.312672786136431569e+00,1.004601780324550164e+00
7.780575726188769359e+00,4.349839794093623091e+00,1.013436868416126124e+00
7.942265060018326217e+00,4.386381184315620629e+00,1.022069379261210997e+00
8.104091543649193596e+00,4.422310344179127384e+00,1.030509800312341184e+00
8.266049936897513106e+00,4.457640084220584775e+00,1.038763885450399993e+00
8.428135301142964053e+00,4.492382675507495371e+00,1.046840558272102761e+00
8.590342924901621657e+00,4.526549868214641670e+00,1.054754569772266670e+00
8.752668355967490044e+00,4.560152930796510518e+00,1.062502298589692806e+00
8.915195491642840864e+00,4.593220447817515151e+00,1.070094131502761670e+00
9.077832271737385383e+00,4.625744427698633920e+00,1.077533506714106970e+00
9.252533919397063045e+00,4.660064073971404319e+00,1.085347561837691099e+00
9.427352948490645090e+00,4.693780718717601275e+00,1.092996125699719379e+00
9.622028432420153266e+00,4.730606330152852479e+00,1.101315032885632927e+00
9.816838322952605722e+00,4.766714198034701866e+00,1.109434259098183828e+00
9.999916636315642648e+00,4.799984994471662603e+00,1.116890786876603148e+00
1.018310460686225127e+01,4.832646644267262204e+00,1.124185837700431234e+00
1.034853921030397039e+01,4.861612750058643684e+00,1.130636993653643341e+00
1.051405709332755833e+01,4.890099138752348473e+00,1.136966907466613996e+00
1.067750144238791776e+01,4.917751886774147430e+00,1.143095818840243805e+00
1.084102183078939774e+01,4.944951387318168301e+00,1.149109977786735293e+00
1.100461584474019006e+01,4.971704255803039096e+00,1.155011264763261991e+00
1.116828124455716065e+01,4.998016890844911408e+00,1.160802425631697776e+00
1.133201589052001168e+01,5.023895472445752297e+00,1.166484338440473500e+00
1.149581762645212812e+01,5.049345954190979313e+00,1.172060603912665755e+00
1.165968439231794740e+01,5.074374091301922185e+00,1.177532189879674229e+00
1.182361427273788479e+01,5.098985456733996280e+00,1.182902294282763167e+00
1.198760540742381586e+01,5.123185435771830498e+00,1.188178254590359639e+00
1.215165596945483450e+01,5.146979231233659746e+00,1.193356565430715888e+00
1.231826673113157966e+01,5.170725455748261368e+00,1.198514502740994914e+00
1.248493518741343955e+01,5.194063303198876547e+00,1.203577863515723934e+00
1.267004776371751085e+01,5.219502198889961697e+00,1.209082900142051775e+00
1.285522712851043359e+01,5.244450279432154360e+00,1.214472639758514605e+00
1.306148666891673393e+01,5.271658316692033885e+00,1.220337144432436016e+00
1.326782348240176646e+01,5.298274017792131474e+00,1.226057144027220769e+00
1.346190385630668729e+01,5.322766821214697686e+00,1.231311743995449071e+00
1.365604793424374641e+01,5.346749450658582425e+00,1.236444761713323626e+00
1.382858657146924131e+01,5.367633786661428097e+00,1.240906911068142326e+00
1.400117239920553835e+01,5.388124496065480606e+00,1.245278329963035224e+00
1.416582605378751225e+01,5.407305324690377724e+00,1.249362856443124947e+00
1.433052021766374473e+01,5.426135161202738644e+00,1.253366450648737862e+00
1.449525377526651759e+01,5.444617311531395387e+00,1.257289509982224773e+00
1.466002561784362435e+01,5.462754978499194003e+00,1.261132811205252668e+00
1.482483466763965296e+01,5.480551268115825714e+00,1.264897349506169055e+00
1.498967990343012424e+01,5.498009195526906367e+00,1.268583818266524998e+00
1.515456032766177863e+01,5.515131684476885177e+00,1.272193543236167512e+00
1.531947495363310274e+01,5.531921569040524567e+00,1.275726910488136578e+00
1.548442283261009322e+01,5.548381599302212308e+00,1.279184607407097829e+00
1.564940303417580658e+01,5.564514442037562958e+00,1.282567683503761380e+00
1.581447925028695956e+01,5.580328808668860496e+00,1.285877795068790963e+00
1.597958602981237597e+01,5.595820832733223504e+00,1.289116636826259432e+00
1.615658011905694380e+01,5.612070034222490733e+00,1.292505288970043464e+00
1.633360730167268926e+01,5.627954648508338487e+00,1.295814091673999080e+00
1.653304542324596582e+01,5.645413641111036718e+00,1.299440679133404331e+00
1.673252286373800501e+01,5.662417516905633441e+00,1.302965060703487499e+00
1.694791665242932410e+01,5.680267928257735299e+00,1.306656186910435835e+00
1.716335302926103168e+01,5.697596786465852325e+00,1.310225955635686779e+00
1.735851777103774651e+01,5.712845732403468269e+00,1.313361821950686403e+00
1.755371496567205369e+01,5.727673483815439504e+00,1.316403219161673688e+00
1.772715056762797659e+01,5.740495281883003287e+00,1.319027987166268900e+00
1.790061010880317127e+01,5.752989049072806615e+00,1.321581271475336994e+00
1.806597048620385948e+01,5.764594341219848594e+00,1.323948217656836679e+00
1.823135127711102044e+01,5.775905013177524694e+00,1.326251146730053287e+00
1.839675183933436031e+01,5.786922649454641743e+00,1.328489769722608349e+00
1.856217156126621148e+01,5.797648784086661955e+00,1.330664877347375707e+00
1.872760984687391073e+01,5.808084900703264886e+00,1.332777173748010302e+00
1.889306608446759128e+01,5.818232431719792430e+00,1.334827097044476218e+00
1.905853967291607631e+01,5.828092761175407865e+00,1.336815170053459179e+00
1.922403004796720083e+01,5.837667227251063018e+00,1.338741961535901082e+00
1.938953664818690115e+01,5.846957121129809920e+00,1.340608030247558924e+00
1.955505890851280171e+01,5.855963687642663729e+00,1.342413997808436843e+00
1.972065184589894216e+01,5.864691008459411492e+00,1.344160179606049166e+00
1.988625936215226275e+01,5.873137170650475802e+00,1.345848822307357251e+00
2.006365648030186222e+01,5.881873232989533129e+00,1.347590582685479710e+00
2.024106906633620540e+01,5.890289330655359201e+00,1.349267805637850204e+00
2.044092084067827741e+01,5.899387452932429277e+00,1.351075338437799589e+00
2.064079053846311496e+01,5.908082943674515697e+00,1.352800326521533592e+00
2.086131191725721479e+01,5.917210882750142176e+00,1.354607539593190246e+00
2.108185287604787206e+01,5.925852840851496772e+00,1.356310762757727773e+00
2.128593139474718754e+01,5.933417901781346870e+00,1.357800530304769548e+00
2.149002480257286507e+01,5.940570028956352999e+00,1.359205345409011612e+00
2.167123063100031999e+01,5.946574758843053310e+00,1.360383459426528274e+00
2.185244688991679496e+01,5.952256007813022443e+00,1.361497175564456485e+00
2.201875319832260303e+01,5.957185648310055370e+00,1.362462166169858602e+00
2.218506732079586641e+01,5.961844217275822366e+00,1.363374277508631494e+00
2.235077676521346390e+01,5.966216648440663128e+00,1.364229231136140363e+00
2.251649306320781108e+01,5.970321124846342364e+00,1.365030940205619991e+00
2.268221576136524931e+01,5.974158155795058711e+00,1.365779452845148123e+00
2.284794442568585637e+01,5.977728216636452707e+00,1.366475135546979747e+00
2.301367862339954584e+01,5.981031748586385532e+00,1.367118209460711498e+00
2.317941791195808676e+01,5.984069158822978629e+00,1.367708900973007013e+00
2.334516185451605708e+01,5.986840821086329534e+00,1.368247228289261042e+00
2.351091002285485843e+01,5.989347075925888220e+00,1.368733626477454557e+00
2.367666198737077821e+01,5.991588230732264542e+00,1.369168040455236879e+00
2.384241732107083678e+01,5.993564559998256769e+00,1.369551511030418167e+00
2.401343091710577227e+01,5.995326250606665575e+00,1.369892331728013168e+00
2.418444718044225539e+01,5.996806543425778457e+00,1.370180546005424160e+00
2.437621482833216291e+01,5.998131991098007099e+00,1.370437550513113889e+00
2.456798459303635696e+01,5.999104074012817200e+00,1.370627120696021439e+00
2.478399183198690992e+01,5.999776030082274225e+00,1.370758835918703067e+00
2.500000000000034461e+01,5.999999999999995559e+00,1.370801236806987067e+00
2.521600816801375800e+01,5.999776030082271561e+00,1.370758910144141529e+00
2.543201540696426477e+01,5.999104074012814536e+00,1.370627306653257271e+00
2.562378517166849079e+01,5.998131991098003546e+00,1.370438459588264601e+00
2.581555281955828107e+01,5.996806543425772240e+00,1.370182133460861262e+00
2.598656908289485656e+01,5.995326250606657581e+00,1.369894583298278512e+00
2.615758267892966060e+01,5.993564559998250552e+00,1.369554318356642986e+00
2.632333801262971207e+01,5.991588230732260101e+00,1.369171092313954174e+00
2.648908997714563185e+01,5.989347075925882002e+00,1.368736853548560450e+00
2.665483814548445096e+01,5.986840821086322428e+00,1.368250099741608494e+00
2.682058208804241772e+01,5.984069158822968859e+00,1.367711360559058953e+00
2.698632137660095509e+01,5.981031748586375762e+00,1.367120251903017225e+00
2.715205557431464811e+01,5.977728216636442049e+00,1.366476760825256376e+00
2.731778423863525873e+01,5.974158155795047165e+00,1.365780824214301692e+00
2.748350693679268986e+01,5.970321124846330818e+00,1.365032092032930633e+00
2.764922323478702992e+01,5.966216648440651582e+00,1.364230687540651354e+00
2.781493267920462387e+01,5.961844217275809044e+00,1.363376150006281096e+00
2.798124680167790146e+01,5.957185648310040271e+00,1.362464887839829553e+00
2.814755311008372018e+01,5.952256007813005567e+00,1.361500853443667891e+00
2.832876936900023068e+01,5.946574758843034658e+00,1.360388334711015057e+00
2.850997519742771402e+01,5.940570028956330795e+00,1.359211492867099080e+00
2.871406860525343063e+01,5.933417901781321113e+00,1.357807621094051287e+00
2.891814712395278875e+01,5.925852840851470127e+00,1.356318788845374490e+00
2.913868808274343536e+01,5.917210882750114642e+00,1.354615680035343717e+00
2.935920946153752453e+01,5.908082943674488163e+00,1.352808582250563774e+00
2.955907915932231589e+01,5.899387452932402631e+00,1.351083008572636412e+00
2.975893093366434528e+01,5.890289330655332556e+00,1.349274681160955947e+00
2.993634351969865648e+01,5.881873232989507372e+00,1.347596190077067879e+00
3.011374063784821331e+01,5.873137170650448269e+00,1.345852909190275559e+00
3.027934815410152325e+01,5.864691008459383958e+00,1.344162934064893289e+00
3.044494109148768146e+01,5.855963687642637083e+00,1.342415359377533646e+00
3.061046335181358202e+01,5.846957121129781498e+00,1.340608359772485381e+00
3.077596995203328589e+01,5.837667227251033708e+00,1.338741293044479530e+00
3.094146032708441041e+01,5.828092761175377667e+00,1.336813920029601421e+00
3.110693391553289544e+01,5.818232431719761344e+00,1.334825316343329682e+00
3.127239015312656534e+01,5.808084900703234688e+00,1.332775237289025139e+00
3.143782843873425747e+01,5.797648784086631757e+00,1.330662874775358384e+00
3.160324816066612286e+01,5.786922649454608880e+00,1.328488097897013720e+00
3.176864872288946628e+01,5.775905013177490055e+00,1.326249931345208521e+00
3.193402951379660948e+01,5.764594341219813067e+00,1.323947953568797464e+00
3.209938989119729058e+01,5.752989049072773753e+00,1.321582188310634232e+00
3.227284943237255277e+01,5.740495281882963319e+00,1.319030210764947864e+00
3.244628503432853250e+01,5.727673483815392430e+00,1.316406934260824890e+00
3.264148222896285745e+01,5.712845732403420307e+00,1.313366461095088145e+00
3.283664697073959360e+01,5.697596786465801699e+00,1.310231524848820106e+00
3.305208334757130473e+01,5.680267928257680232e+00,1.306661592081558743e+00
3.326747713626263447e+01,5.662417516905578374e+00,1.302970326579226956e+00
3.346695457675460261e+01,5.645413641110985203e+00,1.299445400399122041e+00
3.366639269832779746e+01,5.627954648508289637e+00,1.295818130100980570e+00
3.384341988094354292e+01,5.612070034222440995e+00,1.292508484417221215e+00
3.402041397018812319e+01,5.595820832733175543e+00,1.289118881417122164e+00
3.418552074971352539e+01,5.580328808668812535e+00,1.285879371021979800e+00
3.435059696582466415e+01,5.564514442037512332e+00,1.282568549814659953e+00
3.451557716739037573e+01,5.548381599302160794e+00,1.279184720418754084e+00
3.468052504636738576e+01,5.531921569040473052e+00,1.275726317482805516e+00
3.484543967233870632e+01,5.515131684476834550e+00,1.272192419795179719e+00
3.501032009657036070e+01,5.498009195526853965e+00,1.268582116574922702e+00
3.517516533236082665e+01,5.480551268115771535e+00,1.264894723939565591e+00
3.533997438215686060e+01,5.462754978499138936e+00,1.261129255381638892e+00
3.550474622473396380e+01,5.444617311531339432e+00,1.257284855931956935e+00
3.566947978233672956e+01,5.426135161202683577e+00,1.253360553671829303e+00
3.583417394621296381e+01,5.407305324690319104e+00,1.249355798277888230e+00
3.599882760079493238e+01,5.388124496065421987e+00,1.245270192524659869e+00
3.617141342853124542e+01,5.367633786661368589e+00,1.240898192365077923e+00
3.634395206575673143e+01,5.346749450658519365e+00,1.236435670313507984e+00
3.653809614369382075e+01,5.322766821214629296e+00,1.231302690552458001e+00
3.673217651759876645e+01,5.298274017792059531e+00,1.226048302168366133e+00
3.693851333108383272e+01,5.271658316691957502e+00,1.220329063940365222e+00
3.714477287149013307e+01,5.244450279432073536e+00,1.214465356870220836e+00
3.732995223628302028e+01,5.219502198889884426e+00,1.209077373977118341e+00
3.751506481258705605e+01,5.194063303198804604e+00,1.203574412241718239e+00
3.768173326886888930e+01,5.170725455748192978e+00,1.198514031892807807e+00
3.784834403054559004e+01,5.146979231233593133e+00,1.193359138741713288e+00
3.801239459257661935e+01,5.123185435771762108e+00,1.188183161992920844e+00
3.817638572726256285e+01,5.098985456733927002e+00,1.182909809307223448e+00
3.834031560768249136e+01,5.074374091301852907e+00,1.177536063823544588e+00
3.850418237354831064e+01,5.049345954190906482e+00,1.172060646974966147e+00
3.866798410948041465e+01,5.023895472445681243e+00,1.166481321010081951e+00
3.883171875544326213e+01,4.998016890844840354e+00,1.160796268649720409e+00
3.899538415526022561e+01,4.971704255802967154e+00,1.155003214378197418e+00
3.915897816921101793e+01,4.944951387318094582e+00,1.149099932105352995e+00
3.932249855761250501e+01,4.917751886774071934e+00,1.143084241265553969e+00
3.948594290667287510e+01,4.890099138752270314e+00,1.136953748709571332e+00
3.965146078969647192e+01,4.861612750058562860e+00,1.130622372047619173e+00
3.981689539313819637e+01,4.832646644267176939e+00,1.124169752088241436e+00
4.000008336368485118e+01,4.799984994471566679e+00,1.116873216067926222e+00
4.018316167704794140e+01,4.766714198034597061e+00,1.109415171858996629e+00
4.037797156758036721e+01,4.730606330152751227e+00,1.101295271167562539e+00
4.057264705150983275e+01,4.693780718717503575e+00,1.092975459600390664e+00
4.074746608060339526e+01,4.660064073971307508e+00,1.085328498073875547e+00
4.092216772826305515e+01,4.625744427698541550e+00,1.077516668232501695e+00
4.108480450835759967e+01,4.593220447817421892e+00,1.070082102235446309e+00
4.124733164403293983e+01,4.560152930796414594e+00,1.062495812734465916e+00
4.140965707509880644e+01,4.526549868214544858e+00,1.054752890420612488e+00
4.157186469885747471e+01,4.492382675507396783e+00,1.046844545467871201e+00
4.173395006310291677e+01,4.457640084220486187e+00,1.038764345076079287e+00
4.189590845635122918e+01,4.422310344179027020e+00,1.030506057084120242e+00
4.205773493998209034e+01,4.386381184315520265e+00,1.022062882876676237e+00
4.221942427381166141e+01,4.349839794093520062e+00,1.013427454711752329e+00
4.238097091635339098e+01,4.312672786136328540e+00,1.004592132419636297e+00
4.254236905938045510e+01,4.274866147189480436e+00,9.955485837321581544e-01
4.270361255199309625e+01,4.236405210821232004e+00,9.862878778322616835e-01
4.286469483783145762e+01,4.197274624446992952e+00,9.768030276798683742e-01
4.303314434394623333e+01,4.155575605383083904e+00,9.666199165059650156e-01
4.320140112911013119e+01,4.113105666474453415e+00,9.561669907799985602e-01
4.338182420016608631e+01,4.066626593464562234e+00,9.446292750886294831e-01
4.356200278731051156e+01,4.019208656610804731e+00,9.327351643561946348e-01
4.372584856275627629e+01,3.975189744758321986e+00,9.215867834604024589e-01
4.388947061497517410e+01,3.930346426643953173e+00,9.101247833575535351e-01
4.404911542083490161e+01,3.885711931806271835e+00,8.985994653084029560e-01
4.420852492492559804e+01,3.840244268794660965e+00,8.867394941328566871e-01
4.436768724409871112e+01,3.793918685334603413e+00,8.745241549284794580e-01
4.452658956171131166e+01,3.746709020606695084e+00,8.619348708450497165e-01
4.468521789373681230e+01,3.698587638142907696e+00,8.489521789614536962e-01
4.484355764621059848e+01,3.649525101794933057e+00,8.355528162611605136e-01
4.500159301822785807e+01,3.599490177765599874e+00,8.217152544310768469e-01
4.515930651077987790e+01,3.548449801512626678e+00,8.074123269769802880e-01
4.531667936356473803e+01,3.496368728145623717e+00,7.926199939647852188e-01
4.547369124033795629e+01,3.443209389353155903e+00,7.773071913573307290e-01
4.563145528980869159e+01,3.388533581238103221e+00,7.613281188934909460e-01
4.578880595278202037e+01,3.332679329085864062e+00,7.447577152829023550e-01
4.595011042406942892e+01,3.273980680674738686e+00,7.270709825057002362e-01
4.611091723937175857e+01,3.213932230585139216e+00,7.086679281329444358e-01
4.626570437022763826e+01,3.154606393189713476e+00,6.901847300378067818e-01
4.641995900247525952e+01,3.093909585740865609e+00,6.709622076904188104e-01
4.657364204517094919e+01,3.031780171620872988e+00,6.509500595067380102e-01
4.672671036514968534e+01,2.968151489805130883e+00,6.301008579850517766e-01
4.687911582588446180e+01,2.902951453783855218e+00,6.083668957211579853e-01
4.703080486735714061e+01,2.836101811507207859e+00,5.856940956389274922e-01
4.718171768550238454e+01,2.767517419997671535e+00,5.620317247015967910e-01
4.733178652420694732e+01,2.697105762239494275e+00,5.373256322430806087e-01
4.748093531305146087e+01,2.624765652995089571e+00,5.115271671999709335e-01
4.762907759707463384e+01,2.550386479198997858e+00,4.845855675209019275e-01
4.777611430200477116e+01,2.473847278349237566e+00,4.564590523977766767e-01
4.792193377008775457e+01,2.395014248184603733e+00,4.271161028592300735e-01
4.806640710564663976e+01,2.313740202016339342e+00,3.965502739209643135e-01
4.820938450284794641e+01,2.229863119014282358e+00,3.647098259744711024e-01
4.835069238621958476e+01,2.143203562158010556e+00,3.320218594147560931e-01
4.849012763243195678e+01,2.053562967034223252e+00,2.972314384372795604e-01
4.862745138229922048e+01,1.960721288658875405e+00,2.619857821551638266e-01
4.876238102572535382e+01,1.864434682181968395e+00,2.262795719431789365e-01
4.889457991113649626e+01,1.764433430348077758e+00,1.902549112168609446e-01
4.902364438685331294e+01,1.660420367721075374e+00,1.545214734073611929e-01
4.914908770591220843e+01,1.552070239131057905e+00,1.199853512903576724e-01
4.927031978418190761e+01,1.439031225594600949e+00,8.773079178541665080e-02
4.938662222072770192e+01,1.320930362970774707e+00,5.936105925547927042e-02
4.949711859932596525e+01,1.197385479718240608e+00,3.559439306084583726e-02
4.960074129301029444e+01,1.068027716522436998e+00,1.890617991853387261e-02
4.969619861615957035e+01,9.325404963243688616e-01,9.426094742612023403e-03
4.978195148341328746e+01,7.907219023195755092e-01,4.044906058688743124e-03
4.985621710949303065e+01,6.425760110141848225e-01,8.230376926611029410e-04
4.991702729947250106e+01,4.884309901130807763e-01,1.068072461908751362e-04
4.996237358991188415e+01,3.290630852005169138e-01,4.010704505553510242e-05
4.999047726265064995e+01,1.655906405945158366e-01,1.908644262499287799e-05
4.999999999999997868e+01,-6.627973778083740316e-17,1.715972330543626300e-05
