x,y,stress
-1.332898027964916737e-18,-7.081778912640918532e-17,2.362725712682067290e-07
6.059865907349849118e-03,1.761327712704177928e-01,4.070467196807640243e-07
2.413488695228946032e-02,3.514412809222286493e-01,9.087370873986171371e-07
5.173452360939728711e-02,5.143993500001422525e-01,2.222576554424179681e-06
8.924533624053049286e-02,6.753669618772822902e-01,4.790096393826370462e-06
1.361648299566836917e-01,8.338257283271499620e-01,4.918338502596667562e-05
1.919285407779332819e-01,9.893947971113798978e-01,3.036004225127739609e-04
2.559244928496828830e-01,1.141764632118127620e+00,1.311319352002748373e-03
3.275251655136520168e-01,1.290714577071056635e+00,3.514382155445928621e-03
4.061095640771659743e-01,1.436103286788355637e+00,6.844955510558714887e-03
4.910795093862244665e-01,1.577856900292506026e+00,1.102026978385577637e-02
5.818704746050253895e-01,1.715956563919347921e+00,1.681326748260532009e-02
6.779578986678128638e-01,1.850426611717665315e+00,2.507895687061626605e-02
7.788600519964742341e-01,1.981324121139427019e+00,3.676837226283787008e-02
8.841383146243332325e-01,2.108729957485162121e+00,5.128154722162963502e-02
9.933958025783227175e-01,2.232741494802653826e+00,6.917467961482602623e-02
1.106274989897865213e+00,2.353466865392809027e+00,8.992577218368408287e-02
1.222454683461236202e+00,2.471020413700062424e+00,1.130637901660044714e-01
1.341646806676880077e+00,2.585519289432921308e+00,1.381546266520435051e-01
1.463593208389549760e+00,2.697080952956167010e+00,1.647606535898992475e-01
1.588062525702681471e+00,2.805821307716922952e+00,1.925393487542887416e-01
1.714847243287148659e+00,2.911853378226056499e+00,2.211511545812534507e-01
1.843761294591447664e+00,3.015286646980250396e+00,2.503193677532173922e-01
1.974637483820883999e+00,3.116226329111837501e+00,2.798120655834935855e-01
2.107325230654636616e+00,3.214772970377499650e+00,3.094301779557581678e-01
2.241803176412516141e+00,3.311102909832082108e+00,3.390379411807998844e-01
2.377837043709723375e+00,3.405223179401683176e+00,3.684634184653669542e-01
2.515199012945332768e+00,3.497143605319724902e+00,3.975873484686421322e-01
2.653902953170890644e+00,3.587026533164537234e+00,4.263509480069019308e-01
2.793857696426189197e+00,3.674949494200864919e+00,4.546946658719875356e-01
2.934980239035920757e+00,3.760985783262454252e+00,4.825701379915050548e-01
3.077192862542874163e+00,3.845203503938269929e+00,5.099448914842765745e-01
3.220428519875417894e+00,3.927669442933750421e+00,5.367926956795675553e-01
3.364627860100855017e+00,4.008447685886765477e+00,5.631023113918038892e-01
3.509729091594811390e+00,4.087594579140081841e+00,5.888614451062238464e-01
3.655677480021162662e+00,4.165164746694170361e+00,6.140669564056469021e-01
3.802425510278441667e+00,4.241211428480906598e+00,6.387231913282549467e-01
3.954332952842458226e+00,4.317983512070783902e+00,6.635412964601037356e-01
4.106995046745393729e+00,4.393243907181081376e+00,6.877837927541725627e-01
4.261658852796138319e+00,4.467653919198348866e+00,7.116611203774545480e-01
4.417007608434102117e+00,4.540623243451828550e+00,7.349746467271720540e-01
4.567220890886539486e+00,4.609572374822339391e+00,7.569057065604175571e-01
4.718004775148440189e+00,4.677264646905033629e+00,7.783454465817680745e-01
4.869330952184533601e+00,4.743735991977419353e+00,7.993065136159820394e-01
5.021172940550155950e+00,4.809020530133770066e+00,8.197731330414318451e-01
5.173506156847527571e+00,4.873150780478020749e+00,8.400349184441091577e-01
5.326307470498469421e+00,4.936157635132276233e+00,8.595688896109480170e-01
5.479555196822825103e+00,4.998070510892977047e+00,8.787611952212636135e-01
5.633229249616701573e+00,5.058917545077682654e+00,8.974735119673544759e-01
5.787310652546040934e+00,5.118725521759753150e+00,9.160089921449603434e-01
5.941781634789850663e+00,5.177520026516764240e+00,9.339492723181658240e-01
6.096844761019066361e+00,5.235406568159259422e+00,9.516088121249965948e-01
6.252265977842790257e+00,5.292324709343481537e+00,9.689003242926247372e-01
6.420469833527331360e+00,5.352721590034055232e+00,9.871746610737186511e-01
6.589056181624918018e+00,5.412042491165745872e+00,1.005053888931999762e+00
6.764962016681901780e+00,5.472686644609507489e+00,1.023264157988461598e+00
6.941246877938362481e+00,5.532220079973889426e+00,1.041064640111265760e+00
7.100819900087081749e+00,5.585071317296694815e+00,1.056819542790102817e+00
7.260677274350022969e+00,5.637056177978749361e+00,1.072271897462516721e+00
7.418123716146310720e+00,5.687342871424275081e+00,1.087175747488946520e+00
7.575824711003023459e+00,5.736825518265884050e+00,1.101798099639952122e+00
7.733770927101605963e+00,5.785519765834793660e+00,1.116150514516333958e+00
7.891953503233117395e+00,5.833440656645177746e+00,1.130233747979696668e+00
8.050364013239535765e+00,5.880602656822732754e+00,1.144063952380810267e+00
8.208994420034747108e+00,5.927019679166767752e+00,1.157600751025819275e+00
8.367837080111010906e+00,5.972705118828653958e+00,1.170969954962638893e+00
8.526884692689424838e+00,6.017671870431113845e+00,1.184049077587620680e+00
8.686130313210430387e+00,6.061932361736370289e+00,1.196904826953522738e+00
8.845567280639995644e+00,6.105498561133618551e+00,1.209530998965362203e+00
9.006882926476258433e+00,6.148833151282484089e+00,1.222060122949816696e+00
9.168381248526445759e+00,6.191481923198859150e+00,1.234373013768680138e+00
9.346910842608428638e+00,6.237790787022983174e+00,1.247709667144398793e+00
9.525648158313140712e+00,6.283291347069581256e+00,1.260788857104045535e+00
9.719166712212654602e+00,6.331603598201566818e+00,1.274654493731989247e+00
9.912910769191075389e+00,6.379003466581655069e+00,1.288211212390976357e+00
1.008887636962594136e+01,6.421231918328544452e+00,1.300266586464758900e+00
1.026501466106446969e+01,6.462734189418804398e+00,1.312086661738694371e+00
1.042668441259768741e+01,6.500163968216001287e+00,1.322722878344494202e+00
1.058849030972353233e+01,6.537000763116039614e+00,1.333170099783145934e+00
1.074978005128942549e+01,6.573108708725968974e+00,1.343386485720083234e+00
1.091119691623945265e+01,6.608644057074245737e+00,1.353418335205172296e+00
1.107273718477751245e+01,6.643614248939639033e+00,1.363267464457679656e+00
1.123439723451025962e+01,6.678026481190432406e+00,1.372936913425517824e+00
1.139617355473344595e+01,6.711887720993219730e+00,1.382429412063828744e+00
1.155806283375265586e+01,6.745204733912128603e+00,1.391746906519670368e+00
1.172006186902266656e+01,6.777984074008376325e+00,1.400892124691627938e+00
1.188216751100404345e+01,6.810232081872226395e+00,1.409866186727920745e+00
1.204437673361376682e+01,6.841954907759760118e+00,1.418671203698714134e+00
1.220668663697710521e+01,6.873158519866914951e+00,1.427310813387777433e+00
1.237382148801525084e+01,6.904734078673111064e+00,1.436024876724872446e+00
1.254105701615645785e+01,6.935772008066177996e+00,1.444571597393512929e+00
1.272845146162021202e+01,6.969898957556508456e+00,1.453930761910861458e+00
1.291596467949220184e+01,7.003367165454521981e+00,1.463078997337299958e+00
1.312184553465471382e+01,7.039341398265430705e+00,1.472870959596473739e+00
1.332786010805245880e+01,7.074541808138770094e+00,1.482402176978649289e+00
1.351739552797148747e+01,7.106232402672215009e+00,1.490951777033712844e+00
1.370703667781136659e+01,7.137284041632298681e+00,1.499290693441041489e+00
1.387607439396837350e+01,7.164415383059171916e+00,1.506549238416028613e+00
1.404519111896750694e+01,7.191049814020010977e+00,1.513648068781380696e+00
1.420853370561193252e+01,7.216296261534000500e+00,1.520351066132830775e+00
1.437194594686636684e+01,7.241087862004697229e+00,1.526907113656940984e+00
1.453542593935276450e+01,7.265428509611323804e+00,1.533317423473346208e+00
1.469897188617312622e+01,7.289321995037010282e+00,1.539582817923503377e+00
1.486258201885858909e+01,7.312771997237747179e+00,1.545705793083682167e+00
1.502625460096676058e+01,7.335782087687920061e+00,1.551686763947697889e+00
1.518998795189241946e+01,7.358355737138341013e+00,1.557527812426408254e+00
1.535378042693344014e+01,7.380496315959677034e+00,1.563229776160775408e+00
1.551763043056215174e+01,7.402207099000709611e+00,1.568794115486400909e+00
1.568153639829944090e+01,7.423491266043709125e+00,1.574222659776252753e+00
1.584583045507531196e+01,7.444393919328822662e+00,1.579524967856172246e+00
1.601017768092994231e+01,7.464874338819552868e+00,1.584698429455059898e+00
1.618823145533651342e+01,7.486582670070808021e+00,1.590146540778077044e+00
1.636634407614820574e+01,7.507802774699555926e+00,1.595447865604838533e+00
1.656696414953568208e+01,7.531116252568791580e+00,1.601230128890358095e+00
1.676765414099283902e+01,7.553819995323371117e+00,1.606824885526415336e+00
1.698161044897274508e+01,7.577350191882172403e+00,1.612584096374359399e+00
1.719564064382590374e+01,7.600198566094509722e+00,1.618126940011100467e+00
1.738819196446625881e+01,7.620169469982331023e+00,1.622942474233624921e+00
1.758079889322394607e+01,7.639596755429606034e+00,1.627593685080096275e+00
1.775219008849147784e+01,7.656425494460960657e+00,1.631599803775467539e+00
1.792362248648765188e+01,7.672829194222472005e+00,1.635482688557911901e+00
1.808819068592097423e+01,7.688174929161988302e+00,1.639094190950273200e+00
1.825279454860945805e+01,7.703133283560960720e+00,1.642594583697715382e+00
1.841743298790194316e+01,7.717706181294981427e+00,1.645984929786260764e+00
1.858210493098469485e+01,7.731895484499925253e+00,1.649266340850607637e+00
1.874680931997680844e+01,7.745702995022035076e+00,1.652440432866095987e+00
1.891154512810267363e+01,7.759130456999792536e+00,1.655508895147941972e+00
1.907631132977626720e+01,7.772179555563424991e+00,1.658473572148618791e+00
1.924110693485489065e+01,7.784851920750738508e+00,1.661335852634838295e+00
1.940593096678077600e+01,7.797149126772010774e+00,1.664097337346289063e+00
1.957078244982463389e+01,7.809072692169641172e+00,1.666759899503566400e+00
1.973580819865281200e+01,7.820634267825823827e+00,1.669326630593212624e+00
1.990085954959567260e+01,7.831824417510004466e+00,1.671800711827704289e+00
2.007853883477647372e+01,7.843455369154444412e+00,1.674354191558365290e+00
2.025624556211480609e+01,7.854659234397359135e+00,1.676803902352875353e+00
2.045637216984467699e+01,7.866765388953851357e+00,1.679429820324962241e+00
2.065653056008274291e+01,7.878334188024092910e+00,1.681924519051085865e+00
2.087648733643139565e+01,7.890428142711332526e+00,1.684514054191553090e+00
2.109647856198527904e+01,7.901878389801693103e+00,1.686940996127656467e+00
2.129910385371533010e+01,7.911855967720599736e+00,1.689044713050728896e+00
2.150175511407194051e+01,7.921291419353989838e+00,1.691020164005944793e+00
2.168175241831267641e+01,7.929217960040601199e+00,1.692670721600928463e+00
2.186176794338756579e+01,7.936719319393004568e+00,1.694226187007842332e+00
2.202740901102826854e+01,7.943246387213341642e+00,1.695573266622326658e+00
2.219306380884050967e+01,7.949415172451420375e+00,1.696843552668317878e+00
2.235824433434658687e+01,7.955209827849034632e+00,1.698031526813154723e+00
2.252343692496983607e+01,7.960649688206646424e+00,1.699142517769650196e+00
2.268864080150390450e+01,7.965735380385537745e+00,1.700177579855858712e+00
2.285385518426065232e+01,7.970467488975732984e+00,1.701137264995022713e+00
2.301907930176135508e+01,7.974846556917467133e+00,1.702022272126431313e+00
2.318431238663062643e+01,7.978873085683415134e+00,1.702833361381054900e+00
2.334955367527573600e+01,7.982547535564721741e+00,1.703571675260747043e+00
2.351480240944120226e+01,7.985870325968269512e+00,1.704237575041163577e+00
2.368005783209441262e+01,7.988841835570066330e+00,1.704831545260707681e+00
2.384531919247014287e+01,7.991462402628861206e+00,1.705355558885516709e+00
2.401593131920080992e+01,7.993799893939205425e+00,1.705821395649207428e+00
2.418654815325087526e+01,7.995763973500292998e+00,1.706216215798394664e+00
2.437785533332555588e+01,7.997522406833612152e+00,1.706568177421243337e+00
2.456916624862169485e+01,7.998811958368320596e+00,1.706828525674128905e+00
2.478458230523945005e+01,7.999703003874492957e+00,1.707010395590478513e+00
2.499999999999986855e+01,7.999999999999994671e+00,1.707068914972700080e+00
2.521541769476029060e+01,7.999703003874492957e+00,1.707012970807922692e+00
2.543083375137804936e+01,7.998811958368321484e+00,1.706833730814991457e+00
2.562214466667425938e+01,7.997522406833613928e+00,1.706575565255189053e+00
2.581345184674890803e+01,7.995763973500295663e+00,1.706225765571400599e+00
2.598406868079907284e+01,7.993799893939205425e+00,1.705832247900884946e+00
2.615468080752964752e+01,7.991462402628863870e+00,1.705367538885865342e+00
2.631994216790538488e+01,7.988841835570068994e+00,1.704843513622315454e+00
2.648519759055859524e+01,7.985870325968272176e+00,1.704249413810764224e+00
2.665044632472404729e+01,7.982547535564724406e+00,1.703582637081541451e+00
2.681568761336916040e+01,7.978873085683419575e+00,1.702843350440798487e+00
2.698092069823843531e+01,7.974846556917471574e+00,1.702030564663906453e+00
2.714614481573914517e+01,7.970467488975737425e+00,1.701143899574648843e+00
2.731135919849588589e+01,7.965735380385542186e+00,1.700182389144336170e+00
2.747656307502995432e+01,7.960649688206651753e+00,1.699145401822704349e+00
2.764175566565321063e+01,7.955209827849041737e+00,1.698031866747378604e+00
2.780693619115929138e+01,7.949415172451427480e+00,1.696841292839555759e+00
2.797259098897152185e+01,7.943246387213346971e+00,1.695568168704482126e+00
2.813823205661222104e+01,7.936719319393011673e+00,1.694217961806771866e+00
2.831824758168709977e+01,7.929217960040609192e+00,1.692658896041274508e+00
2.849824488592783212e+01,7.921291419353997831e+00,1.691004782783980698e+00
2.870089614628442121e+01,7.911855967720611282e+00,1.689026796199473157e+00
2.890352143801445450e+01,7.901878389801704650e+00,1.686920676643314021e+00
2.912351266356834145e+01,7.890428142711344961e+00,1.684492647977730018e+00
2.934346943991700485e+01,7.878334188024107121e+00,1.681901844702617499e+00
2.954362783015508143e+01,7.866765388953863791e+00,1.679407338233287028e+00
2.974375443788496653e+01,7.854659234397370682e+00,1.676781864428617874e+00
2.992146116522330956e+01,7.843455369154456847e+00,1.674332981731732506e+00
3.009914045040412844e+01,7.831824417510016900e+00,1.671780741571685436e+00
3.026419180134698550e+01,7.820634267825836261e+00,1.669307603451111621e+00
3.042921755017516006e+01,7.809072692169653607e+00,1.666741908226232693e+00
3.059406903321901794e+01,7.797149126772022321e+00,1.664079967138684557e+00
3.075889306514490684e+01,7.784851920750752718e+00,1.661319121906714047e+00
3.092368867022351964e+01,7.772179555563440978e+00,1.658457145230311180e+00
3.108845487189710255e+01,7.759130456999807635e+00,1.655492739230772559e+00
3.125319068002298906e+01,7.745702995022048398e+00,1.652424611515509678e+00
3.141789506901512397e+01,7.731895484499939464e+00,1.649250914934752732e+00
3.158256701209785433e+01,7.717706181294997414e+00,1.645969990743072930e+00
3.174720545139032168e+01,7.703133283560977596e+00,1.642580276948896412e+00
3.191180931407880905e+01,7.688174929162005178e+00,1.639080539668450909e+00
3.207637751351213495e+01,7.672829194222488880e+00,1.635470027138635762e+00
3.224780991150831255e+01,7.656425494460979309e+00,1.631587754724593609e+00
3.241920110677583722e+01,7.639596755429622910e+00,1.627582763397330545e+00
3.261180803553350671e+01,7.620169469982349675e+00,1.622931161288740265e+00
3.280435935617385468e+01,7.600198566094531927e+00,1.618115773064165985e+00
3.301838955102702755e+01,7.577350191882193720e+00,1.612572076321413306e+00
3.323234585900695492e+01,7.553819995323388881e+00,1.606811920171763441e+00
3.343303585046412252e+01,7.531116252568808456e+00,1.601215865475569933e+00
3.363365592385161307e+01,7.507802774699573689e+00,1.595431699845179629e+00
3.381176854466331605e+01,7.486582670070825785e+00,1.590129438734098066e+00
3.398982231906989426e+01,7.464874338819567967e+00,1.584680061093821646e+00
3.415416954492453527e+01,7.444393919328835985e+00,1.579506320622123372e+00
3.431846360170042232e+01,7.423491266043723336e+00,1.574204000350005295e+00
3.448236956943771503e+01,7.402207099000723822e+00,1.568776318913445378e+00
3.464621957306642486e+01,7.380496315959690357e+00,1.563213158683637749e+00
3.481001204810743843e+01,7.358355737138354336e+00,1.557512350966873793e+00
3.497374539903309909e+01,7.335782087687935160e+00,1.551672523921925118e+00
3.513741798114126880e+01,7.312771997237764054e+00,1.545692077246012985e+00
3.530102811382672456e+01,7.289321995037027158e+00,1.539569459313751221e+00
3.546457406064708806e+01,7.265428509611338903e+00,1.533303731475873066e+00
3.562805405313349638e+01,7.241087862004714104e+00,1.526892852734357930e+00
3.579146629438792360e+01,7.216296261534019152e+00,1.520335571473855119e+00
3.595480888103234207e+01,7.191049814020028741e+00,1.513631232323450648e+00
3.612392560603142044e+01,7.164415383059196785e+00,1.506530353725679561e+00
3.629296332218839893e+01,7.137284041632333320e+00,1.499270331800717670e+00
3.648260447202823542e+01,7.106232402672256754e+00,1.490929217793781181e+00
3.667213989194723922e+01,7.074541808138815391e+00,1.482377935850683004e+00
3.687815446534499131e+01,7.039341398265473337e+00,1.472844635898340471e+00
3.708403532050751750e+01,7.003367165454566390e+00,1.463050297978411685e+00
3.727154853837949844e+01,6.969898957556556418e+00,1.453901408493962988e+00
3.745894298384322951e+01,6.935772008066228622e+00,1.444540954142295108e+00
3.762617851198442764e+01,6.904734078673163467e+00,1.435994780068553300e+00
3.779331336302257682e+01,6.873158519866970906e+00,1.427281108545139787e+00
3.795562326638590633e+01,6.841954907759819626e+00,1.418643109046917594e+00
3.811783248899561016e+01,6.810232081872287679e+00,1.409839685490928973e+00
3.827993813097698705e+01,6.777984074008438498e+00,1.400867330168468650e+00
3.844193716624700130e+01,6.745204733912192552e+00,1.391723851695843672e+00
3.860382644526622897e+01,6.711887720993282791e+00,1.382407910149569874e+00
3.876560276548941886e+01,6.678026481190493691e+00,1.372916928201483033e+00
3.892726281522216425e+01,6.643614248939698541e+00,1.363249260105654281e+00
3.908880308376024004e+01,6.608644057074307909e+00,1.353401992498704409e+00
3.925021994871026010e+01,6.573108708726032035e+00,1.343372267630439598e+00
3.941150969027614792e+01,6.537000763116102675e+00,1.333158135341532491e+00
3.957331558740201416e+01,6.500163968216060795e+00,1.322713235958546285e+00
3.973498533893525320e+01,6.462734189418863018e+00,1.312080447762837165e+00
3.991112363037373001e+01,6.421231918328618171e+00,1.300264326818469929e+00
4.008708923080854447e+01,6.379003466581737669e+00,1.288214495944946414e+00
4.028083328778698302e+01,6.331603598201647642e+00,1.274661712894940457e+00
4.047435184168651290e+01,6.283291347069662969e+00,1.260803902445795543e+00
4.065308915739127116e+01,6.237790787023056005e+00,1.247722254446601120e+00
4.083161875147329312e+01,6.191481923198917769e+00,1.234379173831749776e+00
4.099311707352349288e+01,6.148833151282539156e+00,1.222058998364529359e+00
4.115443271935976810e+01,6.105498561133674507e+00,1.209521309911546050e+00
4.131386968678932448e+01,6.061932361736430686e+00,1.196887855243601084e+00
4.147311530731033002e+01,6.017671870431171577e+00,1.184026550535583366e+00
4.163216291988876350e+01,5.972705118828707249e+00,1.170930913260922690e+00
4.179100557996504506e+01,5.927019679166821042e+00,1.157595564740620642e+00
4.194963598676024930e+01,5.880602656822789598e+00,1.144015120845046862e+00
4.210804649676666145e+01,5.833440656645231925e+00,1.130182964814713920e+00
4.226622907289818443e+01,5.785519765834845174e+00,1.116093266872407508e+00
4.242417528899678558e+01,5.736825518265935564e+00,1.101738541719537778e+00
4.258187628385348944e+01,5.687342871424331037e+00,1.087112525777262473e+00
4.273932272564976387e+01,5.637056177978802651e+00,1.072207833231869856e+00
4.289918009991270509e+01,5.585071317296748994e+00,1.056754274635204771e+00
4.305875312206144656e+01,5.532220079973947158e+00,1.041000624748651626e+00
4.323503798331781667e+01,5.472686644609597195e+00,1.023199575669861083e+00
4.341094381837471161e+01,5.412042491165861335e+00,1.004987697258898471e+00
4.357953016647231692e+01,5.352721590034165366e+00,9.871085277350469811e-01
4.374773402215689799e+01,5.292324709343584566e+00,9.688323827300862057e-01
4.390315523898060945e+01,5.235406568159372220e+00,9.515383283898599664e-01
4.405821836520978962e+01,5.177520026516885920e+00,9.338900049730569641e-01
4.421268934745361179e+01,5.118725521759868613e+00,9.158921245905423669e-01
4.436677075038299023e+01,5.058917545077795452e+00,8.975095871973511885e-01
4.452044480317686492e+01,4.998070510893090734e+00,8.787294447346137849e-01
4.467369252950121705e+01,4.936157635132387256e+00,8.595379890381661392e-01
4.482649384315215713e+01,4.873150780478133548e+00,8.399225674595665048e-01
4.497882705944956427e+01,4.809020530133878424e+00,8.198684589359813701e-01
4.513066904781518218e+01,4.743735991977530375e+00,7.993628490769484340e-01
4.528199522485127915e+01,4.677264646905139323e+00,7.783906883744453609e-01
4.543277910911319140e+01,4.609572374822445973e+00,7.569394077806088639e-01
4.558299239156566074e+01,4.540623243451929802e+00,7.349983404380270313e-01
4.573834114720361299e+01,4.467653919198455448e+00,7.116832127364185467e-01
4.589300495325436202e+01,4.393243907181181740e+00,6.878020200289652886e-01
4.604566704715730197e+01,4.317983512070886931e+00,6.635594907391366704e-01
4.619757448972134739e+01,4.241211428481004297e+00,6.387409664793530784e-01
4.634432251997861130e+01,4.165164746694275166e+00,6.140844441486658090e-01
4.649027090840497323e+01,4.087594579140181317e+00,5.888795906819123127e-01
4.663537213989891228e+01,4.008447685886870282e+00,5.631232504956131812e-01
4.677957148012439603e+01,3.927669442933846788e+00,5.368158635415902769e-01
4.692280713745692111e+01,3.845203503938377398e+00,5.099700630000528756e-01
4.706501976096387807e+01,3.760985783262552395e+00,4.825974981235334749e-01
4.720614230357359276e+01,3.674949494200973721e+00,4.547247910013779704e-01
4.734609704682893749e+01,3.587026533164630937e+00,4.263832466657606068e-01
4.748480098705448427e+01,3.497143605319830151e+00,3.976210194646643825e-01
4.762216295629011853e+01,3.405223179401762668e+00,3.684956013379884210e-01
4.775819682358730489e+01,3.311102909832186914e+00,3.390675288059177284e-01
4.789267476934521284e+01,3.214772970377591133e+00,3.094503564208328505e-01
4.802536251617893726e+01,3.116226329111955629e+00,2.798134418305460169e-01
4.815623870540841267e+01,3.015286646980334329e+00,2.502988044072423368e-01
4.828515275671265528e+01,2.911853378226189726e+00,2.211078951733744247e-01
4.841193747429716154e+01,2.805821307717037083e+00,1.924669357880759712e-01
4.853640679161026128e+01,2.697080952956316224e+00,1.646707200644424995e-01
4.865835319332298781e+01,2.585519289433008350e+00,1.380357758698759763e-01
4.877754531653857839e+01,2.471020413700206309e+00,1.129635560873091527e-01
4.889372501010203820e+01,2.353466865392889851e+00,8.985994799048606374e-02
4.900660419742150253e+01,2.232741494802829241e+00,6.922315497333622614e-02
4.911586168537552766e+01,2.108729957485282469e+00,5.145867567895703876e-02
4.922113994800334780e+01,1.981324121139610872e+00,3.705270434867672519e-02
4.932204210133210864e+01,1.850426611717739034e+00,2.535800354033491966e-02
4.941812952539483916e+01,1.715956563919509570e+00,1.669838070535711871e-02
4.950892049061369704e+01,1.577856900292568865e+00,1.111305948117479944e-02
4.959389043592270241e+01,1.436103286788520172e+00,6.816389335318232337e-03
4.967247483448627321e+01,1.290714577071155222e+00,3.517120577289996070e-03
4.974407550715022808e+01,1.141764632118276612e+00,1.308748014822752170e-03
4.980807145922199908e+01,9.893947971114648299e-01,3.009171085602125695e-04
4.986383517004324517e+01,8.338257283272600962e-01,5.033979748796316568e-05
4.991075466375942682e+01,6.753669618773615602e-01,4.820944141357347751e-06
4.994826547639056713e+01,5.143993500002227437e-01,2.333500889500484584e-06
4.997586511304766788e+01,3.514412809222998701e-01,8.959254068708656098e-07
4.999394013409261817e+01,1.761327712704537918e-01,4.276851971155358576e-07
4.999999999999997868e+01,-7.047378328481616750e-17,3.834144668968906475e-07
