x,y,stress
7.999999999999995559e+00,-3.398722935988677368e-13,8.510379620162558467e+02
8.002464013627394124e+00,2.213297047617019120e-01,1.221565708247243407e+02
8.009853313645757922e+00,4.425497542926504768e-01,1.051156949181355316e+02
8.020537393059983700e+00,6.388153475261140191e-01,4.821256553956498436e+01
8.035089642895899331e+00,8.348321034740219249e-01,4.354917494265965416e+01
8.051249096974869346e+00,1.008670778690575531e+00,3.194208362367126597e+01
8.070439387582295510e+00,1.182201032837738808e+00,2.755360163500904136e+01
8.091491330934838189e+00,1.346910530492861469e+00,2.319043609065330713e+01
8.115260256685241202e+00,1.511249949315084606e+00,2.025427879092158179e+01
8.141731752113097187e+00,1.675175758280481819e+00,1.775168046871362293e+01
8.170889890294857238e+00,1.838645076872104767e+00,1.575436849704484032e+01
8.202717277745684044e+00,2.001615733271063569e+00,1.406934927654436862e+01
8.237195109836173756e+00,2.164046338316950369e+00,1.264573550320258200e+01
8.274303223667834217e+00,2.325896323492250506e+00,1.141962071785222577e+01
8.314020152717340295e+00,2.487125976190800447e+00,1.035654428223939760e+01
8.356323186635375322e+00,2.647696485517883502e+00,9.424416975439697808e+00
8.401188446208459837e+00,2.807570028453719946e+00,8.601059378221536988e+00
8.448602361766061719e+00,2.966747033904780562e+00,7.868518078112890279e+00
8.498528633939066879e+00,3.125154017301923659e+00,7.212706427664719477e+00
8.551456948496440447e+00,3.284269902276589992e+00,6.617238143358881608e+00
8.606889889750425127e+00,3.442530660814091092e+00,6.079668666876667515e+00
8.664220105024986296e+00,3.598369436899509832e+00,5.597106027874500178e+00
8.723947573946386314e+00,3.753305276785658950e+00,5.158006587244289065e+00
8.786042003410386769e+00,3.907307796385536491e+00,4.758104281458825469e+00
8.850472450913715150e+00,4.060347723224661642e+00,4.390672394357810759e+00
8.917207394407894228e+00,4.212396912349065659e+00,4.039715908942801192e+00
8.986214797395764009e+00,4.363428348369029486e+00,3.736880480489942702e+00
9.057462169885777570e+00,4.513416138242805076e+00,3.453711045076077735e+00
9.130916626085911147e+00,4.662335498671577483e+00,3.195408300365453425e+00
9.206544956484583153e+00,4.810162773127011349e+00,2.958841871341892027e+00
9.284313656930850200e+00,4.956875364819216756e+00,2.743030304479728176e+00
9.365184257236998988e+00,5.104234859098172095e+00,2.544644322190305008e+00
9.448178488142874087e+00,5.250408866960412091e+00,2.365707671083054464e+00
9.532786958310659031e+00,5.394582442668582445e+00,2.206370603703303956e+00
9.619426077398090413e+00,5.537544970291726543e+00,2.065240915449123804e+00
9.707462511407131345e+00,5.678336243256227434e+00,1.942751559723234100e+00
9.797434144361806929e+00,5.817898807210567291e+00,1.837726842374189928e+00
9.889306940769786891e+00,5.956217257275294052e+00,1.749936266509156235e+00
9.983046987501511538e+00,6.093277155090965458e+00,1.679127123387790688e+00
1.007862048876279104e+01,6.229064940185677024e+00,1.624837748739872412e+00
1.017599382550805842e+01,6.363567941828588204e+00,1.586462377544102686e+00
1.027513357360679436e+01,6.496774332573746591e+00,1.563113091712596825e+00
1.037600653345932322e+01,6.628673102098860959e+00,1.553705293273170307e+00
1.047857976343835951e+01,6.759254038131494724e+00,1.556965352454519280e+00
1.058282059295925137e+01,6.888507683552568928e+00,1.571466176813652416e+00
1.069123032830248654e+01,7.019446461163651563e+00,1.596476621989963318e+00
1.080131949634367672e+01,7.148976445818846948e+00,1.630294844842733459e+00
1.091165985294688845e+01,7.275511266653516884e+00,1.670928439221933903e+00
1.102357272639684105e+01,7.400657464597675705e+00,1.717504946820994860e+00
1.113577662235651466e+01,7.523062445330269910e+00,1.768344082944128814e+00
1.124945693092969101e+01,7.644097511834062608e+00,1.823008922871540483e+00
1.136458338296568904e+01,7.763757721053933913e+00,1.880704382925291407e+00
1.148112628021919690e+01,7.882038847103919998e+00,1.940783538715366907e+00
1.159905637639060494e+01,7.998937210863951819e+00,2.002670968815321029e+00
1.171834459892444613e+01,8.114449378159614312e+00,2.065916790307759321e+00
1.183896233474673210e+01,8.228572424919407879e+00,2.130128570642392472e+00
1.196088156615773634e+01,8.341304028961531003e+00,2.194979085413479414e+00
1.208407441132398930e+01,8.452642015610717152e+00,2.260205856844136996e+00
1.220851384215529478e+01,8.562584990440173627e+00,2.325569733107803128e+00
1.233649298294272256e+01,8.673112952499824502e+00,2.392081357605857495e+00
1.246570929923768745e+01,8.782192006378647164e+00,2.458365618560499843e+00
1.259881444408712881e+01,8.892006997563045800e+00,2.525614362499815080e+00
1.273315077612989832e+01,9.000312434039367204e+00,2.592334005838575095e+00
1.286355698792931967e+01,9.103108127613676714e+00,2.655949239087919356e+00
1.299505267064659897e+01,9.204506474083412826e+00,2.718891799594536529e+00
1.312761374678804671e+01,9.304508180427738750e+00,2.781080578302580708e+00
1.326121638533174796e+01,9.403114059922634382e+00,2.842453910070160905e+00
1.339583731676473732e+01,9.500325258163645259e+00,2.902956835457533025e+00
1.353145356955146283e+01,9.596143045232169655e+00,2.962540238159266259e+00
1.366804255977896965e+01,9.690568874435280478e+00,3.021161668234034092e+00
1.380558225801386740e+01,9.783604484621660546e+00,3.078751497973356788e+00
1.394405096874182703e+01,9.875251734705511097e+00,3.135281265155052566e+00
1.408342736116032157e+01,9.965512618871143147e+00,3.190711049539972421e+00
1.422389269973982273e+01,1.005451600847700533e+01,3.245085587981046960e+00
1.436522669314038225e+01,1.014213347543252475e+01,3.298316365737219868e+00
1.451689381021831693e+01,1.023405298420325593e+01,3.353781779760844906e+00
1.466950177433995428e+01,1.032440188758796396e+01,3.407831831817711432e+00
1.481548339295364158e+01,1.040886965903290928e+01,3.457966244637124209e+00
1.496227454116309730e+01,1.049192265137763869e+01,3.506794830412926167e+00
1.510756838552150683e+01,1.057231248028272752e+01,3.553556042047094632e+00
1.525360954860178175e+01,1.065133657411255186e+01,3.599010753405089247e+00
1.540037997305978834e+01,1.072899781712192713e+01,3.643116848627933280e+00
1.554786195190389542e+01,1.080529915939380992e+01,3.685876734973926094e+00
1.569603811846992869e+01,1.088024360620715392e+01,3.727257108106188266e+00
1.584489133387812565e+01,1.095383415795638982e+01,3.767258254656357774e+00
1.599440476454279292e+01,1.102607384830846193e+01,3.805842913283314033e+00
1.614456193911868098e+01,1.109696576732972062e+01,3.843006454252074544e+00
1.629534665529685711e+01,1.116651301235230953e+01,3.878757275882297240e+00
1.644674295558158050e+01,1.123471867552023618e+01,3.913041836701013132e+00
1.660076752754667950e+01,1.130246919537026251e+01,3.947311124898071011e+00
1.675538800142988549e+01,1.136884850751955867e+01,3.978865100544543232e+00
1.692207972429757845e+01,1.143860964390937340e+01,4.011486215631832053e+00
1.708942133638543837e+01,1.150679713973568141e+01,4.042282435327510193e+00
1.724563430605600800e+01,1.156880998681604211e+01,4.069443503494914793e+00
1.740237831493744736e+01,1.162946806786375653e+01,4.095115538200971628e+00
1.755774480890108791e+01,1.168806944527304559e+01,4.119007828139639393e+00
1.771360144550785876e+01,1.174535451741059688e+01,4.141439345323952637e+00
1.786993452443753583e+01,1.180132625634276877e+01,4.162405293355741165e+00
1.802673058621394375e+01,1.185598761206294505e+01,4.181924516182894180e+00
1.818397635745499130e+01,1.190934149179707546e+01,4.200010245144913945e+00
1.834165877121932198e+01,1.196139076661481049e+01,4.216675903079922350e+00
1.849976497095027028e+01,1.201213827152043478e+01,4.231934248323272030e+00
1.865828224376082289e+01,1.206158678342229251e+01,4.245806439967315882e+00
1.881719805887436081e+01,1.210973903388767958e+01,4.258316001667552975e+00
1.897650010089835959e+01,1.215659771811934320e+01,4.269502738519392437e+00
1.913890120308597531e+01,1.220293104374628967e+01,4.279515569065796221e+00
1.930167660247157002e+01,1.224793177474045436e+01,4.288247849819553537e+00
1.947827581838573252e+01,1.229514279268095223e+01,4.296227859098959101e+00
1.965528340288345888e+01,1.234079890073320662e+01,4.302659179134325385e+00
1.981975132385739613e+01,1.238174359230181309e+01,4.307401004199807204e+00
1.998454499871957069e+01,1.242135685674485757e+01,4.310990762378582808e+00
2.014630116633241030e+01,1.245887792159113161e+01,4.313431044031655226e+00
2.030834745079803128e+01,1.249512555262563218e+01,4.314852705883191142e+00
2.047067287359297083e+01,1.253010189857919876e+01,4.315306537510351426e+00
2.063326659057524992e+01,1.256380904583801872e+01,4.314843889835612067e+00
2.079611788089517432e+01,1.259624901556390064e+01,4.313537968320014571e+00
2.095921610536676738e+01,1.262742375546881135e+01,4.311440985563206318e+00
2.112255073782008097e+01,1.265733514648906954e+01,4.308627724950102156e+00
2.128611136864850195e+01,1.268598500301221854e+01,4.305156937305830489e+00
2.144988768583516148e+01,1.271337506909203263e+01,4.301109053834502483e+00
2.161386945278211513e+01,1.273950701490136872e+01,4.296557478194679369e+00
2.177959543989492985e+01,1.276461101419124233e+01,4.291504032061218332e+00
2.194551009279859599e+01,1.278843625684268659e+01,4.286133077808884195e+00
2.212695479334139392e+01,1.281300273546811574e+01,4.279910897893274502e+00
2.230859910979113181e+01,1.283604691960471555e+01,4.273361196070516677e+00
2.248065458148693097e+01,1.285645259261436912e+01,4.267058520295133661e+00
2.265286592157334056e+01,1.287549811089031060e+01,4.260706939176309938e+00
2.281804660908169069e+01,1.289247579963634216e+01,4.254658256939732652e+00
2.298335072017336245e+01,1.290820642920571970e+01,4.248730207228510913e+00
2.314876867370444913e+01,1.292269098132192440e+01,4.242973939096563285e+00
2.331429094034215055e+01,1.293593036170138078e+01,4.237454597098659015e+00
2.347990803085006917e+01,1.294792539907990481e+01,4.232244974080284550e+00
2.364561049996403952e+01,1.295867684556784916e+01,4.227394767443721335e+00
2.381138893709918136e+01,1.296818537596978160e+01,4.222970619423164429e+00
2.397723396215018710e+01,1.297645158760510853e+01,4.219010399236079678e+00
2.414313622379684787e+01,1.298347600026140825e+01,4.215572524343545346e+00
2.430908639468231769e+01,1.298925905597429420e+01,4.212684543865264253e+00
2.447526417041483526e+01,1.299380558305625222e+01,4.210375227579437052e+00
2.464147131341411168e+01,1.299710857698119071e+01,4.208714154519591411e+00
2.482072982692434593e+01,1.299927715752591872e+01,4.207626681975642491e+00
2.499999999999978328e+01,1.299999999999999467e+01,4.207239501755930533e+00
2.517927017307521709e+01,1.299927715752592583e+01,4.207625931541108422e+00
2.535852868658543713e+01,1.299710857698119781e+01,4.208712444306765832e+00
2.552473582958475617e+01,1.299380558305625932e+01,4.210369446593723808e+00
2.569091360531724533e+01,1.298925905597430841e+01,4.212673423526154259e+00
2.585686377620278620e+01,1.298347600026142068e+01,4.215549559481582165e+00
2.602276603784936526e+01,1.297645158760512629e+01,4.218974764982276859e+00
2.618861106290038521e+01,1.296818537596980470e+01,4.222919098481833444e+00
2.635438950003552705e+01,1.295867684556787403e+01,4.227326944263174902e+00
2.652009196914950451e+01,1.294792539907993500e+01,4.232162234640308718e+00
2.668570905965740181e+01,1.293593036170141275e+01,4.237356909802204363e+00
2.685123132629511034e+01,1.292269098132195460e+01,4.242865363358997222e+00
2.701664927982620767e+01,1.290820642920575700e+01,4.248610697785943913e+00
2.718195339091787943e+01,1.289247579963638302e+01,4.254533521615000424e+00
2.734713407842621891e+01,1.287549811089035501e+01,4.260577337868554082e+00
2.751934541851264626e+01,1.285645259261441531e+01,4.266925499003190403e+00
2.769140089020844897e+01,1.283604691960476529e+01,4.273224931776537616e+00
2.787304520665821173e+01,1.281300273546816726e+01,4.279771529979690570e+00
2.805448990720103808e+01,1.278843625684273277e+01,4.285988615653788081e+00
2.822040456010470066e+01,1.276461101419128852e+01,4.291358789827214082e+00
2.838613054721751539e+01,1.273950701490142201e+01,4.296410192289271457e+00
2.855011231416446904e+01,1.271337506909208948e+01,4.300957498129141854e+00
2.871388863135110725e+01,1.268598500301227894e+01,4.305000293748872942e+00
2.887744926217953179e+01,1.265733514648913172e+01,4.308459560008194522e+00
2.904078389463285959e+01,1.262742375546887708e+01,4.311260701645660554e+00
2.920388211910445619e+01,1.259624901556396637e+01,4.313342896450275354e+00
2.936673340942438770e+01,1.256380904583808800e+01,4.314632350064070643e+00
2.952932712640665969e+01,1.253010189857927514e+01,4.315076451659067835e+00
2.969165254920159214e+01,1.249512555262571034e+01,4.314604226574648038e+00
2.985369883366722021e+01,1.245887792159121332e+01,4.313169704547665795e+00
3.001545500128006339e+01,1.242135685674493750e+01,4.310717658010959852e+00
3.018024867614226281e+01,1.238174359230189303e+01,4.307119154455914867e+00
3.034471659711620717e+01,1.234079890073328478e+01,4.302374574351937042e+00
3.052172418161389800e+01,1.229514279268104637e+01,4.295939378233147643e+00
3.069832339752801431e+01,1.224793177474055916e+01,4.287952077326393052e+00
3.086109879691360902e+01,1.220293104374639448e+01,4.279219017523942625e+00
3.102349989910122119e+01,1.215659771811945689e+01,4.269200264175644577e+00
3.118280194112522352e+01,1.210973903388779860e+01,4.258007055692903720e+00
3.134171775623875789e+01,1.206158678342240975e+01,4.245484830768303297e+00
3.150023502904931405e+01,1.201213827152055558e+01,4.231596933709075081e+00
3.165834122878026946e+01,1.196139076661493661e+01,4.216321051666181319e+00
3.181602364254458593e+01,1.190934149179720869e+01,4.199644574155423804e+00
3.197326941378561571e+01,1.185598761206308183e+01,4.181545144629186694e+00
3.213006547556204140e+01,1.180132625634290733e+01,4.162018237793462916e+00
3.228639855449172558e+01,1.174535451741073544e+01,4.141044765623356660e+00
3.244225519109849643e+01,1.168806944527319125e+01,4.118625104554799243e+00
3.259762168506213698e+01,1.162946806786389864e+01,4.094750545450718704e+00
3.275436569394357633e+01,1.156880998681618422e+01,4.069100819290980553e+00
3.291057866361414597e+01,1.150679713973583596e+01,4.041975316845872968e+00
3.307792027570200588e+01,1.143860964390953505e+01,4.011175320911751996e+00
3.324461199856969529e+01,1.136884850751972031e+01,3.978582868556912455e+00
3.339923247245290128e+01,1.130246919537042416e+01,3.946677607145542499e+00
3.355325704441800383e+01,1.123471867552040671e+01,3.913316579239966231e+00
3.370465334470273433e+01,1.116651301235248184e+01,3.878937504726025498e+00
3.385543806088091401e+01,1.109696576732988937e+01,3.843135585338186999e+00
3.400559523545680207e+01,1.102607384830863246e+01,3.805917183237710777e+00
3.415510866612148533e+01,1.095383415795656568e+01,3.767289169202407972e+00
3.430396188152968051e+01,1.088024360620733866e+01,3.727271548495917575e+00
3.445213804809570490e+01,1.080529915939400354e+01,3.685871485364114353e+00
3.459962002693980310e+01,1.072899781712212786e+01,3.643110501134461110e+00
3.474639045139781501e+01,1.065133657411275436e+01,3.598999726480785810e+00
3.489243161447808461e+01,1.057231248028293713e+01,3.553561453089816524e+00
3.503772545883647638e+01,1.049192265137785363e+01,3.506815204302777378e+00
3.518451660704593564e+01,1.040886965903313488e+01,3.458016039024120580e+00
3.533049822565961051e+01,1.032440188758820199e+01,3.407916497443271631e+00
3.548310618978124609e+01,1.023405298420350107e+01,3.353875755424936322e+00
3.563477330685917366e+01,1.014213347543277166e+01,3.298413316144114482e+00
3.577610730025975272e+01,1.005451600847725224e+01,3.245159936286276636e+00
3.591657263883926277e+01,9.965512618871391837e+00,3.190767669487723612e+00
3.605594903125776085e+01,9.875251734705761564e+00,3.135323052541540978e+00
3.619441774198572404e+01,9.783604484621911013e+00,3.078784417493942716e+00
3.633195744022062712e+01,9.690568874435530944e+00,3.021190632308037305e+00
3.646854643044814992e+01,9.596143045232421898e+00,2.962577786573811434e+00
3.660416268323487543e+01,9.500325258163901054e+00,2.902994473364258088e+00
3.673878361466785947e+01,9.403114059922890178e+00,2.842481506986468176e+00
3.687238625321158025e+01,9.304508180427999875e+00,2.781097167347397203e+00
3.700494732935302267e+01,9.204506474083681056e+00,2.718896441081557924e+00
3.713644301207030196e+01,9.103108127613950273e+00,2.655948875096276751e+00
3.726684922386971266e+01,9.000312434039647869e+00,2.592328690664824631e+00
3.740118555591247684e+01,8.892006997563337123e+00,2.525613324304940566e+00
3.753429070076192176e+01,8.782192006378950921e+00,2.458369460004940166e+00
3.766350701705689374e+01,8.673112952500131811e+00,2.392091213077504275e+00
3.779148615784431087e+01,8.562584990440482713e+00,2.325586723219855045e+00
3.791592558867562701e+01,8.452642015611028015e+00,2.260220532673089089e+00
3.803911843384187819e+01,8.341304028961859629e+00,2.194992561251459140e+00
3.816103766525288421e+01,8.228572424919741835e+00,2.130132496364832484e+00
3.828165540107517018e+01,8.114449378159946491e+00,2.065911753919493776e+00
3.840094362360902380e+01,7.998937210864285774e+00,2.002655012252365641e+00
3.851887371978043717e+01,7.882038847104260171e+00,1.940755739483793985e+00
3.863541661703393970e+01,7.763757721054281191e+00,1.880678781955794188e+00
3.875054306906994128e+01,7.644097511834418768e+00,1.822988614024272369e+00
3.886422337764312118e+01,7.523062445330628734e+00,1.768341303324295399e+00
3.897642727360280901e+01,7.400657464598037194e+00,1.717527495003997373e+00
3.908834014705278292e+01,7.275511266653858833e+00,1.670987582620717893e+00
3.919868050365600709e+01,7.148976445819166692e+00,1.630407543024032790e+00
3.930876967169721325e+01,7.019446461163973083e+00,1.596639859292993346e+00
3.941717940704046441e+01,6.888507683552883343e+00,1.571706886759882016e+00
3.952142023656136161e+01,6.759254038131815356e+00,1.557274114171987689e+00
3.962399346654039078e+01,6.628673102099182479e+00,1.554105667713099548e+00
3.972486642639292143e+01,6.496774332574069000e+00,1.563595065213494228e+00
3.982400617449167868e+01,6.363567941828907948e+00,1.587046821166303801e+00
3.992137951123695672e+01,6.229064940185993215e+00,1.625522747881391172e+00
4.001695301249823444e+01,6.093277155091277208e+00,1.679927839502417974e+00
4.011069305922997330e+01,5.956217257275612020e+00,1.750845696814608221e+00
4.020256585563795682e+01,5.817898807210889700e+00,1.838759725109771814e+00
4.029253748859263595e+01,5.678336243256550731e+00,1.943902834538067559e+00
4.038057392260167688e+01,5.537544970292048951e+00,2.066527784093941555e+00
4.046721304168910649e+01,5.394582442668907518e+00,2.207785397805651417e+00
4.055182151185690742e+01,5.250408866960747822e+00,2.367278730704728495e+00
4.063481574276277541e+01,5.104234859098517596e+00,2.546369672810141260e+00
4.071568634306892420e+01,4.956875364819568475e+00,2.744956316589255874e+00
4.079345504351520191e+01,4.810162773127354185e+00,2.960982482421639084e+00
4.086908337391389523e+01,4.662335498671916767e+00,3.197795653153721940e+00
4.094253783011402703e+01,4.513416138243153242e+00,3.456685753389477256e+00
4.101378520260403349e+01,4.363428348369390086e+00,3.739331303018976982e+00
4.108279260559190504e+01,4.212396912349426259e+00,4.047608850065008923e+00
4.114952754908610899e+01,4.060347723225016914e+00,4.384002910847463852e+00
4.121395799658943560e+01,3.907307796385897536e+00,4.751287598774136534e+00
4.127605242605343250e+01,3.753305276786024880e+00,5.152972781328326590e+00
4.133577989497484850e+01,3.598369436899873541e+00,5.593033124465627282e+00
4.139311011024941678e+01,3.442530660814454357e+00,6.076479549585434015e+00
4.144854305150340679e+01,3.284269902276959474e+00,6.614618254550080678e+00
4.150147136606077680e+01,3.125154017302302023e+00,7.210761517908734319e+00
4.155139763823380150e+01,2.966747033905149600e+00,7.867022730976458433e+00
4.159881155379141404e+01,2.807570028454090760e+00,8.600076927910411229e+00
4.164367681336449323e+01,2.647696485518265863e+00,9.423284562570461986e+00
4.168597984728252470e+01,2.487125976191189469e+00,1.035490616121371943e+01
4.172569677633203611e+01,2.325896323492655515e+00,1.141694651533951266e+01
4.176280489016370012e+01,2.164046338317372253e+00,1.264077078642519680e+01
4.179728272225420227e+01,2.001615733271481457e+00,1.406325820022750328e+01
4.182911010970503440e+01,1.838645076872515771e+00,1.574843937227868551e+01
4.185826824788680511e+01,1.675175758280897043e+00,1.774679235632050833e+01
4.188473974331466820e+01,1.511249949315509378e+00,2.025082660463716167e+01
4.190850866906507832e+01,1.346910530493279134e+00,2.318852954203244821e+01
4.192956061241762455e+01,1.182201032838149590e+00,2.755018847528224413e+01
4.194875090302505782e+01,1.008670778691007630e+00,3.193250028986414790e+01
4.196491035710403850e+01,8.348321034744718983e-01,4.354720899210089158e+01
4.197946260693996123e+01,6.388153475265642145e-01,4.813083455177363135e+01
4.199014668635418701e+01,4.425497542931046691e-01,1.052304882812357789e+02
4.199753598637256857e+01,2.213297047621008706e-01,1.217965278505186859e+02
4.199999999999997868e+01,-4.274210568013811913e-17,8.510195667860133426e+02
