x,y,stress
5.999999999999997335e+00,6.845643726858591066e-16,8.730150696041946503e+02
6.002945720476511760e+00,2.112994548365484115e-01,1.267722447974480389e+02
6.011776473015252087e+00,4.224348682078871153e-01,1.082123628969532376e+02
6.024548674375178159e+00,6.098080311744435988e-01,4.948918421940069123e+01
6.041932418707390617e+00,7.968097677727135064e-01,4.379487973564556569e+01
6.061436691814507505e+00,9.642330127612966928e-01,3.166669030789781303e+01
6.084605613806604474e+00,1.131188611901274843e+00,2.701319884509751290e+01
6.110836251863829283e+00,1.294273533962274625e+00,2.502613395841195754e+01
6.140523512068306822e+00,1.456764820133868321e+00,2.624555474758687268e+01
6.173630462451037637e+00,1.618594038793965906e+00,1.719278342787623259e+01
6.210116595577953369e+00,1.779695075927605563e+00,1.128739531032322496e+01
6.249938080052035438e+00,1.940004306281382984e+00,7.879160857266331419e+00
6.293048021170023709e+00,2.099460729658741087e+00,8.944390399713247675e+00
6.339396733677404860e+00,2.258006098416282192e+00,8.281362410805220620e+00
6.388932016300652883e+00,2.415585007332487599e+00,7.965524785905448546e+00
6.441599427985223336e+00,2.572144961108144390e+00,7.365311350851894368e+00
6.497342568568453380e+00,2.727636435069738852e+00,6.809615196259937164e+00
6.556191545710857049e+00,2.882238029416206881e+00,6.246533118032441934e+00
6.618007221571814647e+00,3.035677590786881375e+00,5.718725372528570716e+00
6.682631948868954730e+00,3.187692739633270822e+00,5.232562246024537345e+00
6.750092325711848140e+00,3.338470988248063431e+00,4.775541758822487104e+00
6.820326058797076207e+00,3.487977601162712826e+00,4.377690511694134479e+00
6.893270390792852531e+00,3.636180673992866819e+00,4.029302539845658337e+00
6.968862295718284194e+00,3.783051035617465363e+00,3.367183814080641380e+00
7.047038708648448058e+00,3.928562234960061961e+00,3.519849044644341785e+00
7.127736699710976787e+00,4.072690430809717377e+00,2.981843341774176093e+00
7.210893557620852157e+00,4.215414151558123379e+00,2.744138440855217187e+00
7.296446984865972318e+00,4.356714285903938944e+00,2.487686115546296151e+00
7.384335329611599441e+00,4.496574129527076913e+00,2.267055716651926289e+00
7.474534771425394020e+00,4.635035153975713307e+00,2.066513950726112547e+00
7.566949676734636476e+00,4.772027486382617312e+00,1.886674733211390675e+00
7.662591471648343422e+00,4.909049316719888090e+00,1.724515775393879125e+00
7.760377438777713799e+00,5.044549349482291056e+00,1.581381904289882456e+00
7.859090620323034848e+00,5.176991632177652569e+00,1.458037655125496102e+00
7.959784818966791242e+00,5.307934161612399393e+00,1.352405781745368518e+00
8.062404922297995213e+00,5.437372906698961117e+00,1.264242984466727338e+00
8.166897032890000574e+00,5.565305268923948390e+00,1.193316647272451014e+00
8.273208455568324737e+00,5.691729925721479511e+00,1.139187839125530344e+00
8.381287701250339950e+00,5.816646714749807323e+00,1.101232933960041738e+00
8.491084565647241789e+00,5.940056616246240928e+00,1.078428688543349834e+00
8.602550047445193471e+00,6.061961561364724638e+00,1.069499379631195124e+00
8.715636375548966086e+00,6.182364381531921360e+00,1.072839434711738482e+00
8.830297143909447755e+00,6.301268872480027206e+00,1.086763471742052234e+00
8.947579979577465537e+00,6.419769685089408817e+00,1.109780698568322954e+00
9.066375560259688271e+00,6.536753995235636161e+00,1.140152544119904965e+00
9.189128312493275885e+00,6.654586749105043886e+00,1.177150040761382632e+00
9.313365574850161366e+00,6.770853303524915212e+00,1.218898090660285094e+00
9.435350779946197974e+00,6.882231332780052391e+00,1.262872566274544583e+00
9.558654462820729947e+00,6.992147972891462615e+00,1.309370245198488991e+00
9.683238658839545820e+00,7.100611024892209855e+00,1.357708733428861558e+00
9.809066620225257438e+00,7.207628730008097229e+00,1.407345272465798880e+00
9.936101938540119249e+00,7.313209016303608756e+00,1.457839133604361681e+00
1.006431069319440041e+01,7.417361274911407953e+00,1.508852456540908715e+00
1.019366068010590176e+01,7.520095607034789076e+00,1.560084122235928961e+00
1.032411799472493286e+01,7.621420131602166137e+00,1.611415736487459727e+00
1.045565038002680858e+01,7.721343724108753470e+00,1.662271504067735606e+00
1.058822791203721891e+01,7.819876450658226119e+00,1.713828663848911082e+00
1.072213556632633846e+01,7.917254301539494499e+00,1.764718747361035289e+00
1.085703450872210851e+01,8.013254239193217998e+00,1.814605111725859921e+00
1.100204831816550488e+01,8.114188219172994820e+00,1.867474687755974028e+00
1.114812594113965005e+01,8.213576398429728087e+00,1.919661101362360567e+00
1.128748014821477241e+01,8.306326911609554386e+00,1.968417121534704384e+00
1.142773429743771985e+01,8.397710895829076705e+00,2.016473038367153414e+00
1.156698978426220847e+01,8.486556104902630793e+00,2.063169326420088545e+00
1.170707296257897490e+01,8.574090499888969319e+00,2.109128006715990988e+00
1.184796083267160327e+01,8.660323874029305813e+00,2.154311852703086672e+00
1.198963101509091622e+01,8.745265919693052226e+00,2.198761104806113309e+00
1.213206179389804618e+01,8.828926260959564232e+00,2.242305440347567735e+00
1.227523218983844444e+01,8.911314498910622106e+00,2.285432063393762814e+00
1.241912183750122800e+01,8.992440141491959693e+00,2.327680014996663438e+00
1.256371091149626196e+01,9.072312567872259592e+00,2.368728774464571085e+00
1.270898018962409637e+01,9.150941070086146212e+00,2.409144165080062017e+00
1.285491103531200174e+01,9.228334847041603339e+00,2.448710032361610445e+00
1.300348033916936963e+01,9.305529037034423467e+00,2.487979089584066106e+00
1.315269239871557971e+01,9.381473399344102404e+00,2.526400621177194772e+00
1.331564897394054547e+01,9.462644959808361733e+00,2.567169546553684345e+00
1.347932235505557763e+01,9.542361315486955320e+00,2.606867565037095158e+00
1.363271044286950229e+01,9.615459742842430657e+00,2.642963102196414393e+00
1.378668729266981430e+01,9.687309717245272012e+00,2.678149087563775232e+00
1.393692482914072173e+01,9.755970536164209506e+00,2.711443731259221668e+00
1.408768855208261961e+01,9.823468151693116823e+00,2.743911961310812941e+00
1.423896420846294930e+01,9.889810595060712473e+00,2.775936639855556720e+00
1.439073786041083558e+01,9.955005726863580762e+00,2.806423841364681149e+00
1.454299595212515328e+01,1.001906127291631243e+01,2.836223315614229801e+00
1.469572534166801070e+01,1.008198484149800755e+01,2.865164916900831305e+00
1.484891324139526070e+01,1.014378390188462120e+01,2.893574723590651043e+00
1.500254712948073532e+01,1.020446575406592338e+01,2.920586695319937309e+00
1.515661479604371031e+01,1.026403755374887083e+01,2.946895327882598004e+00
1.531110443058374493e+01,1.032250634987144622e+01,2.972312568981920755e+00
1.546663202874226606e+01,1.038010894774964754e+01,2.996963616070525749e+00
1.562256196407164843e+01,1.043661337529103506e+01,3.020754523300033245e+00
1.579304944936735922e+01,1.049698767822685319e+01,3.045659960914237629e+00
1.596398811904411197e+01,1.055607247449876596e+01,3.069500674566333576e+00
1.613643041356073837e+01,1.061423119879009747e+01,3.092439953226503668e+00
1.630930208598045894e+01,1.067110095991196417e+01,3.114294766510735890e+00
1.646749878207163675e+01,1.072190458686503156e+01,3.133356671192917720e+00
1.662603254718527168e+01,1.077164642110422044e+01,3.151566900960713014e+00
1.678396504735503569e+01,1.082005100199907943e+01,3.168815196379195953e+00
1.694221198654964411e+01,1.086741750630783265e+01,3.185220151138708822e+00
1.710076431870182034e+01,1.091375138230983133e+01,3.200792468016131931e+00
1.725961325648313149e+01,1.095905796454381864e+01,3.215539987680906986e+00
1.741875016392161868e+01,1.100334244520726656e+01,3.229471972974124139e+00
1.757816659967841133e+01,1.104660989006106675e+01,3.242600718996842879e+00
1.773785434583867371e+01,1.108886524842446342e+01,3.254939154974310966e+00
1.789780524431328246e+01,1.113011331273758664e+01,3.266501226918415046e+00
1.805801129297060470e+01,1.117035874876457591e+01,3.277295250442870067e+00
1.821846476738761211e+01,1.120960612778813470e+01,3.287354533918374511e+00
1.838307455273078972e+01,1.124877917143711592e+01,3.296885512793967798e+00
1.854792790328373897e+01,1.128691423015863293e+01,3.305718095827145042e+00
1.873154988335140914e+01,1.132811333459705416e+01,3.314684390753771748e+00
1.891545272500053443e+01,1.136804007183197029e+01,3.322720475532603412e+00
1.909223326569856027e+01,1.140517378813790472e+01,3.329662671415370312e+00
1.926925392375659385e+01,1.144114544889561991e+01,3.335830778586041490e+00
1.943193589473392535e+01,1.147314331719133662e+01,3.340862828193254419e+00
1.959480591735202992e+01,1.150416981824845308e+01,3.345324339371786415e+00
1.975725208671029520e+01,1.153411867366770061e+01,3.349206218179807237e+00
1.991987185857267306e+01,1.156311009280319269e+01,3.352554838593939213e+00
2.008265885814418539e+01,1.159114726642136084e+01,3.355389886668797228e+00
2.024560682232762687e+01,1.161823327663037375e+01,3.357744584774462471e+00
2.040870958095337784e+01,1.164437109499571044e+01,3.359643768298591127e+00
2.057196102730373255e+01,1.166956357952507695e+01,3.361123290075929582e+00
2.073535514760961362e+01,1.169381348109362229e+01,3.362244010827371010e+00
2.089888600861831236e+01,1.171712344279162821e+01,3.362991315389900038e+00
2.106254774822496145e+01,1.173949599995032855e+01,3.363393742171093770e+00
2.122633458187224775e+01,1.176093358234553499e+01,3.363501490955325135e+00
2.139508836020207738e+01,1.178203056138909410e+01,3.363295251176262823e+00
2.156396250579692619e+01,1.180214134670840487e+01,3.362861268444666596e+00
2.175263698498452314e+01,1.182343173516728996e+01,3.362091927846837525e+00
2.194144549809326250e+01,1.184349877037010224e+01,3.361041276674688660e+00
2.212392897942623904e+01,1.186172211805906507e+01,3.359864095771824211e+00
2.230652235530572725e+01,1.187880927764856054e+01,3.358519208976074477e+00
2.247248283823495996e+01,1.189334861572615942e+01,3.357212138728507878e+00
2.263852251321647913e+01,1.190695379445375579e+01,3.355863777571536311e+00
2.280322745694327580e+01,1.191952278050957936e+01,3.354486138589892086e+00
2.296799971323029510e+01,1.193117617969675415e+01,3.353099258651562220e+00
2.313283410401231777e+01,1.194191523803580601e+01,3.351727730188962084e+00
2.329772545126797567e+01,1.195174110056905370e+01,3.350392199087991685e+00
2.346266860892649930e+01,1.196065481442626854e+01,3.349119621741699415e+00
2.362765848579604011e+01,1.196865733028917766e+01,3.347923759978639779e+00
2.379269001165134512e+01,1.197574950068651667e+01,3.346831233968873054e+00
2.395775811656867660e+01,1.198193207975158892e+01,3.345850217913404201e+00
2.412285775417766231e+01,1.198720572482226920e+01,3.344996570934277269e+00
2.428798390647333960e+01,1.199157099671348625e+01,3.344287792905080270e+00
2.445637361018877698e+01,1.199508714416022848e+01,3.343714467857512584e+00
2.462478037147045740e+01,1.199765977563504116e+01,3.343332162481376102e+00
2.481238653659390181e+01,1.199941496393856433e+01,3.343102437594557497e+00
2.500000000000001776e+01,1.199999999999999112e+01,3.343058075327184575e+00
2.518761346340614082e+01,1.199941496393856077e+01,3.343251200309972138e+00
2.537521962852958524e+01,1.199765977563504116e+01,3.343629475616195279e+00
2.554362638981129763e+01,1.199508714416022670e+01,3.344144406847739059e+00
2.571201609352668882e+01,1.199157099671348625e+01,3.344849818421572252e+00
2.587714224582237321e+01,1.198720572482226920e+01,3.345686871559300446e+00
2.604224188343136603e+01,1.198193207975158536e+01,3.346668215463242557e+00
2.620730998834869041e+01,1.197574950068651312e+01,3.347776351226089631e+00
2.637234151420397765e+01,1.196865733028917411e+01,3.348994679445932210e+00
2.653733139107353622e+01,1.196065481442626677e+01,3.350310335784473015e+00
2.670227454873206696e+01,1.195174110056905015e+01,3.351701129357558262e+00
2.686716589598771776e+01,1.194191523803580246e+01,3.353146655282164268e+00
2.703200028676972977e+01,1.193117617969674704e+01,3.354625978226802197e+00
2.719677254305675262e+01,1.191952278050957226e+01,3.356119119650702309e+00
2.736147748678355640e+01,1.190695379445375046e+01,3.357601879320111671e+00
2.752751716176507202e+01,1.189334861572615765e+01,3.359058029952184832e+00
2.769347764469429762e+01,1.187880927764855876e+01,3.360471979727038150e+00
2.787607102057383557e+01,1.186172211805905619e+01,3.361935910930034854e+00
2.805855450190684408e+01,1.184349877037008802e+01,3.363230246423538183e+00
2.824736301501557278e+01,1.182343173516728108e+01,3.364398579938771672e+00
2.843603749420315907e+01,1.180214134670839066e+01,3.365280575674726826e+00
2.860491163979802209e+01,1.178203056138907456e+01,3.365817256068521335e+00
2.877366541812785883e+01,1.176093358234551722e+01,3.366124228434656196e+00
2.893745225177514868e+01,1.173949599995031079e+01,3.366125706936811568e+00
2.910111399138179067e+01,1.171712344279160867e+01,3.365830975170629902e+00
2.926464485239050006e+01,1.169381348109360275e+01,3.365197485577922532e+00
2.942803897269638114e+01,1.166956357952505741e+01,3.364195322150031586e+00
2.959129041904672874e+01,1.164437109499569090e+01,3.362794974099210688e+00
2.975439317767247260e+01,1.161823327663035244e+01,3.360967345937250883e+00
2.991734114185592830e+01,1.159114726642133775e+01,3.358686534299140547e+00
3.008012814142744773e+01,1.156311009280316782e+01,3.355922366301535398e+00
3.024274791328982914e+01,1.153411867366767751e+01,3.352649866873520956e+00
3.040519408264809087e+01,1.150416981824842289e+01,3.348842057969343422e+00
3.056806410526622031e+01,1.147314331719129932e+01,3.344457449410429106e+00
3.073074607624358734e+01,1.144114544889558083e+01,3.339503758091855179e+00
3.090776673430164578e+01,1.140517378813785854e+01,3.333423354733858091e+00
3.108454727499968229e+01,1.136804007183191700e+01,3.326570482951218821e+00
3.126845011664880047e+01,1.132811333459699732e+01,3.318624852009397053e+00
3.145207209671646709e+01,1.128691423015858142e+01,3.309757962676383780e+00
3.161692544726939147e+01,1.124877917143706973e+01,3.300995156526722596e+00
3.178153523261253000e+01,1.120960612778809384e+01,3.291515716440878592e+00
3.194198870702954807e+01,1.117035874876453327e+01,3.281505880467723735e+00
3.210219475568685965e+01,1.113011331273754223e+01,3.270757143161852731e+00
3.226214565416147195e+01,1.108886524842441546e+01,3.259243585092987505e+00
3.242183340032173078e+01,1.104660989006101524e+01,3.246951080205407347e+00
3.258124983607852698e+01,1.100334244520721150e+01,3.233870540073093380e+00
3.274038674351702838e+01,1.095905796454376535e+01,3.219984470063271598e+00
3.289923568129833598e+01,1.091375138230977981e+01,3.205286462723783814e+00
3.305778801345051221e+01,1.086741750630777936e+01,3.189761659422913009e+00
3.321603495264513128e+01,1.082005100199901904e+01,3.173404985346003571e+00
3.337396745281489530e+01,1.077164642110415649e+01,3.156204212391986452e+00
3.353250121792854088e+01,1.072190458686496761e+01,3.138041490620311347e+00
3.369069791401970804e+01,1.067110095991189667e+01,3.119030320346930729e+00
3.386356958643946768e+01,1.061423119879001753e+01,3.097219009126642497e+00
3.403601188095611718e+01,1.055607247449867536e+01,3.074322020873216044e+00
3.420695055063286816e+01,1.049698767822676437e+01,3.050527607172957012e+00
3.437743803592856295e+01,1.043661337529094624e+01,3.025662267471636468e+00
3.453336797125795954e+01,1.038010894774955162e+01,3.001913136532430748e+00
3.468889556941649488e+01,1.032250634987134674e+01,2.977300977871012666e+00
3.484338520395652239e+01,1.026403755374877313e+01,2.951894421940129742e+00
3.499745287051949560e+01,1.020446575406581857e+01,2.925603549124272451e+00
3.515108675860496845e+01,1.014378390188451462e+01,2.898427958719698605e+00
3.530427465833222556e+01,1.008198484149790097e+01,2.870363818631477493e+00
3.545700404787506699e+01,1.001906127291620940e+01,2.841416445856649542e+00
3.560926213958937581e+01,9.955005726863474180e+00,2.811581601999238789e+00
3.576103579153727452e+01,9.889810595060604115e+00,2.780865777002846873e+00
3.591231144791760954e+01,9.823468151693004913e+00,2.749265234958525816e+00
3.606307517085949854e+01,9.755970536164101148e+00,2.716785860369042460e+00
3.621331270733038821e+01,9.687309717245160101e+00,2.683432759200344186e+00
3.636728955713068956e+01,9.615459742842324076e+00,2.648213454853483917e+00
3.652067764494460533e+01,9.542361315486854068e+00,2.612078022202782179e+00
3.668435102605964460e+01,9.462644959808253375e+00,2.572360760047169403e+00
3.684730760128461213e+01,9.381473399343986941e+00,2.531560775253438145e+00
3.699651966083080623e+01,9.305529037034320439e+00,2.493107258504212442e+00
3.714508896468814214e+01,9.228334847041512745e+00,2.453796389373474440e+00
3.729101981037603508e+01,9.150941070086060947e+00,2.414152845116016799e+00
3.743628908850385528e+01,9.072312567872174327e+00,2.373671669937554629e+00
3.758087816249889102e+01,8.992440141491872652e+00,2.332356593977720660e+00
3.772476781016167280e+01,8.911314498910538617e+00,2.290214242919752952e+00
3.786793820610206751e+01,8.828926260959480743e+00,2.247256547922140246e+00
3.801036898490919214e+01,8.745265919692963408e+00,2.203490499745127451e+00
3.815203916732851752e+01,8.660323874029216995e+00,2.158929144931901245e+00
3.829292703742113702e+01,8.574090499888882277e+00,2.113584990852761081e+00
3.843301021573788745e+01,8.486556104902556186e+00,2.067475672908265949e+00
3.857226570256236187e+01,8.397710895829002098e+00,2.020620407588741951e+00
3.871251985178530930e+01,8.306326911609478003e+00,1.972399108171909443e+00
3.885187405886043877e+01,8.213576398429649927e+00,1.923465966469787292e+00
3.899795168183457861e+01,8.114188219172916661e+00,1.871104424136960764e+00
3.914296549127795544e+01,8.013254239193148720e+00,1.818027889625811522e+00
3.927786443367372726e+01,7.917254301539425221e+00,1.767691528850824589e+00
3.941177208796285214e+01,7.819876450658156841e+00,1.716873577515050986e+00
3.954434961997325360e+01,7.721343724108684192e+00,1.665770572741252620e+00
3.967588200527512754e+01,7.621420131602091530e+00,1.614370141011609805e+00
3.980633931989415686e+01,7.520095607034714469e+00,1.562806839877153520e+00
3.993568930680567064e+01,7.417361274911330682e+00,1.511251682683711461e+00
4.006389806145994470e+01,7.313209016303529708e+00,1.459921202004532459e+00
4.019093337977481184e+01,7.207628730008018181e+00,1.409089055547346092e+00
4.031676134116052168e+01,7.100611024892132583e+00,1.359098434753135187e+00
4.044134553717933045e+01,6.992147972891388896e+00,1.310396987358007248e+00
4.056464922005385887e+01,6.882231332779974231e+00,1.263536900482773229e+00
4.068663442514989725e+01,6.770853303524827282e+00,1.219209507615627963e+00
4.081087168750678273e+01,6.654586749104955068e+00,1.177126468748550980e+00
4.093362443974037035e+01,6.536753995235553560e+00,1.139855882209274585e+00
4.105242002042258065e+01,6.419769685089332434e+00,1.109315975122838971e+00
4.116970285609058777e+01,6.301268872479956151e+00,1.086272068213262720e+00
4.128436362445107477e+01,6.182364381531848530e+00,1.072517251278602313e+00
4.139744995255484383e+01,6.061961561364654472e+00,1.069601968347115850e+00
4.150891543435278663e+01,5.940056616246178756e+00,1.079285356727516021e+00
4.161871229874968492e+01,5.816646714749745151e+00,1.103215935324223018e+00
4.172679154443169836e+01,5.691729925721419114e+00,1.142714013154287667e+00
4.183310296711001541e+01,5.565305268923891546e+00,1.198842159911863048e+00
4.193759507770202788e+01,5.437372906698900721e+00,1.272252788896349074e+00
4.204021518103322563e+01,5.307934161612336332e+00,1.363425708193207742e+00
4.214090937967699091e+01,5.176991632177593949e+00,1.472617306691650141e+00
4.223962256122229775e+01,5.044549349482237766e+00,1.600157929229338194e+00
4.233740852835168056e+01,4.909049316719814371e+00,1.748199982745331837e+00
4.243305032326540527e+01,4.772027486382518724e+00,1.916112782209575593e+00
4.252546522857465305e+01,4.635035153975596955e+00,2.102447848883701731e+00
4.261566467038846184e+01,4.496574129526940133e+00,2.310121230079926757e+00
4.270355301513407653e+01,4.356714285903820816e+00,2.540452918058293097e+00
4.278910644237917182e+01,4.215414151558015909e+00,2.795414503972034836e+00
4.287226330028904187e+01,4.072690430809625006e+00,3.077106456834531212e+00
4.295296129135157059e+01,3.928562234959986466e+00,3.388331222410367438e+00
4.303113770428173979e+01,3.783051035617365887e+00,3.732146225688690144e+00
4.310672960920716434e+01,3.636180673992746470e+00,4.112494798708905108e+00
4.317967394120297087e+01,3.487977601162574270e+00,4.533678637993067362e+00
4.324990767428820249e+01,3.338470988247898230e+00,5.001320007628287101e+00
4.331736805113109057e+01,3.187692739633112282e+00,5.521652446299421868e+00
4.338199277842820578e+01,3.035677590786725499e+00,6.102761051629737032e+00
4.344380845428916160e+01,2.882238029416066105e+00,6.754798087304806131e+00
4.350265743143156527e+01,2.727636435069624277e+00,7.489285929118233653e+00
4.355840057201479709e+01,2.572144961108015604e+00,8.319274658899178831e+00
4.361106798369934978e+01,2.415585007332346823e+00,9.265048921256482828e+00
4.366060326632260313e+01,2.258006098416140084e+00,1.034984369084506994e+01
4.370695197882999850e+01,2.099460729658600311e+00,1.160703795146004502e+01
4.375006191994798144e+01,1.940004306281227775e+00,1.307584771663413292e+01
4.378988340442204930e+01,1.779695075927427705e+00,1.482439124221037474e+01
4.382636953754896325e+01,1.618594038793783163e+00,1.690883020929029001e+01
4.385947648793170828e+01,1.456764820133676919e+00,1.953226654576719667e+01
4.388916374813617693e+01,1.294273533962108980e+00,2.264128141387848103e+01
4.391539438619339109e+01,1.131188611901128738e+00,2.726337740960121181e+01
4.393856330818548628e+01,9.642330127611609125e-01,3.189259925940499230e+01
4.395806758129259606e+01,7.968097677725830552e-01,4.387644358334935646e+01
4.397545132562481029e+01,6.098080311743546700e-01,4.909368209713681352e+01
4.398822352698470439e+01,4.224348682078308270e-01,1.071824880871454297e+02
4.399705427952344650e+01,2.112994548365197678e-01,1.266546043770207888e+02
4.399999999999997868e+01,-4.116946942495040338e-17,8.716410917809856755e+02
