x,y,stress
7.999999999999995559e+00,5.663216116868965175e-16,1.011661363029441077e+03
8.003212571155346566e+00,1.944000607570222361e-01,1.521901913232787820e+02
8.012839915958695158e+00,3.885881992992060718e-01,1.253191536859733617e+02
8.026779400600004166e+00,5.610736384090522222e-01,5.876971855871430250e+01
8.045741008511340553e+00,7.330795001016369161e-01,5.190886541259737186e+01
8.068695162256156905e+00,8.980787820406549438e-01,3.762212016655187341e+01
8.096207515581925307e+00,1.062379591179507088e+00,3.186022889607774999e+01
8.128216620132233672e+00,1.225863946855442199e+00,2.636216490293866954e+01
8.164652513919262944e+00,1.388419108333600160e+00,2.264512605546449109e+01
8.205437498267249552e+00,1.549938091786585703e+00,1.941830902024709005e+01
8.250486963460945233e+00,1.710320093759382543e+00,1.709678576312108333e+01
8.299710247370946092e+00,1.869470825912729950e+00,1.511065025921149463e+01
8.353011501881388412e+00,2.027302735616035356e+00,1.346802340385162111e+01
8.410290556204893520e+00,2.183735139463395480e+00,1.202105448837382973e+01
8.471443751201551464e+00,2.338694245029083962e+00,1.083790820145554434e+01
8.536364746687958416e+00,2.492113112751467519e+00,9.798078109389775747e+00
8.604945297082041478e+00,2.643931570258644559e+00,8.895950306328218815e+00
8.677075952072504705e+00,2.794096007692700834e+00,8.074049895287760847e+00
8.752646704798344501e+00,2.942559139757243258e+00,7.376510788745467728e+00
8.831547583937915391e+00,3.089279737643939594e+00,6.748433604029283828e+00
8.913669213104112643e+00,3.234222379414206205e+00,6.189673441936572651e+00
8.998903250137145093e+00,3.377357067556606474e+00,5.689412161035948046e+00
9.087142800022148137e+00,3.518658900957130076e+00,5.241765583927949557e+00
9.178282786032465168e+00,3.658107760574250467e+00,4.840032720247505971e+00
9.272220191201752115e+00,3.795687877806801946e+00,4.479501470098880667e+00
9.368854334627524594e+00,3.931387544302569204e+00,4.155953804198785129e+00
9.468087098542566693e+00,4.065198813285325841e+00,3.865797062080770452e+00
9.569823062046587836e+00,4.197117138118763080e+00,3.605912904148329545e+00
9.673969546912303485e+00,4.327140970617284310e+00,3.373830872535691583e+00
9.780436771906087401e+00,4.455271561556615190e+00,3.167277462790920151e+00
9.889137898374917413e+00,4.581512667264093785e+00,2.984365732176605945e+00
9.999989011099966518e+00,4.705870232810800857e+00,2.823297317757484048e+00
1.011290918712149711e+01,4.828352220559462893e+00,2.682585517210555714e+00
1.022782040588490204e+01,4.948968297615087053e+00,2.560743587431139279e+00
1.034464757130239398e+01,5.067729683893944070e+00,2.456464574607916784e+00
1.046331843589214294e+01,5.184648923982933866e+00,2.368390045386593812e+00
1.058376353172192275e+01,5.299739697554042728e+00,2.295302182460888130e+00
1.070607037450928445e+01,5.413157616826673291e+00,2.235843497493902543e+00
1.083002468329875256e+01,5.524772757514297972e+00,2.188924572899061616e+00
1.095540636733184137e+01,5.634464807368403605e+00,2.153330777984155731e+00
1.108231080736902996e+01,5.742391612525194589e+00,2.127849686888962477e+00
1.121068157795676612e+01,5.848570566066777943e+00,2.111327882559229874e+00
1.134046423332746834e+01,5.953019141520195845e+00,2.102700172102666798e+00
1.147160674392626589e+01,6.055755245616865068e+00,2.100940948893421201e+00
1.160405919909713646e+01,6.156796960209166336e+00,2.105123799901004400e+00
1.173777371034654493e+01,6.256162466198330385e+00,2.114369910821656706e+00
1.187270446878319596e+01,6.353870085577205451e+00,2.127929672148393792e+00
1.200880766530740651e+01,6.449938218180665039e+00,2.145042010080397521e+00
1.214604098804350762e+01,6.544384997022520523e+00,2.165162668196544349e+00
1.228440608741248674e+01,6.637256474792024186e+00,2.187548700142057267e+00
1.242382274738694825e+01,6.728541842960988006e+00,2.212046780063615881e+00
1.256662554440150004e+01,6.819755539735613326e+00,2.238234692077625265e+00
1.271043958913172922e+01,6.909366415141970030e+00,2.267205130745570507e+00
1.285278135155865087e+01,6.995922665885075276e+00,2.295593123071169916e+00
1.299603297366459209e+01,7.080964678054254335e+00,2.324125672920670738e+00
1.314016299403698973e+01,7.164509467799138775e+00,2.353312477121171309e+00
1.328514112388342383e+01,7.246573740274995679e+00,2.382753540627848388e+00
1.343093832308831281e+01,7.327173955322865417e+00,2.412258968201636211e+00
1.357752665024730909e+01,7.406326262783204051e+00,2.441682659477252493e+00
1.372487924353720246e+01,7.484046514014884188e+00,2.470880039914838289e+00
1.387297031789779744e+01,7.560350279632047865e+00,2.499767318204328959e+00
1.402177506515616123e+01,7.635252815984845398e+00,2.528189145450621567e+00
1.417126958673174819e+01,7.708769051511144887e+00,2.556128698550925726e+00
1.432230305607645882e+01,7.781327751907389789e+00,2.583559433659977422e+00
1.447398854055130890e+01,7.852513377983067144e+00,2.610686630485660409e+00
1.463200628208256227e+01,7.924922500035288309e+00,2.638186587851533371e+00
1.479067901656998352e+01,7.995884864122910329e+00,2.664487984303922197e+00
1.494335029646124191e+01,8.062553811205606991e+00,2.689125503895468672e+00
1.509658359763576385e+01,8.127920684770364446e+00,2.712996335631488343e+00
1.525036059690850898e+01,8.191998195337763633e+00,2.736099778397603988e+00
1.540466352224745350e+01,8.254798706699961741e+00,2.758418400718077645e+00
1.555947520184585997e+01,8.316334273957872725e+00,2.779898356694484818e+00
1.571477914954679456e+01,8.376616690693554190e+00,2.800701380244048799e+00
1.587055943709348504e+01,8.435657449890213044e+00,2.821207113020852475e+00
1.602680055504083967e+01,8.493467706130466865e+00,2.840130064616448458e+00
1.618348748756067579e+01,8.550058319839966003e+00,2.858483882362644835e+00
1.634060583386822429e+01,8.605439912143344472e+00,2.876005037609379311e+00
1.649815669271290020e+01,8.659627927356645216e+00,2.892731862302825085e+00
1.665611146773166595e+01,8.712627040791492306e+00,2.908692857703261581e+00
1.682431884876359973e+01,8.767631523425226447e+00,2.924783830462498013e+00
1.699295185739335423e+01,8.821316978349594606e+00,2.939995084460224284e+00
1.715620666801667582e+01,8.871924266783844715e+00,2.953912595734114799e+00
1.731983179312140209e+01,8.921321148962425340e+00,2.967028807462447126e+00
1.747966040370193497e+01,8.968312003521571540e+00,2.979080481168407513e+00
1.763981766926542250e+01,9.014170237580982459e+00,2.990415172074701200e+00
1.780029266630607410e+01,9.058904016242015800e+00,3.001038518427678436e+00
1.796107473750394945e+01,9.102521251342402309e+00,3.010977628955094243e+00
1.812215352664103563e+01,9.145029619611147353e+00,3.020250396794691206e+00
1.828351896378601182e+01,9.186436565862097225e+00,3.028877559025974442e+00
1.844516121009052867e+01,9.226749296139216128e+00,3.036879100892369454e+00
1.860707073192874361e+01,9.265974803362722056e+00,3.044273846044502463e+00
1.876923823596606411e+01,9.304119856889617068e+00,3.051085995776520399e+00
1.893165460452176774e+01,9.341190994231892475e+00,3.057337691285237025e+00
1.909549569889438558e+01,9.377452693385709637e+00,3.063078744880134430e+00
1.925957143986893527e+01,9.412637458542764790e+00,3.068314944645720299e+00
1.943758710499405851e+01,9.449548473961854711e+00,3.073407670685479154e+00
1.961585730765989766e+01,9.485209894172731637e+00,3.077902660325221973e+00
1.978380576679318281e+01,9.517627385303955023e+00,3.081661149954886270e+00
1.995196172991856542e+01,9.548950731752521293e+00,3.084977198167925927e+00
2.011592941183474181e+01,9.578411685227463224e+00,3.087808179172355505e+00
2.028007844961375739e+01,9.606844816128562670e+00,3.090266867754239311e+00
2.044440144939065007e+01,9.634254807225556050e+00,3.092377940272665438e+00
2.060889112640373355e+01,9.660646149957027973e+00,3.094158146533104503e+00
2.077354035154734646e+01,9.686023156141807533e+00,3.095638686699494713e+00
2.093834211051783001e+01,9.710389954873685170e+00,3.096834989687849760e+00
2.110328950496707634e+01,9.733750496387143514e+00,3.097774440547800268e+00
2.126837577238183030e+01,9.756108557980727625e+00,3.098475381718244659e+00
2.143359423930020924e+01,9.777467740434698129e+00,3.098960744432971204e+00
2.159893835165078357e+01,9.797831475070648111e+00,3.099255190618298794e+00
2.176554121593884972e+01,9.817332958958969513e+00,3.099365547307748159e+00
2.193225839974638447e+01,9.835831702766492768e+00,3.099343795334088103e+00
2.211423430278072289e+01,9.854869984005084405e+00,3.099156797109130945e+00
2.229633037127321060e+01,9.872722382667555863e+00,3.098808542689559076e+00
2.246989228477535860e+01,9.888628171314026716e+00,3.098383563715962463e+00
2.264354895052837691e+01,9.903463768797093891e+00,3.097882294402996450e+00
2.280961997746990377e+01,9.916646299325050151e+00,3.097353429988543017e+00
2.297576540033576720e+01,9.928855474477034093e+00,3.096799891668100102e+00
2.314197935735499811e+01,9.940093210933344636e+00,3.096230694185047483e+00
2.330825603500745302e+01,9.950361269665288333e+00,3.095657097565047255e+00
2.347458965691606991e+01,9.959661256680584884e+00,3.095099532304098400e+00
2.364097450829657276e+01,9.967994625584161383e+00,3.094563094619796395e+00
2.380740490690811484e+01,9.975362676826984298e+00,3.094064446505311317e+00
2.397387519336051653e+01,9.981766558416017787e+00,3.093607691400997339e+00
2.414037974385050234e+01,9.987207267389880627e+00,3.093208038403234994e+00
2.430691295641713623e+01,9.991685649980871275e+00,3.092868116383533650e+00
2.447364696038040321e+01,9.995205640977408379e+00,3.092592098051467175e+00
2.464039851508272250e+01,9.997762496600119064e+00,3.092403321340576827e+00
2.482019577678586231e+01,9.999440649430981765e+00,3.092284800153426882e+00
2.499999999999988987e+01,9.999999999999994671e+00,3.092237126788188295e+00
2.517980422321394585e+01,9.999440649430985317e+00,3.092290089398977315e+00
2.535960148491711053e+01,9.997762496600120841e+00,3.092413987985700885e+00
2.552635303961950797e+01,9.995205640977408379e+00,3.092606763753270815e+00
2.569308704358272522e+01,9.991685649980874828e+00,3.092886386337598825e+00
2.585962025614933779e+01,9.987207267389885956e+00,3.093225748906887063e+00
2.602612480663931649e+01,9.981766558416023116e+00,3.093624302647506319e+00
2.619259509309172884e+01,9.975362676826987851e+00,3.094074541143468693e+00
2.635902549170327447e+01,9.967994625584168489e+00,3.094566187402516544e+00
2.652541034308375245e+01,9.959661256680593766e+00,3.095090118035700222e+00
2.669174396499235513e+01,9.950361269665297215e+00,3.095634237071992700e+00
2.685802064264482070e+01,9.940093210933353518e+00,3.096190755476334378e+00
2.702423459966406583e+01,9.928855474477044751e+00,3.096741965940808861e+00
2.719038002252991859e+01,9.916646299325062586e+00,3.097274661789593431e+00
2.735645104947143125e+01,9.903463768797106326e+00,3.097781925688299243e+00
2.753010771522444244e+01,9.888628171314039150e+00,3.098263942668064708e+00
2.770366962872658689e+01,9.872722382667573626e+00,3.098669429897784600e+00
2.788576569721904974e+01,9.854869984005105721e+00,3.099005073278183531e+00
2.806774160025337395e+01,9.835831702766515861e+00,3.099177832870243954e+00
2.823445878406093357e+01,9.817332958958989053e+00,3.099198857226320492e+00
2.840106164834902813e+01,9.797831475070669427e+00,3.099089192232166390e+00
2.856640576069959891e+01,9.777467740434721222e+00,3.098804502789789250e+00
2.873162422761796719e+01,9.756108557980748941e+00,3.098330205808782267e+00
2.889671049503273181e+01,9.733750496387164830e+00,3.097643492201085813e+00
2.906165788948198880e+01,9.710389954873708263e+00,3.096718205776588295e+00
2.922645964845247235e+01,9.686023156141832402e+00,3.095532075366105751e+00
2.939110887359608526e+01,9.660646149957049289e+00,3.094061303290751130e+00
2.955559855060917229e+01,9.634254807225577366e+00,3.092284582033814733e+00
2.971992155038607919e+01,9.606844816128587539e+00,3.090176233908006775e+00
2.988407058816508055e+01,9.578411685227491645e+00,3.087714571804119679e+00
3.004803827008124628e+01,9.548950731752551491e+00,3.084880088164851042e+00
3.021619423320663955e+01,9.517627385303981669e+00,3.081556243767630043e+00
3.038414269233994602e+01,9.485209894172758283e+00,3.077790407179870957e+00
3.056241289500578873e+01,9.449548473961881356e+00,3.073285680868143910e+00
3.074042856013091907e+01,9.412637458542789659e+00,3.068181824610606068e+00
3.090450430110546520e+01,9.377452693385734506e+00,3.062940198606415976e+00
3.106834539547808305e+01,9.341190994231920897e+00,3.057192199334649363e+00
3.123076176403378312e+01,9.304119856889647266e+00,3.050936174882726615e+00
3.139292926807109296e+01,9.265974803362754031e+00,3.044119293572228990e+00
3.155483878990930791e+01,9.226749296139248102e+00,3.036719461470074766e+00
3.171648103621383896e+01,9.186436565862130976e+00,3.028712374244991068e+00
3.187784647335879740e+01,9.145029619611184657e+00,3.020081513345415747e+00
3.203892526249586581e+01,9.102521251342437836e+00,3.010803495417200715e+00
3.219970733369373761e+01,9.058904016242056656e+00,3.000862942552134704e+00
3.236018233073439632e+01,9.014170237581025091e+00,2.990238108475690826e+00
3.252033959629787319e+01,8.968312003521617726e+00,2.978914322041033014e+00
3.268016820687839896e+01,8.921321148962471526e+00,2.966878229124359834e+00
3.284379333198314299e+01,8.871924266783885571e+00,2.953774846241913998e+00
3.300704814260648590e+01,8.821316978349633686e+00,2.939885401851161983e+00
3.317568115123625461e+01,8.767631523425263751e+00,2.924677224252276275e+00
3.334388853226818128e+01,8.712627040791527833e+00,2.908575340503541717e+00
3.350184330728696125e+01,8.659627927356680743e+00,2.892603037295454538e+00
3.365939416613163360e+01,8.605439912143381775e+00,2.875857081423791151e+00
3.381651251243918210e+01,8.550058319840006860e+00,2.858312039380957792e+00
3.397319944495902178e+01,8.493467706130504169e+00,2.839964369197763183e+00
3.412944056290638883e+01,8.435657449890245019e+00,2.820811926327174035e+00
3.428522085045309353e+01,8.376616690693586165e+00,2.800851370716036293e+00
3.444052479815402279e+01,8.316334273957908252e+00,2.780087612333772551e+00
3.459533647775241860e+01,8.254798706699997268e+00,2.758520959418508500e+00
3.474963940309136490e+01,8.191998195337800936e+00,2.736162258883990450e+00
3.490341640236411536e+01,8.127920684770403525e+00,2.713019008270486587e+00
3.505664970353863197e+01,8.062553811205647847e+00,2.689107659270645989e+00
3.520932098342989747e+01,7.995884864122947633e+00,2.664451733502106290e+00
3.536799371791730096e+01,7.924922500035335382e+00,2.637967210348554747e+00
3.552601145944854721e+01,7.852513377983123988e+00,2.610712250193643946e+00
3.567769694392340085e+01,7.781327751907444856e+00,2.583758369683195166e+00
3.582873041326810437e+01,7.708769051511199955e+00,2.556192935695243307e+00
3.597822493484369488e+01,7.635252815984898689e+00,2.528226128258271643e+00
3.612702968210206222e+01,7.560350279632106485e+00,2.499766389218279095e+00
3.627512075646265544e+01,7.484046514014945473e+00,2.470889756430052486e+00
3.642247334975254347e+01,7.406326262783262671e+00,2.441681614561634017e+00
3.656906167691155218e+01,7.327173955322918708e+00,2.412248462683802330e+00
3.671485887611645893e+01,7.246573740275047193e+00,2.382710065745819783e+00
3.685983700596289481e+01,7.164509467799190290e+00,2.353210817097916241e+00
3.700396702633528889e+01,7.080964678054305850e+00,2.323916138953786348e+00
3.714721864844123189e+01,6.995922665885125014e+00,2.295021146479762297e+00
3.728956041086816242e+01,6.909366415142021545e+00,2.266751390551333234e+00
3.743337445559837562e+01,6.819755539735671945e+00,2.238917412650404781e+00
3.757617725261290786e+01,6.728541842961054620e+00,2.212334145736444491e+00
3.771559391258739424e+01,6.637256474792082805e+00,2.187759929545022075e+00
3.785395901195638402e+01,6.544384997022578254e+00,2.165165544589933599e+00
3.799119233469247092e+01,6.449938218180730765e+00,2.145026826377408380e+00
3.812729553121667436e+01,6.353870085577272953e+00,2.127884321088246100e+00
3.826222628965333428e+01,6.256162466198394334e+00,2.114339451669116965e+00
3.839594080090275696e+01,6.156796960209228509e+00,2.105101381645499536e+00
3.852839325607362042e+01,6.055755245616931681e+00,2.100932106921211684e+00
3.865953576667241975e+01,5.953019141520258017e+00,2.102704836491514406e+00
3.878931842204311664e+01,5.848570566066844556e+00,2.111334150726008829e+00
3.891768919263086701e+01,5.742391612525261202e+00,2.127862118135344538e+00
3.904459363266804672e+01,5.634464807368474659e+00,2.153346038694030185e+00
3.916997531670112664e+01,5.524772757514376131e+00,2.188947824710535617e+00
3.929392962549059121e+01,5.413157616826751450e+00,2.235872680596463713e+00
3.941623646827797245e+01,5.299739697554117335e+00,2.295349277318752268e+00
3.953668156410775225e+01,5.184648923983011137e+00,2.368467489926932235e+00
3.965535242869749055e+01,5.067729683894025783e+00,2.456588166951417129e+00
3.977217959411497361e+01,4.948968297615174095e+00,2.560915622417220483e+00
3.988709081287839098e+01,4.828352220559555263e+00,2.682829973634673237e+00
4.000001098889991624e+01,4.705870232810901221e+00,2.823622283297701152e+00
4.011086210162496002e+01,4.581512667264193261e+00,2.984798998947860049e+00
4.021956322809379714e+01,4.455271561556712889e+00,3.167821625022597676e+00
4.032603045308758993e+01,4.327140970617379345e+00,3.374523635506309294e+00
4.043017693795331269e+01,4.197117138118851010e+00,3.606749413060181819e+00
4.053191290145734627e+01,4.065198813285400448e+00,3.866826951545602853e+00
4.063114566537239369e+01,3.931387544302633597e+00,4.157202137245067597e+00
4.072777980879818216e+01,3.795687877806859678e+00,4.481030900127837668e+00
4.082171721396746022e+01,3.658107760574318856e+00,4.841718814578026553e+00
4.091285719997776482e+01,3.518658900957205571e+00,5.243615583353685494e+00
4.100109674986278208e+01,3.377357067556672199e+00,5.691566348577143053e+00
4.108633078689582874e+01,3.234222379414263937e+00,6.191798131107566050e+00
4.116845241606203132e+01,3.089279737643992885e+00,6.751385616850916094e+00
4.124735329520159155e+01,2.942559139757290776e+00,7.379512982439826452e+00
4.132292404792744378e+01,2.794096007692742134e+00,8.086921518341810611e+00
4.139505470291791767e+01,2.643931570258675645e+00,8.887723338602725676e+00
4.146363525331199895e+01,2.492113112751493276e+00,9.798836199484322051e+00
4.152855624879840946e+01,2.338694245029103946e+00,1.084326038859235730e+01
4.158970944379506562e+01,2.183735139463415020e+00,1.204924721784386499e+01
4.164698849811858139e+01,2.027302735616054896e+00,1.345737878232852403e+01
4.170028975262902549e+01,1.869470825912745937e+00,1.511645220295084258e+01
4.174951303653901391e+01,1.710320093759388982e+00,1.711072456020633581e+01
4.179456250173272025e+01,1.549938091786596361e+00,1.951675884629389657e+01
4.183534748608070686e+01,1.388419108333618146e+00,2.258026391498950858e+01
4.187178337986772902e+01,1.225863946855469511e+00,2.628379865012183814e+01
4.190379248441804094e+01,1.062379591179541949e+00,3.182526804030899115e+01
4.193130483774380934e+01,8.980787820406822552e-01,3.755531725248740571e+01
4.195425899148862925e+01,7.330795001016574552e-01,5.192715452780355179e+01
4.197322059939997274e+01,5.610736384090687645e-01,5.854109865897765985e+01
4.198716008404127109e+01,3.885881992992188394e-01,1.256230889356807836e+02
4.199678742884461968e+01,1.944000607570297301e-01,1.520922894867623256e+02
4.199999999999997868e+01,-3.784153340999556663e-17,1.012154328686785789e+03
