x,y,stress
5.999999999999997335e+00,3.405897668639913817e-13,7.330092594746571422e+02
6.002440406608666734e+00,2.404067219530422461e-01,9.733013717745083682e+01
6.009759485106503263e+00,4.807144007357708193e-01,8.963723580862625795e+01
6.020339964219261653e+00,6.938862583958955721e-01,3.885362048105749722e+01
6.034753087676691941e+00,9.068333227841663957e-01,3.597345466206049736e+01
6.050749115598311079e+00,1.095603726863404459e+00,2.581268746120302993e+01
6.069748303537672030e+00,1.284095561540550934e+00,2.231544251500011455e+01
6.089327767885984066e+00,1.452819437842458372e+00,1.874692286566256172e+01
6.111304785181922661e+00,1.621247803856115999e+00,1.639744417570051382e+01
6.135154994909029824e+00,1.785960297200140712e+00,1.437095679502086654e+01
6.161288266234919320e+00,1.950326024115092816e+00,1.274223775990895291e+01
6.189693993824779916e+00,2.114314286502316786e+00,1.134792615696308715e+01
6.220360733249880703e+00,2.277894814315503780e+00,1.015914717652351840e+01
6.253276218348528204e+00,2.441037752873466804e+00,9.125434146012672443e+00
6.288427376039120276e+00,2.603713646649608471e+00,8.223277619183676279e+00
6.325800359695198161e+00,2.765893509816077511e+00,7.427869415239108264e+00
6.365380582361191308e+00,2.927548874500982112e+00,6.722259439692859218e+00
6.407152734422854934e+00,3.088651767185714547e+00,6.092533602757642441e+00
6.451100813725986427e+00,3.249174738573778143e+00,5.527254455495528518e+00
6.497687949080916958e+00,3.410713515550876984e+00,5.012751971423073272e+00
6.546460641152664017e+00,3.571605920206704976e+00,4.547103101318040963e+00
6.599935035135914063e+00,3.739606868244157667e+00,4.105146054481186191e+00
6.655770638299092212e+00,3.906837905368271358e+00,3.704818747463837880e+00
6.710658436042877817e+00,4.064063391161842453e+00,3.360965928398798930e+00
6.767613011052092453e+00,4.220552061859801363e+00,3.043213900337802258e+00
6.826578055740657902e+00,4.376186926634120233e+00,2.739319531371864791e+00
6.887566786391300155e+00,4.531039974542917292e+00,2.475358622921078222e+00
6.950558267867173790e+00,4.685089202220343196e+00,2.228106910328434775e+00
7.015531191785545850e+00,4.838313269031208286e+00,1.999793185008508667e+00
7.082463895123112252e+00,4.990691469293889959e+00,1.781693021357880102e+00
7.151334384345769735e+00,5.142203721954145657e+00,1.587350642465891193e+00
7.222120378538748220e+00,5.292830601994126027e+00,1.405113186883767629e+00
7.294799324718810318e+00,5.442553309410559592e+00,1.237147987939304361e+00
7.369348433620949379e+00,5.591353683886569392e+00,1.082355936381947492e+00
7.445744710582339110e+00,5.739214207228386933e+00,9.408165086294976165e-01
7.527828796805370537e+00,5.893262862098898047e+00,8.074252076025050240e-01
7.611892327468706476e+00,6.046240356263969495e+00,6.911796812285776470e-01
7.697294730045104671e+00,6.197061189555637561e+00,5.956973740339414070e-01
7.784595407853419857e+00,6.346791250698004205e+00,5.247872837686050618e-01
7.870186669150577963e+00,6.489526279572371159e+00,4.845316932116600639e-01
7.957479872599564352e+00,6.631226856590764385e+00,4.743201542615770316e-01
8.046451234649348194e+00,6.771879786386283406e+00,4.926869686034536788e-01
8.137076993070900599e+00,6.911472501872775176e+00,5.340647624399281757e-01
8.229333399530636584e+00,7.049993005944908298e+00,5.917177280403992379e-01
8.323196676886693623e+00,7.187429769859338791e+00,6.599676414995034879e-01
8.418643093359476026e+00,7.323771810525526504e+00,7.347709954715706537e-01
8.515649019427149469e+00,7.459008732420895349e+00,8.135196873864327660e-01
8.614190890572595904e+00,7.593130636151536272e+00,8.945900316622604764e-01
8.714245209485762089e+00,7.726128090583546104e+00,9.769597448821237817e-01
8.815968512039516369e+00,7.858223118470418100e+00,1.060139471261588362e+00
8.919162737178746525e+00,7.989172279263463849e+00,1.143591472922580454e+00
9.031972240681968245e+00,8.128975930240834202e+00,1.233501473307186957e+00
9.146433536547570853e+00,8.267430480631954737e+00,1.323269321223858430e+00
9.258166624930405320e+00,8.399446533688552208e+00,1.409481586725836566e+00
9.371378772304058913e+00,8.530196431259946976e+00,1.495415120374361972e+00
9.481694906003946599e+00,8.654814133937190235e+00,1.577845795338840507e+00
9.593335038208380183e+00,8.778247135379631416e+00,1.660004347392945112e+00
9.706276996241719246e+00,8.900489926129175444e+00,1.741890773737693854e+00
9.820498979710080789e+00,9.021537552891087941e+00,1.823526974655421462e+00
9.935979374562968758e+00,9.141385388769903031e+00,1.904923716409537615e+00
1.005269664330753621e+01,9.260029006804584739e+00,1.986096547385744815e+00
1.017062954139244724e+01,9.377464389714312176e+00,2.067064643609063168e+00
1.028975702258412461e+01,9.493687813695554922e+00,2.147833206601049927e+00
1.041005828026170832e+01,9.608695873747187477e+00,2.228424316820440065e+00
1.053151272688338125e+01,9.722485447967466499e+00,2.308830098189307733e+00
1.065437702609533055e+01,9.835305536741250521e+00,2.389242723557204240e+00
1.077835900958787008e+01,9.946896214977215323e+00,2.469488791659968374e+00
1.091398395416580058e+01,1.006645979057538121e+01,2.556248545102726144e+00
1.105087334674455768e+01,1.018457360464906181e+01,2.642775001593484774e+00
1.118688248541028507e+01,1.029946365475927550e+01,2.727770927576127935e+00
1.132407023300249094e+01,1.041294376525034870e+01,2.812521407179115585e+00
1.145338565342103898e+01,1.051777007619631199e+01,2.891553839423441907e+00
1.158369261738918432e+01,1.062136125059456582e+01,2.970361546321496959e+00
1.171494479992809090e+01,1.072369478520428210e+01,3.048899268778362703e+00
1.184715159601385182e+01,1.082479203307241811e+01,3.127177434292784053e+00
1.198029509917670943e+01,1.092465241451955649e+01,3.205181679443298126e+00
1.211435766397571534e+01,1.102327553329145360e+01,3.282894766283492860e+00
1.224932185814486196e+01,1.112066113312365978e+01,3.360322174405800055e+00
1.238517050665620189e+01,1.121680912306960387e+01,3.437375905977019919e+00
1.252188664932954865e+01,1.131171954002760138e+01,3.514043861907039989e+00
1.265945357095784551e+01,1.140539256385277689e+01,3.590289778386817066e+00
1.279785478382332542e+01,1.149782849879381352e+01,3.666082983836584486e+00
1.293707401648415711e+01,1.158902776057233019e+01,3.741420720174722270e+00
1.308464404436381479e+01,1.168379157633911625e+01,3.820237587134875490e+00
1.323308608202897219e+01,1.177718353646114657e+01,3.898469548899249126e+00
1.339256717555693044e+01,1.187541376749437205e+01,3.981307821361525612e+00
1.355300026588977147e+01,1.197208136693929781e+01,4.063293891392107504e+00
1.369948657353562105e+01,1.205850686115598691e+01,4.137006998186551598e+00
1.384672419470392235e+01,1.214364609716414201e+01,4.209965715599647496e+00
1.399151422068052675e+01,1.222571414683764246e+01,4.280555651896908564e+00
1.413699420036706123e+01,1.230655283687312540e+01,4.350318765402216847e+00
1.428314984310246949e+01,1.238616337867279249e+01,4.419186789884776978e+00
1.442996710741805444e+01,1.246454706942683544e+01,4.487113056979225689e+00
1.457743215147266014e+01,1.254170526060462976e+01,4.554038088274948493e+00
1.472553126114218713e+01,1.261763931832416930e+01,4.619902187145465966e+00
1.487425091924004938e+01,1.269235065833626130e+01,4.684647282178424632e+00
1.502357783569485150e+01,1.276584075762477077e+01,4.748202315453489142e+00
1.517349889578027877e+01,1.283811112509596519e+01,4.810510843115128665e+00
1.532400112952968385e+01,1.290916328529118040e+01,4.871499682470187942e+00
1.547648379800469520e+01,1.297964460167012923e+01,4.931652426883418983e+00
1.562953255030019406e+01,1.304888809319139042e+01,4.990376312986906981e+00
1.579895719756788885e+01,1.312381719279322922e+01,5.053347335461321421e+00
1.596903783808571298e+01,1.319724511111687271e+01,5.114293165795869456e+00
1.613950987498178691e+01,1.326907092685012479e+01,5.173032777743228117e+00
1.631060301794909506e+01,1.333940443128424569e+01,5.229613096641051229e+00
1.646640658982837024e+01,1.340194731888944091e+01,5.279757679805917370e+00
1.662269657391749078e+01,1.346326459199653769e+01,5.326805106585685401e+00
1.677809896164566794e+01,1.352284178672847759e+01,5.371809006225396921e+00
1.693395651209616304e+01,1.358121788968569810e+01,5.414736169429021473e+00
1.709025807671749320e+01,1.363839456814369377e+01,5.456502149177041794e+00
1.724699261325733346e+01,1.369437347345010636e+01,5.494772749769223807e+00
1.740414920209184402e+01,1.374915624684750881e+01,5.531253648403802181e+00
1.756171709843087569e+01,1.380274453640502941e+01,5.565352660514149896e+00
1.771968566554383173e+01,1.385513997227091565e+01,5.597102616318277768e+00
1.787804437647601574e+01,1.390634416708505938e+01,5.626437682046972810e+00
1.803678283557779238e+01,1.395635872236689856e+01,5.653299087464943362e+00
1.819589074974999576e+01,1.400518521852747078e+01,5.677680513247794103e+00
1.835900684978361141e+01,1.405390022316290555e+01,5.699933776560438758e+00
1.852248807269544173e+01,1.410137552740386013e+01,5.719594483549126807e+00
1.870513043578999302e+01,1.415283502458497722e+01,5.738217221855562933e+00
1.888819862485728507e+01,1.420275848991314582e+01,5.753350537483497895e+00
1.906637760269099147e+01,1.424977311190170859e+01,5.764842170621903072e+00
1.924493152108084359e+01,1.429534308367433226e+01,5.773051840814489744e+00
1.940768958897712082e+01,1.433554794182297520e+01,5.777800026308328896e+00
1.957073765949459343e+01,1.437456007743496755e+01,5.779988727365240386e+00
1.973287757667412379e+01,1.441211015574139509e+01,5.779616256095226667e+00
1.989528463594153962e+01,1.444848746856669308e+01,5.776762073957852017e+00
2.005794967612212076e+01,1.448369330320374537e+01,5.771490549414414417e+00
2.022086359270350187e+01,1.451772890941496108e+01,5.763873928968759053e+00
2.038401734664759957e+01,1.455059550164872562e+01,5.753991027742438646e+00
2.054740201262275434e+01,1.458229426826935615e+01,5.741949514665905419e+00
2.071100871929790799e+01,1.461282635881828185e+01,5.727873599183913811e+00
2.087482865303095636e+01,1.464219288497589133e+01,5.711913784845682684e+00
2.103885307217753464e+01,1.467039492305725545e+01,5.694317526741135005e+00
2.120307329101681049e+01,1.469743351090399663e+01,5.675097946192752651e+00
2.137165302079876383e+01,1.472395085546308202e+01,5.653828051258315668e+00
2.154042030694393262e+01,1.474924707014521807e+01,5.631338018759865172e+00
2.172915928445961953e+01,1.477606249284250062e+01,5.604759788421574740e+00
2.191810815529413148e+01,1.480135663262167967e+01,5.576955333786859370e+00
2.210281518926772648e+01,1.482459045309346735e+01,5.549099261336571942e+00
2.228769865904357061e+01,1.484637581553614538e+01,5.520701045620485914e+00
2.245501149609185987e+01,1.486482793480954534e+01,5.494941397965639851e+00
2.262245053526742922e+01,1.488209740565705452e+01,5.469365398150908497e+00
2.278811932811149177e+01,1.489801027596708316e+01,5.444439136677609703e+00
2.295389499157514024e+01,1.491276825772999892e+01,5.420107919596034662e+00
2.311976937259594678e+01,1.492637191709146727e+01,5.396605961067391100e+00
2.328573434192636427e+01,1.493882177657115662e+01,5.374154483783299519e+00
2.345178180288938208e+01,1.495011831572711536e+01,5.352990894804676714e+00
2.361790367846308314e+01,1.496026197012659686e+01,5.333312338395811203e+00
2.378409191395391886e+01,1.496925313156732429e+01,5.315337177239939592e+00
2.395033847951185280e+01,1.497709214810133105e+01,5.299233621682204465e+00
2.411663535869596231e+01,1.498377932336329366e+01,5.285184541300846028e+00
2.428297455325547460e+01,1.498931491678023065e+01,5.273343273828342781e+00
2.445251398886561134e+01,1.499377140212944681e+01,5.263647304291627194e+00
2.462208063064257502e+01,1.499703246858317840e+01,5.256545441847947586e+00
2.481103448971676428e+01,1.499925812644476864e+01,5.251671265268432975e+00
2.499999999999997513e+01,1.499999999999999467e+01,5.249994957019258557e+00
2.518896551028321440e+01,1.499925812644476686e+01,5.251676506225457786e+00
2.537791936935742143e+01,1.499703246858317662e+01,5.256556312181380974e+00
2.554748601113440998e+01,1.499377140212944326e+01,5.263662213611472573e+00
2.571702544674455027e+01,1.498931491678022887e+01,5.273359198886929278e+00
2.588336464130409453e+01,1.498377932336329188e+01,5.285179912436691829e+00
2.604966152048817207e+01,1.497709214810132750e+01,5.299205950087884531e+00
2.621590808604618061e+01,1.496925313156732074e+01,5.315267728295563820e+00
2.638209632153693818e+01,1.496026197012659509e+01,5.333198388470484552e+00
2.654821819711062858e+01,1.495011831572711358e+01,5.352822166903774104e+00
2.671426565807365705e+01,1.493882177657115307e+01,5.373929653163660447e+00
2.688023062740407099e+01,1.492637191709146194e+01,5.396334723280454604e+00
2.704610500842489174e+01,1.491276825772999537e+01,5.419789789406035396e+00
2.721188067188853665e+01,1.489801027596707605e+01,5.444099146145138235e+00
2.737754946473259565e+01,1.488209740565704919e+01,5.469006460671619330e+00
2.754498850390815079e+01,1.486482793480953823e+01,5.494577867848546404e+00
2.771230134095644004e+01,1.484637581553614361e+01,5.520339926564353128e+00
2.789718481073225576e+01,1.482459045309346557e+01,5.548730720035425001e+00
2.808189184470582589e+01,1.480135663262168322e+01,5.576582085167564706e+00
2.827084071554036271e+01,1.477606249284250239e+01,5.604383811186533393e+00
2.845957969305606738e+01,1.474924707014521630e+01,5.630954207898195563e+00
2.862834697920123261e+01,1.472395085546307847e+01,5.653495997108174187e+00
2.879692670898321083e+01,1.469743351090399130e+01,5.674817469518756319e+00
2.896114692782249733e+01,1.467039492305724657e+01,5.694097324500613233e+00
2.912517134696906851e+01,1.464219288497588245e+01,5.711795405198742515e+00
2.928899128070210978e+01,1.461282635881827474e+01,5.727717871018874973e+00
2.945259798737726697e+01,1.458229426826934727e+01,5.741729351352040212e+00
2.961598265335242175e+01,1.455059550164871851e+01,5.753710230279594384e+00
2.977913640729651945e+01,1.451772890941495220e+01,5.763535336048247082e+00
2.994205032387788634e+01,1.448369330320374182e+01,5.771117701741252937e+00
3.010471536405845328e+01,1.444848746856668775e+01,5.776353903446797666e+00
3.026712242332586911e+01,1.441211015574138798e+01,5.779186802348366570e+00
3.042926234050540302e+01,1.437456007743496222e+01,5.779538632198170767e+00
3.059231041102286142e+01,1.433554794182297520e+01,5.777337554504573980e+00
3.075506847891913509e+01,1.429534308367433049e+01,5.772586789598790347e+00
3.093362239730896945e+01,1.424977311190171569e+01,5.764364414629054245e+00
3.111180137514265454e+01,1.420275848991315648e+01,5.752863039256202349e+00
3.129486956420996790e+01,1.415283502458497900e+01,5.737724782571806514e+00
3.147751192730454406e+01,1.410137552740385658e+01,5.719078569894191055e+00
3.164099315021638503e+01,1.405390022316289844e+01,5.699417960371610192e+00
3.180410925025001490e+01,1.400518521852746368e+01,5.677155671367103196e+00
3.196321716442220406e+01,1.395635872236688968e+01,5.652780644162255008e+00
3.212195562352397360e+01,1.390634416708505228e+01,5.625917813567529180e+00
3.228031433445615761e+01,1.385513997227091210e+01,5.596583419921664415e+00
3.243828290156911009e+01,1.380274453640502585e+01,5.564825185498397886e+00
3.259585079790814177e+01,1.374915624684750171e+01,5.530701989066405311e+00
3.275300738674264522e+01,1.369437347345010103e+01,5.494259288049485157e+00
3.290974192328248193e+01,1.363839456814369377e+01,5.455564949904979422e+00
3.306604348790381920e+01,1.358121788968569277e+01,5.414675868124063207e+00
3.322190103835431785e+01,1.352284178672847403e+01,5.371664260606469732e+00
3.337730342608249856e+01,1.346326459199653058e+01,5.326594603397039940e+00
3.353359341017160489e+01,1.340194731888943558e+01,5.279109714512480345e+00
3.368939698205087296e+01,1.333940443128424391e+01,5.229715092692696743e+00
3.386049012501816691e+01,1.326907092685012834e+01,5.173149768871009080e+00
3.403096216191423196e+01,1.319724511111688336e+01,5.114348671893621301e+00
3.420104280243207029e+01,1.312381719279322922e+01,5.053408299904075918e+00
3.437046744969979528e+01,1.304888809319138332e+01,4.990443601918136629e+00
3.452351620199529947e+01,1.297964460167011858e+01,4.931684559623213282e+00
3.467599887047030194e+01,1.290916328529117330e+01,4.871495456122854506e+00
3.482650110421971590e+01,1.283811112509595453e+01,4.810466733768332226e+00
3.497642216430515560e+01,1.276584075762475479e+01,4.748128956636239906e+00
3.512574908075995950e+01,1.269235065833624354e+01,4.684549123201473542e+00
3.527446873885781997e+01,1.261763931832415153e+01,4.619784483575989142e+00
3.542256784852734341e+01,1.254170526060461555e+01,4.553906686800663906e+00
3.557003289258194911e+01,1.246454706942681945e+01,4.486968662396021656e+00
3.571685015689752873e+01,1.238616337867277828e+01,4.419034360638523395e+00
3.586300579963293700e+01,1.230655283687310941e+01,4.350156566460204211e+00
3.600848577931946437e+01,1.222571414683763535e+01,4.280392348394000734e+00
3.615327580529606877e+01,1.214364609716413312e+01,4.209798760389733552e+00
3.630051342646434165e+01,1.205850686115598691e+01,4.136844503834692155e+00
3.644699973411017169e+01,1.197208136693931380e+01,4.063140614167701337e+00
3.660743282444301627e+01,1.187541376749437916e+01,3.981171038544667251e+00
3.676691391797098873e+01,1.177718353646115190e+01,3.898354498696019466e+00
3.691535595563616567e+01,1.168379157633910914e+01,3.820130062593218412e+00
3.706292598351586065e+01,1.158902776057230000e+01,3.741307259428946708e+00
3.720214521617669590e+01,1.149782849879378155e+01,3.665968649000713508e+00
3.734054642904217758e+01,1.140539256385274136e+01,3.590170625595725529e+00
3.747811335067047622e+01,1.131171954002756408e+01,3.513934246416326790e+00
3.761482949334383363e+01,1.121680912306955769e+01,3.437287431283428063e+00
3.775067814185517534e+01,1.112066113312361537e+01,3.360262468301634442e+00
3.788564233602432552e+01,1.102327553329140386e+01,3.282884426147702150e+00
3.801970490082333498e+01,1.092465241451950497e+01,3.205181727792894453e+00
3.815284840398619082e+01,1.082479203307236126e+01,3.127173991480667770e+00
3.828505520007195173e+01,1.072369478520421993e+01,3.048884089978149969e+00
3.841630738261086009e+01,1.062136125059450542e+01,2.970332895394174333e+00
3.854661434657902674e+01,1.051777007619623916e+01,2.891517190098327195e+00
3.867592976699757656e+01,1.041294376525027410e+01,2.812478988128961355e+00
3.881311751458977000e+01,1.029946365475921155e+01,2.727725351499584061e+00
3.894912665325547607e+01,1.018457360464900852e+01,2.642728199998175320e+00
3.908601604583420652e+01,1.006645979057535101e+01,2.556197992179256140e+00
3.922164099041210505e+01,9.946896214977204664e+00,2.469437812816833944e+00
3.934562297390465346e+01,9.835305536741234533e+00,2.389180883780221532e+00
3.946848727311660809e+01,9.722485447967452288e+00,2.308756631358965805e+00
3.958994171973828458e+01,9.608695873747175042e+00,2.228332937591850804e+00
3.971024297741585940e+01,9.493687813695547817e+00,2.147720752483031070e+00
3.982937045860753500e+01,9.377464389714305071e+00,2.066921507539304592e+00
3.994730335669244425e+01,9.260029006804575857e+00,1.985921943150658731e+00
4.006402062543701703e+01,9.141385388769892373e+00,1.904713077132917487e+00
4.017950102028990500e+01,9.021537552891071954e+00,1.823276456028284809e+00
4.029372300375826654e+01,8.900489926129159457e+00,1.741607577894443759e+00
4.040666496179161271e+01,8.778247135379613653e+00,1.659688684402895964e+00
4.051830509399604807e+01,8.654814133937170695e+00,1.577507077912165601e+00
4.062862122769593753e+01,8.530196431259923884e+00,1.495049134390147527e+00
4.074183337506960356e+01,8.399446533688504246e+00,1.409106287960849579e+00
4.085356646345245935e+01,8.267430480631887235e+00,1.322881420631502269e+00
4.096802775931808327e+01,8.128975930240736503e+00,1.233111984623107116e+00
4.108083726282132631e+01,7.989172279263340393e+00,1.143198029110745972e+00
4.118403148796056001e+01,7.858223118470286650e+00,1.059734257785623690e+00
4.128575479051432495e+01,7.726128090583402219e+00,9.765477882335165116e-01
4.138580910942747693e+01,7.593130636151394164e+00,8.941766621839344342e-01
4.148435098057292691e+01,7.459008732420756793e+00,8.131074057935551158e-01
4.158135690664059325e+01,7.323771810525373738e+00,7.343709780754660299e-01
4.167680332311338987e+01,7.187429769859176254e+00,6.596153459217509729e-01
4.177066660046944691e+01,7.049993005944743096e+00,5.914555171409129342e-01
4.186292300692917934e+01,6.911472501872609087e+00,5.339290151235760451e-01
4.195354876535072464e+01,6.771879786386125311e+00,4.927252545196342814e-01
4.204252012740051470e+01,6.631226856590605401e+00,4.746201108918523537e-01
4.212981333084949398e+01,6.489526279572215728e+00,4.850996306484225418e-01
4.221540459214664764e+01,6.346791250697847886e+00,5.256299765353646958e-01
4.230270526995494151e+01,6.197061189555499894e+00,5.967708618432260304e-01
4.238810767253134060e+01,6.046240356263853144e+00,6.924620151121040346e-01
4.247217120319465522e+01,5.893262862098800348e+00,8.088746431698273787e-01
4.255425528941767510e+01,5.739214207228313214e+00,9.424477552234832300e-01
4.263065156637906483e+01,5.591353683886496562e+00,1.084167413424544257e+00
4.270520067528119768e+01,5.442553309410487650e+00,1.239143077869512943e+00
4.277787962146125977e+01,5.292830601994061190e+00,1.407475351260150331e+00
4.284866561565423382e+01,5.142203721954076379e+00,1.589617922211603362e+00
4.291753610487688064e+01,4.990691469293807359e+00,1.786326310426318065e+00
4.298446880821446570e+01,4.838313269031117692e+00,1.998757135578249633e+00
4.304944173213284841e+01,4.685089202220231286e+00,2.228232695056151513e+00
4.311243321360872471e+01,4.531039974542788507e+00,2.476464163710337285e+00
4.317342194425935276e+01,4.376186926633984342e+00,2.745296516871936987e+00
4.323238698894792975e+01,4.220552061859661030e+00,3.037086355565892681e+00
4.328934156395715149e+01,4.064063391161691463e+00,3.354589599390319865e+00
4.334422936170093976e+01,3.906837905368103936e+00,3.700591080630533547e+00
4.340006496486413567e+01,3.739606868243939175e+00,4.101639121274565980e+00
4.345353935884740082e+01,3.571605920206435858e+00,4.544293874377762776e+00
4.350231205091913722e+01,3.410713515550608310e+00,5.010326900897218216e+00
4.354889918627406331e+01,3.249174738573507693e+00,5.525193408957569829e+00
4.359284726557719836e+01,3.088651767185425889e+00,6.090720684274883112e+00
4.363461941763886642e+01,2.927548874500678355e+00,6.720660147318048061e+00
4.367419964030485602e+01,2.765893509815752438e+00,7.426088323096229793e+00
4.371157262396092591e+01,2.603713646649262525e+00,8.221227268424964763e+00
4.374672378165150377e+01,2.441037752873138178e+00,9.123283553117047973e+00
4.377963926675015927e+01,2.277894814315191141e+00,1.015644148239650235e+01
4.381030600617525295e+01,2.114314286502002815e+00,1.134806496340487136e+01
4.383871173376510910e+01,1.950326024114777290e+00,1.274783628454369122e+01
4.386484500509097728e+01,1.785960297199832292e+00,1.438726363591870516e+01
4.388869521481809244e+01,1.621247803855815350e+00,1.642195729321976572e+01
4.391067223211403103e+01,1.452819437842129080e+00,1.879992290565128954e+01
4.393025169646232797e+01,1.284095561540187003e+00,2.235431535039871775e+01
4.394925088440168537e+01,1.095603726863017213e+00,2.594297492208745126e+01
4.396524691232331605e+01,9.068333227837556132e-01,3.596822921219869329e+01
4.397966003578073213e+01,6.938862583955327512e-01,3.913748831772656445e+01
4.399024051489347897e+01,4.807144007354535731e-01,8.923682102063405353e+01
4.399755959339131550e+01,2.404067219527095123e-01,9.869478951667450417e+01
4.399999999999997868e+01,-4.643497571656261801e-17,7.334932808184485111e+02
