x,y,stress
4.999999999999997335e+00,5.668376448211541757e-16,9.066267287903295937e+02
5.003703658147412803e+00,1.924399963708424144e-01,1.179834401682640248e+02
5.014796864113276520e+00,3.845957674440534380e-01,1.087713924219705319e+02
5.030859542137116058e+00,5.552993278727801352e-01,4.566048511880209304e+01
5.052684447041905891e+00,7.253623630152463697e-01,4.245475833940251675e+01
5.078960586096212815e+00,8.877202078487220760e-01,2.956414214173535981e+01
5.110378685325703607e+00,1.049162041685408830e+00,2.511381325613498205e+01
5.146837933093526551e+00,1.209540816296218457e+00,2.036207835782930786e+01
5.188224986921071924e+00,1.368719367798014064e+00,1.730339029165975973e+01
5.234415721384586995e+00,1.526571168088082464e+00,1.472408887912990494e+01
5.285277022765474619e+00,1.682980832548392147e+00,1.271626326100004789e+01
5.340668566850131249e+00,1.837844362396181763e+00,1.105499143885583635e+01
5.400444553298851424e+00,1.991069203448704750e+00,9.665352465718646258e+00
5.464455338839308673e+00,2.142574082254571355e+00,8.432144205388501845e+00
5.532548939740610017e+00,2.292288660727840544e+00,7.463551414123914540e+00
5.604572413917078499e+00,2.440153107543340028e+00,6.606460518134918303e+00
5.680373081720994755e+00,2.586117540760151989e+00,5.869586861226761876e+00
5.759799581350596220e+00,2.730141381421633984e+00,5.227028008765081779e+00
5.842702779181167649e+00,2.872192681263181502e+00,4.665538760897720572e+00
5.928936522750871241e+00,3.012247410436865724e+00,4.172733673393659970e+00
6.018358255197676421e+00,3.150288743590730967e+00,3.739071351559315470e+00
6.110829502811594871e+00,3.286306358518146897e+00,3.356414006680958906e+00
6.206216241426740332e+00,3.420295748761650323e+00,3.018348948510305441e+00
6.304389166460837579e+00,3.552257576557940943e+00,2.719245484472874175e+00
6.405223865602388322e+00,3.682197051749033445e+00,2.454669742890775108e+00
6.508600915250956298e+00,3.810123353926425871e+00,2.220679085156971766e+00
6.614405937008111636e+00,3.936049127960594696e+00,2.014189873186395641e+00
6.722536386057812230e+00,4.059997655203122946e+00,1.832458364858071898e+00
6.832881284533027788e+00,4.181979124114850954e+00,1.673289960935815390e+00
6.945333951268758632e+00,4.302006330446046078e+00,1.534786912810217396e+00
7.059806386181736393e+00,4.420108966380647431e+00,1.415351724960103308e+00
7.176208333276979268e+00,4.536310467253509060e+00,1.313595798553123029e+00
7.294453985212546065e+00,4.650635449007054945e+00,1.228299722955225048e+00
7.414461797587095226e+00,4.763109439522577482e+00,1.158268289244853921e+00
7.536154279034856351e+00,4.873758627443697478e+00,1.102397972726827158e+00
7.659457866412574312e+00,4.982609720650397200e+00,1.059487884527058998e+00
7.784302695999802957e+00,5.089689733594779497e+00,1.028363706541691291e+00
7.910622483002072158e+00,5.195025892176229121e+00,1.007726429045733507e+00
8.038354261366398745e+00,5.298645436267005238e+00,9.963096337556939242e-01
8.169135652114187351e+00,5.401897937370400804e+00,9.928094826026484521e-01
8.301245952487620983e+00,5.503444677215557412e+00,9.961992937079583443e-01
8.433854617980125923e+00,5.602741007350368285e+00,1.005204041718181784e+00
8.567669409668987157e+00,5.700405936643276661e+00,1.018800853215325652e+00
8.701668588507070368e+00,5.795782803063424637e+00,1.035941364078803995e+00
8.836761773181487811e+00,5.889603764751767834e+00,1.055952425162992592e+00
8.972905106963517952e+00,5.981894124974211913e+00,1.078205019762092265e+00
9.110057079146040238e+00,6.072678856402732528e+00,1.102170787515561301e+00
9.248178203095266170e+00,6.161982434220276694e+00,1.127413903728680777e+00
9.387230759826493909e+00,6.249828730715187852e+00,1.153598540717711174e+00
9.527178896801814290e+00,6.336241139437973402e+00,1.180376799269718502e+00
9.667988531242921013e+00,6.421242565148534531e+00,1.207620384388965462e+00
9.809627155888524186e+00,6.504855356902269570e+00,1.234835869586219381e+00
9.952063823659317521e+00,6.587101350988487702e+00,1.262936369561973304e+00
1.009809991378868688e+01,6.669583454395320743e+00,1.291102456340991855e+00
1.024490529317142418e+01,6.750688486971520241e+00,1.318727992445479114e+00
1.039787032716684401e+01,6.833333904796498715e+00,1.347316504889824795e+00
1.055160127573905093e+01,6.914545796810781297e+00,1.375610637324053753e+00
1.069771359922139631e+01,6.990075173238543549e+00,1.402034336443600093e+00
1.084446236883860948e+01,7.064360451816812159e+00,1.428138200725631357e+00
1.099182301448677812e+01,7.137418607986673713e+00,1.453754436449131937e+00
1.113977658344610866e+01,7.209268458782957190e+00,1.479259996413374800e+00
1.128830274334100636e+01,7.279927168964847262e+00,1.504281000482630803e+00
1.143738197880721152e+01,7.349411411997843757e+00,1.528574623502942709e+00
1.158699556942445774e+01,7.417737393325556816e+00,1.552508116853958287e+00
1.173712566389765222e+01,7.484920913823300381e+00,1.575970318088314226e+00
1.188775512391713640e+01,7.550977325976396592e+00,1.598955163561690762e+00
1.203886745858813079e+01,7.615921533930648302e+00,1.621472578884562532e+00
1.219044690465184999e+01,7.679768054724319448e+00,1.643472541545095922e+00
1.234247824181834652e+01,7.742530964438533836e+00,1.665064300605645808e+00
1.250256357497829818e+01,7.807273576648584346e+00,1.687259399866001264e+00
1.266311473069103322e+01,7.870852270432779463e+00,1.708765778050750583e+00
1.283196764890186437e+01,7.936293037410933948e+00,1.730766885777985431e+00
1.300129854673124896e+01,8.000486913859152338e+00,1.752240897429611532e+00
1.315673061018004653e+01,8.058178611822796711e+00,1.771538628904471224e+00
1.331253729094729010e+01,8.114850821557075378e+00,1.790092594572950890e+00
1.346746557566304325e+01,8.170077260214295478e+00,1.808104121598452352e+00
1.362273996774310802e+01,8.224322983662693431e+00,1.825636917328466557e+00
1.377834975595703426e+01,8.277598773200628202e+00,1.842701003661192605e+00
1.393428472661305939e+01,8.329915147952149823e+00,1.859294531058700573e+00
1.409053497039642622e+01,8.381282311911709471e+00,1.875424799330146275e+00
1.424709089355772207e+01,8.431710172743583698e+00,1.891093174573962976e+00
1.440394325805966780e+01,8.481208367938801729e+00,1.906302403459887662e+00
1.456108309058359040e+01,8.529786248176151275e+00,1.921058750701893247e+00
1.471850173315846000e+01,8.577452905567803043e+00,1.935368565980027711e+00
1.487619080750311440e+01,8.624217173661550717e+00,1.949239915151536495e+00
1.503707228854656464e+01,8.670929468868273204e+00,1.962911187678881175e+00
1.519821760834683566e+01,8.716723322824320164e+00,1.976150324708968009e+00
1.537735527612226072e+01,8.766480315925365474e+00,1.990311756726435233e+00
1.555679738623007502e+01,8.815127968374715905e+00,2.003918754756329523e+00
1.573101848404968628e+01,8.861235546708076782e+00,2.016612486313518637e+00
1.590550695736031273e+01,8.906320737226147699e+00,2.028804383701102942e+00
1.606567021248209670e+01,8.946755714333969323e+00,2.039564578113306936e+00
1.622604421213656423e+01,8.986346585690670352e+00,2.049932280581324484e+00
1.638593068068111691e+01,9.024935038020618805e+00,2.059863771656356590e+00
1.654601369124778643e+01,9.062699866643354696e+00,2.069411041723204558e+00
1.670628729851071270e+01,9.099647378128931763e+00,2.078582908746195557e+00
1.686674575093996609e+01,9.135783700922251782e+00,2.087384507882747542e+00
1.702738343137167831e+01,9.171114777517956895e+00,2.095823777390746212e+00
1.718819487104265775e+01,9.205646373655621773e+00,2.103907230972640541e+00
1.734917474782218960e+01,9.239384083376961598e+00,2.111644615110257472e+00
1.751031785776521943e+01,9.272333328352269533e+00,2.119041641695145195e+00
1.767161912758247766e+01,9.304499365747529893e+00,2.126106100916833164e+00
1.783307361767500510e+01,9.335887293534739229e+00,2.132849663340893986e+00
1.799882298877982123e+01,9.367277091790892740e+00,2.139428354146414524e+00
1.816472337687399019e+01,9.397858712033114514e+00,2.145696877814640580e+00
1.835026455974682236e+01,9.431079187646563611e+00,2.152310492639144535e+00
1.853598132522390785e+01,9.463303632613527583e+00,2.158528540867242551e+00
1.872035310667579466e+01,9.494288215753240223e+00,2.164335178506317625e+00
1.890488486406812640e+01,9.524305374668196933e+00,2.169774425276360663e+00
1.907065958322498034e+01,9.550430909414478364e+00,2.174371854929201042e+00
1.923655393133097746e+01,9.575785730340138358e+00,2.178712307483065214e+00
1.939925513633338738e+01,9.599891366209721610e+00,2.182717978288996274e+00
1.956206325019723735e+01,9.623264050013698778e+00,2.186487899711086591e+00
1.972497441992230804e+01,9.645907229617202816e+00,2.190029451574976083e+00
1.988798487468065801e+01,9.667824229868191566e+00,2.193350232456698023e+00
2.005109090075486122e+01,9.689018251703942042e+00,2.196460215374817615e+00
2.021428885700809275e+01,9.709492376739410346e+00,2.199366918357871015e+00
2.037757515897834537e+01,9.729249567529675957e+00,2.202079408075229061e+00
2.054094628134003386e+01,9.748292670182102881e+00,2.204605540802588415e+00
2.070439875879392844e+01,9.766624416559547939e+00,2.206955510521432462e+00
2.086792916957514521e+01,9.784247424461828047e+00,2.209138596171103863e+00
2.103266511803705185e+01,9.801278665745092766e+00,2.211171385249765642e+00
2.119747327972465811e+01,9.817596326769496784e+00,2.213063052367641337e+00
2.137839723541759795e+01,9.834683439434753538e+00,2.214962226613054419e+00
2.155939976640712530e+01,9.850917089700333307e+00,2.216697308273892997e+00
2.175460170733269294e+01,9.867464085594026102e+00,2.218395071702664367e+00
2.194988466668968741e+01,9.883025807584244760e+00,2.219900435411734207e+00
2.212685856170209675e+01,9.896275287646549401e+00,2.221136647778166218e+00
2.230389080911759692e+01,9.908720846189469356e+00,2.222253905845723132e+00
2.246820004609926968e+01,9.919551262449171958e+00,2.223188814466783292e+00
2.263255324145034564e+01,9.929692792899388110e+00,2.224039501000299790e+00
2.279675916741357966e+01,9.939136404054725205e+00,2.224802671238173879e+00
2.296100303519458663e+01,9.947895397740090573e+00,2.225486088051617628e+00
2.312528192494630375e+01,9.955970973981726146e+00,2.226094421841464222e+00
2.328959293598171243e+01,9.963364236985366773e+00,2.226633048057683695e+00
2.345393318812535455e+01,9.970076195962839449e+00,2.227108567814483742e+00
2.361829981839409953e+01,9.976107765658781545e+00,2.227523321049983629e+00
2.378268997992864442e+01,9.981459766925794952e+00,2.227882491661531184e+00
2.394710083962725378e+01,9.986132927190658037e+00,2.228188583245305221e+00
2.411152957703396638e+01,9.990127880907158087e+00,2.228446168629294011e+00
2.427597338201615784e+01,9.993445169915759152e+00,2.228660863315608864e+00
2.444653847882621278e+01,9.996170270966020510e+00,2.228832209064166570e+00
2.461711365379888505e+01,9.998167307635588585e+00,2.228967474344059063e+00
2.480855463370748382e+01,9.999541847901390668e+00,2.229063214819628769e+00
2.499999999999982236e+01,9.999999999999994671e+00,2.229089085561702710e+00
2.519144536629218578e+01,9.999541847901392444e+00,2.229065796961045454e+00
2.538288634620078454e+01,9.998167307635590362e+00,2.228972835165491162e+00
2.555346152117353142e+01,9.996170270966024063e+00,2.228840286426332806e+00
2.572402661798354373e+01,9.993445169915764481e+00,2.228671222370668392e+00
2.588847042296573520e+01,9.990127880907163416e+00,2.228456760056000352e+00
2.605289916037244069e+01,9.986132927190665143e+00,2.228199126252391249e+00
2.621731002007106426e+01,9.981459766925803834e+00,2.227889778741155347e+00
2.638170018160560559e+01,9.976107765658792204e+00,2.227527061891161786e+00
2.654606681187434702e+01,9.970076195962850107e+00,2.227108000205201943e+00
2.671040706401799270e+01,9.963364236985379208e+00,2.226628294058057289e+00
2.687471807505340493e+01,9.955970973981740357e+00,2.226085668520129790e+00
2.703899696480511849e+01,9.947895397740104784e+00,2.225473650007448345e+00
2.720324083258612902e+01,9.939136404054739415e+00,2.224790043348341850e+00
2.736744675854934883e+01,9.929692792899404097e+00,2.224027091113730314e+00
2.753179995390042833e+01,9.919551262449187945e+00,2.223176711343337608e+00
2.769610919088209400e+01,9.908720846189488896e+00,2.222242225795511228e+00
2.787314143829756574e+01,9.896275287646570717e+00,2.221124782665185649e+00
2.805011533330995377e+01,9.883025807584271405e+00,2.219888460203269354e+00
2.824539829266696600e+01,9.867464085594052747e+00,2.218380394590142579e+00
2.844060023359253719e+01,9.850917089700361728e+00,2.216680129585774317e+00
2.862160276458207164e+01,9.834683439434781960e+00,2.214943550166052155e+00
2.880252672027501504e+01,9.817596326769526982e+00,2.213042687435619715e+00
2.896733488196261064e+01,9.801278665745126517e+00,2.211147908245536531e+00
2.913207083042450662e+01,9.784247424461863574e+00,2.209111872431480883e+00
2.929560124120571984e+01,9.766624416559583466e+00,2.206924489172223947e+00
2.945905371865960376e+01,9.748292670182140185e+00,2.204569784425777002e+00
2.962242484102128870e+01,9.729249567529718590e+00,2.202037417998910396e+00
2.978571114299152711e+01,9.709492376739452979e+00,2.199318933733303449e+00
2.994890909924475153e+01,9.689018251703986451e+00,2.196406819800315269e+00
3.011201512531894764e+01,9.667824229868241304e+00,2.193291192641828147e+00
3.027502558007730116e+01,9.645907229617252554e+00,2.189965089399097842e+00
3.043793674980236474e+01,9.623264050013752069e+00,2.186418138126805744e+00
3.060074486366620050e+01,9.599891366209776677e+00,2.182643051482745733e+00
3.076344606866858911e+01,9.575785730340196977e+00,2.178631458927529074e+00
3.092934041677457202e+01,9.550430909414545866e+00,2.174284307708739483e+00
3.109511513593140819e+01,9.524305374668266211e+00,2.169680343950302071e+00
3.127964689332371861e+01,9.494288215753316607e+00,2.164235164977193371e+00
3.146401867477557701e+01,9.463303632613612848e+00,2.158422053061197055e+00
3.164973544025271579e+01,9.431079187646639994e+00,2.152200753481060769e+00
3.183527662312558704e+01,9.397858712033187345e+00,2.145582535277615222e+00
3.200117701121975244e+01,9.367277091790967347e+00,2.139314903862222117e+00
3.216692638232455437e+01,9.335887293534815612e+00,2.132738364005021925e+00
3.232838087241708536e+01,9.304499365747609829e+00,2.125998113002760537e+00
3.248968214223433648e+01,9.272333328352353021e+00,2.118937994333564667e+00
3.265082525217736276e+01,9.239384083377046863e+00,2.111543130960369830e+00
3.281180512895688395e+01,9.205646373655710590e+00,2.103807355635744614e+00
3.297261656862787760e+01,9.171114777518047489e+00,2.095724024469605151e+00
3.313325424905959693e+01,9.135783700922344153e+00,2.087284663244747041e+00
3.329371270148886452e+01,9.099647378129022357e+00,2.078482249536420579e+00
3.345398630875178725e+01,9.062699866643445290e+00,2.069309038637562104e+00
3.361406931931847453e+01,9.024935038020709399e+00,2.059760764956773293e+00
3.377395578786303076e+01,8.986346585690762723e+00,2.049828466780952319e+00
3.393432978751749118e+01,8.946755714334065246e+00,2.039460108288098539e+00
3.409449304263927161e+01,8.906320737226247175e+00,2.028700122057668587e+00
3.426898151594986786e+01,8.861235546708186916e+00,2.016505940193103363e+00
3.444320261376944359e+01,8.815127968374836698e+00,2.003810901865522354e+00
3.462264472387729342e+01,8.766480315925480937e+00,1.990202080316295197e+00
3.480178239165274334e+01,8.716723322824428521e+00,1.976037012648879099e+00
3.496292771145301970e+01,8.670929468868385115e+00,1.962795817258775388e+00
3.512380919249648059e+01,8.624217173661662628e+00,1.949121310243220107e+00
3.528149826684112611e+01,8.577452905567918506e+00,1.935246542444856166e+00
3.543891690941598682e+01,8.529786248176270291e+00,1.920932128707276032e+00
3.559605674193991121e+01,8.481208367938924297e+00,1.906169940286522424e+00
3.575290910644185516e+01,8.431710172743711595e+00,1.890954745533872883e+00
3.590946502960313325e+01,8.381282311911844474e+00,1.875283068053759550e+00
3.606571527338648053e+01,8.329915147952293708e+00,1.859149180166697501e+00
3.622165024404251454e+01,8.277598773200773863e+00,1.842551414547850985e+00
3.637726003225643723e+01,8.224322983662839093e+00,1.825483808919741602e+00
3.653253442433651088e+01,8.170077260214442916e+00,1.807943895683964186e+00
3.668746270905226936e+01,8.114850821557224592e+00,1.789927915981814222e+00
3.684326938981951827e+01,8.058178611822944148e+00,1.771283008428108374e+00
3.699870145326833182e+01,8.000486913859299776e+00,1.752157263228827144e+00
3.716803235109770043e+01,7.936293037411088491e+00,1.730716213141459736e+00
3.733688526930851026e+01,7.870852270432946440e+00,1.708668426923818595e+00
3.749743642502127727e+01,7.807273576648744218e+00,1.687094921125120939e+00
3.765752175818126091e+01,7.742530964438684826e+00,1.664986339181939057e+00
3.780955309534775921e+01,7.679768054724471327e+00,1.643421757960318530e+00
3.796113254141148019e+01,7.615921533930803733e+00,1.621377916643433226e+00
3.811224487608246392e+01,7.550977325976560017e+00,1.598849848910751437e+00
3.826287433610195166e+01,7.484920913823464694e+00,1.575839973319191900e+00
3.841300443057514258e+01,7.417737393325723794e+00,1.552355091057012748e+00
3.856261802119239945e+01,7.349411411998013399e+00,1.528398607793530539e+00
3.871169725665860284e+01,7.279927168965017792e+00,1.503981841185356272e+00
3.886022341655351653e+01,7.209268458783125944e+00,1.479113252945213119e+00
3.900817698551284707e+01,7.137418607986843355e+00,1.453809229795945068e+00
3.915553763116101038e+01,7.064360451816989794e+00,1.428086184490981125e+00
3.930228640077822888e+01,6.990075173238722073e+00,1.401967461102576751e+00
3.944839872426057070e+01,6.914545796810964262e+00,1.375485860189628928e+00
3.960212967283276697e+01,6.833333904796690561e+00,1.347148425292311824e+00
3.975509470682817437e+01,6.750688486971723634e+00,1.318494390027537655e+00
3.990190008621091522e+01,6.669583454395528577e+00,1.290619935294943454e+00
4.004793617634029346e+01,6.587101350988696424e+00,1.262606269154132432e+00
4.019037284411108857e+01,6.504855356902481844e+00,1.235088094446423534e+00
4.033201146875669707e+01,6.421242565148748582e+00,1.207649890663551107e+00
4.047282110319780912e+01,6.336241139438189229e+00,1.180437259190745714e+00
4.061276924017312950e+01,6.249828730715403680e+00,1.153636641134284213e+00
4.075182179690436612e+01,6.161982434220491633e+00,1.127476023103168190e+00
4.088994292085359916e+01,6.072678856402948355e+00,1.102242351403309506e+00
4.102709489303612855e+01,5.981894124974433957e+00,1.078284360805477071e+00
4.116323822681815869e+01,5.889603764751991655e+00,1.056037876029033429e+00
4.129833141149258324e+01,5.795782803063651123e+00,1.036026768781827201e+00
4.143233059033067178e+01,5.700405936643508475e+00,1.018888447857769108e+00
4.156614538201952058e+01,5.602741007350611646e+00,1.005294072845246633e+00
4.169875404751201842e+01,5.503444677215811431e+00,9.962917846685990231e-01
4.183086434788547336e+01,5.401897937370645053e+00,9.929068466408612625e-01
4.196164573863328684e+01,5.298645436267233499e+00,9.964148640030960902e-01
4.208937751699760810e+01,5.195025892176469817e+00,1.007852555089704172e+00
4.221569730399988174e+01,5.089689733595025523e+00,1.028518511564374016e+00
4.234054213358711394e+01,4.982609720650644114e+00,1.059696347753440904e+00
4.246384572096484789e+01,4.873758627443941727e+00,1.102685323167160281e+00
4.258553820241260723e+01,4.763109439522830613e+00,1.158661169398693236e+00
4.270554601478715284e+01,4.650635449007310740e+00,1.228839374905152271e+00
4.282379166672272675e+01,4.536310467253775514e+00,1.314297572781150558e+00
4.294019361381797495e+01,4.420108966380920990e+00,1.416257100712317474e+00
4.305466604873095804e+01,4.302006330446316085e+00,1.535867396751350089e+00
4.316711871546670665e+01,4.181979124115112079e+00,1.674599687183686569e+00
4.327746361394191155e+01,4.059997655203400946e+00,1.833977943716248671e+00
4.338559406299162191e+01,3.936049127960881133e+00,2.015986740466289451e+00
4.349139908474877814e+01,3.810123353926718970e+00,2.222741317860099652e+00
4.359477613439735677e+01,3.682197051749325656e+00,2.457083908712116571e+00
4.369561083353891462e+01,3.552257576558231378e+00,2.722108035427292183e+00
4.379378375857303496e+01,3.420295748761930099e+00,3.021818982570665835e+00
4.388917049718816799e+01,3.286306358518451987e+00,3.360620297809369994e+00
4.398164174480208288e+01,3.150288743591055152e+00,3.744262648586972997e+00
4.407106347724889162e+01,3.012247410437199679e+00,4.179178560224256600e+00
4.415729722081861297e+01,2.872192681263514569e+00,4.673695529399394033e+00
4.424020041864920927e+01,2.730141381421940405e+00,5.237300249456608547e+00
4.431962691827883560e+01,2.586117540760421551e+00,5.882554266623809092e+00
4.439542758608276785e+01,2.440153107543590050e+00,6.624185148233675768e+00
4.446745106025925764e+01,2.292288660728065253e+00,7.482103737357263640e+00
4.453554466116057853e+01,2.142574082254762757e+00,8.480176832618525395e+00
4.459955544670106775e+01,1.991069203448853742e+00,9.653104099894564527e+00
4.465933143314979503e+01,1.837844362396304776e+00,1.104086750790613536e+01
4.471472297723446587e+01,1.682980832548489403e+00,1.271614162916001334e+01
4.476558427861536416e+01,1.526571168088168395e+00,1.473521201697815997e+01
4.481177501307887923e+01,1.368719367798083120e+00,1.732273414102074938e+01
4.485316206690642815e+01,1.209540816296284849e+00,2.040106466468681745e+01
4.488962131467426531e+01,1.049162041685473667e+00,2.514559566446965633e+01
4.492103941390374899e+01,8.877202078487858028e-01,2.964890435965171989e+01
4.494731555295805947e+01,7.253623630153051005e-01,4.247780217837409822e+01
4.496914045786285641e+01,5.552993278728088899e-01,4.578790211997611692e+01
4.498520313588669950e+01,3.845957674440569907e-01,1.086267762527853620e+02
4.499629634185256322e+01,1.924399963708420813e-01,1.188381536801131233e+02
4.499999999999997868e+01,-3.722954036219075462e-17,9.072006521506935997e+02
