x,y,stress
8.999999999999994671e+00,-3.398719768785102316e-13,8.153126995438373115e+02
9.002300575381777747e+00,2.204453695728381957e-01,1.288865638494459915e+02
9.009200278829457176e+00,4.407947495835513041e-01,1.031917515356376498e+02
9.019182668673170866e+00,6.363889965042545116e-01,4.972254475638249716e+01
9.032783078400930421e+00,8.317650156995983757e-01,4.393586314475680865e+01
9.047895864453570525e+00,1.005129707556773555e+00,3.264130350995511520e+01
9.065849590705713723e+00,1.178223261889929319e+00,2.811730788825649441e+01
9.085539869340966135e+00,1.342460178490602285e+00,2.377208634064562887e+01
9.107778628904886986e+00,1.506371470421346892e+00,2.081151410095994336e+01
9.132555124888980913e+00,1.669918411026157790e+00,1.829919527790105960e+01
9.159857457762262456e+00,1.833062708655216699e+00,1.629022799370269681e+01
9.189672600408224312e+00,1.995766545338749198e+00,1.459672227868779615e+01
9.221986429867474300e+00,2.157992624578918939e+00,1.316648593482677398e+01
9.256783757442361704e+00,2.319704196753654468e+00,1.193548338772397166e+01
9.294048365579453019e+00,2.480865107485527687e+00,1.086682922374373028e+01
9.333763042595395021e+00,2.641439823590316927e+00,9.929162058106337341e+00
9.375909618588650574e+00,2.801393457908858409e+00,9.100184052192622275e+00
9.420471907838875225e+00,2.960701885691588320e+00,8.361897263148465598e+00
9.467427346565996160e+00,3.119321442775083941e+00,7.700346912889806994e+00
9.517197202486133989e+00,3.278597834778704811e+00,7.099601936065333518e+00
9.569358928112308149e+00,3.437107035883571360e+00,6.556601742161661583e+00
9.623402896324929401e+00,3.593442484343833510e+00,6.068155578190995492e+00
9.679751493900830894e+00,3.748962140348874872e+00,5.623123786607709285e+00
9.738380983276709202e+00,3.903636357134455004e+00,5.216962305578587866e+00
9.799267010147463708e+00,4.057436315607691135e+00,4.844933770260267281e+00
9.862384640442925843e+00,4.210334016223513665e+00,4.490662429547569445e+00
9.927708401031599905e+00,4.362302281742477028e+00,4.181321395962189769e+00
9.995212327525784701e+00,4.513314775286707103e+00,3.893555768050870558e+00
1.006487000300120549e+01,4.663345995380753450e+00,3.631411192761441864e+00
1.013665460348342684e+01,4.812371285791136266e+00,3.383229811455148450e+00
1.021053893101127841e+01,4.960366818679207590e+00,3.164428269469655053e+00
1.028732247871652561e+01,5.108882165125698371e+00,2.960836468556896417e+00
1.036619425915790416e+01,5.256299157075876138e+00,2.777137785588383423e+00
1.044658545021050244e+01,5.401635716958890221e+00,2.613071236810290632e+00
1.052898020556394698e+01,5.545845873696453765e+00,2.466925524446183182e+00
1.061300268363885912e+01,5.688330327100456607e+00,2.338803448693293596e+00
1.069895525942296466e+01,5.829658868676131256e+00,2.227664506941588574e+00
1.078680920443653690e+01,5.969813403996674595e+00,2.132963817585197042e+00
1.087653570264532021e+01,6.108776602659675703e+00,2.054617904345568569e+00
1.096810589018716797e+01,6.246531900213653898e+00,1.992048332978358482e+00
1.106149087844277368e+01,6.383063474605868315e+00,1.944740993008821084e+00
1.115666178576125311e+01,6.518356237378592155e+00,1.911926469406308726e+00
1.125358975800638284e+01,6.652395809775573987e+00,1.892722065032997225e+00
1.135224600121442329e+01,6.785168517412309974e+00,1.886068442554625912e+00
1.145260179269576994e+01,6.916661356585647624e+00,1.890821851966444367e+00
1.155690604877490735e+01,7.049729889587439402e+00,1.906218528490258191e+00
1.166292560984583737e+01,7.181435891371919844e+00,1.931060838118390244e+00
1.176857880852610094e+01,7.309316710940851003e+00,1.963338135225657144e+00
1.187582549889689432e+01,7.435864152904851920e+00,2.002345108000675999e+00
1.198432940296113181e+01,7.560718254902707436e+00,2.046908324601022677e+00
1.209436193050454555e+01,7.684227331145971895e+00,2.096233086003123969e+00
1.220589559215907549e+01,7.806382809071878093e+00,2.149481780497755956e+00
1.231890285522279527e+01,7.927176359681498141e+00,2.205959272335047849e+00
1.243335641017520921e+01,8.046600175352427442e+00,2.265026503063389374e+00
1.254922945488269903e+01,8.164647226368950683e+00,2.326151643867005792e+00
1.266649536304762336e+01,8.281310874676341527e+00,2.388869356926787813e+00
1.278512765380559379e+01,8.396584827672219475e+00,2.452775494522701383e+00
1.290510003211769785e+01,8.510463163900070072e+00,2.517535101578315171e+00
1.302638674766481763e+01,8.622940646474685167e+00,2.582840820378721425e+00
1.315260641431967947e+01,8.737275529839887867e+00,2.650383490670626507e+00
1.328016453601061642e+01,8.850115240641780900e+00,2.717995251929941070e+00
1.340653754469785142e+01,8.959323265083760646e+00,2.784190252888441020e+00
1.353414619849980838e+01,9.067084880266136793e+00,2.850081515779953278e+00
1.366171895261904901e+01,9.172379502417784991e+00,2.914912126021767858e+00
1.379045488844103673e+01,9.276248784748277743e+00,2.979176592493269826e+00
1.392033005884299612e+01,9.378689787466381489e+00,3.042779051731036244e+00
1.405132107299748689e+01,9.479700068667799684e+00,3.105610110305722760e+00
1.418340480324982167e+01,9.579277428853528065e+00,3.167593012301043398e+00
1.431655825058333065e+01,9.677419802644308788e+00,3.228648256091340762e+00
1.445075883354944501e+01,9.774125465842312011e+00,3.288697865274791798e+00
1.458598421205915052e+01,9.869392890609706370e+00,3.347661647728945145e+00
1.472221233717555933e+01,9.963220772249217205e+00,3.405487218213018696e+00
1.485942153293967394e+01,1.005560807299435311e+01,3.462133230882596724e+00
1.500015214274931097e+01,1.014822071815823534e+01,3.518546794579356707e+00
1.514185588254036041e+01,1.023933745730656142e+01,3.573639797067080348e+00
1.528727093955232164e+01,1.033067132369042440e+01,3.628385516699935032e+00
1.543365119667780583e+01,1.042045015126257468e+01,3.681648711183111100e+00
1.557554828189986473e+01,1.050546192731999184e+01,3.731545110068589466e+00
1.571830003466796732e+01,1.058903061035312554e+01,3.780026714729125548e+00
1.586188678699324761e+01,1.067115634241285704e+01,3.827045471793548703e+00
1.600628913992818880e+01,1.075183939189975568e+01,3.872579370743263638e+00
1.615148797128031433e+01,1.083108015127843515e+01,3.916599886008250486e+00
1.629746441385909606e+01,1.090887911878935412e+01,3.959084325069366361e+00
1.644419987555115625e+01,1.098523690340943837e+01,4.000014994795233036e+00
1.659167600276252230e+01,1.106015419994757210e+01,4.039367233324209217e+00
1.673987468573231752e+01,1.113363178738825887e+01,4.077132309884967221e+00
1.688877809601431679e+01,1.120567054220400749e+01,4.113284822015146780e+00
1.703855206395473587e+01,1.127635690330056306e+01,4.147864102248043139e+00
1.718899741022751826e+01,1.134560286412171592e+01,4.180846712608169646e+00
1.734940956116886568e+01,1.141753221875891988e+01,4.214089543734064414e+00
1.751053854511624408e+01,1.148784113383784167e+01,4.245435572981063110e+00
1.766438421550269311e+01,1.155318835178693604e+01,4.273459705868667413e+00
1.781884286016775931e+01,1.161707323506064071e+01,4.300006347598586132e+00
1.797228546421415984e+01,1.167885669707231777e+01,4.325424078326295607e+00
1.812629598308736689e+01,1.173921057687313585e+01,4.347909775423987710e+00
1.828085858658068474e+01,1.179813618004085640e+01,4.369187590826649092e+00
1.843595768318769146e+01,1.185563484999186201e+01,4.388788731082512662e+00
1.859157786995119110e+01,1.191170794532434662e+01,4.406801419311586976e+00
1.874770389628336531e+01,1.196635682502115650e+01,4.423232003281264646e+00
1.890432069522618264e+01,1.201958285830755102e+01,4.438104553413540820e+00
1.906141340727368316e+01,1.207138743003807591e+01,4.451442405990911233e+00
1.921896733856178585e+01,1.212177192387987645e+01,4.463265589576621117e+00
1.937696794347695572e+01,1.217073771532693627e+01,4.473624492009680154e+00
1.953817420053788112e+01,1.221910478389012233e+01,4.482672481633441564e+00
1.969981302772758625e+01,1.226600597369539614e+01,4.490297649443915518e+00
1.987037327477303350e+01,1.231378342176976304e+01,4.496796442225661217e+00
2.004137913381929792e+01,1.235994054787381025e+01,4.501715480790768886e+00
2.020176352847267154e+01,1.240166014324646504e+01,4.505057134327699053e+00
2.036250951979189239e+01,1.244196406473535355e+01,4.507223293910062267e+00
2.052330429526724132e+01,1.248078273581738529e+01,4.508239823258508139e+00
2.068443245651404894e+01,1.251819350601233438e+01,4.508173174554645612e+00
2.084588075845911703e+01,1.255419759424877313e+01,4.507101304991277146e+00
2.100763608747987021e+01,1.258879619317919385e+01,4.505087316888284121e+00
2.116968544540584674e+01,1.262199046427968518e+01,4.502209657795728681e+00
2.133201591996705559e+01,1.265378153107759651e+01,4.498540948192088607e+00
2.149461470548039088e+01,1.268417048297600935e+01,4.494171278123500812e+00
2.165746910775627754e+01,1.271315837506879731e+01,4.489180144118566140e+00
2.182056651779561207e+01,1.274074622240407351e+01,4.483648364932623309e+00
2.198389441829154478e+01,1.276693500060522801e+01,4.477693471599364372e+00
2.215349798308405127e+01,1.279261643720829333e+01,4.471129206221017505e+00
2.232332226895603711e+01,1.281679531336143185e+01,4.464273167542652132e+00
2.249773569228398529e+01,1.284003684061562645e+01,4.457064475213703858e+00
2.267235226320700647e+01,1.286169935953634180e+01,4.449701955077530080e+00
2.283669051676724493e+01,1.288062613140470525e+01,4.442819792056214467e+00
2.300118335068044573e+01,1.289815873917518552e+01,4.436066951851600493e+00
2.316580844291520336e+01,1.291429686872844940e+01,4.429493527000656350e+00
2.333056412240618371e+01,1.292904226422530556e+01,4.423176615889529373e+00
2.349543847661265161e+01,1.294239547946131097e+01,4.417202072314565520e+00
2.366041963599280606e+01,1.295435701797340222e+01,4.411631432567296507e+00
2.382549577029791976e+01,1.296492733249429641e+01,4.406537789997893917e+00
2.399065508382624756e+01,1.297410682438667173e+01,4.401973546089156031e+00
2.415588581138544200e+01,1.298189584319344014e+01,4.398009190058901119e+00
2.432117621380178818e+01,1.298829468622195726e+01,4.394678181631196168e+00
2.448651457367897422e+01,1.299330359820695335e+01,4.392023081663575468e+00
2.465188919126925526e+01,1.299692277103488003e+01,4.390102661957532071e+00
2.482593779497385000e+01,1.299923070093717214e+01,4.388883064781333054e+00
2.499999999999986500e+01,1.299999999999999467e+01,4.388448576407785851e+00
2.517406220502587288e+01,1.299923070093717747e+01,4.388868529774198279e+00
2.534811080873044631e+01,1.299692277103488358e+01,4.390072547099588718e+00
2.551348542632075223e+01,1.299330359820695691e+01,4.391975809240560302e+00
2.567882378619792760e+01,1.298829468622196615e+01,4.394613204269166573e+00
2.584411418861433063e+01,1.298189584319344902e+01,4.397919895167547999e+00
2.600934491617346467e+01,1.297410682438668417e+01,4.401858313799121625e+00
2.617450422970178892e+01,1.296492733249431595e+01,4.406398574979211169e+00
2.633958036400689551e+01,1.295435701797341999e+01,4.411467620201863227e+00
2.650456152338703930e+01,1.294239547946133229e+01,4.417011888194152469e+00
2.666943587759349299e+01,1.292904226422532865e+01,4.422959229035557271e+00
2.683419155708446979e+01,1.291429686872847782e+01,4.429259613937293949e+00
2.699881664931922387e+01,1.289815873917521749e+01,4.435816269731286177e+00
2.716330948323242467e+01,1.288062613140474255e+01,4.442557471500144572e+00
2.732764773679266312e+01,1.286169935953637733e+01,4.449429131657953285e+00
2.750226430771574471e+01,1.284003684061565309e+01,4.456785338687426545e+00
2.767667773104374618e+01,1.281679531336145850e+01,4.463986320649775408e+00
2.784650201691572491e+01,1.279261643720832708e+01,4.470839072178966589e+00
2.801610558170823495e+01,1.276693500060525821e+01,4.477396517524790731e+00
2.817943348220417121e+01,1.274074622240410726e+01,4.483351305396935160e+00
2.834253089224349154e+01,1.271315837506883462e+01,4.488881432699981744e+00
2.850538529451936753e+01,1.268417048297605021e+01,4.493871993929471564e+00
2.866798408003269572e+01,1.265378153107763737e+01,4.498238434178178480e+00
2.883031455459390813e+01,1.262199046427972959e+01,4.501905531409902572e+00
2.899236391251987399e+01,1.258879619317924359e+01,4.504781206982360509e+00
2.915411924154062007e+01,1.255419759424882820e+01,4.506795942500870567e+00
2.931556754348567395e+01,1.251819350601238945e+01,4.507866197388695539e+00
2.947669570473248513e+01,1.248078273581743858e+01,4.507932653988837579e+00
2.963749048020784116e+01,1.244196406473541217e+01,4.506917142171382729e+00
2.979823647152706201e+01,1.240166014324652899e+01,4.504753115143846465e+00
2.995862086618042852e+01,1.235994054787387597e+01,4.501414960822246236e+00
3.012962672522672491e+01,1.231378342176982521e+01,4.496490572159362209e+00
3.030018697227219349e+01,1.226600597369545298e+01,4.489984260842262209e+00
3.046182579946189861e+01,1.221910478389018451e+01,4.482361579079707781e+00
3.062303205652282045e+01,1.217073771532699489e+01,4.473307320493941752e+00
3.078103266143800099e+01,1.212177192387993152e+01,4.462943557877060208e+00
3.093858659272611078e+01,1.207138743003813630e+01,4.451111111117718622e+00
3.109567930477360775e+01,1.201958285830761497e+01,4.437769127743059094e+00
3.125229610371642508e+01,1.196635682502121867e+01,4.422884485181370451e+00
3.140842213004859573e+01,1.191170794532440880e+01,4.406441959499014516e+00
3.156404231681209538e+01,1.185563484999193129e+01,4.388411214997675280e+00
3.171914141341910565e+01,1.179813618004093101e+01,4.368784668070139432e+00
3.187370401691241639e+01,1.173921057687320868e+01,4.347538438890762968e+00
3.202771453578561989e+01,1.167885669707239238e+01,4.324667631903255760e+00
3.218115713983203108e+01,1.161707323506071532e+01,4.300162712245514385e+00
3.233561578449710794e+01,1.155318835178700887e+01,4.273728648567873378e+00
3.248946145488356052e+01,1.148784113383790739e+01,4.245626565026954680e+00
3.265059043883095313e+01,1.141753221875898738e+01,4.214284166480847915e+00
3.281100258977229345e+01,1.134560286412178520e+01,4.181020921336140006e+00
3.296144793604507583e+01,1.127635690330063767e+01,4.147993191051118522e+00
3.311122190398548781e+01,1.120567054220408032e+01,4.113377203516397351e+00
3.326012531426749774e+01,1.113363178738832815e+01,4.077184470302229080e+00
3.340832399723728940e+01,1.106015419994765026e+01,4.039390021670108410e+00
3.355580012444865901e+01,1.098523690340951831e+01,4.000010342736934454e+00
3.370253558614071920e+01,1.090887911878943228e+01,3.959054735382353751e+00
3.384851202871951159e+01,1.083108015127850798e+01,3.916553138382465882e+00
3.399371086007163711e+01,1.075183939189983029e+01,3.872515486424876752e+00
3.413811321300659074e+01,1.067115634241293343e+01,3.826974565542315077e+00
3.428169996533187458e+01,1.058903061035319482e+01,3.779946224794924259e+00
3.442445171809998783e+01,1.050546192732005757e+01,3.731464320175107208e+00
3.456634880332205739e+01,1.042045015126264040e+01,3.681564281159592777e+00
3.471272906044752915e+01,1.033067132369050078e+01,3.628305378534225412e+00
3.485814411745946728e+01,1.023933745730664491e+01,3.573559278568859909e+00
3.499984785725052205e+01,1.014822071815832061e+01,3.518471238088218822e+00
3.514057846706015908e+01,1.005560807299444548e+01,3.462058540261160999e+00
3.527778766282427370e+01,9.963220772249309576e+00,3.405422243436881047e+00
3.541401578794069138e+01,9.869392890609798741e+00,3.347608122325214985e+00
3.554924116645040044e+01,9.774125465842402605e+00,3.288666481448315970e+00
3.568344174941652369e+01,9.677419802644394053e+00,3.228651793433568784e+00
3.581659519675002912e+01,9.579277428853616883e+00,3.167632614960434356e+00
3.594867892700236212e+01,9.479700068667888502e+00,3.105675674473526549e+00
3.607966994115685111e+01,9.378689787466472083e+00,3.042861237217127535e+00
3.620954511155881050e+01,9.276248784748378995e+00,2.979275414395452959e+00
3.633828104738078935e+01,9.172379502417893349e+00,2.915017474062262526e+00
3.646585380150003175e+01,9.067084880266245150e+00,2.850197926740607457e+00
3.659346245530198871e+01,8.959323265083872556e+00,2.784307680849165578e+00
3.671983546398922726e+01,8.850115240641896364e+00,2.718117458631573946e+00
3.684739358568015888e+01,8.737275529840008659e+00,2.650503902185297633e+00
3.697361325233500651e+01,8.622940646474811288e+00,2.582964467460717284e+00
3.709489996788213517e+01,8.510463163900194417e+00,2.517646122497435357e+00
3.721487234619424811e+01,8.396584827672342044e+00,2.452876760703545767e+00
3.733350463695221322e+01,8.281310874676474754e+00,2.388951054696659249e+00
3.745077054511712333e+01,8.164647226369089239e+00,2.326213532678038654e+00
3.756664358982462204e+01,8.046600175352567774e+00,2.265062479086407787e+00
3.768109714477704131e+01,7.927176359681644691e+00,2.205967152915577767e+00
3.779410440784075575e+01,7.806382809072029971e+00,2.149464062340190829e+00
3.790563806949528214e+01,7.684227331146130879e+00,2.096184170475619002e+00
3.801567059703869944e+01,7.560718254902867308e+00,2.046839766784589010e+00
3.812417450110294226e+01,7.435864152905010016e+00,2.002254277416362527e+00
3.823142119147373563e+01,7.309316710941009099e+00,1.963242215538720803e+00
3.833707439015400809e+01,7.181435891372073499e+00,1.930957057641436769e+00
3.844309395122493100e+01,7.049729889587605491e+00,1.906126083406589622e+00
3.854739820730406308e+01,6.916661356585822595e+00,1.890742416423173200e+00
3.864775399878541151e+01,6.785168517412486722e+00,1.886007851551489312e+00
3.874641024199345907e+01,6.652395809775749846e+00,1.892685023674807399e+00
3.884333821423859234e+01,6.518356237378769791e+00,1.911908315059666741e+00
3.893850912155706823e+01,6.383063474606053056e+00,1.944738295524417904e+00
3.903189410981267571e+01,6.246531900213848409e+00,1.992040816714219398e+00
3.912346429735451636e+01,6.108776602659872879e+00,2.054606592101388518e+00
3.921319079556330678e+01,5.969813403996865553e+00,2.132982571960825968e+00
3.930104474057689146e+01,5.829658868676322214e+00,2.227697088334069431e+00
3.938699731636098988e+01,5.688330327100660000e+00,2.339083963309052550e+00
3.947101979443590380e+01,5.545845873696666928e+00,2.467533026669349372e+00
3.955341454978934479e+01,5.401635716959110489e+00,2.613959349076032890e+00
3.963380574084194308e+01,5.256299157076110617e+00,2.778361893231795499e+00
3.971267752128332518e+01,5.108882165125931074e+00,2.962453328175395750e+00
3.978946106898857238e+01,4.960366818679434076e+00,3.166016941231856396e+00
3.986334539651642217e+01,4.812371285791373410e+00,3.387325478083897501e+00
3.993512999699865418e+01,4.663345995380993259e+00,3.629542088814452061e+00
4.000478767247408030e+01,4.513314775286944247e+00,3.893958223159534882e+00
4.007229159896826332e+01,4.362302281742715948e+00,4.182248533175579652e+00
4.013761535955693915e+01,4.210334016223755249e+00,4.496260739365218306e+00
4.020073298985241195e+01,4.057436315607940713e+00,4.838464107129841985e+00
4.026161901672316645e+01,3.903636357134703250e+00,5.211585814142063455e+00
4.032024850609905542e+01,3.748962140349111127e+00,5.619123689629486940e+00
4.037659710367496047e+01,3.593442484344067545e+00,6.065009076716201264e+00
4.043064107188758527e+01,3.437107035883805839e+00,6.554250190017612887e+00
4.048280279751376298e+01,3.278597834778946396e+00,7.097608099997996689e+00
4.053257265343389548e+01,3.119321442775326858e+00,7.698801530307852303e+00
4.057952809216101997e+01,2.960701885691836566e+00,8.360613332250204977e+00
4.062409038141125706e+01,2.801393457909106655e+00,9.099225314474290727e+00
4.066623695740451438e+01,2.641439823590568725e+00,9.928434517387591640e+00
4.070595163442045816e+01,2.480865107485777266e+00,1.086645413277658712e+01
4.074321624255755125e+01,2.319704196753913372e+00,1.193573807476151316e+01
4.077801357013244399e+01,2.157992624579186280e+00,1.316755069275583878e+01
4.081032739959169220e+01,1.995766545339030307e+00,1.459984095239848578e+01
4.084014254223765050e+01,1.833062708655516237e+00,1.629561682763324271e+01
4.086744487511094093e+01,1.669918411026466432e+00,1.831142301312663534e+01
4.089222137109504018e+01,1.506371470421664638e+00,2.082486554749033303e+01
4.091446013065896636e+01,1.342460178490923361e+00,2.381503336865173992e+01
4.093415040929422588e+01,1.178223261890257945e+00,2.813096766511834801e+01
4.095210413554637086e+01,1.005129707557113283e+00,3.280130787070162057e+01
4.096721692159901096e+01,8.317650156999514266e-01,4.385047956468774544e+01
4.098081733132678295e+01,6.363889965046054531e-01,5.025683248713894358e+01
4.099079972117049664e+01,4.407947495838943075e-01,1.025191714389178941e+02
4.099769942461818317e+01,2.204453695731738716e-01,1.291821629080685057e+02
4.099999999999997868e+01,-4.254171843536030921e-17,8.141079109753046623e+02
