x,y,stress
8.999999999999994671e+00,1.135096739797590369e-13,1.205587070075791871e+03
9.008753574229249494e+00,1.653706036459652307e-01,1.506026621041558826e+02
9.034661616393496075e+00,3.289380250300225073e-01,1.360035296688043616e+02
9.076739595217659939e+00,4.891177166803717391e-01,5.377743930393690164e+01
9.133557706515553321e+00,6.446905255873128793e-01,4.664599047597361903e+01
9.203464548040413362e+00,7.948483858833808036e-01,3.137264130667933415e+01
9.284779647154083548e+00,9.391573507368902174e-01,2.588505496642908099e+01
9.375922939236815523e+00,1.077477885473733688e+00,2.082550111855247366e+01
9.475482156221714192e+00,1.209877387504172841e+00,1.739164948296446767e+01
9.582234768312252626e+00,1.336554691516259608e+00,1.473963136746734826e+01
9.695142726596563065e+00,1.457782986060769170e+00,1.269775886639670226e+01
9.813333977051572177e+00,1.573870350945200558e+00,1.107696652704954055e+01
9.936079671984561656e+00,1.685134463269090110e+00,9.773045323505208160e+00
1.006277117724816250e+01,1.791886965231673123e+00,8.706598821989890880e+00
1.019289931389016957e+01,1.894424623839845445e+00,7.824909391956617277e+00
1.032603689117000911e+01,1.993025110206035011e+00,7.087426108374181410e+00
1.046182397583111090e+01,2.087945262446492034e+00,6.465669396741077435e+00
1.059995580744262433e+01,2.179420957098849865e+00,5.936916021986109904e+00
1.074017303451534566e+01,2.267667934848040190e+00,5.484629834232706003e+00
1.088225257157514392e+01,2.352882365213270877e+00,5.094650645760873786e+00
1.102600479582777737e+01,2.435244510025744269e+00,4.757122124788030426e+00
1.117126701271208233e+01,2.514919232641180002e+00,4.463133721694564571e+00
1.131789375655788987e+01,2.592054580361776051e+00,4.207352041766802664e+00
1.146575927199645406e+01,2.666786600590837164e+00,3.984432510426915819e+00
1.161475456556202523e+01,2.739240397457697096e+00,3.789224894576337821e+00
1.176478271531933295e+01,2.809530088657409053e+00,3.607686660910737420e+00
1.191575860553856536e+01,2.877760684248576784e+00,3.459072485016141840e+00
1.206760634006708344e+01,2.944028553443217344e+00,3.325429626868449340e+00
1.222025831291155917e+01,3.008422461062928210e+00,3.208359010033791758e+00
1.237365411618768007e+01,3.071024323056759542e+00,3.100150155147991970e+00
1.252773933657432792e+01,3.131909766189191924e+00,3.008627632015107967e+00
1.268246495000771823e+01,3.191148804521468652e+00,2.926181878897624156e+00
1.283778686173772776e+01,3.248806445190087544e+00,2.853356476452868495e+00
1.299366506496219209e+01,3.304943051993925351e+00,2.788430468919945060e+00
1.315006312582934811e+01,3.359614760022175961e+00,2.730752374589131115e+00
1.330694788246295523e+01,3.412873894589050217e+00,2.679309645984944144e+00
1.346428904935035753e+01,3.464769293352501833e+00,2.633696159102122625e+00
1.362205888549600274e+01,3.515346600016840295e+00,2.591013996410585385e+00
1.378023193772507504e+01,3.564648538359274976e+00,2.554960657479572461e+00
1.393878483094537835e+01,3.612715161518984086e+00,2.522204124268050851e+00
1.409769593149288625e+01,3.659584030081008077e+00,2.493142898787147566e+00
1.425694523970653371e+01,3.705290432502283959e+00,2.467083974238458488e+00
1.441651434999922721e+01,3.749867595269663401e+00,2.443786387057701237e+00
1.457638621525161327e+01,3.793346813243842153e+00,2.422911368485438199e+00
1.473654485797907832e+01,3.835757551121903308e+00,2.404221228813810729e+00
1.489697536109597564e+01,3.877127605748821093e+00,2.387378774907098045e+00
1.505766403870306469e+01,3.917483293487800999e+00,2.372281676250561411e+00
1.521951886737506143e+01,3.957071755275999525e+00,2.358541019623961787e+00
1.538160954080722753e+01,3.995683278338252542e+00,2.346573241844511326e+00
1.554300121409560909e+01,4.033129091643801623e+00,2.335234359843383345e+00
1.570460412876230194e+01,4.069652544830121954e+00,2.325298326534281479e+00
1.586640838681112520e+01,4.105273669169681838e+00,2.316237978413182130e+00
1.602840459403861928e+01,4.140011462465881920e+00,2.308085448004002505e+00
1.619058392103534771e+01,4.173883977283990632e+00,2.300665905178425064e+00
1.635293807906773367e+01,4.206908382439364047e+00,2.293946384336910782e+00
1.651545919286712660e+01,4.239100998397990594e+00,2.287754392871088172e+00
1.667813986977283847e+01,4.270477367986157624e+00,2.282385234111288241e+00
1.684097310049766705e+01,4.301052288271447033e+00,2.277241293268165379e+00
1.700395220940184871e+01,4.330839849475358605e+00,2.272473717341203958e+00
1.716797010789363398e+01,4.360011241307901741e+00,2.268066708090985095e+00
1.733212300405146422e+01,4.388413170362255755e+00,2.263998219279057089e+00
1.750002679420883922e+01,4.416658826167042307e+00,2.260128454402853038e+00
1.766805964137045137e+01,4.444126330951776005e+00,2.256527876277957478e+00
1.783168694256928788e+01,4.470118757933192910e+00,2.253255595397283706e+00
1.799542619854868519e+01,4.495396363269066775e+00,2.250181531641985977e+00
1.815927269981208880e+01,4.519969255509201922e+00,2.247284521321482487e+00
1.832322193977501357e+01,4.543847088183187388e+00,2.244542576255510902e+00
1.848726959277454540e+01,4.567039080324473588e+00,2.241936239374393569e+00
1.865141153894422388e+01,4.589554041943599394e+00,2.239454292787164125e+00
1.881564381585070933e+01,4.611400387511673138e+00,2.237082093391645543e+00
1.897996261507701377e+01,4.632586154716609173e+00,2.234804280506307972e+00
1.914436427900117721e+01,4.653119021812001321e+00,2.232614474113752134e+00
1.930884528649714227e+01,4.673006322333802309e+00,2.230503461003535026e+00
1.947388567848919294e+01,4.692310661736850186e+00,2.228455913908860886e+00
1.963899917413931817e+01,4.710979427105308481e+00,2.226476934411540487e+00
1.981364106672129921e+01,4.730032879023213788e+00,2.224449523707871634e+00
1.998835749112229720e+01,4.748390345718584982e+00,2.222481106664822459e+00
2.015387728220169805e+01,4.765139264221527782e+00,2.220674850725609328e+00
2.031945789863804563e+01,4.781275792795809387e+00,2.218920681312589682e+00
2.048441333458645985e+01,4.796742435740927846e+00,2.217224124811494335e+00
2.064942366707964183e+01,4.811611987586411843e+00,2.215575032023218593e+00
2.081448630120301146e+01,4.825889197910174566e+00,2.213974134136950767e+00
2.097959872687061278e+01,4.839578582859241251e+00,2.212419821903158113e+00
2.114475850072961549e+01,4.852684431289350897e+00,2.210913182397574506e+00
2.130996323543608639e+01,4.865210811250308076e+00,2.209453769684825541e+00
2.147521060834949935e+01,4.877161577513564161e+00,2.208041690416128855e+00
2.164049835241958064e+01,4.888540377200733644e+00,2.206679046814365108e+00
2.180582425276836744e+01,4.899350655473914351e+00,2.205364929004866692e+00
2.197118614564144323e+01,4.909595660974765963e+00,2.204104887341813868e+00
2.214156193434421382e+01,4.919561279831421885e+00,2.202860668005954370e+00
2.231197139892060122e+01,4.928933453025451605e+00,2.201676162580348706e+00
2.248799280974348491e+01,4.937992656158504801e+00,2.200517646813373585e+00
2.266404536272631631e+01,4.946425042042273290e+00,2.199421320295682492e+00
2.282958191426743610e+01,4.953783329013590198e+00,2.198455151810153829e+00
2.299514197490731249e+01,4.960592205495308882e+00,2.197554291631044432e+00
2.316070260143331438e+01,4.966852871706810113e+00,2.196718615737874636e+00
2.332628295717697142e+01,4.972568022691032930e+00,2.195948831703575799e+00
2.349188119489317828e+01,4.977739290511805414e+00,2.195247474845280600e+00
2.365749548222964549e+01,4.982368146341682902e+00,2.194614827380283018e+00
2.382312400632973848e+01,4.986455902769606041e+00,2.194053536960459461e+00
2.398876497611783165e+01,4.990003715696357034e+00,2.193563460998861903e+00
2.415441661260675943e+01,4.993012585719053043e+00,2.193146878720306336e+00
2.432007714900128548e+01,4.995483359572970627e+00,2.192803708147958552e+00
2.448574482950402853e+01,4.997416731301362880e+00,2.192535313698230404e+00
2.465141790543160383e+01,4.998813243177876231e+00,2.192344169991961245e+00
2.482570794252443491e+01,4.999703333764350610e+00,2.192224495022334629e+00
2.499999999999993605e+01,4.999999999999996447e+00,2.192185448738232623e+00
2.517429205747547272e+01,4.999703333764349722e+00,2.192231303825530553e+00
2.534858209456828959e+01,4.998813243177876231e+00,2.192357682196152791e+00
2.551425517049585423e+01,4.997416731301365544e+00,2.192553122364621299e+00
2.567992285099859373e+01,4.995483359572971516e+00,2.192825206064251908e+00
2.584558338739312688e+01,4.993012585719053043e+00,2.193168281141756104e+00
2.601123502388206532e+01,4.990003715696358810e+00,2.193584183396973586e+00
2.617687599367014784e+01,4.986455902769609594e+00,2.194071022340002841e+00
2.634250451777023372e+01,4.982368146341685566e+00,2.194628779221796666e+00
2.650811880510670804e+01,4.977739290511807191e+00,2.195257195894025237e+00
2.667371704282292200e+01,4.972568022691035594e+00,2.195954295548477209e+00
2.683929739856657193e+01,4.966852871706813666e+00,2.196720437158886430e+00
2.700485802509256672e+01,4.960592205495312434e+00,2.197552568078381174e+00
2.717041808573245376e+01,4.953783329013592862e+00,2.198450632321380827e+00
2.733595463727358066e+01,4.946425042042276843e+00,2.199414178627677519e+00
2.751200719025639430e+01,4.937992656158510130e+00,2.200508732724356875e+00
2.768802860107927089e+01,4.928933453025456934e+00,2.201665651419196124e+00
2.785843806565567249e+01,4.919561279831426326e+00,2.202849209216692916e+00
2.802881385435845374e+01,4.909595660974771292e+00,2.204092476527295563e+00
2.819417574723152242e+01,4.899350655473920568e+00,2.205351826683393135e+00
2.835950164758030212e+01,4.888540377200738973e+00,2.206665221596142867e+00
2.852478939165038696e+01,4.877161577513569490e+00,2.208027234663080041e+00
2.869003676456380703e+01,4.865210811250314293e+00,2.209438538729319834e+00
2.885524149927027793e+01,4.852684431289357114e+00,2.210897117836091663e+00
2.902040127312926998e+01,4.839578582859247469e+00,2.212402868595220617e+00
2.918551369879688195e+01,4.825889197910180783e+00,2.213956487706261633e+00
2.935057633292026225e+01,4.811611987586418060e+00,2.215556658282679336e+00
2.951558666541343712e+01,4.796742435740935839e+00,2.217204927283492832e+00
2.968054210136184778e+01,4.781275792795817381e+00,2.218900688433955715e+00
2.984612271779817760e+01,4.765139264221536664e+00,2.220654117886941226e+00
3.001164250887756779e+01,4.748390345718596528e+00,2.222459653926492695e+00
3.018635893327855513e+01,4.730032879023227110e+00,2.224427120320485063e+00
3.036100082586052551e+01,4.710979427105322692e+00,2.226453454630353601e+00
3.052611432151065785e+01,4.692310661736863509e+00,2.228431882179633838e+00
3.069115471350271918e+01,4.673006322333815632e+00,2.230478903464448326e+00
3.085563572099868779e+01,4.653119021812015532e+00,2.232590767564654133e+00
3.102003738492285478e+01,4.632586154716621607e+00,2.234781506487759639e+00
3.118435618414916988e+01,4.611400387511683796e+00,2.237059569313508245e+00
3.134858846105567665e+01,4.589554041943610052e+00,2.239434196948791200e+00
3.151273040722535157e+01,4.567039080324486022e+00,2.241917020349749823e+00
3.167677806022487275e+01,4.543847088183198935e+00,2.244521292362861242e+00
3.184072730018779041e+01,4.519969255509214356e+00,2.247262213473854686e+00
3.200457380145117980e+01,4.495396363269081874e+00,2.250157301799389220e+00
3.216831305743058067e+01,4.470118757933208897e+00,2.253226658851731123e+00
3.233194035862941007e+01,4.444126330951791992e+00,2.256492819409215755e+00
3.249997320579101512e+01,4.416658826167058294e+00,2.260083255021006376e+00
3.266787699594840433e+01,4.388413170362271742e+00,2.263940691438495634e+00
3.283202989210622746e+01,4.360011241307920393e+00,2.268007703758327942e+00
3.299604779059799853e+01,4.330839849475377257e+00,2.272402779127459027e+00
3.315902689950218019e+01,4.301052288271465684e+00,2.277140607293384633e+00
3.332186013022702298e+01,4.270477367986178940e+00,2.282291889635999826e+00
3.348454080713273839e+01,4.239100998398011910e+00,2.287908618422085372e+00
3.364706192093213133e+01,4.206908382439383587e+00,2.294051326206686614e+00
3.380941607896451018e+01,4.173883977284011060e+00,2.300785398961617823e+00
3.397159540596125993e+01,4.140011462465901459e+00,2.308187245448925839e+00
3.413359161318874868e+01,4.105273669169703155e+00,2.316338754518366461e+00
3.429539587123755950e+01,4.069652544830144159e+00,2.325336379544689525e+00
3.445699878590426124e+01,4.033129091643821162e+00,2.335283559186412283e+00
3.461839045919265345e+01,3.995683278338273858e+00,2.346300765100520547e+00
3.478048113262483554e+01,3.957071755276018621e+00,2.358592008719561317e+00
3.494233596129684827e+01,3.917483293487814766e+00,2.372256080010513912e+00
3.510302463890393199e+01,3.877127605748836192e+00,2.387369194357139790e+00
3.526345514202083820e+01,3.835757551121917963e+00,2.404197992439992326e+00
3.542361378474829081e+01,3.793346813243860804e+00,2.422959658040670039e+00
3.558348565000066799e+01,3.749867595269682941e+00,2.443895856755500695e+00
3.574305476029335438e+01,3.705290432502304387e+00,2.467284883887146840e+00
3.590230406850701428e+01,3.659584030081028061e+00,2.493427883945811274e+00
3.606121516905452040e+01,3.612715161519006291e+00,2.522676184221017248e+00
3.621976806227482371e+01,3.564648538359295404e+00,2.555415345668898830e+00
3.637794111450390488e+01,3.515346600016857614e+00,2.592083672770074010e+00
3.653571095064958030e+01,3.464769293352513824e+00,2.633183124844208578e+00
3.669305211753697193e+01,3.412873894589066648e+00,2.679261253721269664e+00
3.684993687417057373e+01,3.359614760022189284e+00,2.730978345998976042e+00
3.700633493503771376e+01,3.304943051993947112e+00,2.789042039369049597e+00
3.716221313826218164e+01,3.248806445190111081e+00,2.854306005939261759e+00
3.731753504999216631e+01,3.191148804521500182e+00,2.927684806953454455e+00
3.747226066342557260e+01,3.131909766189216349e+00,3.010301815459068386e+00
3.762634588381220624e+01,3.071024323056790184e+00,3.103365258549397598e+00
3.777974168708836089e+01,3.008422461062949971e+00,3.208357361803381824e+00
3.793239365993279932e+01,2.944028553443255536e+00,3.326888696221546482e+00
3.808424139446133694e+01,2.877760684248602541e+00,3.460960035385202804e+00
3.823521728468053027e+01,2.809530088657455682e+00,3.612764170110343898e+00
3.838524543443787707e+01,2.739240397457729070e+00,3.785050297517521312e+00
3.853424072800340383e+01,2.666786600590895784e+00,3.980873380080547808e+00
3.868210624344202841e+01,2.592054580361801364e+00,4.204121423970406113e+00
3.882873298728775069e+01,2.514919232641251945e+00,4.459180176390113104e+00
3.897399520417214092e+01,2.435244510025773579e+00,4.751716036179030489e+00
3.911774742842465002e+01,2.352882365213373905e+00,5.088248455850056473e+00
3.925982696548456374e+01,2.267667934848075717e+00,5.477360276863590727e+00
3.940004419255711809e+01,2.179420957098995082e+00,5.929175738362400416e+00
3.953817602416880561e+01,2.087945262446532002e+00,6.457245604815304851e+00
3.967396310882967470e+01,1.993025110206241957e+00,7.078032412583595168e+00
3.980710068610974872e+01,1.894424623839881194e+00,7.814142554872640645e+00
3.993722882275143604e+01,1.791886965231974882e+00,8.694111142822976035e+00
4.006392032801536374e+01,1.685134463269129190e+00,9.758037377404370716e+00
4.018666602294792511e+01,1.573870350945647090e+00,1.105892211695267413e+01
4.030485727340335700e+01,1.457782986060818242e+00,1.267481306378597772e+01
4.041776523168717006e+01,1.336554691516874893e+00,1.471296295545198340e+01
4.052451784377823429e+01,1.209877387504208368e+00,1.735660945042387127e+01
4.062407706076265157e+01,1.077477885474446007e+00,2.078444955803033878e+01
4.071522035284586138e+01,9.391573507369173068e-01,2.583374321943713525e+01
4.079653545195925801e+01,7.948483858839457961e-01,3.130763588553540444e+01
4.086644229348441826e+01,6.446905255873133234e-01,4.656660278228269334e+01
4.092326040478226190e+01,4.891177166805458221e-01,5.301206335497693090e+01
4.096533838360647195e+01,3.289380250300039110e-01,1.369559920005808351e+02
4.099124642577071853e+01,1.653706036459588469e-01,1.492814801623779317e+02
4.099999999999997868e+01,-3.241766320688160509e-17,1.206205567562750730e+03
