x,y,stress
7.999999999999995559e+00,6.257580279615785847e-16,9.004969220322349202e+02
8.002903758606427331e+00,2.033035354687775242e-01,1.341996551206543700e+02
8.011608543920635483e+00,4.064414049972742693e-01,1.113933959930038071e+02
8.024185126598558426e+00,5.865470935535371799e-01,5.218405477458107100e+01
8.041298536481180648e+00,7.662784852952440051e-01,4.631131254769394445e+01
8.061099246473085955e+00,9.317739763391172936e-01,3.391729880363718763e+01
8.084712414354255472e+00,1.096768694143195111e+00,2.891840074423628337e+01
8.112045055374638380e+00,1.260848168947260151e+00,2.409219998702569043e+01
8.143102128913762172e+00,1.424263658253411391e+00,2.077034020181441321e+01
8.177840312529747635e+00,1.586936459503959451e+00,1.790559564313950958e+01
8.216212017038397875e+00,1.748790757792573425e+00,1.583762635886814962e+01
8.258165714064180207e+00,1.909753832769659265e+00,1.404629326768597508e+01
8.303646275536829435e+00,2.069756224233073372e+00,1.255668564553215383e+01
8.352595326613498017e+00,2.228731880268081778e+00,1.128454224687229335e+01
8.404951605164480810e+00,2.386618274324482147e+00,1.018877662578194787e+01
8.460651316016743806e+00,2.543356471146447362e+00,9.237084407611156678e+00
8.519628480198180753e+00,2.698891162087798890e+00,8.399452081683165261e+00
8.581815277018344901e+00,2.853170675213307028e+00,7.633730928318484210e+00
8.647142398289755505e+00,3.006147012200902413e+00,6.986938517305938845e+00
8.715539348788325924e+00,3.157775758530353638e+00,6.400816856403555022e+00
8.786934756462231988e+00,3.308016039751051629e+00,5.877657513582842164e+00
8.861256667104013829e+00,3.456830458092857494e+00,5.391963587719353690e+00
8.938432794550614346e+00,3.604184960577248020e+00,4.970654277777657448e+00
9.018390788478637177e+00,3.750048769341975063e+00,4.585118054566229340e+00
9.101058452192843262e+00,3.894394239683349745e+00,4.237400309698476697e+00
9.186363973028031538e+00,4.037196768212184317e+00,3.922570250430398087e+00
9.274236057580537818e+00,4.178434567095592023e+00,3.637843318032342399e+00
9.364608103053791766e+00,4.318094602425331274e+00,3.380494967826733976e+00
9.457406676681364033e+00,4.456154302358468655e+00,3.148402265981681047e+00
9.552558907290254808e+00,4.592593784384744637e+00,2.939542130391516572e+00
9.650001195878090243e+00,4.727407368027522594e+00,2.752773800046236286e+00
9.749667183155450445e+00,4.860585503780223249e+00,2.586569487202544870e+00
9.851491798675146683e+00,4.992120647012745493e+00,2.439843003584073688e+00
9.955411327484158690e+00,5.122007119244460505e+00,2.311524076300590647e+00
1.006136347839072620e+01,5.250240990977126820e+00,2.200639715597657364e+00
1.016928742785319706e+01,5.376819951606565340e+00,2.106205322910489119e+00
1.027912380578547946e+01,5.501743131456119151e+00,2.027322156229953709e+00
1.039081474295839946e+01,5.625011016114719098e+00,1.962983011649586107e+00
1.050430393932915507e+01,5.746625392083362982e+00,1.912228996570817907e+00
1.061955493906050485e+01,5.866607981641604574e+00,1.873974285811613294e+00
1.073649665459306490e+01,5.984943377549071464e+00,1.847163445175940444e+00
1.085588532646306703e+01,6.102420653159275510e+00,1.830575718655864215e+00
1.097688389805097309e+01,6.218239158668808386e+00,1.823333718232777123e+00
1.109859426621766509e+01,6.331625775465668404e+00,1.824252885262551915e+00
1.122179608944165174e+01,6.443390094211817853e+00,1.832219238707101017e+00
1.134644344392399162e+01,6.553539839000269041e+00,1.846236756872097207e+00
1.147249197837708223e+01,6.662083418870333951e+00,1.865410752361596591e+00
1.159989846722591622e+01,6.769029500205068217e+00,1.888902360848715656e+00
1.172862138292858702e+01,6.874387462333969800e+00,1.915988580493718674e+00
1.185862084437337849e+01,6.978167292054659576e+00,1.946007973777380329e+00
1.198985725733103536e+01,7.080378482753146407e+00,1.978400557732716836e+00
1.212229264953395180e+01,7.181031111416747770e+00,2.012659794068039965e+00
1.225589049352825199e+01,7.280135654876512596e+00,2.048367868360483790e+00
1.239304134829149717e+01,7.379438332554236091e+00,2.085810037417230589e+00
1.253132377588416801e+01,7.477159152676780884e+00,2.124044050597504896e+00
1.266957166633208232e+01,7.572538482312007879e+00,2.162459251825464168e+00
1.280886540151357522e+01,7.666383885074432136e+00,2.201139535984219187e+00
1.294781978139220513e+01,7.757826540181885555e+00,2.239475371565085915e+00
1.308773855782964368e+01,7.847786655402708256e+00,2.277785740208888132e+00
1.322859263959757392e+01,7.936275223744952534e+00,2.315500157117848623e+00
1.337035383655376641e+01,8.023303201847824084e+00,2.353913791695478430e+00
1.351299490306695539e+01,8.108881538179744553e+00,2.391623628631809773e+00
1.365648939162390718e+01,8.193021086290693589e+00,2.427788871082541267e+00
1.380081168562829674e+01,8.275732630048034721e+00,2.463731378332004507e+00
1.394593704400387502e+01,8.357026911268979674e+00,2.498976636383351657e+00
1.409184143778275455e+01,8.436914540101216886e+00,2.533472936170380052e+00
1.423850163622007692e+01,8.515406048410564921e+00,2.567227103903450658e+00
1.438901056901110920e+01,8.594122740013080630e+00,2.600767920509286402e+00
1.454026076604202089e+01,8.671405595218150353e+00,2.633621969590238532e+00
1.469479516935109054e+01,8.748530902119417973e+00,2.666196960957442741e+00
1.485004977388598846e+01,8.824196006054865649e+00,2.697378420987706527e+00
1.500024024257719013e+01,8.895701185682822754e+00,2.726560607703198080e+00
1.515105888875916662e+01,8.965871747075034648e+00,2.754947481260625164e+00
1.530248700776706627e+01,9.034717209987091380e+00,2.782647206329285527e+00
1.545450645526972444e+01,9.102246939504158973e+00,2.808852848839761940e+00
1.560709960662004825e+01,9.168470133503472397e+00,2.834249406991964815e+00
1.576024933712892562e+01,9.233395820311690372e+00,2.858766615838843617e+00
1.591393900745692314e+01,9.297032858592663374e+00,2.882611460238862833e+00
1.606815244855975067e+01,9.359389936913757424e+00,2.904984374439814498e+00
1.622287397715798107e+01,9.420475585133356589e+00,2.926540416982158277e+00
1.637808826213155911e+01,9.480298127258786067e+00,2.947198886735505674e+00
1.653409864035902643e+01,9.538983974975451474e+00,2.967434637079564563e+00
1.669057428156827427e+01,9.596417791829487953e+00,2.986052867916538123e+00
1.685871298899623127e+01,9.656568652455389312e+00,3.005195219110884164e+00
1.702735246889177745e+01,9.715300929703989397e+00,3.023219535772775579e+00
1.718808386641870456e+01,9.769816154809941366e+00,3.039415401781393911e+00
1.734923893140847895e+01,9.823065938983972956e+00,3.054692104652398488e+00
1.750758174932425248e+01,9.874034299868627684e+00,3.068786634995414708e+00
1.766630627039997847e+01,9.923801260255569190e+00,3.082027618099230981e+00
1.782540042471493180e+01,9.972373540156000971e+00,3.094425761543595499e+00
1.798485248428415773e+01,1.001975770402030008e+01,3.106001604307088382e+00
1.814465096651318987e+01,1.006596013519394006e+01,3.116776912875409256e+00
1.830478465620359430e+01,1.011098704731714548e+01,3.126769628938415480e+00
1.846524261519363819e+01,1.015484449076324402e+01,3.136001604568004364e+00
1.862601409722891077e+01,1.019753833329622950e+01,3.144494595938723602e+00
1.878708861433305088e+01,1.023907428263484576e+01,3.152273973114028127e+00
1.894845590254302437e+01,1.027945788063720300e+01,3.159367693340748406e+00
1.911176486428588817e+01,1.031909090530809614e+01,3.165848302341200515e+00
1.927535222570388029e+01,1.035755868803499880e+01,3.171701004704158056e+00
1.945295368754697307e+01,1.039794089645568143e+01,3.177322729298906800e+00
1.963085809443433760e+01,1.043696686290562425e+01,3.182197631067309462e+00
1.979753293305886430e+01,1.047224948924859866e+01,3.186174783926452037e+00
1.996445246862943179e+01,1.050635572811671281e+01,3.189604084451592936e+00
2.012765581412365279e+01,1.053852574967999978e+01,3.192450995482064791e+00
2.029107457015893701e+01,1.056958301168820391e+01,3.194830269335911854e+00
2.045470013311355828e+01,1.059953157931026446e+01,3.196767319943923713e+00
2.061852405806513744e+01,1.062837536810762984e+01,3.198290013549191624e+00
2.078253803585193893e+01,1.065611814197354867e+01,3.199431571155842757e+00
2.094673386889092370e+01,1.068276351149953385e+01,3.200218811021988241e+00
2.111110349927550800e+01,1.070831494095862269e+01,3.200683310775439328e+00
2.127563896919733111e+01,1.073277574399408962e+01,3.200853214203356778e+00
2.144033241975593995e+01,1.075614908593284724e+01,3.200759391331286174e+00
2.160517613713150809e+01,1.077843799208932474e+01,3.200435128227998138e+00
2.177145308124367773e+01,1.079980690907742868e+01,3.199890935446808360e+00
2.193786717845971879e+01,1.082008008537296995e+01,3.199193775914432880e+00
2.211964417451312670e+01,1.084095936531337401e+01,3.198252096520787457e+00
2.230156566584061295e+01,1.086053977729276632e+01,3.197126446955349532e+00
2.247450998528122668e+01,1.087794026949748805e+01,3.195970464445155201e+00
2.264756774436949627e+01,1.089417379613324144e+01,3.194743450416490216e+00
2.281328315549675878e+01,1.090861863675722176e+01,3.193534518943639267e+00
2.297908794136441202e+01,1.092199863337355481e+01,3.192320508662353618e+00
2.314497509988801838e+01,1.093431549540232695e+01,3.191114346640356647e+00
2.331093766514537080e+01,1.094557079368977881e+01,3.189934345830727214e+00
2.347696873006622553e+01,1.095576596319498819e+01,3.188805073568389936e+00
2.364306142585571635e+01,1.096490230233464125e+01,3.187739004604524418e+00
2.380920892558270907e+01,1.097298097399231587e+01,3.186752641184169121e+00
2.397540443663759646e+01,1.098000300573446530e+01,3.185860590710268614e+00
2.414164119632611261e+01,1.098596929019919877e+01,3.185082378521258306e+00
2.430791246913314296e+01,1.099088058548103142e+01,3.184428474688492106e+00
2.447439402589316160e+01,1.099474116847650862e+01,3.183930830891428698e+00
2.464089672351853721e+01,1.099754556216461054e+01,3.183582777758647175e+00
2.482044416757211636e+01,1.099938641322155952e+01,3.183351721901873432e+00
2.500000000000006750e+01,1.099999999999999467e+01,3.183267716779719425e+00
2.517955583242800088e+01,1.099938641322156307e+01,3.183354196875363584e+00
2.535910327648155871e+01,1.099754556216460699e+01,3.183587063252966587e+00
2.552560597410699117e+01,1.099474116847650151e+01,3.183946221695786782e+00
2.569208753086696717e+01,1.099088058548102786e+01,3.184462006283441671e+00
2.585835880367399753e+01,1.098596929019919699e+01,3.185103843669132129e+00
2.602459556336251367e+01,1.098000300573445998e+01,3.185865925893482498e+00
2.619079107441742238e+01,1.097298097399230521e+01,3.186741790953649733e+00
2.635693857414443642e+01,1.096490230233463414e+01,3.187712372783609638e+00
2.652303126993392368e+01,1.095576596319498108e+01,3.188770213756933813e+00
2.668906233485478197e+01,1.094557079368976638e+01,3.189891666878704513e+00
2.685502490011214149e+01,1.093431549540231096e+01,3.191065015686367801e+00
2.702091205863575496e+01,1.092199863337353882e+01,3.192264621160430860e+00
2.718671684450339754e+01,1.090861863675720933e+01,3.193471803979913037e+00
2.735243225563066005e+01,1.089417379613322368e+01,3.194673449292457335e+00
2.752549001471896517e+01,1.087794026949746318e+01,3.195890063504279066e+00
2.769843433415961087e+01,1.086053977729274145e+01,3.197035714048781507e+00
2.788035582548711488e+01,1.084095936531334914e+01,3.198150120462791790e+00
2.806213282154054411e+01,1.082008008537293442e+01,3.199079003454355252e+00
2.822854691875659228e+01,1.079980690907738783e+01,3.199767333778157141e+00
2.839482386286876547e+01,1.077843799208928566e+01,3.200302023783346606e+00
2.855966758024431584e+01,1.075614908593280994e+01,3.200619544809516714e+00
2.872436103080291403e+01,1.073277574399404877e+01,3.200706061533668656e+00
2.888889650072474069e+01,1.070831494095857828e+01,3.200531725748384293e+00
2.905326613110933209e+01,1.068276351149948944e+01,3.200062428123624514e+00
2.921746196414831331e+01,1.065611814197350249e+01,3.199272646649140572e+00
2.938147594193512901e+01,1.062837536810758188e+01,3.198127869881639107e+00
2.954529986688671173e+01,1.059953157931021295e+01,3.196603650560367438e+00
2.970892542984132589e+01,1.056958301168814884e+01,3.194664639924979177e+00
2.987234418587661366e+01,1.053852574967994471e+01,3.192285536826097392e+00
3.003554753137083466e+01,1.050635572811665241e+01,3.189438972253312965e+00
3.020246706694139505e+01,1.047224948924853827e+01,3.186009266498149639e+00
3.036914190556591109e+01,1.043696686290556563e+01,3.182033137891555175e+00
3.054704631245324364e+01,1.039794089645562813e+01,3.177156635336467083e+00
3.072464777429630090e+01,1.035755868803494906e+01,3.171530753509210765e+00
3.088823513571427881e+01,1.031909090530804818e+01,3.165679421690882123e+00
3.105154409745712840e+01,1.027945788063716037e+01,3.159198196652119428e+00
3.121291138566709478e+01,1.023907428263480313e+01,3.152104573078280403e+00
3.137398590277123844e+01,1.019753833329618509e+01,3.144323668452785991e+00
3.153475738480650037e+01,1.015484449076319784e+01,3.135828157983928666e+00
3.169521534379654426e+01,1.011098704731710107e+01,3.126592461965911784e+00
3.185534903348693803e+01,1.006596013519389565e+01,3.116597031620331304e+00
3.201514751571595951e+01,1.001975770402025212e+01,3.105817205471645970e+00
3.217459957528519965e+01,9.972373540155949456e+00,3.094235618528401677e+00
3.233369372960014942e+01,9.923801260255519452e+00,3.081829794852663174e+00
3.249241825067586831e+01,9.874034299868579723e+00,3.068584202125443028e+00
3.265076106859163474e+01,9.823065938983921441e+00,3.054483070984986615e+00
3.281191613358139136e+01,9.769816154809895181e+00,3.039197415226956966e+00
3.297264753110830071e+01,9.715300929703952093e+00,3.022990683874453133e+00
3.314128701100384689e+01,9.656568652455352009e+00,3.004942910197566874e+00
3.330942571843178968e+01,9.596417791829448873e+00,2.985803403756708274e+00
3.346590135964103752e+01,9.538983974975410618e+00,2.966963866840242048e+00
3.362191173786850840e+01,9.480298127258746987e+00,2.947204407270219928e+00
3.377712602284208998e+01,9.420475585133317509e+00,2.926534005531835181e+00
3.393184755144031328e+01,9.359389936913714791e+00,2.904910813458365659e+00
3.408606099254314614e+01,9.297032858592615412e+00,2.882331388821896212e+00
3.423975066287116675e+01,9.233395820311642410e+00,2.858787770117840132e+00
3.439290039338003879e+01,9.168470133503422659e+00,2.834282346178992995e+00
3.454549354473035550e+01,9.102246939504109235e+00,2.808810424947309148e+00
3.469751299223301544e+01,9.034717209987036313e+00,2.782378026382712033e+00
3.484894111124092575e+01,8.965871747074981357e+00,2.754986471817826743e+00
3.499975975742290046e+01,8.895701185682769463e+00,2.726644242622897618e+00
3.514995022611409325e+01,8.824196006054807029e+00,2.697367088811866598e+00
3.530520483064901072e+01,8.748530902119350472e+00,2.665999691180620967e+00
3.545973923395809635e+01,8.671405595218075746e+00,2.633638469780626767e+00
3.561098943098900094e+01,8.594122740013013129e+00,2.600882328322035697e+00
3.576149836377999947e+01,8.515406048410504525e+00,2.567229328023711954e+00
3.590815856221732361e+01,8.436914540101151161e+00,2.533429891287865665e+00
3.605406295599621558e+01,8.357026911268915725e+00,2.498845285580912012e+00
3.619918831437177431e+01,8.275732630047979654e+00,2.463517892531703612e+00
3.634351060837614256e+01,8.193021086290642074e+00,2.427497385664752816e+00
3.648700509693309613e+01,8.108881538179691262e+00,2.390850789733720561e+00
3.662964616344628865e+01,8.023303201847772570e+00,2.353648025127909715e+00
3.677140736040248470e+01,7.936275223744900131e+00,2.315980664330027583e+00
3.691226144217041849e+01,7.847786655402646083e+00,2.277945646008647795e+00
3.705218021860785171e+01,7.757826540181825159e+00,2.239666548853918027e+00
3.719113459848648517e+01,7.666383885074375293e+00,2.201281283854392257e+00
3.733042833366798163e+01,7.572538482311943930e+00,2.162590841751752979e+00
3.746867622411589593e+01,7.477159152676708942e+00,2.124159650228049312e+00
3.760695865170857388e+01,7.379438332554159707e+00,2.085920031774293193e+00
3.774410950647183682e+01,7.280135654876430884e+00,2.048470800295807859e+00
3.787770735046612458e+01,7.181031111416670498e+00,2.012763295272325781e+00
3.801014274266903215e+01,7.080378482753066471e+00,1.978502146550543017e+00
3.814137915562668724e+01,6.978167292054579640e+00,1.946109963781039287e+00
3.827137861707148403e+01,6.874387462333894305e+00,1.916088779154024646e+00
3.840010153277414418e+01,6.769029500204995387e+00,1.889000232490821274e+00
3.852750802162297816e+01,6.662083418870254015e+00,1.865504618496016676e+00
3.865355655607606877e+01,6.553539839000184664e+00,1.846321434737559830e+00
3.877820391055841753e+01,6.443390094211731700e+00,1.832293362518855995e+00
3.890140573378240418e+01,6.331625775465573369e+00,1.824312879070363103e+00
3.902311610194909974e+01,6.218239158668702693e+00,1.823379228439673261e+00
3.914411467353700402e+01,6.102420653159172481e+00,1.830599695352417289e+00
3.926350334540700970e+01,5.984943377548973764e+00,1.847168822546867872e+00
3.938044506093956443e+01,5.866607981641504210e+00,1.873965950119156343e+00
3.949569606067090888e+01,5.746625392083255512e+00,1.912213180478771868e+00
3.960918525704166626e+01,5.625011016114609852e+00,1.962958647365213860e+00
3.972087619421458982e+01,5.501743131456009905e+00,2.027301420262514142e+00
3.983071257214685801e+01,5.376819951606468528e+00,2.106197491562339597e+00
3.993863652160931821e+01,5.250240990977030897e+00,2.200660412658778320e+00
4.004458867251588572e+01,5.122007119244365470e+00,2.311560363774543436e+00
4.014850820132490128e+01,4.992120647012652235e+00,2.439904989288940396e+00
4.025033281684459752e+01,4.860585503780129990e+00,2.586600606485940368e+00
4.034999880412194528e+01,4.727407368027427559e+00,2.752779855383076235e+00
4.044744109270978072e+01,4.592593784384654043e+00,2.939535796923236965e+00
4.054259332331866261e+01,4.456154302358391384e+00,3.148311478305846567e+00
4.063539189694623843e+01,4.318094602425246897e+00,3.380601954324746750e+00
4.072576394241949060e+01,4.178434567095496988e+00,3.638351220817348963e+00
4.081363602697198445e+01,4.037196768212099940e+00,3.923623432078332751e+00
4.089894154780717628e+01,3.894394239683273362e+00,4.239146573489010805e+00
4.098160921152138059e+01,3.750048769341895571e+00,4.587902595322750798e+00
4.106156720544939276e+01,3.604184960577163199e+00,4.973719300784719799e+00
4.113874333289599861e+01,3.456830458092766456e+00,5.400862530717800425e+00
4.121306524353779110e+01,3.308016039750952153e+00,5.874844466370864104e+00
4.128446065121168118e+01,3.157775758530264376e+00,6.401931931751358995e+00
4.135285760171024805e+01,3.006147012200811375e+00,6.990277965244974467e+00
4.141818472298166398e+01,2.853170675213215990e+00,7.649219787582533847e+00
4.148037151980182813e+01,2.698891162087705187e+00,8.391353901014912964e+00
4.153934868398325619e+01,2.543356471146361653e+00,9.231473650603353676e+00
4.159504839483551564e+01,2.386618274324404876e+00,1.018983937443708321e+01
4.164740467338648955e+01,2.228731880268011167e+00,1.129111644550755322e+01
4.169635372446315813e+01,2.069756224233009423e+00,1.257083455676944617e+01
4.174183428593580913e+01,1.909753832769588877e+00,1.407161584704722124e+01
4.178378798296158436e+01,1.748790757792497930e+00,1.586662143201770192e+01
4.182215968747023283e+01,1.586936459503876407e+00,1.802008257627016974e+01
4.185689787108622539e+01,1.424263658253319242e+00,2.074756137430212277e+01
4.188795494462534919e+01,1.260848168947180659e+00,2.401385505655105135e+01
4.191528758564572144e+01,1.096768694143131828e+00,2.888850691743677501e+01
4.193890075352688029e+01,9.317739763390805452e-01,3.379679323339348684e+01
4.195870146351879271e+01,7.662784852952316816e-01,4.634142788621227282e+01
4.197581487340141138e+01,5.865470935535241903e-01,5.186631876740981539e+01
4.198839145607932721e+01,4.064414049972576159e-01,1.117481874715271744e+02
4.199709624139353537e+01,2.033035354687696694e-01,1.336453936729521104e+02
4.199999999999997868e+01,-3.938312622325279846e-17,9.007152116460282514e+02
