x,y,stress
9.999999999999994449e-01,5.075588837242622413e-16,1.253292679803313149e+03
1.005092811410985165e+00,1.853991091450653272e-01,1.143587063207011596e+02
1.020316690545214344e+00,3.702426443458445293e-01,1.247550499730194389e+02
1.042684241588651917e+00,5.365281164868184183e-01,3.136382275194731406e+01
1.073024654386805610e+00,7.015458076384629704e-01,3.129663456230726482e+01
1.110584508095910694e+00,8.629749335199140559e-01,1.529101644978591956e+01
1.155405504576019426e+00,1.022541412205142164e+00,1.132713592162897775e+01
1.207172997367087719e+00,1.179992379510883982e+00,7.035903549918197442e+00
1.265548273357164577e+00,1.335115930833277176e+00,4.860676441657052038e+00
1.330178161650436452e+00,1.487740564933490273e+00,3.291432750001022978e+00
1.400703563514393624e+00,1.637733138584300807e+00,2.308705156387947266e+00
1.476766677789345339e+00,1.784995827286547598e+00,1.651801286863411100e+00
1.558016792468058798e+00,1.929462399543405260e+00,1.208148527845446019e+00
1.644114713479939427e+00,2.071094224476524914e+00,8.066764920544075013e-01
1.734735949451848169e+00,2.209876261823151999e+00,6.115288425001257355e-01
1.829572801944681304e+00,2.345813195676251350e+00,4.467883751715970297e-01
1.928335579753230222e+00,2.478925888602237393e+00,3.304446089686766119e-01
2.030753102726083004e+00,2.609248193771091628e+00,2.455654626316011446e-01
2.136572676575414054e+00,2.736824172393805821e+00,1.892128559607019200e-01
2.245559667085329725e+00,2.861705692803776291e+00,1.618030229387044383e-01
2.357496793896990628e+00,2.983950394020834729e+00,1.612530787200363858e-01
2.472183266419064385e+00,3.103620010779041483e+00,1.796092723259792023e-01
2.589433790942022195e+00,3.220778971442842309e+00,2.076210721369888268e-01
2.709077546067542475e+00,3.335493276336086943e+00,2.397397224491231438e-01
2.830957140113162129e+00,3.447829589231877989e+00,2.732416663045866834e-01
2.955223967340251168e+00,3.558112752545304236e+00,3.070630541893096255e-01
3.081457079330880422e+00,3.666140013081433224e+00,3.405988906589664800e-01
3.209253496715325671e+00,3.771750052748809701e+00,3.735845348928286680e-01
3.338770832688921164e+00,3.875242650973384162e+00,4.060083267204347424e-01
3.469877693812142283e+00,3.976659443956479745e+00,4.378504015724182796e-01
3.602503567513560156e+00,4.076081754032391480e+00,4.691179899590818825e-01
3.736559277029746884e+00,4.173567863625819108e+00,4.998272884063270638e-01
3.871962276539337111e+00,4.269174022872076257e+00,5.299896297415899182e-01
4.008636170623590012e+00,4.362954491448300054e+00,5.596241437609725811e-01
4.146510234022105834e+00,4.454961562022549337e+00,5.887416953780394424e-01
4.285518682292523529e+00,4.545245410118707419e+00,6.173614021391375939e-01
4.425600739206733358e+00,4.633854455791273530e+00,6.454934630072542978e-01
4.566699734071595351e+00,4.720835072748138295e+00,6.731558336619933858e-01
4.708762999036348873e+00,4.806231808705026864e+00,7.003506075104402040e-01
4.858401177776158875e+00,4.893943916913599423e+00,7.283096903098452701e-01
5.008989137160154037e+00,4.980015314572921348e+00,7.557625283173071695e-01
5.156338111777494682e+00,5.062209475912466061e+00,7.820031151286849225e-01
5.304497821965756366e+00,5.142933175720707517e+00,8.077939344020415025e-01
5.450802435894902764e+00,5.220841454264527393e+00,8.326994926604873726e-01
5.597817050771440428e+00,5.297401590700476781e+00,8.571879226847111122e-01
5.745509070453430844e+00,5.372646594376345064e+00,8.812658798725745424e-01
5.893847997578661513e+00,5.446608177548634799e+00,9.049409314269727389e-01
6.042805119184902374e+00,5.519316732306495332e+00,9.282217909107918219e-01
6.192353452663465596e+00,5.590801432590718711e+00,9.511149368229021572e-01
6.342467612676608191e+00,5.661090286640638070e+00,9.736298732103959575e-01
6.493123626427663275e+00,5.730210159267432601e+00,9.957728541838786196e-01
6.644298942675882280e+00,5.798186877495831837e+00,1.017550009745482376e+00
6.795972205358908447e+00,5.865045221036517376e+00,1.038970534300703408e+00
6.949777233680386246e+00,5.931516883848269472e+00,1.060262799851942050e+00
7.104050816758835651e+00,5.996893760363630754e+00,1.081204005306105609e+00
7.274439739368316005e+00,6.067640373608529814e+00,1.103879788214837676e+00
7.445350731311372705e+00,6.137116334087573399e+00,1.126075392949943632e+00
7.610718466988497966e+00,6.202968026843814542e+00,1.147282488296819336e+00
7.776532811468989337e+00,6.267686976232688778e+00,1.167969741595850541e+00
7.931410869609693215e+00,6.326987565531896784e+00,1.186960038205935319e+00
8.086647591644295474e+00,6.385342826540465921e+00,1.205642164759523238e+00
8.242148155523738140e+00,6.442740117308457748e+00,1.224009435394536993e+00
8.397981748105159738e+00,6.499227008933631922e+00,1.242072318080582161e+00
8.554136479940391169e+00,6.554819502802108566e+00,1.259813075874689270e+00
8.710601319473154192e+00,6.609533143074539652e+00,1.277280846091418454e+00
8.867365755380619774e+00,6.663382928086348578e+00,1.294584509943009776e+00
9.024419436796494054e+00,6.716383223852407269e+00,1.311440602598526795e+00
9.181752554579805548e+00,6.768547930731613427e+00,1.328071571820583552e+00
9.339355876705218051e+00,6.819890521930608962e+00,1.344414489417278258e+00
9.497220502040677914e+00,6.870423989075914228e+00,1.360490008305841103e+00
9.655337908854937368e+00,6.920160885703339204e+00,1.376299059416494996e+00
9.821138341684640949e+00,6.971391796141206854e+00,1.392564076637039738e+00
9.987197932824399160e+00,7.021776358704433285e+00,1.408548380393867427e+00
1.017377308596369012e+01,7.077304129488443785e+00,1.426150785831555856e+00
1.036065198649097319e+01,7.131800929260348809e+00,1.443385992219466063e+00
1.054139843868457938e+01,7.183465789597299533e+00,1.459700936667807536e+00
1.072240838282169229e+01,7.234199807293085094e+00,1.475685627344362816e+00
1.088519585204401885e+01,7.278983804831121951e+00,1.489764546145762258e+00
1.104818223935239985e+01,7.323038379153046229e+00,1.503584262347900102e+00
1.120838314360745436e+01,7.365589059498886648e+00,1.516909630144134713e+00
1.136876441043085073e+01,7.407454803603016558e+00,1.529938150617473180e+00
1.152932071011967530e+01,7.448644166917541831e+00,1.542891414119559990e+00
1.169004692427779979e+01,7.489165447183784963e+00,1.555452291847775337e+00
1.185093811149370957e+01,7.529026687459012379e+00,1.567813787929726699e+00
1.201198949494041024e+01,7.568235684511609662e+00,1.579927682819113999e+00
1.217319646197248595e+01,7.606799999601100204e+00,1.591805415534543355e+00
1.233455456819478258e+01,7.644726969582610110e+00,1.603447716660598710e+00
1.249605953172665274e+01,7.682023714992118002e+00,1.614856003266642359e+00
1.265770717763169806e+01,7.718697136440678008e+00,1.626033575342221482e+00
1.282117277536728572e+01,7.755124824604799016e+00,1.637089165967995807e+00
1.298477591514571294e+01,7.790929734028694931e+00,1.647920127054649519e+00
1.316556819540103263e+01,7.829746977433907240e+00,1.659598626224600304e+00
1.334651836737126196e+01,7.867821423111135637e+00,1.671002065542639192e+00
1.354762041986082188e+01,7.909238089067603283e+00,1.683331949243733305e+00
1.374890469495392331e+01,7.949759911794238576e+00,1.695308019269183841e+00
1.393727932902681310e+01,7.986850425664711928e+00,1.706208747608802367e+00
1.412580297789452821e+01,8.023175953254000348e+00,1.716810686332361779e+00
1.429399773182675659e+01,8.054922445802182196e+00,1.726022397302099609e+00
1.446230392160638978e+01,8.086072760689621219e+00,1.735007873930993094e+00
1.462539465745469869e+01,8.115675491639109396e+00,1.743494219754432750e+00
1.478858416262451314e+01,8.144728816239993563e+00,1.751770230482558199e+00
1.495186970573888452e+01,8.173237289228222124e+00,1.759836771531910093e+00
1.511524868218858408e+01,8.201205344400245068e+00,1.767695827714087287e+00
1.527871854153027442e+01,8.228637285844051519e+00,1.775350165950561054e+00
1.544227677725108805e+01,8.255537290562857677e+00,1.782801513636497415e+00
1.560592095296568438e+01,8.281909416880635533e+00,1.790051847050450062e+00
1.576964870461725532e+01,8.307757608361473700e+00,1.797103726770980181e+00
1.593345772976385710e+01,8.333085695510497715e+00,1.803959460907715417e+00
1.609734576649807636e+01,8.357897395940474539e+00,1.810622541382243877e+00
1.626186422548625998e+01,8.382277480527241309e+00,1.817113435266815014e+00
1.642645784685810995e+01,8.406144864151729124e+00,1.823422279149806702e+00
1.660572385252817540e+01,8.431548967679242779e+00,1.830068806031947215e+00
1.678507375842110960e+01,8.456353825682610292e+00,1.836504920935968510e+00
1.698718391129564864e+01,8.483580653383299364e+00,1.843488254746684873e+00
1.718939358435041243e+01,8.510058246328938480e+00,1.850198778523061360e+00
1.739602405971569254e+01,8.536334061213162627e+00,1.856784273636119753e+00
1.760275101408745257e+01,8.561839725421656055e+00,1.863088191086011092e+00
1.778656439855799221e+01,8.583866699926304022e+00,1.868474885898999238e+00
1.797044873238145613e+01,8.605293320813590441e+00,1.873655966499725212e+00
1.813694003625165152e+01,8.624171764043079946e+00,1.878173925517955256e+00
1.830348576551991968e+01,8.642563886412922614e+00,1.882533617589332353e+00
1.846829164322924299e+01,8.660282069488642875e+00,1.886689494317249416e+00
1.863314749562789885e+01,8.677529082607678745e+00,1.890692954375479129e+00
1.879805173902282078e+01,8.694307171140650325e+00,1.894547329872347641e+00
1.896300280538898519e+01,8.710618505459947869e+00,1.898255076005139763e+00
1.912799915191006761e+01,8.726465183531033176e+00,1.901819107606703474e+00
1.929303927652458484e+01,8.741849233809864117e+00,1.905242474898973137e+00
1.945812168994710589e+01,8.756772613926715465e+00,1.908529245579021705e+00
1.962324493481870036e+01,8.771237213829769175e+00,1.911681505499568834e+00
1.978840758143902079e+01,8.785244856580881390e+00,1.914701567983117636e+00
1.995360820304422234e+01,8.798797297504421522e+00,1.917594772935236280e+00
2.012180824214674857e+01,8.812126948276402416e+00,1.920408838035457144e+00
2.029004473058994407e+01,8.824988396098428112e+00,1.923103616656570480e+00
2.047731019772323080e+01,8.838752998666079108e+00,1.925948093299792330e+00
2.066461708747536008e+01,8.851941961209785603e+00,1.928647965183876156e+00
2.087555396777079508e+01,8.866105141514591281e+00,1.931508237570759068e+00
2.108653823130193317e+01,8.879544041700953017e+00,1.934180017743801994e+00
2.129480919051011512e+01,8.892099767479205497e+00,1.936646837470397342e+00
2.150312119743382411e+01,8.903955009363695439e+00,1.938939442435555494e+00
2.168809551814035785e+01,8.913895050642263840e+00,1.940842029591137718e+00
2.187309851681462192e+01,8.923286236049467135e+00,1.942623216115850315e+00
2.204050860961023872e+01,8.931311403210786537e+00,1.944144733129863134e+00
2.220793954065797848e+01,8.938889389839630439e+00,1.945571703207371606e+00
2.237354489145479874e+01,8.945944963069479172e+00,1.946887666445389131e+00
2.253916822891207516e+01,8.952564893430709603e+00,1.948113554631407229e+00
2.270480837885739689e+01,8.958749964071548888e+00,1.949246846121174936e+00
2.287046416990091657e+01,8.964500904901676392e+00,1.950292995338630764e+00
2.303613444328782478e+01,8.969818393399568990e+00,1.951253252343100097e+00
2.320181804325480712e+01,8.974703054674984415e+00,1.952129818463583133e+00
2.336751382087302886e+01,8.979155461987561537e+00,1.952924071494912983e+00
2.353322063684774434e+01,8.983176137141784423e+00,1.953637479484367168e+00
2.369893735417167591e+01,8.986765550592876295e+00,1.954271548209920439e+00
2.386466284330080256e+01,8.989924121851604610e+00,1.954828483023796304e+00
2.403331132030780992e+01,8.992696356774226629e+00,1.955314449280964650e+00
2.420196653078874860e+01,8.995023175378495495e+00,1.955727122973284660e+00
2.438961208099232181e+01,8.997088799383039515e+00,1.956090305994730327e+00
2.457726288508534296e+01,8.998603745846713409e+00,1.956360110641250705e+00
2.478863028955031922e+01,8.999650952961951944e+00,1.956548746565090369e+00
2.499999999999957723e+01,8.999999999999994671e+00,1.956608161747153352e+00
2.521136971044889918e+01,8.999650952961953720e+00,1.956550648225641842e+00
2.542273711491390742e+01,8.998603745846718738e+00,1.956364029875198529e+00
2.561038791900703160e+01,8.997088799383044844e+00,1.956096028033312839e+00
2.579803346921057994e+01,8.995023175378504376e+00,1.955734615485795969e+00
2.596668867969165007e+01,8.992696356774235511e+00,1.955322773062710517e+00
2.613533715669857571e+01,8.989924121851615268e+00,1.954837441289569266e+00
2.630106264582770592e+01,8.986765550592890506e+00,1.954279872123186212e+00
2.646677936315162327e+01,8.983176137141796858e+00,1.953644935230422597e+00
2.663248617912634586e+01,8.979155461987577524e+00,1.952929446809893221e+00
2.679818195674457471e+01,8.974703054675000402e+00,1.952133044927859773e+00
2.696386555671155705e+01,8.969818393399586753e+00,1.951253948153172324e+00
2.712953583009845104e+01,8.964500904901695932e+00,1.950291016041420633e+00
2.729519162114198139e+01,8.958749964071570204e+00,1.949242400415182264e+00
2.746083177108729600e+01,8.952564893430732695e+00,1.948106767971012010e+00
2.762645510854457243e+01,8.945944963069505818e+00,1.946882270835044393e+00
2.779206045934138203e+01,8.938889389839660637e+00,1.945567619030764028e+00
2.795949139038912179e+01,8.931311403210814959e+00,1.944144056224242467e+00
2.812690148318473149e+01,8.923286236049499109e+00,1.942628370086668665e+00
2.831190448185894937e+01,8.913895050642297591e+00,1.940839601964851280e+00
2.849687880256543338e+01,8.903955009363738071e+00,1.938928472099030076e+00
2.870519080948910329e+01,8.892099767479249905e+00,1.936628986875186254e+00
2.891346176869723905e+01,8.879544041701004531e+00,1.934155644043073607e+00
2.912444603222842332e+01,8.866105141514641019e+00,1.931481688686843778e+00
2.933538291252389740e+01,8.851941961209835341e+00,1.928619386048157303e+00
2.952268980227606932e+01,8.838752998666127070e+00,1.925918578961707039e+00
2.970995526940939868e+01,8.824988396098476073e+00,1.923073439789695582e+00
2.987819175785261194e+01,8.812126948276450378e+00,1.920378602771727339e+00
3.004639179695514883e+01,8.798797297504467707e+00,1.917564616354298757e+00
3.021159241856036459e+01,8.785244856580932904e+00,1.914670186011170117e+00
3.037675506518069213e+01,8.771237213829818913e+00,1.911648915890598266e+00
3.054187831005226528e+01,8.756772613926768756e+00,1.908495141121905991e+00
3.070696072347477568e+01,8.741849233809920960e+00,1.905206719997113884e+00
3.087200084808930356e+01,8.726465183531090020e+00,1.901780992119229241e+00
3.103699719461038598e+01,8.710618505460008265e+00,1.898214578184506562e+00
3.120194826097656815e+01,8.694307171140708945e+00,1.894504950010581279e+00
3.136685250437150074e+01,8.677529082607739142e+00,1.890648733986044272e+00
3.153170835677015305e+01,8.660282069488703272e+00,1.886644694816826284e+00
3.169651423447947636e+01,8.642563886412986562e+00,1.882488748259010247e+00
3.186305996374770899e+01,8.624171764043147448e+00,1.878130613722255982e+00
3.202955126761787596e+01,8.605293320813663271e+00,1.873615261775010365e+00
3.221343560144130436e+01,8.583866699926380406e+00,1.868436631576501306e+00
3.239724898591180846e+01,8.561839725421743097e+00,1.863053317536117692e+00
3.260397594028353296e+01,8.536334061213254998e+00,1.856750507646370396e+00
3.281060641564875624e+01,8.510058246329041509e+00,1.850166211878326417e+00
3.301281608870358752e+01,8.483580653383397063e+00,1.843454981657677738e+00
3.321492624157817630e+01,8.456353825682702663e+00,1.836470592566809223e+00
3.339427614747116024e+01,8.431548967679331597e+00,1.830032604145870767e+00
3.357354215314127543e+01,8.406144864151812612e+00,1.823383302943510920e+00
3.373813577451313961e+01,8.382277480527326574e+00,1.817071648484217095e+00
3.390265423350134455e+01,8.357897395940556251e+00,1.810577566767194613e+00
3.406654227023557979e+01,8.333085695510579427e+00,1.803911992160316391e+00
3.423035129538218513e+01,8.307757608361558965e+00,1.797053695913078952e+00
3.439407904703376317e+01,8.281909416880719021e+00,1.789999899598530231e+00
3.455772322274835773e+01,8.255537290562942943e+00,1.782747773777724865e+00
3.472128145846917135e+01,8.228637285844138560e+00,1.775295265031562542e+00
3.488475131781087413e+01,8.201205344400332109e+00,1.767639753002757219e+00
3.504813029426056659e+01,8.173237289228310942e+00,1.759779454734608839e+00
3.521141583737492908e+01,8.144728816240087710e+00,1.751711788240679191e+00
3.537460534254476130e+01,8.115675491639203543e+00,1.743434962522220522e+00
3.553769607839307554e+01,8.086072760689713590e+00,1.734947936772170296e+00
3.570600226817268918e+01,8.054922445802279896e+00,1.725961189636181947e+00
3.587419702210488737e+01,8.023175953254108705e+00,1.716749159270834602e+00
3.606272067097259537e+01,7.986850425664819397e+00,1.706145731637166874e+00
3.625109530504547450e+01,7.949759911794351375e+00,1.695244262110811917e+00
3.645237958013860435e+01,7.909238089067716082e+00,1.683266271804756409e+00
3.665348163262818559e+01,7.867821423111245771e+00,1.670934322080577683e+00
3.683443180459843092e+01,7.829746977434013822e+00,1.659530450501147891e+00
3.701522408485377014e+01,7.790929734028800624e+00,1.647850695350925765e+00
3.717882722463220802e+01,7.755124824604903822e+00,1.637019565593491821e+00
3.734229282236783121e+01,7.718697136440777484e+00,1.625963428277241052e+00
3.750394046827288008e+01,7.682023714992219254e+00,1.614785396929233396e+00
3.766544543180476268e+01,7.644726969582708698e+00,1.603376359615293234e+00
3.782680353802707174e+01,7.606799999601198792e+00,1.591732987334655958e+00
3.798801050505915811e+01,7.568235684511707362e+00,1.579853885872429586e+00
3.814906188850584812e+01,7.529026687459112743e+00,1.567737230568204909e+00
3.830995307572176500e+01,7.489165447183887991e+00,1.555381440662112036e+00
3.847067928987988239e+01,7.448644166917647524e+00,1.542785599920408535e+00
3.863123558956871051e+01,7.407454803603124027e+00,1.529947294774164135e+00
3.879161685639210333e+01,7.365589059498993230e+00,1.516864988088912902e+00
3.895181776064716672e+01,7.323038379153154587e+00,1.503537766862534486e+00
3.911480414795551042e+01,7.278983804831242743e+00,1.489709019859492001e+00
3.927759161717779790e+01,7.234199807293220097e+00,1.475627307250274134e+00
3.945860156131490726e+01,7.183465789597437201e+00,1.459645997694573039e+00
3.963934801350850279e+01,7.131800929260492694e+00,1.443333395361198424e+00
3.982622691403583559e+01,7.077304129488575235e+00,1.426102797375828679e+00
4.001280206717517984e+01,7.021776358704553189e+00,1.408505627113330050e+00
4.017886165831497891e+01,6.971391796141313435e+00,1.392511559232611384e+00
4.034466209114473401e+01,6.920160885703433351e+00,1.376237238148988462e+00
4.050277949795898991e+01,6.870423989076011928e+00,1.360416067054857292e+00
4.066064412329444622e+01,6.819890521930707550e+00,1.344330639925714665e+00
4.081824744541987826e+01,6.768547930731708462e+00,1.327971911820213569e+00
4.097558056320318798e+01,6.716383223852505857e+00,1.311338196115833243e+00
4.113263424461905515e+01,6.663382928086449830e+00,1.294425756998351718e+00
4.128939868052652429e+01,6.609533143074640904e+00,1.277230950172739243e+00
4.144586352005929086e+01,6.554819502802211595e+00,1.259750366720693293e+00
4.160201825189451341e+01,6.499227008933737615e+00,1.241979442756646401e+00
4.175785184447593679e+01,6.442740117308566106e+00,1.223914701256329618e+00
4.191335240835537945e+01,6.385342826540576056e+00,1.205550999952107460e+00
4.206858913038997372e+01,6.326987565532014024e+00,1.186873934393235519e+00
4.222346718853065539e+01,6.267686976232815788e+00,1.167893436018622166e+00
4.238928153301113610e+01,6.202968026843951321e+00,1.147176458716457237e+00
4.255464926868824449e+01,6.137116334087718172e+00,1.126088375324659552e+00
4.272556026063130474e+01,6.067640373608673698e+00,1.103842347499200072e+00
4.289594918324079487e+01,5.996893760363776416e+00,1.081174126705683802e+00
4.305022276631927980e+01,5.931516883848400923e+00,1.060219153854154772e+00
4.320402779464080112e+01,5.865045221036633727e+00,1.038921943958297955e+00
4.335570105732382018e+01,5.798186877495955294e+00,1.017497718942088403e+00
4.350687637357204807e+01,5.730210159267555170e+00,9.957169041465699921e-01
4.365753238732309427e+01,5.661090286640765967e+00,9.735719442069779017e-01
4.380764654733623331e+01,5.590801432590849274e+00,9.510541767027832494e-01
4.395719488081479653e+01,5.519316732306629447e+00,9.281579229524311581e-01
4.410615200242103384e+01,5.446608177548774243e+00,9.048737071175918523e-01
4.425449092954627162e+01,5.372646594376482732e+00,8.811962384120131109e-01
4.440218294922826914e+01,5.297401590700610896e+00,8.571151711324027644e-01
4.454919756410482279e+01,5.220841454264663284e+00,8.326246730524171635e-01
4.469550217803397629e+01,5.142933175720837191e+00,8.077170614979825025e-01
4.484366188822223620e+01,5.062209475912601953e+00,7.819276292218705349e-01
4.499101086283957329e+01,4.980015314573059904e+00,7.556877896256544158e-01
4.514159882222360665e+01,4.893943916913719328e+00,7.282402224530123425e-01
4.529123700096347704e+01,4.806231808705117459e+00,7.002871272112161094e-01
4.543330026592822435e+01,4.720835072748235994e+00,6.731017727494152947e-01
4.557439926079308634e+01,4.633854455791371230e+00,6.454519025060905246e-01
4.571448131770729617e+01,4.545245410118807783e+00,6.173221813411272629e-01
4.585348976597772719e+01,4.454961562022642596e+00,5.887014179947135384e-01
4.599136382937621903e+01,4.362954491448413741e+00,5.595797117813219312e-01
4.612803772346047282e+01,4.269174022872195273e+00,5.299415018942276179e-01
4.626344072297005994e+01,4.173567863625939900e+00,4.997762018092333225e-01
4.639749643248627109e+01,4.076081754032498949e+00,4.690640767273747125e-01
4.653012230618766409e+01,3.976659443956608531e+00,4.377925336866983486e-01
4.666122916731088566e+01,3.875242650973515612e+00,4.059430189402038480e-01
4.679074650328445983e+01,3.771750052748959803e+00,3.735115892282436234e-01
4.691854292066891929e+01,3.666140013081579330e+00,3.405139947006849410e-01
4.704477603265953434e+01,3.558112752545469437e+00,3.069656112443231999e-01
4.716904285988664469e+01,3.447829589232032532e+00,2.731227805678121956e-01
4.729092245393226790e+01,3.335493276336244151e+00,2.396030671679754975e-01
4.741056620905782637e+01,3.220778971442971983e+00,2.074597975870269562e-01
4.752781673358075665e+01,3.103620010779198246e+00,1.794370752988490303e-01
4.764250320610285172e+01,2.983950394020977281e+00,1.610913697467745154e-01
4.775444033291450552e+01,2.861705692803937939e+00,1.617214853239162531e-01
4.786342732342444606e+01,2.736824172393942156e+00,1.893591162891148927e-01
4.796924689727377711e+01,2.609248193771237734e+00,2.458865581771204623e-01
4.807166442024666964e+01,2.478925888602341754e+00,3.311706488908734425e-01
4.817042719805520790e+01,2.345813195676366814e+00,4.488812451313802798e-01
4.826526405054806901e+01,2.209876261823228827e+00,6.089242073318681392e-01
4.835588528651996398e+01,2.071094224476644818e+00,8.291797894896504317e-01
4.844198320753185527e+01,1.929462399543514506e+00,1.138782457113339364e+00
4.852323332221055807e+01,1.784995827286677494e+00,1.586600239542686142e+00
4.859929643648552400e+01,1.637733138584407389e+00,2.248584435114245217e+00
4.866982183834948472e+01,1.487740564933604848e+00,3.238883171007760353e+00
4.873445172664278147e+01,1.335115930833357112e+00,4.795937486518758064e+00
4.879282700263285477e+01,1.179992379510955480e+00,7.021621909612751011e+00
4.884459449542394083e+01,1.022541412205183020e+00,1.123423016735710789e+01
4.888941549190405311e+01,8.629749335199675686e-01,1.536816020031774066e+01
4.892697534561315820e+01,7.015458076385204800e-01,3.114308771387146635e+01
4.895731575841131189e+01,5.365281164868948016e-01,3.159239740049594047e+01
4.897968330945474236e+01,3.702426443459391758e-01,1.248730075815674212e+02
4.899490718858898930e+01,1.853991091451138440e-01,1.142853622599061936e+02
4.899999999999997868e+01,-3.595299049056571552e-17,1.253318363572810540e+03
