x,y,stress
9.999999999999994671e+00,4.488291767391033149e-16,1.115162699393472622e+03
1.000353613708254308e+01,1.736993945553562957e-01,1.697661064604667160e+02
1.001412617576020381e+01,3.471118060909941239e-01,1.379645067833188818e+02
1.003059904740293184e+01,5.107304037888149573e-01,6.286800807715133743e+01
1.005326789145826538e+01,6.736063922605599608e-01,5.545583540285192470e+01
1.008203165927807810e+01,8.355174509886800216e-01,3.934891571142793509e+01
1.011676561640768135e+01,9.962538590262426386e-01,3.308769799168383230e+01
1.015732412535659179e+01,1.155620591981903367e+00,2.708492331870378322e+01
1.020354370395420673e+01,1.313438894352011665e+00,2.315569624815246286e+01
1.025524621938521896e+01,1.469547323708086939e+00,1.993340515187045980e+01
1.031224208634364992e+01,1.623802284172452648e+00,1.743984813435292835e+01
1.037433336058058586e+01,1.776078104594807749e+00,1.539572529837847448e+01
1.044131664492126710e+01,1.926266733415737065e+00,1.370660078488041300e+01
1.051298572120968977e+01,2.074277069580362731e+00,1.223264128603320167e+01
1.058913389001473782e+01,2.220034063247194656e+00,1.105050961257149922e+01
1.066955597324114713e+01,2.363477603250134340e+00,1.001545328532534995e+01
1.075405004627249816e+01,2.504561380643152813e+00,9.122547674827007569e+00
1.084241879703536782e+01,2.643251572349319289e+00,8.343080272102191941e+00
1.093447057789249044e+01,2.779525501354506378e+00,7.661210131564038406e+00
1.103002029183322819e+01,2.913370468884725284e+00,7.061309193353736191e+00
1.112888993681781535e+01,3.044782465767743140e+00,6.532173343792151421e+00
1.123090901723428736e+01,3.173765057840073123e+00,6.064152720967658006e+00
1.133591480367085502e+01,3.300328366045059525e+00,5.649385670671566828e+00
1.144375235625346932e+01,3.424488015955846620e+00,5.281220331919356248e+00
1.155427456066422565e+01,3.546264334473002489e+00,4.954306732343428443e+00
1.166734198982447523e+01,3.665681531028005757e+00,4.663911549387759869e+00
1.178282265066753176e+01,3.782766927729399598e+00,4.406190043710616955e+00
1.190059183810050136e+01,3.897550439676180201e+00,4.177644120433072317e+00
1.202053180183436432e+01,4.010063972191103332e+00,3.975388861938593532e+00
1.214253145606338080e+01,4.120340961655990064e+00,3.796727331787127291e+00
1.226648611928066757e+01,4.228416016519034315e+00,3.639409178412289947e+00
1.239229700428547787e+01,4.334324405127298441e+00,3.501302822324529274e+00
1.251987128518662828e+01,4.438102089230990366e+00,3.380551671341560649e+00
1.264912150486687636e+01,4.539785225219029385e+00,3.275424185899469265e+00
1.277996510995404122e+01,4.639409840968908405e+00,3.184349880243889874e+00
1.291232447631246849e+01,4.737011916940845779e+00,3.105892000642995310e+00
1.304612636113128765e+01,4.832627038813670062e+00,3.038720289923413365e+00
1.318130196584682956e+01,4.926290519587626981e+00,2.981617284343798691e+00
1.331778609964934823e+01,5.018036896694900051e+00,2.933468487468009478e+00
1.345551720786469119e+01,5.107900065138260004e+00,2.893256763064387282e+00
1.359443766984436586e+01,5.195913551461091018e+00,2.860056256229686955e+00
1.373449292021530255e+01,5.282110022439701957e+00,2.833028730697955133e+00
1.387563134466698500e+01,5.366521326932845781e+00,2.811412785224196131e+00
1.401780422914682411e+01,5.449178558784758764e+00,2.794499080163593607e+00
1.416096548193446303e+01,5.530111980315193243e+00,2.781699040107097787e+00
1.430507151669989696e+01,5.609351043143802507e+00,2.772330911232889772e+00
1.445008107188546376e+01,5.686924370500565651e+00,2.766120072103215310e+00
1.459595501448866806e+01,5.762859733047364763e+00,2.762237737010020400e+00
1.474265635158855048e+01,5.837184131570126056e+00,2.761643490639198006e+00
1.489015001751381106e+01,5.909923757065620897e+00,2.761747469043304815e+00
1.503840260085036107e+01,5.981103928006873183e+00,2.763710157991671856e+00
1.518738238203600055e+01,6.050749180777108549e+00,2.766950304280455963e+00
1.533705931590377780e+01,6.118883322045266304e+00,2.771349859955958284e+00
1.548740478532879372e+01,6.185529373208669135e+00,2.776578231206269010e+00
1.563839154590957037e+01,6.250709605138128566e+00,2.782544991326981965e+00
1.579056027613962421e+01,6.314680629997680761e+00,2.788964189964669771e+00
1.594332395868914531e+01,6.377217652200418918e+00,2.796117139966659337e+00
1.609608791792569704e+01,6.438116486682263329e+00,2.803299946251311958e+00
1.624939626376989921e+01,6.497631634199735551e+00,2.810483887608066667e+00
1.640322750882867453e+01,6.555781901003304490e+00,2.817725347881810283e+00
1.655756113018771458e+01,6.612585461573137202e+00,2.825280495575707818e+00
1.671237749099594083e+01,6.668059868253518374e+00,2.832696997387745164e+00
1.686765780451372976e+01,6.722222075274041586e+00,2.839688288112722780e+00
1.702338407637580531e+01,6.775088453066551608e+00,2.846601370816244536e+00
1.717953905842028561e+01,6.826674805437360938e+00,2.853295089613254287e+00
1.733610619119288643e+01,6.876996381815730253e+00,2.859733297640874028e+00
1.749306961747642575e+01,6.926067910869435629e+00,2.865882331416061302e+00
1.765075457137240988e+01,6.974005660484901448e+00,2.871738813184997241e+00
1.780880747117551266e+01,7.020716013138466494e+00,2.877263282743229400e+00
1.796954748592846229e+01,7.066872700340073088e+00,2.882525304926789378e+00
1.813063749037323902e+01,7.111792697117903295e+00,2.887411630013943853e+00
1.828937722914567487e+01,7.154772359061126963e+00,2.891869551963082152e+00
1.844842956346341367e+01,7.196580418864500395e+00,2.895860218250330576e+00
1.860778235758373356e+01,7.237228269676746706e+00,2.899841546114088064e+00
1.876742390178398523e+01,7.276726886761525570e+00,2.903188761756423819e+00
1.892734287811654426e+01,7.315086836492993072e+00,2.906262883955001985e+00
1.908752835152856520e+01,7.352318290893128605e+00,2.908987433308481307e+00
1.924796977238853302e+01,7.388431043396670006e+00,2.911382336616729294e+00
1.940865686184237049e+01,7.423434497837286372e+00,2.913460730898520978e+00
1.956957966374224256e+01,7.457337695385732879e+00,2.915231440904134441e+00
1.973072858002932506e+01,7.490149334506408962e+00,2.916711165703609776e+00
1.989303324956061658e+01,7.522059114965800930e+00,2.917915693903681440e+00
2.005554798990999288e+01,7.552881197551825743e+00,2.918855687059243920e+00
2.022257218657161104e+01,7.583395821925329017e+00,2.919560251205791435e+00
2.038979883746036492e+01,7.612780743349015999e+00,2.920003682651052479e+00
2.055195695222852237e+01,7.640172899408026908e+00,2.920221952166521806e+00
2.071428827663104499e+01,7.666519187435826055e+00,2.920243408857772671e+00
2.087678490298065981e+01,7.691826029371858553e+00,2.920084040551989446e+00
2.103943909785709465e+01,7.716099552893484592e+00,2.919757416674185979e+00
2.120224330903430854e+01,7.739345600655972213e+00,2.919284388626761650e+00
2.136519016766738233e+01,7.761569737823741377e+00,2.918678516654235722e+00
2.152827246588843479e+01,7.782777255638549718e+00,2.917959785334304890e+00
2.169148312926662570e+01,7.802973174496058206e+00,2.917142263335839480e+00
2.185481521728451781e+01,7.822162250564393737e+00,2.916246388594927463e+00
2.201826195225865845e+01,7.840348984788792386e+00,2.915285521351695053e+00
2.218192382792799222e+01,7.857548554113804151e+00,2.914274453493751693e+00
2.234568725635465469e+01,7.873752720123287752e+00,2.913237991344249433e+00
2.251758886331247922e+01,7.889686273639016534e+00,2.912130722321006449e+00
2.268958778946802468e+01,7.904532513189343135e+00,2.911001019587842631e+00
2.285399796630381886e+01,7.917704273719689212e+00,2.909936720083290851e+00
2.301848416448062551e+01,7.929890031348895363e+00,2.908901531326318235e+00
2.318255977378684207e+01,7.941061307615720821e+00,2.907903392513122132e+00
2.334669885514987442e+01,7.951257650561804446e+00,2.906951260248806790e+00
2.351089544460360159e+01,7.960481372345444839e+00,2.906056615305447455e+00
2.367514367827475397e+01,7.968734561888786594e+00,2.905227461388319554e+00
2.383943773470332417e+01,7.976019083509885199e+00,2.904475445361340835e+00
2.400377181751686351e+01,7.982336578593530518e+00,2.903805343366236968e+00
2.416814018321100477e+01,7.987688468774522654e+00,2.903226973562528013e+00
2.433253711908127670e+01,7.992075956530972469e+00,2.902743645875764944e+00
2.449695693859606394e+01,7.995500026449842146e+00,2.902362361272190494e+00
2.466139398684895667e+01,7.997961446363937910e+00,2.902089457705368858e+00
2.483069392493042926e+01,7.999490391821059809e+00,2.901921494269699586e+00
2.499999999999998579e+01,7.999999999999993783e+00,2.901862146521207553e+00
2.516930607506956008e+01,7.999490391821060697e+00,2.901922274496864240e+00
2.533860601315100780e+01,7.997961446363938798e+00,2.902090678210333952e+00
2.550304306140391120e+01,7.995500026449843034e+00,2.902362520617627784e+00
2.566746288091870198e+01,7.992075956530972469e+00,2.902742619225546772e+00
2.583185981678897036e+01,7.987688468774521766e+00,2.903222055200866958e+00
2.599622818248311162e+01,7.982336578593530518e+00,2.903795898410070908e+00
2.616056226529665096e+01,7.976019083509886087e+00,2.904461645488916055e+00
2.632485632172522116e+01,7.968734561888787482e+00,2.905209153144300060e+00
2.648910455539636999e+01,7.960481372345445727e+00,2.906033143856995515e+00
2.665330114485009005e+01,7.951257650561803558e+00,2.906922260109852996e+00
2.681744022621313306e+01,7.941061307615719933e+00,2.907871812403543643e+00
2.698151583551934607e+01,7.929890031348895363e+00,2.908867261939775961e+00
2.714600203369615627e+01,7.917704273719687436e+00,2.909900016746536977e+00
2.731041221053193624e+01,7.904532513189343135e+00,2.910961802216059713e+00
2.748241113668749946e+01,7.889686273639014757e+00,2.912090909041532338e+00
2.765431274364532399e+01,7.873752720123285975e+00,2.913196762610024582e+00
2.781807617207198291e+01,7.857548554113806816e+00,2.914230917289333256e+00
2.798173804774130957e+01,7.840348984788792386e+00,2.915239652809112680e+00
2.814518478271545376e+01,7.822162250564394625e+00,2.916200722248543986e+00
2.830851687073333522e+01,7.802973174496059983e+00,2.917096497221285389e+00
2.847172753411152613e+01,7.782777255638550606e+00,2.917913926099943378e+00
2.863480983233258215e+01,7.761569737823742265e+00,2.918632527639586804e+00
2.879775669096565593e+01,7.739345600655974877e+00,2.919239933025051137e+00
2.896056090214286627e+01,7.716099552893487257e+00,2.919714111915456378e+00
2.912321509701929401e+01,7.691826029371860329e+00,2.920038829802691804e+00
2.928571172336890172e+01,7.666519187435831384e+00,2.920196194437156390e+00
2.944804304777143145e+01,7.640172899408031348e+00,2.920171014924191955e+00
2.961020116253959245e+01,7.612780743349020440e+00,2.919949694856476707e+00
2.977742781342833922e+01,7.583395821925333458e+00,2.919498640997938210e+00
2.994445201008995383e+01,7.552881197551830184e+00,2.918786406666265432e+00
3.010696675043934434e+01,7.522059114965804483e+00,2.917839245230166245e+00
3.026927141997063941e+01,7.490149334506412515e+00,2.916627269461166350e+00
3.043042033625771126e+01,7.457337695385736431e+00,2.915141980754027973e+00
3.059134313815757977e+01,7.423434497837291701e+00,2.913363866035197258e+00
3.075203022761142790e+01,7.388431043396674447e+00,2.911281097335928436e+00
3.091247164847140283e+01,7.352318290893131270e+00,2.908879328395427066e+00
3.107265712188342022e+01,7.315086836492994848e+00,2.906150059486821924e+00
3.123257609821598635e+01,7.276726886761526458e+00,2.903082286860277694e+00
3.139221764241625223e+01,7.237228269676745818e+00,2.899670738260623715e+00
3.155157043653656856e+01,7.196580418864498618e+00,2.895908349558014017e+00
3.171062277085430381e+01,7.154772359061124298e+00,2.891793758975456097e+00
3.186936250962673967e+01,7.111792697117901518e+00,2.887326314625835888e+00
3.203045251407150573e+01,7.066872700340073976e+00,2.882427328796711929e+00
3.219119252882445181e+01,7.020716013138468270e+00,2.877163597300042674e+00
3.234924542862754748e+01,6.974005660484904112e+00,2.871635239758860703e+00
3.250693038252352096e+01,6.926067910869442734e+00,2.865781234122796839e+00
3.266389380880704607e+01,6.876996381815740911e+00,2.859631581324183713e+00
3.282046094157964689e+01,6.826674805437372484e+00,2.853194636472872858e+00
3.297661592362413074e+01,6.775088453066563154e+00,2.846499489030747565e+00
3.313234219548620274e+01,6.722222075274053132e+00,2.839576557682848446e+00
3.328762250900400232e+01,6.668059868253529032e+00,2.832468386025161600e+00
3.344243886981222857e+01,6.612585461573145196e+00,2.825221096370237106e+00
3.359677249117127218e+01,6.555781901003310708e+00,2.817893780940284199e+00
3.375060373623005461e+01,6.497631634199740880e+00,2.810550561391340185e+00
3.390391208207425677e+01,6.438116486682270434e+00,2.803270581576978504e+00
3.405667604131081561e+01,6.377217652200425135e+00,2.796143652513407574e+00
3.420943972386034915e+01,6.314680629997681649e+00,2.789251729759249621e+00
3.436160845409040832e+01,6.250709605138125902e+00,2.782741300379743876e+00
3.451259521467117253e+01,6.185529373208670023e+00,2.776772860730504444e+00
3.466294068409617779e+01,6.118883322045273410e+00,2.771482892279619303e+00
3.481261761796395149e+01,6.050749180777116543e+00,2.767053654014047126e+00
3.496159739914958209e+01,5.981103928006884729e+00,2.763693357212288149e+00
3.510984998248612499e+01,5.909923757065636885e+00,2.761635039256861823e+00
3.525734364841139268e+01,5.837184131570142043e+00,2.761153437906685770e+00
3.540404498551126977e+01,5.762859733047380750e+00,2.762551455827111369e+00
3.554991892811447229e+01,5.686924370500583414e+00,2.766179296514499786e+00
3.569492848330003909e+01,5.609351043143820270e+00,2.772419638097757932e+00
3.583903451806548190e+01,5.530111980315210118e+00,2.781722937744470769e+00
3.598219577085311016e+01,5.449178558784781856e+00,2.794576139372871193e+00
3.612436865533293684e+01,5.366521326932875091e+00,2.811543292667249005e+00
3.626550707978461929e+01,5.282110022439733932e+00,2.833228398062106468e+00
3.640556233015556131e+01,5.195913551461121216e+00,2.860336739305002318e+00
3.654448279213522710e+01,5.107900065138293755e+00,2.893615877141795689e+00
3.668221390035056828e+01,5.018036896694936466e+00,2.933926941310377678e+00
3.681869803415307985e+01,4.926290519587666950e+00,2.982172597189069574e+00
3.695387363886863596e+01,4.832627038813707365e+00,3.039398325426311054e+00
3.708767552368744447e+01,4.737011916940887524e+00,3.106695162203072957e+00
3.722003489004587351e+01,4.639409840968949261e+00,3.185303188997968604e+00
3.735087849513304548e+01,4.539785225219071130e+00,3.276502479082339825e+00
3.748012871481329711e+01,4.438102089231029446e+00,3.381782351225814942e+00
3.760770299571444042e+01,4.334324405127344626e+00,3.502671772936523542e+00
3.773351388071925072e+01,4.228416016519081388e+00,3.640944288685765251e+00
3.785746854393653393e+01,4.120340961656043355e+00,3.798403644756411790e+00
3.797946819816554864e+01,4.010063972191159287e+00,3.977239173835419361e+00
3.809940816189941160e+01,3.897550439676234380e+00,4.179687699070547602e+00
3.821717734933238830e+01,3.782766927729448447e+00,4.408480798365299158e+00
3.833265801017544305e+01,3.665681531028065265e+00,4.666429275034331248e+00
3.844572543933569619e+01,3.546264334473061997e+00,4.957119928944583087e+00
3.855624764374644542e+01,3.424488015955912346e+00,5.284335315513753351e+00
3.866408519632906149e+01,3.300328366045119921e+00,5.652875570972866193e+00
3.876909098276562560e+01,3.173765057840143733e+00,6.067945645364442697e+00
3.887111006318210116e+01,3.044782465767816859e+00,6.536315439302844865e+00
3.896997970816669010e+01,2.913370468884799003e+00,7.065558563032730888e+00
3.906552942210743140e+01,2.779525501354573880e+00,7.665546414285369536e+00
3.915758120296455758e+01,2.643251572349394340e+00,8.347687652497178590e+00
3.924594995372743256e+01,2.504561380643223423e+00,9.127169146445494263e+00
3.933044402675879070e+01,2.363477603250200065e+00,1.002211882630512640e+01
3.941086610998520712e+01,2.220034063247246170e+00,1.105733712191587692e+01
3.948701427879026227e+01,2.074277069580409805e+00,1.226329031642513456e+01
3.955868335507869205e+01,1.926266733415772592e+00,1.368407594546081896e+01
3.962566663941937151e+01,1.776078104594851270e+00,1.537303206280838808e+01
3.968775791365630567e+01,1.623802284172493504e+00,1.742286941554023016e+01
3.974475378061474373e+01,1.469547323708116693e+00,1.991940324213468827e+01
3.979645629604576129e+01,1.313438894352024100e+00,2.313591704823805983e+01
3.984267587464337623e+01,1.155620591981924239e+00,2.706552615253902871e+01
3.988323438359228845e+01,9.962538590262732807e-01,3.304513939759307561e+01
3.991796834072189171e+01,8.355174509887060008e-01,3.933523393292185233e+01
3.994673210854170264e+01,6.736063922605834975e-01,5.536468937601303253e+01
3.996940095259704151e+01,5.107304037888231729e-01,6.287918068877203126e+01
3.998587382423976777e+01,3.471118060909895719e-01,1.378502189363281900e+02
3.999646386291743028e+01,1.736993945553529928e-01,1.683842340445352193e+02
3.999999999999997868e+01,-3.407557072511529257e-17,1.114003263017765676e+03
