x,y,stress
-1.631133853145419011e-18,-6.928886635036777859e-17,3.402730673880056892e-06
7.365081719100875085e-03,1.699025237471968319e-01,3.663792360830518132e-06
2.925624849677174039e-02,3.385519005207079934e-01,7.943215649595398032e-06
6.419181790665712262e-02,5.013071633024812623e-01,1.839327978092501214e-05
1.116623711664138791e-01,6.608622895413247544e-01,7.121652731851338934e-05
1.706636273612608667e-01,8.165279756859158411e-01,5.222035542804019052e-04
2.401059208264262890e-01,9.678302447988867963e-01,2.394156936187289298e-03
3.188925180948023463e-01,1.114489113354108607e+00,5.937105908648876440e-03
4.059750440896541246e-01,1.256383945733084762e+00,1.146955216151388304e-02
5.003867708763000133e-01,1.393515628642323811e+00,1.927045011574749639e-02
6.012581851168471436e-01,1.525971687644534835e+00,3.095962085160512342e-02
7.078203010925528949e-01,1.653897345459363954e+00,4.751569407930176375e-02
8.194004979327470517e-01,1.777473163031436876e+00,6.852884499109415661e-02
9.354143804318434396e-01,1.896898617834994250e+00,9.318052664573947541e-02
1.055356081526557022e+00,2.012380621356952393e+00,1.206346402471863422e-01
1.178788290436830088e+00,2.124125706909212319e+00,1.501395684206684733e-01
1.305332848328958351e+00,2.232334985616467815e+00,1.810077118319808331e-01
1.434662352138430963e+00,2.337201134886468523e+00,2.126917009189142338e-01
1.566492652193512969e+00,2.438906619166766543e+00,2.447172036166816722e-01
1.700576417471494794e+00,2.537622879901206829e+00,2.767550995014174675e-01
1.836697998824735167e+00,2.633510381134698708e+00,3.085478599195985439e-01
1.974668598620712423e+00,2.726718637183142668e+00,3.399061697605079146e-01
2.114322119961800528e+00,2.817386491224909140e+00,3.706901934683241584e-01
2.255512139241004022e+00,2.905642875685184645e+00,4.008020115819948548e-01
2.398109324518936436e+00,2.991607556291166592e+00,4.301717776312614649e-01
2.541998909299187037e+00,3.075391659868763394e+00,4.587619352068300072e-01
2.687078486909972863e+00,3.157098197771751380e+00,4.865442891489685229e-01
2.833256453520893725e+00,3.236822774681793469e+00,5.135155873923986647e-01
2.980451131824177313e+00,3.314654471152931769e+00,5.396731385811580628e-01
3.128589270103104614e+00,3.390676213742243039e+00,5.650329454402724938e-01
3.277604169560794034e+00,3.464964865599685417e+00,5.896069433316522002e-01
3.427435679235645072e+00,3.537592167041927027e+00,6.134158254550338141e-01
3.578029614173905859e+00,3.608625235105622497e+00,6.364834821046464475e-01
3.729336560975595294e+00,3.678126689786259895e+00,6.588270520054078094e-01
3.881311542145945648e+00,3.746155126138797531e+00,6.804798520659299799e-01
4.040348751528630267e+00,3.815538327959538289e+00,7.023438969821244049e-01
4.200024340243506238e+00,3.883439633134178948e+00,7.234586199550768759e-01
4.355605999258014727e+00,3.947990034590112440e+00,7.436677400925554293e-01
4.511720091543590883e+00,4.011241988859673313e+00,7.628978529924831387e-01
4.666534792384503305e+00,4.072534236051809309e+00,7.814738423633844633e-01
4.821813766420601333e+00,4.132640650398018423e+00,7.993613960307759392e-01
4.977532404657986298e+00,4.191598984307628228e+00,8.170443208961767345e-01
5.133667751420119885e+00,4.249444821425537810e+00,8.340223691709373055e-01
5.290198467650028213e+00,4.306211783777171398e+00,8.506017878533687071e-01
5.447104947144929987e+00,4.361931766096253327e+00,8.667225279100365665e-01
5.604368875572903086e+00,4.416634949093723783e+00,8.824214220260467867e-01
5.761973093678153468e+00,4.470349913253803820e+00,8.977147121601452007e-01
5.919901629561048928e+00,4.523103794969866698e+00,9.126189762976486541e-01
6.078139536834787471e+00,4.574922361572968832e+00,9.271539820942946708e-01
6.239677607099523016e+00,4.626785472789054943e+00,9.415928980022462147e-01
6.401508495505303209e+00,4.677727580627957238e+00,9.556852311746024675e-01
6.580492408741696941e+00,4.732925567077225004e+00,9.708450368885410686e-01
6.759801018765593916e+00,4.787059542579144455e+00,9.855995342233234702e-01
6.929614758419106124e+00,4.837288113614388152e+00,9.992046644303615999e-01
7.099692969633603745e+00,4.886613780967289600e+00,1.012485932482202866e+00
7.259842016296956579e+00,4.932188632394277406e+00,1.024692671131371968e+00
7.420205904256573781e+00,4.977001689854959388e+00,1.036641230559283589e+00
7.580775166529239328e+00,5.021069161658504143e+00,1.048344000842279744e+00
7.741542865587231148e+00,5.064407125757913519e+00,1.059796490201237784e+00
7.902501445305873951e+00,5.107030701366792158e+00,1.071010777764240807e+00
8.063643744668857138e+00,5.148954379729191899e+00,1.081993595279578724e+00
8.224962982271355472e+00,5.190192061130353807e+00,1.092750568182004445e+00
8.386452685019136766e+00,5.230757074845927335e+00,1.103291506212874307e+00
8.548106701995955348e+00,5.270662218529033716e+00,1.113621149332746807e+00
8.709919205064208469e+00,5.309919791036958436e+00,1.123748490355236829e+00
8.871884628486411017e+00,5.348541608116246238e+00,1.133675886670789001e+00
9.033997675916353387e+00,5.386539032749010580e+00,1.143415672392411153e+00
9.206019700869751077e+00,5.426152836656715550e+00,1.153533831409299770e+00
9.378196226879470743e+00,5.465089656623280945e+00,1.163453327411396954e+00
9.571573214444457633e+00,5.507989644030184095e+00,1.174346326501506832e+00
9.765130511021942183e+00,5.550068659904876966e+00,1.184989850262577527e+00
9.951223930214238678e+00,5.589730956140297913e+00,1.194996884110188340e+00
1.013747142290047876e+01,5.628663354005118968e+00,1.204790340686797911e+00
1.030431092132503323e+01,5.662903764344613400e+00,1.213393076845837193e+00
1.047126555199741205e+01,5.696578326206945597e+00,1.221833990274184600e+00
1.063459295371236735e+01,5.728960665157894816e+00,1.229931966160730861e+00
1.079802358771818938e+01,5.760817918770153589e+00,1.237880563390521216e+00
1.096155427527703097e+01,5.792157461957173403e+00,1.245680497423929722e+00
1.112518198776683143e+01,5.822986427082662786e+00,1.253335775974448785e+00
1.128890381362223039e+01,5.853311709044981548e+00,1.260849117280243625e+00
1.145271692189851187e+01,5.883139969626757448e+00,1.268222871070901148e+00
1.161661859999902013e+01,5.912477654967097429e+00,1.275459376243500031e+00
1.178060623600261536e+01,5.941331002003769512e+00,1.282560685174652271e+00
1.194467730838445441e+01,5.969706045891586932e+00,1.289528518664490253e+00
1.210882939096576116e+01,5.997608629593606189e+00,1.296365628406534354e+00
1.227452206774547072e+01,6.025286497206842284e+00,1.303130193072384202e+00
1.244029249339985732e+01,6.052494840322813374e+00,1.309769220544726887e+00
1.262308641773227258e+01,6.081945543811023924e+00,1.316932928455803564e+00
1.280596916679354358e+01,6.110839548199797022e+00,1.323946787010708004e+00
1.301129023916973004e+01,6.142608055249243471e+00,1.331634662583268458e+00
1.321671585118483527e+01,6.173693418853354764e+00,1.339129798287907791e+00
1.341414716369266280e+01,6.202919659478559389e+00,1.346158737494976387e+00
1.361166847473422337e+01,6.231531349318397695e+00,1.353015800047579820e+00
1.378700827343479851e+01,6.256410729542492888e+00,1.358963349672845489e+00
1.396241455654618235e+01,6.280816975055946827e+00,1.364782719814026324e+00
1.412739246049283537e+01,6.303336749284552454e+00,1.370138419255809037e+00
1.429242583186554505e+01,6.325446376819403582e+00,1.375383588329879059e+00
1.445751199811719978e+01,6.347149456539075807e+00,1.380518366610614001e+00
1.462265061406760935e+01,6.368449778888688684e+00,1.385543648417763007e+00
1.478784024209796044e+01,6.389350872929135505e+00,1.390461260550993394e+00
1.495307946966045165e+01,6.409856161256041851e+00,1.395271750563404911e+00
1.511836691909573815e+01,6.429968964785386376e+00,1.399976701332487750e+00
1.528370127074398432e+01,6.449692508786943890e+00,1.404576678134362711e+00
1.544908124383525738e+01,6.469029923534916904e+00,1.409072914924533126e+00
1.561450556208895613e+01,6.487984243339816715e+00,1.413466505703840914e+00
1.577997297666982135e+01,6.506558412280824655e+00,1.417757067112050517e+00
1.594548230816066337e+01,6.524755291538860469e+00,1.421949563780622761e+00
1.612098852173141950e+01,6.543637472020581214e+00,1.426281913330607720e+00
1.629653917311398814e+01,6.562101945213367316e+00,1.430508306109885330e+00
1.649442907096387145e+01,6.582413891014222251e+00,1.435135747996083788e+00
1.669237188099793912e+01,6.602203563875555403e+00,1.439628100985200776e+00
1.690878333055679406e+01,6.623241312541535031e+00,1.444383608037169475e+00
1.712525357152982863e+01,6.643665261366199282e+00,1.448973459835362743e+00
1.732324571142382297e+01,6.661808131256679921e+00,1.453036204873080273e+00
1.752128351139723605e+01,6.679445627831331223e+00,1.456967565557648170e+00
1.769704969514053872e+01,6.694675965319651034e+00,1.460350792590106472e+00
1.787284946987237078e+01,6.709513549070353911e+00,1.463635574210319978e+00
1.803879607564248388e+01,6.723158823797271921e+00,1.466646156690172065e+00
1.820477076156086937e+01,6.736458193473007228e+00,1.469571071436974519e+00
1.837077266523464658e+01,6.749413474044210659e+00,1.472410661833202239e+00
1.853680093079781344e+01,6.762026421930197095e+00,1.475165411995690956e+00
1.870285472153119954e+01,6.774298736341765270e+00,1.477836644018102774e+00
1.886893321800363310e+01,6.786232060355178675e+00,1.480424944948095067e+00
1.903503561057776849e+01,6.797827981561554544e+00,1.482931625240090368e+00
1.920116110987004987e+01,6.809088033948685670e+00,1.485357301301446054e+00
1.936730893421340127e+01,6.820013698110932054e+00,1.487702952512802712e+00
1.953347831874901885e+01,6.830606402914717101e+00,1.489969590279800027e+00
1.969967089310713604e+01,6.840867670881822349e+00,1.492157414348275646e+00
1.986588352986662187e+01,6.850798675247625091e+00,1.494270054512802037e+00
2.004278217924203886e+01,6.861005591882332055e+00,1.496431154118406326e+00
2.021970184932562375e+01,6.870841430851656106e+00,1.498509891133789518e+00
2.041911042688158773e+01,6.881483222123070398e+00,1.500747056034499982e+00
2.061854340714046430e+01,6.891657457316865631e+00,1.502879647681183206e+00
2.083970314420790615e+01,6.902394317743675067e+00,1.505121237678429980e+00
2.106088982666268805e+01,6.912560988932907158e+00,1.507229892014344097e+00
2.126696963659600570e+01,6.921521188986045736e+00,1.509084188120895176e+00
2.147307021726946274e+01,6.929990193248669605e+00,1.510829150010090771e+00
2.165596571248437385e+01,6.937094988481798730e+00,1.512289217259609631e+00
2.183887573657592895e+01,6.943815363463329504e+00,1.513667342878562527e+00
2.200610883554355013e+01,6.949623779063043294e+00,1.514855449689098021e+00
2.217335273430534315e+01,6.955112444414590200e+00,1.515977423967882265e+00
2.233977990286414439e+01,6.960257262222987684e+00,1.517026162302043568e+00
2.250621651957009206e+01,6.965086779494879643e+00,1.518008574752411910e+00
2.267266196832217418e+01,6.969601582487074509e+00,1.518925051769554946e+00
2.283911564219315338e+01,6.973802218109381279e+00,1.519776021600063309e+00
2.300557693904229595e+01,6.977689194114859994e+00,1.520561790780910361e+00
2.317204525439118257e+01,6.981262979255517642e+00,1.521282954974425561e+00
2.333851999242971331e+01,6.984524003828776806e+00,1.521940165295200265e+00
2.350500055626425322e+01,6.987472659724486057e+00,1.522533582866464785e+00
2.367148634940076235e+01,6.990109300722371799e+00,1.523063557998931561e+00
2.383797678711991708e+01,6.992434242875209982e+00,1.523531334467429277e+00
2.400959667750596438e+01,6.994504810112671223e+00,1.523946880990498576e+00
2.418122023837037915e+01,6.996244751052704380e+00,1.524298667029649890e+00
2.437369164110213049e+01,6.997802987125502305e+00,1.524612298296979418e+00
2.456616595798056579e+01,6.998945933573167189e+00,1.524843954936064838e+00
2.478308233869260491e+01,6.999736496718417911e+00,1.525004566234549941e+00
2.499999999999971223e+01,6.999999999999997335e+00,1.525055741564354861e+00
2.521691766130685863e+01,6.999736496718420575e+00,1.525003303150306744e+00
2.543383404201891196e+01,6.998945933573168965e+00,1.524841436668970207e+00
2.562630835889743963e+01,6.997802987125504082e+00,1.524609238188026517e+00
2.581877976162916966e+01,6.996244751052707933e+00,1.524295145500987214e+00
2.599040332249369811e+01,6.994504810112675663e+00,1.523943993766004201e+00
2.616202321287965304e+01,6.992434242875215311e+00,1.523529190371069708e+00
2.632851365059882554e+01,6.990109300722378016e+00,1.523062173707721012e+00
2.649499944373532756e+01,6.987472659724493163e+00,1.522532949720859730e+00
2.666148000756985326e+01,6.984524003828785688e+00,1.521939886607019066e+00
2.682795474560838755e+01,6.981262979255526524e+00,1.521282957780100364e+00
2.699442306095728483e+01,6.977689194114867988e+00,1.520561400063265900e+00
2.716088435780643451e+01,6.973802218109390161e+00,1.519775221905077078e+00
2.732733803167741016e+01,6.969601582487086944e+00,1.518923864976223559e+00
2.749378348042948161e+01,6.965086779494891189e+00,1.518006987947883690e+00
2.766022009713543639e+01,6.960257262222998342e+00,1.517024212722929422e+00
2.782664726569424474e+01,6.955112444414602635e+00,1.515975211458776339e+00
2.799389116445602710e+01,6.949623779063057505e+00,1.514853415039609574e+00
2.816112426342363051e+01,6.943815363463343715e+00,1.513665488899481160e+00
2.834403428751516074e+01,6.937094988481812941e+00,1.512287154548641599e+00
2.852692978273005409e+01,6.929990193248688257e+00,1.510826866126940171e+00
2.873303036340346495e+01,6.921521188986067941e+00,1.509081360926804116e+00
2.893911017333675417e+01,6.912560988932930250e+00,1.507226351948199206e+00
2.916029685579155384e+01,6.902394317743698160e+00,1.505116338181351709e+00
2.938145659285900635e+01,6.891657457316891389e+00,1.502873153380550830e+00
2.958088957311791489e+01,6.881483222123096155e+00,1.500739187612750269e+00
2.978029815067390018e+01,6.870841430851680087e+00,1.498500562136696690e+00
2.995721782075750994e+01,6.861005591882356036e+00,1.496421210993233109e+00
3.013411647013296246e+01,6.850798675247648184e+00,1.494259832469521543e+00
3.030032910689244119e+01,6.840867670881847218e+00,1.492147848449005609e+00
3.046652168125056193e+01,6.830606402914741082e+00,1.489960899012301665e+00
3.063269106578617951e+01,6.820013698110955147e+00,1.487695489201637411e+00
3.079883889012953446e+01,6.809088033948712315e+00,1.485351239772789045e+00
3.096496438942181584e+01,6.797827981561583854e+00,1.482927223940075701e+00
3.113106678199596544e+01,6.786232060355204432e+00,1.480422321210977277e+00
3.129714527846838124e+01,6.774298736341792804e+00,1.477835817878321967e+00
3.146319906920176734e+01,6.762026421930227293e+00,1.475166526273880896e+00
3.162922733476491999e+01,6.749413474044242633e+00,1.472413354485539116e+00
3.179522923843869719e+01,6.736458193473039202e+00,1.469575380026568068e+00
3.196120392435709334e+01,6.723158823797303008e+00,1.466650853043249381e+00
3.212715053012722421e+01,6.709513549070384109e+00,1.463640540127621792e+00
3.230295030485903141e+01,6.694675965319686561e+00,1.460353323350374266e+00
3.247871648860230920e+01,6.679445627831366750e+00,1.456967259194480890e+00
3.267675428857571518e+01,6.661808131256717225e+00,1.453031131987791102e+00
3.287474642846970596e+01,6.643665261366239250e+00,1.448961498259719427e+00
3.309121666944274409e+01,6.623241312541576775e+00,1.444369018571814323e+00
3.330762811900159193e+01,6.602203563875597148e+00,1.439611759555887494e+00
3.350557092903567025e+01,6.582413891014263108e+00,1.435118728942971211e+00
3.370346082688556777e+01,6.562101945213410836e+00,1.430490437063044018e+00
3.387901147826817549e+01,6.543637472020622958e+00,1.426263558167921941e+00
3.405451769183896005e+01,6.524755291538896884e+00,1.421930864688867757e+00
3.422002702332981983e+01,6.506558412280859294e+00,1.417738959037867286e+00
3.438549443791070814e+01,6.487984243339852242e+00,1.413449360808292976e+00
3.455091875616440689e+01,6.469029923534953319e+00,1.409057155273106599e+00
3.471629872925568350e+01,6.449692508786977641e+00,1.404562637278019110e+00
3.488163308090395276e+01,6.429968964785417462e+00,1.399964379605738163e+00
3.504692053033926413e+01,6.409856161256073825e+00,1.395261263697714194e+00
3.521215975790175889e+01,6.389350872929168368e+00,1.390451774260407225e+00
3.537734938593210643e+01,6.368449778888719770e+00,1.385535098376128316e+00
3.554248800188252488e+01,6.347149456539106005e+00,1.380510079914809562e+00
3.570757416813419383e+01,6.325446376819434668e+00,1.375375454578370071e+00
3.587260753950688752e+01,6.303336749284587981e+00,1.370129808827645457e+00
3.603758544345352988e+01,6.280816975055982354e+00,1.364773581083215559e+00
3.621299172656489418e+01,6.256410729542529303e+00,1.358953218281837794e+00
3.638833152526546399e+01,6.231531349318438551e+00,1.353004824516955029e+00
3.658585283630699081e+01,6.202919659478607350e+00,1.346146534224967439e+00
3.678328414881480057e+01,6.173693418853403614e+00,1.339116315486625908e+00
3.698870976082991291e+01,6.142608055249291432e+00,1.331619976720197940e+00
3.719403083320612069e+01,6.110839548199844984e+00,1.323930429654494256e+00
3.737691358226742722e+01,6.081945543811068333e+00,1.316915567229109296e+00
3.755970750659987090e+01,6.052494840322854230e+00,1.309750648509932391e+00
3.772547793225426460e+01,6.025286497206881364e+00,1.303111616764514258e+00
3.789117060903397771e+01,5.997608629593645269e+00,1.296347388764129249e+00
3.805532269161527381e+01,5.969706045891629564e+00,1.289511355332637610e+00
3.821939376399709687e+01,5.941331002003813033e+00,1.282544990477427538e+00
3.838338140000068677e+01,5.912477654967141838e+00,1.275445371865320476e+00
3.854728307810119503e+01,5.883139969626806298e+00,1.268210724877334661e+00
3.871109618637746053e+01,5.853311709045035727e+00,1.260838705863968734e+00
3.887481801223282929e+01,5.822986427082718741e+00,1.253327199548899040e+00
3.903844572472263508e+01,5.792157461957227582e+00,1.245674223901088062e+00
3.920197641228150331e+01,5.760817918770208657e+00,1.237876973477039400e+00
3.936540704628733067e+01,5.728960665157949883e+00,1.229933059977235565e+00
3.952873444800229663e+01,5.696578326206995335e+00,1.221840279110737226e+00
3.969568907867464702e+01,5.662903764344668467e+00,1.213404853575303255e+00
3.986252857709916952e+01,5.628663354005185582e+00,1.204810119187852413e+00
4.004877606978538296e+01,5.589730956140373408e+00,1.195013306335068526e+00
4.023486948897765103e+01,5.550068659904956014e+00,1.185001092815283208e+00
4.042842678555514624e+01,5.507989644030262255e+00,1.174350610247256066e+00
4.062180377312014201e+01,5.465089656623361769e+00,1.163450514453756801e+00
4.079398029912992030e+01,5.426152836656785716e+00,1.153524494435085090e+00
4.096600232408336240e+01,5.386539032749070088e+00,1.143399179073357752e+00
4.112811537151328878e+01,5.348541608116307522e+00,1.133653907485264289e+00
4.129008079493549843e+01,5.309919791037022385e+00,1.123720785351702611e+00
4.145189329800375333e+01,5.270662218529100329e+00,1.113589927426021475e+00
4.161354731498057191e+01,5.230757074845992172e+00,1.103256591973770462e+00
4.177503701772835143e+01,5.190192061130418644e+00,1.092714741342637019e+00
4.193635625533085687e+01,5.148954379729258513e+00,1.081957249241034535e+00
4.209749855469384983e+01,5.107030701366856995e+00,1.070977536525810070e+00
4.225845713441249529e+01,5.064407125757976580e+00,1.059767691267377465e+00
4.241922483347049422e+01,5.021069161658566316e+00,1.048320599147114285e+00
4.257979409574316065e+01,4.977001689855025113e+00,1.036627005054106876e+00
4.274015798370280095e+01,4.932188632394340466e+00,1.024677895275269313e+00
4.290030703036617155e+01,4.886613780967343779e+00,1.012467616750927446e+00
4.307038524158068071e+01,4.837288113614437890e+00,9.991805030610969585e-01
4.324019898123422223e+01,4.787059542579191529e+00,9.855694088433778477e-01
4.341950759125811032e+01,4.732925567077276519e+00,9.708097997516828004e-01
4.359849150449449695e+01,4.677727580628006088e+00,9.556436922500514131e-01
4.376032239290031356e+01,4.626785472789094911e+00,9.415477043003340762e-01
4.392186046316509618e+01,4.574922361572999918e+00,9.271045606557157814e-01
4.408009837043883294e+01,4.523103794969898672e+00,9.125675178306045243e-01
4.423802690632172840e+01,4.470349913253831353e+00,8.976606929756657527e-01
4.439563112442699122e+01,4.416634949093746876e+00,8.823658651270318565e-01
4.455289505285500695e+01,4.361931766096268426e+00,8.666649169120217433e-01
4.470980153234987853e+01,4.306211783777193602e+00,8.505411104565301361e-01
4.486633224857978774e+01,4.249444821425560015e+00,8.339731041505860087e-01
4.502246759534192933e+01,4.191598984307645992e+00,8.169424881229426783e-01
4.517818623357933916e+01,4.132640650398030857e+00,7.994256289693718598e-01
4.533346520761541143e+01,4.072534236051831513e+00,7.814016732684131439e-01
4.548827990845631319e+01,4.011241988859697294e+00,7.628467627257907724e-01
4.564439400074187603e+01,3.947990034590144859e+00,7.435120399267101110e-01
4.579997565975640583e+01,3.883439633134206925e+00,7.235838867845647560e-01
4.595965124847129601e+01,3.815538327959561382e+00,7.024109636842609250e-01
4.611868845785399884e+01,3.746155126138802860e+00,6.805379939427014246e-01
4.627066343902436785e+01,3.678126689786260339e+00,6.588726569722176407e-01
4.642197038582610702e+01,3.608625235105606066e+00,6.365234512536052103e-01
4.657256432076433583e+01,3.537592167041924807e+00,6.134586421966913283e-01
4.672239583043917577e+01,3.464964865599678756e+00,5.896525706604424100e-01
4.687141072989684432e+01,3.390676213742249256e+00,5.650833138339428352e-01
4.701954886817581780e+01,3.314654471152922000e+00,5.397275032887711710e-01
4.716674354647907563e+01,3.236822774681796133e+00,5.135691216662888747e-01
4.731292151309002492e+01,3.157098197771732284e+00,4.865953193792539877e-01
4.745800109070077610e+01,3.075391659868765171e+00,4.588069529205981989e-01
4.760189067548108710e+01,2.991607556291139058e+00,4.302044271264411912e-01
4.774448786075894446e+01,2.905642875685200632e+00,4.008244018322764113e-01
4.788567788003818038e+01,2.817386491224898037e+00,3.707077754395241564e-01
4.802533140137918366e+01,2.726718637183185301e+00,3.399257288328744187e-01
4.816330200117523930e+01,2.633510381134700928e+00,3.085700812971787221e-01
4.829942358252838375e+01,2.537622879901278772e+00,2.767950315068108402e-01
4.843350734780644729e+01,2.438906619166766099e+00,2.447801365493822157e-01
4.856533764786140495e+01,2.337201134886571996e+00,2.127942002865465532e-01
4.869466715167101256e+01,2.232334985616472700e+00,1.811667854105220299e-01
4.882121170956298073e+01,2.124125706909356204e+00,1.503357639327077278e-01
4.894464391847341744e+01,2.012380621356945287e+00,1.208429046680470631e-01
4.906458561956791442e+01,1.896898617835205636e+00,9.334400673862357223e-02
4.918059950206720288e+01,1.777473163031469072e+00,6.863778360580162496e-02
4.929217969890716944e+01,1.653897345459659496e+00,4.757811131455753212e-02
4.939874181488308125e+01,1.525971687644577690e+00,3.101682099846598747e-02
4.949961322912340478e+01,1.393515628642674198e+00,1.934824460860043796e-02
4.959402495591028526e+01,1.256383945733145158e+00,1.154333941472567883e-02
4.968110748190498072e+01,1.114489113354455441e+00,5.948318955107543583e-03
4.975989407917349894e+01,9.678302447989580726e-01,2.389765078505102884e-03
4.982933637263860760e+01,8.165279756861443250e-01,5.234746475839812405e-04
4.988833762883354694e+01,6.608622895413652776e-01,7.231099004937791984e-05
4.993580818209330374e+01,5.013071633025553142e-01,1.889514186241951781e-05
4.997074375150318559e+01,3.385519005207290877e-01,8.087981187301135404e-06
4.999263491828086359e+01,1.699025237472078231e-01,3.742777934557983567e-06
4.999999999999997868e+01,-6.915757383010794157e-17,3.491399534957170888e-06
