x,y,stress
6.999999999999997335e+00,4.484150652516835065e-16,9.478316380636968006e+02
7.004344482771270641e+00,1.757565685956170298e-01,1.330088375147189765e+02
7.017341978369851851e+00,3.510859279579348624e-01,1.140233116733744225e+02
7.037476578556367990e+00,5.159677153435595631e-01,4.900077478559869348e+01
7.065097254230871648e+00,6.797622677832512172e-01,4.423489790253204745e+01
7.100013501310539432e+00,8.421587014140707872e-01,3.065189773922705996e+01
7.141994664449039298e+00,1.002874430349387724e+00,2.573235979145779595e+01
7.190777530125902040e+00,1.161658670977881336e+00,2.084639537412380150e+01
7.246074197620747448e+00,1.318294341595951824e+00,1.763208527188641384e+01
7.307579760313548611e+00,1.472598513744706406e+00,1.485340012382444286e+01
7.374979419758122212e+00,1.624421616866538187e+00,1.292214735000493775e+01
7.447954780706708355e+00,1.773645676747100497e+00,1.127010919109265075e+01
7.526189169044021021e+00,1.920181835214957111e+00,9.922088978641621537e+00
7.609371963445014764e+00,2.063967484392539298e+00,8.789899994825065122e+00
7.697201969313797854e+00,2.204963214464602750e+00,7.832731859127886054e+00
7.789389872821199212e+00,2.343149681449978594e+00,7.015367684938357939e+00
7.885659928941422869e+00,2.478524608212080427e+00,6.312565710916299366e+00
7.985751017372427540e+00,2.611100011594629233e+00,5.704347715469971547e+00
8.089417160466451762e+00,2.740899664042876438e+00,5.175526726871664707e+00
8.196427581899765613e+00,2.867956780832517261e+00,4.713647793343023196e+00
8.306566608050113487e+00,2.992312177169366372e+00,4.309092948781612087e+00
8.419633181079335671e+00,3.114012493137155779e+00,3.953697576744971354e+00
8.535440105152385826e+00,3.233108582306330803e+00,3.641059385427640294e+00
8.653813475084053408e+00,3.349654445937877867e+00,3.365583847725770905e+00
8.774592007087845147e+00,3.463706299057677906e+00,3.122858121718574242e+00
8.897626164513367186e+00,3.575321637600380242e+00,2.908925723165816990e+00
9.022777207835588342e+00,3.684558418007784386e+00,2.720629671646917824e+00
9.149916536803871736e+00,3.791474626566115891e+00,2.555054319629647797e+00
9.278925125835696619e+00,3.896127987375269885e+00,2.409876391349517810e+00
9.409692614453661008e+00,3.998575440753049381e+00,2.282895884959420307e+00
9.542116553494379261e+00,4.098872819564237879e+00,2.172310597028560331e+00
9.676101694552048826e+00,4.197074600813991196e+00,2.076383914963979116e+00
9.811560067046299238e+00,4.293234238632273048e+00,1.993671223085094590e+00
9.948410136872421816e+00,4.387403801449875296e+00,1.922781886124078632e+00
1.008657530401889169e+01,4.479633226549368352e+00,1.862496581226167347e+00
1.022598431667981167e+01,4.569970917896695184e+00,1.811673690044206753e+00
1.036657148690821018e+01,4.658464112966735904e+00,1.769276924558101927e+00
1.050827567222017045e+01,4.745158437196865364e+00,1.734375417099400130e+00
1.065103903561430165e+01,4.830097394259427190e+00,1.706169894097327999e+00
1.079480769256253403e+01,4.913323011371026006e+00,1.683511163136238276e+00
1.093953174770686587e+01,4.994876041690445412e+00,1.666997070946925064e+00
1.108516434703165210e+01,5.074795598893060422e+00,1.652027796139365012e+00
1.123166148734028269e+01,5.153119244286829215e+00,1.643177465167633411e+00
1.137898185318737454e+01,5.229883073908612623e+00,1.637148778721447151e+00
1.152708690301415118e+01,5.305121917004817611e+00,1.634738698181910310e+00
1.167774186858550856e+01,5.379750570746656635e+00,1.633443063690503960e+00
1.182912800683147303e+01,5.452884721918493938e+00,1.635222478430046866e+00
1.197979938745523043e+01,5.523898712815943135e+00,1.638512098691384589e+00
1.213112532068909744e+01,5.593507073418549247e+00,1.643423436153212513e+00
1.228266821679401133e+01,5.661557126747807978e+00,1.649443015963745429e+00
1.243480670001595456e+01,5.728265069631269135e+00,1.656536647033810983e+00
1.258751536354600553e+01,5.793657241080085285e+00,1.664365320202784826e+00
1.274077020694370788e+01,5.857758976213983892e+00,1.673287374041336317e+00
1.289454854273173545e+01,5.920594648408201266e+00,1.682426036706231143e+00
1.304882882000404187e+01,5.982187674102550368e+00,1.691912720566648654e+00
1.320359068671105618e+01,6.042560610251496378e+00,1.701717635838398746e+00
1.335881474814687309e+01,6.101735125530344028e+00,1.712029215392524728e+00
1.351448256024355921e+01,6.159732063133123603e+00,1.722254183921839710e+00
1.367057673589195588e+01,6.216571537394481872e+00,1.732505217829943156e+00
1.383266342359195455e+01,6.274236464911368216e+00,1.743202516217194242e+00
1.399517205514683660e+01,6.330701393149143819e+00,1.753868239038760102e+00
1.415626322743185561e+01,6.385374845108458430e+00,1.764329863932287745e+00
1.431773531175436709e+01,6.438912892376086994e+00,1.774668656869561101e+00
1.447576857049290666e+01,6.490114843370133002e+00,1.784614162258324477e+00
1.463413811417803956e+01,6.540267029155194756e+00,1.794388255057693282e+00
1.479283150785833811e+01,6.589384824851355127e+00,1.803966393216472675e+00
1.495183689711895525e+01,6.637483060940834179e+00,1.813321618839011107e+00
1.511114298074874007e+01,6.684576045584045723e+00,1.822440668680450848e+00
1.527073882197523425e+01,6.730677539020684996e+00,1.831312059616774013e+00
1.543061390966035873e+01,6.775800802441963810e+00,1.839916131225869833e+00
1.559075833648368992e+01,6.819958673602006805e+00,1.848252724410559322e+00
1.575116258559068250e+01,6.863163529017719533e+00,1.856290715035559646e+00
1.591181737484668446e+01,6.905427267200047403e+00,1.864104131975330203e+00
1.607392508991215152e+01,6.947068826057170021e+00,1.871932934246714586e+00
1.623626944730381894e+01,6.987778068228321260e+00,1.879126139666005502e+00
1.641199152559456564e+01,7.030741814203055995e+00,1.886684856373923802e+00
1.658797011980495739e+01,7.072642522830087763e+00,1.893884173094746437e+00
1.675341162915288962e+01,7.111024725055973050e+00,1.900351532742515781e+00
1.691906287681391063e+01,7.148491408990945040e+00,1.906532200134517741e+00
1.708128685925092682e+01,7.184262391679422599e+00,1.912302981793080781e+00
1.724369758359560123e+01,7.219175737981284868e+00,1.917804898091629129e+00
1.740628852706510443e+01,7.253240005742406460e+00,1.923041293081038328e+00
1.756905336822040198e+01,7.286463446803844946e+00,1.928016148587510692e+00
1.773198600676574443e+01,7.318854023419826049e+00,1.932736796694044523e+00
1.789508052417041739e+01,7.350419411794097968e+00,1.937206837717149854e+00
1.805833118071834775e+01,7.381167012729758170e+00,1.941433561127841489e+00
1.822173244052090268e+01,7.411103966574775548e+00,1.945422117514377325e+00
1.838527892892641447e+01,7.440237154748015058e+00,1.949179018984983358e+00
1.854896541493481621e+01,7.468573206093242156e+00,1.952713256832526723e+00
1.871418208357408375e+01,7.496349638360719325e+00,1.956051919444629750e+00
1.887953092934229815e+01,7.523328109814524822e+00,1.959187892527970876e+00
1.906094902313223116e+01,7.551994892943527660e+00,1.962382174999732998e+00
1.924251378201419982e+01,7.579717607035934890e+00,1.965328304254349456e+00
1.941691161710695823e+01,7.605444756713325205e+00,1.967946669952827410e+00
1.959143368177407751e+01,7.630315242020654587e+00,1.970362756753188727e+00
1.975600228647225265e+01,7.652973123288809632e+00,1.972467875187112085e+00
1.992067249447681121e+01,7.674880393539554646e+00,1.974416721897265248e+00
2.008544022063768963e+01,7.696041659175691940e+00,1.976212995511787085e+00
2.025030149545993652e+01,7.716461341045250499e+00,1.977863550555341909e+00
2.041525243383121335e+01,7.736143675233395633e+00,1.979378577766428560e+00
2.058028921983944670e+01,7.755092716144439180e+00,1.980763148388569483e+00
2.074540812197996686e+01,7.773312342916654849e+00,1.982026696795719856e+00
2.091060548844995637e+01,7.790806263021285538e+00,1.983174347988531316e+00
2.107587773944811715e+01,7.807578015365772117e+00,1.984215924778398366e+00
2.124122135624120844e+01,7.823630972983496967e+00,1.985156453167064017e+00
2.140663288495442629e+01,7.838968347045232932e+00,1.986002179908336274e+00
2.157210893527850715e+01,7.853593190046587402e+00,1.986766523417440089e+00
2.174765468364054044e+01,7.868326879966656584e+00,1.987484729523513405e+00
2.192326532693816077e+01,7.882265811383141418e+00,1.988120622787773462e+00
2.211054737403941317e+01,7.896254008226649468e+00,1.988715078090597332e+00
2.229789421043232878e+01,7.909345924192477284e+00,1.989214938794698906e+00
2.246768422894030692e+01,7.920436162521053980e+00,1.989610446583638170e+00
2.263752040254268039e+01,7.930795612187396593e+00,1.989958659901424731e+00
2.280337468792868094e+01,7.940206636467399548e+00,1.990251057161735337e+00
2.296926683229174415e+01,7.948924894169617339e+00,1.990504069064491954e+00
2.313519385575901666e+01,7.956952056752752078e+00,1.990719548822383667e+00
2.330115280320432092e+01,7.964289658738200828e+00,1.990902096233209795e+00
2.346714074315571708e+01,7.970939099202882794e+00,1.991055817045395804e+00
2.363315477715138968e+01,7.976901643463238933e+00,1.991183785898702485e+00
2.379919202734853556e+01,7.982178423695926561e+00,1.991289468658095307e+00
2.396524962689600002e+01,7.986770439755683348e+00,1.991375275523047161e+00
2.413132472624533165e+01,7.990678560395161334e+00,1.991444502209411604e+00
2.429741449632017591e+01,7.993903524098614710e+00,1.991499450580595632e+00
2.446474809928611904e+01,7.996462247433145265e+00,1.991539084743252586e+00
2.463209085523737940e+01,7.998328749644981528e+00,1.991574066545001243e+00
2.481604352952949100e+01,7.999582211522546338e+00,1.991598418965376593e+00
2.499999999999992184e+01,7.999999999999993783e+00,1.991601601375715180e+00
2.518395647047038466e+01,7.999582211522547226e+00,1.991595754588792566e+00
2.536790914476249270e+01,7.998328749644981528e+00,1.991568601671616978e+00
2.553525190071373530e+01,7.996462247433145265e+00,1.991530611858952193e+00
2.570258550367967132e+01,7.993903524098615598e+00,1.991487910266239725e+00
2.586867527375452980e+01,7.990678560395162222e+00,1.991429981068160160e+00
2.603475037310386497e+01,7.986770439755686901e+00,1.991357681916301692e+00
2.620080797265134009e+01,7.982178423695930114e+00,1.991268921653918333e+00
2.636684522284848242e+01,7.976901643463241598e+00,1.991160274536614150e+00
2.653285925684416213e+01,7.970939099202885458e+00,1.991030624145504913e+00
2.669884719679556184e+01,7.964289658738206157e+00,1.990875296158983732e+00
2.686480614424087321e+01,7.956952056752757407e+00,1.990692277777411645e+00
2.703073316770814216e+01,7.948924894169620892e+00,1.990476453919451938e+00
2.719662531207121248e+01,7.940206636467403101e+00,1.990224457583819939e+00
2.736247959745721303e+01,7.930795612187401922e+00,1.989933310895855456e+00
2.753231577105960781e+01,7.920436162521060197e+00,1.989586517224850803e+00
2.770210578956758951e+01,7.909345924192481725e+00,1.989192594673288017e+00
2.788945262596051222e+01,7.896254008226651244e+00,1.988692608685635133e+00
2.807673467306176462e+01,7.882265811383144083e+00,1.988098155327755245e+00
2.825234531635937074e+01,7.868326879966662801e+00,1.987462008295898475e+00
2.842789106472138272e+01,7.853593190046593620e+00,1.986743439121498200e+00
2.859336711504548134e+01,7.838968347045237373e+00,1.985977985343282404e+00
2.875877864375871340e+01,7.823630972983502296e+00,1.985131053420676306e+00
2.892412226055179758e+01,7.807578015365778334e+00,1.984188059969420381e+00
2.908939451154994060e+01,7.790806263021292644e+00,1.983143814734302790e+00
2.925459187801995142e+01,7.773312342916661066e+00,1.981992290046714844e+00
2.941971078016048224e+01,7.755092716144445397e+00,1.980724774057647686e+00
2.958474756616871559e+01,7.736143675233402739e+00,1.979334978689907487e+00
2.974969850453999953e+01,7.716461341045254052e+00,1.977814277152541544e+00
2.991455977936226418e+01,7.696041659175692828e+00,1.976157484078236770e+00
3.007932750552316392e+01,7.674880393539555534e+00,1.974354548595442793e+00
3.024399771352772603e+01,7.652973123288808743e+00,1.972398457084547418e+00
3.040856631822589051e+01,7.630315242020654587e+00,1.970285806423904607e+00
3.058308838289301335e+01,7.605444756713326093e+00,1.967863148544705121e+00
3.075748621798576110e+01,7.579717607035937554e+00,1.965238014793530663e+00
3.093905097686773686e+01,7.551994892943529436e+00,1.962287502905017522e+00
3.112046907065767343e+01,7.523328109814524822e+00,1.959087701940135817e+00
3.128581791642590204e+01,7.496349638360718437e+00,1.955951137396175321e+00
3.145103458506516603e+01,7.468573206093241268e+00,1.952612091488429069e+00
3.161472107107356067e+01,7.440237154748016835e+00,1.949080339404597462e+00
3.177826755947905824e+01,7.411103966574777324e+00,1.945326582309602426e+00
3.194166881928160961e+01,7.381167012729758170e+00,1.941342022388982125e+00
3.210491947582953998e+01,7.350419411794099744e+00,1.937119415240290188e+00
3.226801399323421293e+01,7.318854023419829602e+00,1.932652232441295803e+00
3.243094663177954828e+01,7.286463446803846722e+00,1.927934213950718734e+00
3.259371147293485649e+01,7.253240005742407348e+00,1.922959571646778665e+00
3.275630241640435969e+01,7.219175737981285756e+00,1.917722582635412953e+00
3.291871314074904120e+01,7.184262391679422599e+00,1.912218440280331722e+00
3.308093712318606805e+01,7.148491408990940599e+00,1.906444086963530848e+00
3.324658837084707841e+01,7.111024725055968609e+00,1.900257260877674437e+00
3.341202988019500708e+01,7.072642522830087763e+00,1.893781803934009966e+00
3.358800847440537041e+01,7.030741814203063988e+00,1.886569607210851762e+00
3.376373055269609580e+01,6.987778068228331918e+00,1.879009530768245728e+00
3.392607491008777032e+01,6.947068826057183344e+00,1.871711902298202723e+00
3.408818262515322317e+01,6.905427267200061614e+00,1.864136652418660223e+00
3.424883741440923046e+01,6.863163529017737297e+00,1.856334642608361118e+00
3.440924166351621238e+01,6.819958673602023680e+00,1.848257033935916338e+00
3.456938609033954179e+01,6.775800802441983350e+00,1.839908290430781301e+00
3.472926117802466450e+01,6.730677539020705424e+00,1.831293419368004383e+00
3.488885701925115512e+01,6.684576045584068815e+00,1.822422487631442767e+00
3.504816310288092751e+01,6.637483060940859048e+00,1.813304025555793064e+00
3.520716849214155530e+01,6.589384824851379108e+00,1.803952746644611471e+00
3.536586188582185741e+01,6.540267029155219625e+00,1.794382670863317708e+00
3.552423142950699031e+01,6.490114843370157871e+00,1.784613865463405169e+00
3.568226468824552455e+01,6.438912892376109198e+00,1.774668584278710659e+00
3.584373677256806445e+01,6.385374845108477082e+00,1.764331801487960760e+00
3.600482794485309057e+01,6.330701393149160694e+00,1.753869455164283941e+00
3.616733657640796196e+01,6.274236464911387756e+00,1.743206041562978648e+00
3.632942326410795175e+01,6.216571537394500524e+00,1.732503436032950095e+00
3.648551743975635731e+01,6.159732063133145807e+00,1.722181438902853357e+00
3.664118525185303099e+01,6.101735125530370674e+00,1.711937126767046013e+00
3.679640931328884079e+01,6.042560610251524800e+00,1.701835546837701330e+00
3.695117117999585332e+01,5.982187674102577901e+00,1.691956318538900605e+00
3.710545145726814553e+01,5.920594648408232352e+00,1.682389649224168116e+00
3.725922979305617133e+01,5.857758976214022972e+00,1.673241727001643753e+00
3.741248463645387545e+01,5.793657241080122589e+00,1.664633129605934014e+00
3.756519329998393175e+01,5.728265069631301110e+00,1.656704464753930850e+00
3.771733178320589275e+01,5.661557126747838176e+00,1.649615863199829890e+00
3.786887467931081375e+01,5.593507073418576780e+00,1.643553540700694926e+00
3.802020061254468430e+01,5.523898712815970669e+00,1.638719750808018016e+00
3.817087199316843993e+01,5.452884721918517918e+00,1.635376280683921379e+00
3.832225813141442217e+01,5.379750570746679728e+00,1.633799328812573615e+00
3.847291309698579198e+01,5.305121917004833598e+00,1.634363890837297495e+00
3.862101814681256684e+01,5.229883073908628610e+00,1.637383836447728225e+00
3.876833851265966047e+01,5.153119244286839873e+00,1.643265089566697590e+00
3.891483565296829283e+01,5.074795598893073745e+00,1.652468533977565324e+00
3.906046825229308439e+01,4.994876041690457846e+00,1.665521446254546678e+00
3.920519230743740735e+01,4.913323011371043769e+00,1.682994994511776810e+00
3.934896096438562552e+01,4.830097394259447618e+00,1.705551500582891400e+00
3.949172432777976383e+01,4.745158437196885792e+00,1.733895729173366762e+00
3.963342851309173653e+01,4.658464112966751891e+00,1.768837322396968892e+00
3.977401568332012971e+01,4.569970917896714724e+00,1.811227972026098643e+00
3.991342469598104969e+01,4.479633226549383451e+00,1.862042418143427414e+00
4.005158986312752489e+01,4.387403801449896612e+00,1.922301158834905710e+00
4.018843993295364925e+01,4.293234238632291699e+00,1.993165384966973486e+00
4.032389830544788367e+01,4.197074600814020506e+00,2.075844250524381707e+00
4.045788344650554791e+01,4.098872819564264525e+00,2.171740300424214176e+00
4.059030738554626794e+01,3.998575440753083132e+00,2.282313898814235298e+00
4.072107487416424476e+01,3.896127987375295643e+00,2.409292000853834104e+00
4.085008346319606432e+01,3.791474626566146533e+00,2.554481581774338927e+00
4.097722279216435481e+01,3.684558418007807923e+00,2.720088441614897157e+00
4.110237383548656709e+01,3.575321637600413993e+00,2.908453878287716954e+00
4.122540799291210334e+01,3.463706299057699223e+00,3.122490160229122402e+00
4.134618652491589330e+01,3.349654445937904512e+00,3.365345126612405480e+00
4.146455989484756799e+01,3.233108582306338352e+00,3.641009702388958491e+00
4.158036681892060216e+01,3.114012493137181981e+00,3.953902621951145946e+00
4.169343339194984566e+01,2.992312177169385468e+00,4.309668336977803271e+00
4.180357241810017399e+01,2.867956780832551900e+00,4.714729277994514689e+00
4.191058283953349672e+01,2.740899664042897310e+00,5.177383241020020677e+00
4.201424898262751384e+01,2.611100011594664316e+00,5.707420578135714351e+00
4.211434007105854249e+01,2.478524608212095526e+00,6.317565089755477814e+00
4.221061012717875371e+01,2.343149681450007016e+00,7.023469427426585199e+00
4.230279803068617639e+01,2.204963214464604526e+00,7.845885825486353049e+00
4.239062803655495060e+01,2.063967484392556173e+00,8.809580366247910632e+00
4.247381083095595500e+01,1.920181835214959998e+00,9.952821215430979862e+00
4.255204521929325523e+01,1.773645676747125366e+00,1.131665829521797839e+01
4.262502058024184493e+01,1.624421616866552176e+00,1.297681818319965430e+01
4.269242023968642030e+01,1.472598513744732829e+00,1.499889003199930926e+01
4.275392580237922147e+01,1.318294341595971808e+00,1.761604550335564312e+01
4.280922246987406510e+01,1.161658670977911978e+00,2.079446822323206945e+01
4.285800533555091363e+01,1.002874430349415258e+00,2.571113042268214599e+01
4.289998649868942948e+01,8.421587014141005412e-01,3.066946034803573085e+01
4.293490274576910082e+01,6.797622677832799720e-01,4.419617188351555370e+01
4.296252342144360625e+01,5.159677153435754393e-01,4.900039349107162678e+01
4.298265802163010818e+01,3.510859279579335857e-01,1.140706232750047917e+02
4.299565551722869117e+01,1.757565685956163359e-01,1.323370022562338875e+02
4.299999999999997868e+01,-3.425751371103810320e-17,9.474821641592562855e+02
