x,y,stress
1.999999999999998890e+00,1.122992329693736975e-13,1.294717542095030467e+03
2.006641524246094210e+00,1.682099365015683468e-01,1.411468723042846705e+02
2.026414592270884274e+00,3.353870945137615855e-01,1.413093659665892403e+02
2.058120743617158244e+00,4.973248532153681789e-01,5.014582907530344613e+01
2.101394879303688956e+00,6.565653495371799320e-01,4.390373953971192122e+01
2.155452131784886038e+00,8.124794627558186155e-01,2.770671014251312414e+01
2.219418670448908060e+00,9.646008607712129868e-01,2.163959428894176540e+01
2.292390304742999874e+00,1.112617644819890339e+00,1.614376655106212155e+01
2.373478139616859384e+00,1.256352415685223933e+00,1.242634286487951556e+01
2.461839828579970746e+00,1.395737142397523334e+00,9.626805245538394118e+00
2.556697989049579345e+00,1.530787723272094114e+00,7.537393590479926964e+00
2.657348615794487667e+00,1.661581071743313043e+00,5.954710253543732179e+00
2.763162507407037172e+00,1.788236005531531836e+00,4.751227558516883498e+00
2.873582335863491100e+00,1.910898217254255016e+00,3.835244018927129961e+00
2.988117254731006422e+00,2.029728898068857923e+00,3.143111362834062117e+00
3.106336403260358647e+00,2.144896444738607411e+00,2.626986593633861666e+00
3.227862148668260378e+00,2.256570601694211753e+00,2.252697509398454923e+00
3.352363584587964684e+00,2.364918476827898797e+00,1.991023688074818443e+00
3.479550522936901924e+00,2.470101924591497244e+00,1.819506126388134692e+00
3.609168087253395552e+00,2.572275916617553282e+00,1.716112291119543665e+00
3.740992039220233156e+00,2.671587693607388125e+00,1.661734789371664522e+00
3.874824530524707100e+00,2.768176263486116451e+00,1.640826994540384831e+00
4.010490700280784360e+00,2.862172449620527637e+00,1.641583126203026044e+00
4.147835543218314491e+00,2.953698983649115650e+00,1.654759757233418505e+00
4.286721100275706853e+00,3.042870679691504598e+00,1.677634178283916810e+00
4.427024483469261362e+00,3.129794995435024596e+00,1.701970292797043260e+00
4.568635717189742707e+00,3.214572303105725393e+00,1.728057612580200963e+00
4.711454550486294579e+00,3.297295464349658811e+00,1.754473386782551936e+00
4.855394038316572569e+00,3.378053175244103645e+00,1.780223414585296648e+00
5.000377676471353006e+00,3.456929218227994038e+00,1.804751687734831966e+00
5.146329939379373997e+00,3.533998381125991628e+00,1.827875245232692514e+00
5.293183585333763652e+00,3.609331518922130666e+00,1.849506685260682515e+00
5.440880990530083672e+00,3.682996826498829090e+00,1.869664462993469112e+00
5.589964986972369765e+00,3.755343137083247296e+00,1.888491246478384067e+00
5.739795027952964368e+00,3.826131599863557220e+00,1.905997965819197670e+00
5.892520402174752370e+00,3.896415624802119115e+00,1.922523036601421653e+00
6.045923001258665330e+00,3.965209117831624663e+00,1.937913900903097231e+00
6.197142138072629258e+00,4.031345583262405441e+00,1.952034051756855515e+00
6.348940509797883713e+00,4.096141624671330916e+00,1.965283734282923689e+00
6.501285830153611833e+00,4.159640709240347789e+00,1.977758230710070952e+00
6.654148565107164792e+00,4.221883985629596658e+00,1.989521239671616204e+00
6.807501334082890487e+00,4.282910301063490799e+00,2.000881033146916010e+00
6.961318582777887620e+00,4.342756318917921021e+00,2.011443206595767919e+00
7.115576619088776589e+00,4.401456756674559934e+00,2.021612002817788412e+00
7.270253501537419005e+00,4.459044538511789391e+00,2.031356490044784469e+00
7.425328719294296498e+00,4.515550853144932653e+00,2.040739154233412123e+00
7.580783198580539839e+00,4.571005319600798700e+00,2.049797251009697341e+00
7.737636585172977810e+00,4.625794706645501186e+00,2.058624910535486130e+00
7.894839189009942082e+00,4.679573964717660850e+00,2.067197829777717377e+00
8.065542020225143105e+00,4.736733042123595361e+00,2.076223403631832998e+00
8.236617162926858526e+00,4.792768023302961922e+00,2.085001594219228149e+00
8.398386554724758923e+00,4.844644134068466279e+00,2.093089968023398750e+00
8.560457806183892515e+00,4.895569381188344060e+00,2.101003584635431132e+00
8.718193918294803169e+00,4.944156342384290248e+00,2.108537642044288951e+00
8.876191277564874582e+00,4.991886956952289900e+00,2.115929564990671974e+00
9.034439122350081064e+00,5.038780125731264548e+00,2.123187458848951437e+00
9.192927459352562281e+00,5.084853974077841343e+00,2.130316249696801112e+00
9.351646755721919391e+00,5.130125819063145798e+00,2.137322393818315902e+00
9.510587989364895023e+00,5.174612240420031206e+00,2.144206496484080571e+00
9.669742609067164096e+00,5.218329120073383898e+00,2.150978071929782409e+00
9.829102512644064760e+00,5.261291683025454802e+00,2.157604501893133353e+00
9.988660027248723594e+00,5.303514535206310221e+00,2.164155394995779691e+00
1.014840782374022510e+01,5.345011681075845011e+00,2.170566860463259751e+00
1.030892519718896594e+01,5.385944694912716990e+00,2.176887727630801184e+00
1.046962056434230171e+01,5.426173285150594161e+00,2.183091029962905605e+00
1.064485305428631357e+01,5.469205430238477383e+00,2.189710628385141522e+00
1.082028135680271497e+01,5.511432246514290867e+00,2.196176050503429344e+00
1.100518341337504502e+01,5.555036599279760345e+00,2.202831081033406413e+00
1.119028605779542573e+01,5.597781467258141852e+00,2.209255508916500688e+00
1.135673565867338120e+01,5.635461172159217824e+00,2.214963718788260039e+00
1.152333543146899508e+01,5.672471263303269673e+00,2.220475190198411664e+00
1.168459518838900912e+01,5.707637529084085060e+00,2.225676519721762059e+00
1.184598611867031792e+01,5.742196812856505517e+00,2.230735570163044468e+00
1.200750394730105697e+01,5.776158100347237756e+00,2.235648366278720989e+00
1.216914457122674165e+01,5.809530059070199037e+00,2.240415778754188292e+00
1.233090406212359902e+01,5.842321054821707271e+00,2.245033525281784126e+00
1.249277863341083616e+01,5.874539159928248822e+00,2.249500740384877684e+00
1.265476465645526361e+01,5.906192170689325671e+00,2.253823556467527300e+00
1.281685863776707812e+01,5.937287616075301422e+00,2.257992173844721950e+00
1.297905723397411393e+01,5.967832773054770890e+00,2.262006670510491979e+00
1.314135719762011334e+01,5.997834668098658284e+00,2.265864092805228935e+00
1.330412314978195631e+01,6.027366193745092637e+00,2.269568930633442339e+00
1.346698478094843132e+01,6.056365433530208620e+00,2.273116288383727479e+00
1.364362842382931262e+01,6.087206269189041841e+00,2.276773642863587188e+00
1.382037749797604853e+01,6.117437037451456838e+00,2.280241548654831529e+00
1.401702266893569693e+01,6.150343288607118986e+00,2.283867845596488255e+00
1.421378939396074870e+01,6.182514733179786504e+00,2.287245182702419388e+00
1.439859752018772632e+01,6.212053501862398797e+00,2.290197492349420827e+00
1.458350544072039057e+01,6.240961012125786134e+00,2.292932619925673432e+00
1.474970760047809115e+01,6.266399095100418037e+00,2.295206471365894174e+00
1.491598526803107205e+01,6.291338856518174261e+00,2.297308802460626520e+00
1.507928039575497259e+01,6.315340761223079191e+00,2.299202295060523760e+00
1.524264402455152556e+01,6.338871917859039584e+00,2.300927410532959794e+00
1.540607414196873570e+01,6.361936780052321438e+00,2.302483636554717439e+00
1.556956879405508154e+01,6.384539661145447020e+00,2.303870745237152295e+00
1.573312609300142562e+01,6.406684740198942407e+00,2.305089432757028156e+00
1.589674418919898535e+01,6.428376062915289957e+00,2.306139374897106187e+00
1.606042128755957776e+01,6.449617548450873983e+00,2.307021216287566734e+00
1.622415565460435971e+01,6.470412994541528739e+00,2.307734923359772594e+00
1.638794560096489050e+01,6.490766079254804310e+00,2.308281394373937534e+00
1.655178947817513446e+01,6.510680364525060604e+00,2.308661359096023880e+00
1.671715021107985066e+01,6.530331378984374879e+00,2.308874504939184114e+00
1.688256260857922086e+01,6.549542661362630191e+00,2.308923371924007650e+00
1.706480885782602641e+01,6.570197410856088993e+00,2.308777771340913443e+00
1.724711385761792215e+01,6.590327027851193620e+00,2.308431794562281425e+00
1.745097742633226900e+01,6.612213115825407606e+00,2.307803497747300980e+00
1.765490926320921616e+01,6.633453690683368542e+00,2.306917192510049119e+00
1.784899900206863066e+01,6.653068432560991674e+00,2.305844503483381214e+00
1.804314599986819445e+01,6.672108088827789274e+00,2.304544450866527150e+00
1.821573136558698991e+01,6.688549487385005321e+00,2.303201944876326124e+00
1.838835882124954679e+01,6.704542917881199493e+00,2.301687406691798277e+00
1.855274249586894442e+01,6.719355371105605990e+00,2.300083743191460250e+00
1.871716182888355817e+01,6.733766628571093982e+00,2.298325707648532390e+00
1.888161562325660370e+01,6.747778918804032244e+00,2.296412761194154939e+00
1.904610274634576683e+01,6.761394396958100295e+00,2.294346139935789619e+00
1.921062207754192386e+01,6.774615141975541377e+00,2.292127159584155471e+00
1.937517249712894341e+01,6.787443157578679553e+00,2.289757048685670426e+00
1.953975291723972774e+01,6.799880376458815157e+00,2.287237184821349523e+00
1.970436226712325478e+01,6.811928660643927103e+00,2.284568789099473030e+00
1.986899950270866100e+01,6.823589803685882416e+00,2.281753293963789453e+00
2.003366358408932868e+01,6.834865530473303252e+00,2.278792354351290239e+00
2.019836577030442015e+01,6.845758297531147285e+00,2.275686239529283394e+00
2.036309279002683326e+01,6.856268844386179673e+00,2.272440015784066070e+00
2.053872516597956377e+01,6.867054345190139131e+00,2.268821951935045877e+00
2.071438347080018616e+01,6.877408986061890772e+00,2.265048491037667144e+00
2.091216875808779108e+01,6.888552756268027544e+00,2.260611308471354608e+00
2.110998381913609023e+01,6.899154893523983922e+00,2.255975950582295830e+00
2.131910569627691032e+01,6.909774977817716213e+00,2.250867959011539909e+00
2.152825719545023375e+01,6.919794774573799323e+00,2.245539732012485690e+00
2.171575105962915941e+01,6.928267586521616117e+00,2.240585550419008420e+00
2.190326595331614712e+01,6.936261485211700162e+00,2.235465448564107671e+00
2.207154213151384425e+01,6.943028025901575084e+00,2.230729492474051501e+00
2.223983329152540023e+01,6.949411108767260536e+00,2.225865683986430366e+00
2.240477805264999134e+01,6.955295588836069243e+00,2.220972998271546484e+00
2.256973548453032308e+01,6.960813472991493889e+00,2.215958221476037160e+00
2.273470474405194963e+01,6.965965523623081523e+00,2.210822383487855536e+00
2.289968500221200998e+01,6.970752450969010638e+00,2.205566977336177903e+00
2.306467543177477353e+01,6.975174913210289596e+00,2.200193335982277620e+00
2.322967521295793247e+01,6.979233517108753837e+00,2.194703224351317594e+00
2.339468353147439217e+01,6.982928818364146473e+00,2.189097970113016434e+00
2.355969957578816576e+01,6.986261321940094859e+00,2.183379470346588302e+00
2.372472254016221882e+01,6.989231482482873403e+00,2.177548734439138212e+00
2.388975162191961488e+01,6.991839704574204006e+00,2.171608247497906152e+00
2.405608226154736329e+01,6.994102558374978962e+00,2.165510395034570656e+00
2.422241748885214818e+01,6.995998438545788289e+00,2.159306487818577036e+00
2.440530512283207187e+01,6.997659690087862927e+00,2.152361858157214147e+00
2.458819624448237562e+01,6.998877909752002857e+00,2.145291147572510493e+00
2.479409735781412039e+01,6.999719492218593686e+00,2.137183620021510411e+00
2.499999999999999645e+01,6.999999999999997335e+00,2.128916418075254668e+00
2.520590264218587961e+01,6.999719492218595462e+00,2.120499449589728247e+00
2.541180375551760662e+01,6.998877909752002857e+00,2.111929569089351588e+00
2.559469487716797786e+01,6.997659690087860263e+00,2.104193276460394557e+00
2.577758251114784827e+01,6.995998438545788289e+00,2.096345214442598248e+00
2.594391773845275040e+01,6.994102558374977185e+00,2.089108097498129535e+00
2.611024837808036736e+01,6.991839704574203118e+00,2.081782467470509435e+00
2.627527745983776342e+01,6.989231482482872515e+00,2.074424200675400787e+00
2.644030042421182713e+01,6.986261321940094859e+00,2.066979336499770614e+00
2.660531646852559362e+01,6.982928818364146473e+00,2.059448491676506787e+00
2.677032478704204976e+01,6.979233517108754725e+00,2.051833699160382274e+00
2.693532456822521937e+01,6.975174913210288707e+00,2.044135600825007337e+00
2.710031499778798647e+01,6.970752450969010638e+00,2.036356384172490319e+00
2.726529525594803616e+01,6.965965523623081523e+00,2.028497122732501712e+00
2.743026451546965916e+01,6.960813472991493889e+00,2.020559693012508706e+00
2.759522194735000156e+01,6.955295588836068355e+00,2.012545019381128508e+00
2.776016670847459267e+01,6.949411108767260536e+00,2.004455317492635391e+00
2.792845786848614509e+01,6.943028025901575973e+00,1.996124703089832364e+00
2.809673404668383867e+01,6.936261485211700162e+00,1.987719779660271691e+00
2.828424894037086190e+01,6.928267586521613453e+00,1.978268304501987984e+00
2.847174280454981243e+01,6.919794774573795770e+00,1.968726433392286257e+00
2.868089430372312876e+01,6.909774977817713548e+00,1.957981761922267028e+00
2.889001618086393108e+01,6.899154893523980370e+00,1.947127240928555825e+00
2.908783124191222313e+01,6.888552756268023103e+00,1.936763235234783442e+00
2.928561652919983871e+01,6.877408986061888108e+00,1.926309742642885237e+00
2.946127483402045399e+01,6.867054345190139131e+00,1.916948076369601850e+00
2.963690720997317740e+01,6.856268844386177008e+00,1.907522030384159351e+00
2.980163422969559406e+01,6.845758297531142844e+00,1.898618613301014557e+00
2.996633641591068908e+01,6.834865530473300588e+00,1.889660918886696406e+00
3.013100049729132834e+01,6.823589803685883304e+00,1.880649037860290251e+00
3.029563773287670614e+01,6.811928660643927991e+00,1.871584273650221064e+00
3.046024708276023674e+01,6.799880376458815157e+00,1.862467951307821057e+00
3.062482750287102817e+01,6.787443157578680442e+00,1.853301649388187089e+00
3.078937792245804417e+01,6.774615141975540489e+00,1.844086781854333834e+00
3.095389725365420475e+01,6.761394396958101183e+00,1.834825031635273884e+00
3.111838437674336788e+01,6.747778918804032244e+00,1.825518024290746943e+00
3.128283817111640630e+01,6.733766628571095758e+00,1.816167414081317766e+00
3.144725750413101295e+01,6.719355371105608654e+00,1.806774952517433253e+00
3.161164117875041057e+01,6.704542917881200381e+00,1.797342264303988246e+00
3.178426863441294969e+01,6.688549487385007097e+00,1.787394562423596733e+00
3.195685400013172028e+01,6.672108088827794603e+00,1.777405757219949978e+00
3.215100099793124855e+01,6.653068432561000556e+00,1.766124927040160886e+00
3.234509073679060975e+01,6.633453690683380977e+00,1.754796700502618600e+00
3.254902257366758533e+01,6.612213115825419152e+00,1.742847809797584357e+00
3.275288614238194640e+01,6.590327027851205166e+00,1.730855496927487192e+00
3.293519114217384924e+01,6.570197410856099651e+00,1.720092202890614930e+00
3.311743739142064413e+01,6.549542661362640850e+00,1.709303773667988580e+00
3.328284978892001078e+01,6.530331378984384649e+00,1.699483990341940309e+00
3.344821052182473409e+01,6.510680364525073038e+00,1.689648495283393226e+00
3.361205439903496739e+01,6.490766079254818521e+00,1.679884121446503897e+00
3.377584434539549108e+01,6.470412994541542950e+00,1.670107572739490731e+00
3.393957871244026592e+01,6.449617548450890858e+00,1.660320634269540907e+00
3.410325581080085300e+01,6.428376062915307720e+00,1.650526196117389155e+00
3.426687390699841984e+01,6.406684740198961059e+00,1.640726696829303277e+00
3.443043120594476392e+01,6.384539661145463896e+00,1.630925048277301670e+00
3.459392585803111331e+01,6.361936780052338314e+00,1.621124018054919569e+00
3.475735597544832700e+01,6.338871917859056460e+00,1.611326656991690420e+00
3.492071960424488708e+01,6.315340761223096067e+00,1.601536062948586858e+00
3.508401473196877873e+01,6.291338856518189360e+00,1.591754984499659686e+00
3.525029239952175431e+01,6.266399095100434025e+00,1.581805702716580164e+00
3.541649455927944956e+01,6.240961012125805674e+00,1.571872267772518095e+00
3.560140247981207295e+01,6.212053501862423666e+00,1.560845132335080265e+00
3.578621060603899906e+01,6.182514733179822919e+00,1.549847285093425509e+00
3.598297733106404905e+01,6.150343288607156289e+00,1.538174626967010905e+00
3.617962250202369745e+01,6.117437037451495030e+00,1.526550753198250288e+00
3.635637157617045290e+01,6.087206269189079144e+00,1.516140274524641729e+00
3.653301521905134308e+01,6.056365433530241482e+00,1.505782205915457084e+00
3.669587685021782875e+01,6.027366193745123724e+00,1.496272900569307618e+00
3.685864280237968416e+01,5.997834668098691147e+00,1.486816767618145851e+00
3.702094276602567646e+01,5.967832773054806417e+00,1.477437466699434987e+00
3.718314136223270339e+01,5.937287616075335173e+00,1.468118892710721601e+00
3.734523534354453744e+01,5.906192170689358534e+00,1.458865126249741628e+00
3.750722136658897199e+01,5.874539159928281684e+00,1.449680918412264985e+00
3.766909593787620025e+01,5.842321054821741910e+00,1.440570809345707470e+00
3.783085542877304874e+01,5.809530059070232788e+00,1.431539553123807762e+00
3.799249605269874053e+01,5.776158100347273283e+00,1.422591995967854794e+00
3.815401388132948313e+01,5.742196812856541044e+00,1.413732828020570098e+00
3.831540481161078304e+01,5.707637529084124139e+00,1.404967188961463886e+00
3.847666456853079353e+01,5.672471263303306976e+00,1.396298913050563861e+00
3.864326434132642163e+01,5.635461172159252463e+00,1.387446038544828397e+00
3.880971394220438953e+01,5.597781467258178267e+00,1.378706745567007896e+00
3.899481658662475780e+01,5.555036599279800313e+00,1.369124180606134278e+00
3.917971864319707720e+01,5.511432246514330835e+00,1.359698721252554421e+00
3.935514694571347860e+01,5.469205430238520904e+00,1.350896410040066886e+00
3.953037943565750112e+01,5.426173285150636794e+00,1.342249148059412533e+00
3.969107480281082445e+01,5.385944694912763175e+00,1.334448905361896198e+00
3.985159217625957240e+01,5.345011681075890309e+00,1.326788546694869009e+00
4.001133997275107390e+01,5.303514535206353742e+00,1.319299184398426306e+00
4.017089748735573806e+01,5.261291683025500099e+00,1.311957924591684144e+00
4.033025739093265116e+01,5.218329120073428307e+00,1.304769111781183044e+00
4.048941201063492912e+01,5.174612240420069398e+00,1.297738037074094963e+00
4.064835324427790653e+01,5.130125819063185766e+00,1.290869813125496313e+00
4.080707254064727607e+01,5.084853974077881311e+00,1.284170468465574810e+00
4.096556087764975729e+01,5.038780125731304516e+00,1.277646373307044669e+00
4.112380872243496555e+01,4.991886956952329868e+00,1.271304995456321585e+00
4.128180608170503518e+01,4.944156342384331992e+00,1.265154971038317644e+00
4.143954219381594584e+01,4.895569381188384916e+00,1.259205722348217149e+00
4.160161344527507055e+01,4.844644134068510688e+00,1.253306466222197546e+00
4.176338283707296029e+01,4.792768023303008995e+00,1.247648391116464195e+00
4.193445797977468459e+01,4.736733042123642434e+00,1.241939285099274537e+00
4.210516081098989360e+01,4.679573964717706147e+00,1.236554993696706628e+00
4.226236341482685788e+01,4.625794706645548260e+00,1.231899443825798190e+00
4.241921680141929585e+01,4.571005319600845773e+00,1.227581453968477287e+00
4.257467128070553031e+01,4.515550853144979726e+00,1.223666585297146447e+00
4.272974649846243977e+01,4.459044538511833800e+00,1.220174917743104492e+00
4.288442338091106620e+01,4.401456756674607895e+00,1.217164350215004243e+00
4.303868141722197294e+01,4.342756318917967207e+00,1.214706954000128070e+00
4.319249866591697185e+01,4.282910301063536096e+00,1.212885731634424147e+00
4.334585143489270109e+01,4.221883985629641955e+00,1.211804261697671858e+00
4.349871416984624517e+01,4.159640709240399303e+00,1.211581660293580720e+00
4.365105949020195197e+01,4.096141624671381543e+00,1.212363877986026406e+00
4.380285786192720821e+01,4.031345583262464061e+00,1.214318874481323141e+00
4.395407699874117924e+01,3.965209117831682395e+00,1.217646530126178739e+00
4.410747959782509042e+01,3.896415624802179067e+00,1.222690139164777090e+00
4.426020497204688553e+01,3.826131599863608290e+00,1.229711069016379499e+00
4.441003501302750323e+01,3.755343137083298366e+00,1.238883111968070549e+00
4.455911900946981774e+01,3.682996826498868170e+00,1.250692601012659555e+00
4.470681641466610756e+01,3.609331518922185289e+00,1.265512980032633017e+00
4.485367006062048745e+01,3.533998381126042254e+00,1.283928419296644918e+00
4.499962232352849156e+01,3.456929218228054435e+00,1.306535911107104209e+00
4.514460596168331818e+01,3.378053175244151607e+00,1.334088674133402153e+00
4.528854544951357042e+01,3.297295464349720095e+00,1.367428726573356901e+00
4.543136428281015071e+01,3.214572303105763140e+00,1.407623434783141558e+00
4.557297551653061163e+01,3.129794995435086769e+00,1.455909505288043304e+00
4.571327889972420877e+01,3.042870679691545899e+00,1.513874950284750165e+00
4.585216445678154429e+01,2.953698983649193366e+00,1.583446513743621775e+00
4.598950929971910995e+01,2.862172449620577819e+00,1.667144404289448545e+00
4.612517546947513125e+01,2.768176263486216371e+00,1.768193265486756260e+00
4.625900796077966248e+01,2.671587693607449854e+00,1.890895925990884185e+00
4.639083191274643525e+01,2.572275916617667857e+00,2.040962467569325423e+00
4.652044947706301059e+01,2.470101924591537657e+00,2.226242182341171993e+00
4.664763641541188122e+01,2.364918476828010707e+00,2.456553920969377192e+00
4.677213785133170632e+01,2.256570601694221967e+00,2.747223486285844007e+00
4.689366359673946505e+01,2.144896444738754404e+00,3.113152613958180659e+00
4.701188274526889899e+01,2.029728898068911214e+00,3.582113744905883301e+00
4.712641766413628375e+01,1.910898217254459963e+00,4.189228320517909054e+00
4.723683749259289044e+01,1.788236005531583128e+00,4.984810698697412334e+00
4.734265138420528984e+01,1.661581071743558180e+00,6.039741590945807204e+00
4.744330201095033317e+01,1.530787723272161394e+00,7.448053741514799597e+00
4.753816017141982542e+01,1.395737142397799557e+00,9.341823808568676668e+00
4.762652186038305757e+01,1.256352415685315416e+00,1.194355429381923273e+01
4.770760969525682782e+01,1.112617644820159457e+00,1.543353862282368283e+01
4.778058132955100490e+01,9.646008607713301153e-01,2.079601650323341389e+01
4.784454786821499539e+01,8.124794627560224525e-01,2.661874551967363445e+01
4.789860512069625997e+01,6.565653495372844040e-01,4.319011464223773800e+01
4.794187925638279779e+01,4.973248532154792012e-01,4.766788834443440948e+01
4.797358540772906821e+01,3.353870945138324733e-01,1.405642978995461760e+02
4.799335847575386538e+01,1.682099365016034576e-01,1.415374813397512241e+02
4.799999999999997868e+01,-3.238078167395941739e-17,1.295158399110238179e+03
