x,y,stress
4.999999999999997335e+00,5.076917450988284484e-16,1.025543140195821479e+03
5.004182952981783394e+00,1.840607942789471152e-01,1.367123667965358038e+02
5.016702651429806536e+00,3.677430943227886218e-01,1.221243822429084105e+02
5.035179889121543795e+00,5.335789378370351388e-01,5.181590514204631859e+01
5.060331832610622804e+00,6.985347223408149286e-01,4.738433910555907147e+01
5.091649961870825969e+00,8.606182363642814748e-01,3.279100048557123159e+01
5.129207340986359220e+00,1.021371048274899662e+00,2.754910872538128785e+01
5.172819371056053939e+00,1.180588383906139072e+00,2.223336371051772176e+01
5.222281737108532162e+00,1.338086960373685574e+00,1.874152103601199926e+01
5.277374921386319251e+00,1.493705845107683450e+00,1.569495273893276099e+01
5.337868563875226791e+00,1.647306573222542481e+00,1.354948681989842463e+01
5.403525542865163622e+00,1.798772704457001881e+00,1.172711366413494183e+01
5.474105658636720939e+00,1.948008896131713019e+00,1.022001274019491035e+01
5.549368813368890763e+00,2.094939534792065849e+00,8.881081475803213721e+00
5.629077712339877415e+00,2.239507171098157112e+00,7.842861791605519883e+00
5.713000074117629445e+00,2.381670811940693522e+00,6.926991245886647164e+00
5.800910334048730910e+00,2.521404090928220931e+00,6.145466625864297150e+00
5.892590970738706524e+00,2.658693539724364729e+00,5.468593430994102889e+00
5.987833435543964633e+00,2.793536882052831682e+00,4.881511570991943216e+00
6.086438737954867229e+00,2.925941400359949540e+00,4.370145024025583247e+00
6.188217815255101506e+00,3.055922501361443278e+00,3.923689075962349726e+00
6.292991629099894624e+00,3.183502341249707879e+00,3.532950056568269659e+00
6.400591100470530925e+00,3.308708613506345042e+00,3.190656807916874893e+00
6.510856945486302116e+00,3.431573515855359080e+00,2.890545184432449677e+00
6.623639369810306654e+00,3.552132799152628362e+00,2.627566587780034268e+00
6.738797671029346681e+00,3.670424924151203250e+00,2.397299062172750794e+00
6.856199978454227129e+00,3.786490519937496302e+00,2.196234003565485704e+00
6.975722744217857318e+00,3.900371707267868526e+00,2.021217855506909356e+00
7.097250115848663832e+00,4.012111437082433341e+00,1.869706730017890894e+00
7.220673645504273708e+00,4.121753238855713874e+00,1.739341478263893848e+00
7.345891938409646826e+00,4.229340951178129693e+00,1.628218809757656427e+00
7.472810098147744107e+00,4.334918322672606017e+00,1.534496780259380300e+00
7.601339196529981912e+00,4.438528692570735679e+00,1.456590611175788919e+00
7.731395976628675726e+00,4.540214896291885793e+00,1.392916600375085689e+00
7.862902571695285836e+00,4.640019189172646108e+00,1.342066222132014541e+00
7.995785827445688554e+00,4.737982885755855023e+00,1.302609827943775667e+00
8.129977484411268662e+00,4.834146658461519586e+00,1.273237821369761491e+00
8.266798802134962543e+00,4.929502558933614331e+00,1.252484191696054516e+00
8.404827814025207289e+00,5.023101897619073775e+00,1.239517961789759370e+00
8.542597676297940978e+00,5.114065557171783460e+00,1.233202867584779261e+00
8.681440951626543168e+00,5.203382332042461478e+00,1.232386974245339939e+00
8.821308243772199020e+00,5.291087926318722268e+00,1.236168840368164323e+00
8.962152234873869361e+00,5.377216418388266028e+00,1.243775526518893226e+00
9.103928617953576108e+00,5.461801004240189883e+00,1.254510650835085395e+00
9.246595993416725889e+00,5.544874037936897260e+00,1.267800851139569085e+00
9.390115156816683850e+00,5.626466722061683967e+00,1.283139552848076237e+00
9.534449152032795638e+00,5.706609259114428845e+00,1.300112739160901976e+00
9.679563072534071111e+00,5.785330846303131658e+00,1.318367299907257539e+00
9.825423947298039806e+00,5.862659714515652709e+00,1.337607153713392671e+00
9.972048120496902257e+00,5.938647498987982054e+00,1.357600430744210440e+00
1.011935900922354392e+01,6.013295356955597804e+00,1.378132303592931818e+00
1.027532212112986976e+01,6.090544468773813946e+00,1.400157471057868586e+00
1.043198597006672479e+01,6.166362449839663640e+00,1.422437677438015857e+00
1.058233251374839590e+01,6.237507515972734673e+00,1.443814445358523768e+00
1.073326808495621876e+01,6.307394310966685680e+00,1.465221789282325160e+00
1.088363938336305026e+01,6.375538682775355070e+00,1.486279996304588513e+00
1.103454697743314306e+01,6.442487072519574198e+00,1.507580656747158798e+00
1.118597067819412061e+01,6.508260156447204459e+00,1.528587194817875305e+00
1.133789105011786269e+01,6.572877813858549523e+00,1.549053326351507165e+00
1.149028964214547877e+01,6.636359282354508338e+00,1.569373070688383498e+00
1.164314897209156108e+01,6.698723195520016382e+00,1.589403134316155652e+00
1.179645225455055346e+01,6.759987515081773424e+00,1.609110041100725086e+00
1.195018360279658687e+01,6.820169655503767636e+00,1.628498012465764644e+00
1.210432791941251018e+01,6.879286476224560687e+00,1.647487494729796387e+00
1.225887051834884822e+01,6.937354175417993041e+00,1.666233016343186435e+00
1.241705995326764800e+01,6.995577031633535725e+00,1.685019024520272746e+00
1.257563593877099883e+01,7.052738721872045424e+00,1.703226202968512570e+00
1.274750196874101427e+01,7.113364121762916881e+00,1.722488405541373613e+00
1.291978767655258231e+01,7.172786433432748687e+00,1.741357184750026432e+00
1.307936859982143218e+01,7.226649000177608251e+00,1.758475375258545137e+00
1.323928285632529800e+01,7.279513739526930927e+00,1.774940862825314936e+00
1.339634411195689445e+01,7.330376656861242068e+00,1.790755693819288563e+00
1.355370457331736667e+01,7.380306226948417425e+00,1.806167253059278721e+00
1.371135443924396746e+01,7.429314402031567788e+00,1.821183098436505166e+00
1.386928427405217157e+01,7.477412748016379673e+00,1.835800047521059186e+00
1.402748492530188251e+01,7.524612439816637632e+00,1.850022473427444636e+00
1.418594774806238412e+01,7.570924346683400863e+00,1.863853282138541179e+00
1.434466440365383022e+01,7.616358987348923471e+00,1.877293063178918198e+00
1.450362672927318464e+01,7.660926510724289429e+00,1.890341533675940822e+00
1.466282695540015624e+01,7.704636774229830287e+00,1.903006825678088099e+00
1.482225751760684851e+01,7.747499305409658810e+00,1.915293072612388015e+00
1.498319297317178389e+01,7.789857145026804375e+00,1.927290379315119928e+00
1.514434791009861137e+01,7.831372145497333292e+00,1.938923498749799190e+00
1.532183324660659629e+01,7.876068205610960327e+00,1.951275859802657608e+00
1.549956677392802895e+01,7.919766923633665634e+00,1.963176708876753551e+00
1.567820197242403601e+01,7.962636278924762223e+00,1.974687132284780988e+00
1.585707020209922113e+01,8.004522723367594850e+00,1.985750906741096555e+00
1.601953222506619312e+01,8.041680030008247826e+00,1.995426404461070558e+00
1.618217356074731583e+01,8.078044455167429305e+00,2.004763439213799181e+00
1.634345858187300493e+01,8.113292726257382625e+00,2.013677206543033282e+00
1.650490870344092542e+01,8.147776895097397443e+00,2.022264590295808517e+00
1.666651876263034637e+01,8.181503579382431113e+00,2.030532218885956475e+00
1.682828374833732354e+01,8.214479188251569752e+00,2.038485781846776757e+00
1.699019879028316993e+01,8.246709927456874922e+00,2.046133325001998848e+00
1.715225916093379155e+01,8.278201806786153583e+00,2.053479555188629568e+00
1.731446025717708181e+01,8.308960643152158099e+00,2.060533006238005171e+00
1.747679760927920967e+01,8.338992068716768458e+00,2.067298521792787724e+00
1.763926687365969670e+01,8.368301535447097095e+00,2.073782802506026091e+00
1.780186379975768318e+01,8.396894314963065042e+00,2.079995841495883457e+00
1.796751978238512493e+01,8.425271802900079265e+00,2.086040732741055059e+00
1.813329954429513791e+01,8.452917013224105602e+00,2.091828800365516106e+00
1.831787584876867570e+01,8.482818895130025183e+00,2.097948005639864277e+00
1.850259468305284827e+01,8.511827309093481730e+00,2.103743021170533023e+00
1.868970703289637569e+01,8.540286355886303582e+00,2.109301711311623695e+00
1.887695441557718112e+01,8.567842980362307514e+00,2.114541758468839294e+00
1.904460586960630408e+01,8.591739599883924328e+00,2.118986928558542537e+00
1.921235745139023976e+01,8.614922909128560846e+00,2.123211018732826361e+00
1.937598784146004149e+01,8.636841069871573850e+00,2.127117069276965644e+00
1.953970663474919078e+01,8.658088834378695253e+00,2.130822358118550586e+00
1.970351059531147442e+01,8.678669713566096178e+00,2.134333876585487122e+00
1.986739655770845303e+01,8.698587088464179828e+00,2.137656232887133356e+00
2.003136142205440251e+01,8.717844212479047172e+00,2.140798284482633207e+00
2.019540213034358800e+01,8.736444211488777256e+00,2.143764549177859191e+00
2.035951568514689214e+01,8.754390088865665831e+00,2.146563358224177875e+00
2.052369914714606836e+01,8.771684727669740056e+00,2.149199269243251997e+00
2.068794962166458618e+01,8.788330891629884789e+00,2.151679686318922702e+00
2.085226426704853253e+01,8.804331228358201145e+00,2.154010996447885518e+00
2.101747874884686595e+01,8.819764946302873554e+00,2.156206962425119222e+00
2.118275243161315657e+01,8.834551247960076736e+00,2.158273061444205609e+00
2.136353295401334762e+01,8.849980889993444677e+00,2.160369791186827371e+00
2.154437741139571116e+01,8.864642191670135674e+00,2.162315898672920067e+00
2.174049072121334092e+01,8.879671100353572655e+00,2.164259072887805946e+00
2.193667066663799758e+01,8.893803613334458902e+00,2.166021931570213610e+00
2.211507038994335872e+01,8.905876104116098091e+00,2.167493133423875840e+00
2.229351840086532377e+01,8.917212505267150036e+00,2.168843845520235458e+00
2.245859727259949423e+01,8.927043610057872058e+00,2.169987061513428905e+00
2.262371225546872822e+01,8.936248343260496441e+00,2.171041525897516422e+00
2.278858172905053792e+01,8.944814135534585375e+00,2.172002567695647812e+00
2.295348232136012001e+01,8.952758373355127475e+00,2.172877511998352329e+00
2.311841163444839609e+01,8.960082260090061368e+00,2.173670791345607256e+00
2.328336728159162661e+01,8.966786902357672062e+00,2.174384495346703972e+00
2.344834689590349086e+01,8.972873311293366072e+00,2.175023616727577824e+00
2.361334812815349338e+01,8.978342403179253139e+00,2.175589338364349867e+00
2.377836864066266642e+01,8.983194999911297884e+00,2.176086322419449992e+00
2.394340611093346638e+01,8.987431829733191435e+00,2.176514909510778306e+00
2.410845822709785224e+01,8.991053527624107033e+00,2.176878136067332381e+00
2.427352268451511108e+01,8.994060635708006402e+00,2.177180628051353484e+00
2.444464386002881184e+01,8.996529600932442250e+00,2.177425914681991870e+00
2.461577328060928238e+01,8.998339007294145375e+00,2.177613403509356171e+00
2.480788484508408587e+01,8.999584772803039812e+00,2.177745304323835285e+00
2.500000000000010658e+01,8.999999999999994671e+00,2.177784093752825001e+00
2.519211515491612019e+01,8.999584772803039812e+00,2.177747716807564959e+00
2.538422671939089170e+01,8.998339007294143599e+00,2.177618266439959260e+00
2.555535613997141908e+01,8.996529600932438697e+00,2.177432225122376330e+00
2.572647731548505590e+01,8.994060635708002849e+00,2.177188175646403323e+00
2.589154177290230407e+01,8.991053527624105257e+00,2.176884470020227891e+00
2.605659388906669349e+01,8.987431829733186106e+00,2.176519595609592184e+00
2.622163135933749345e+01,8.983194999911290779e+00,2.176086806049942535e+00
2.638665187184667360e+01,8.978342403179246034e+00,2.175585333750028827e+00
2.655165310409667256e+01,8.972873311293360743e+00,2.175012810248349915e+00
2.671663271840852616e+01,8.966786902357664957e+00,2.174366516607465716e+00
2.688158836555177089e+01,8.960082260090052486e+00,2.173644553269134860e+00
2.704651767864006473e+01,8.952758373355116817e+00,2.172842932573767705e+00
2.721141827094962906e+01,8.944814135534578270e+00,2.171959896746717966e+00
2.737628774453143166e+01,8.936248343260487559e+00,2.170990621142763644e+00
2.754140272740066564e+01,8.927043610057861400e+00,2.169929335080967636e+00
2.770648159913482900e+01,8.917212505267141154e+00,2.168779821989023748e+00
2.788492961005677984e+01,8.905876104116089209e+00,2.167426185053969334e+00
2.806332933336213031e+01,8.893803613334448244e+00,2.165952642124677752e+00
2.825950927878678343e+01,8.879671100353558444e+00,2.164190421654940799e+00
2.845562258860440608e+01,8.864642191670125015e+00,2.162247381171354732e+00
2.863646704598675541e+01,8.849980889993435795e+00,2.160304017571583302e+00
2.881724756838693580e+01,8.834551247960066078e+00,2.158210502465100600e+00
2.898252125115322642e+01,8.819764946302861119e+00,2.156147875030880012e+00
2.914773573295155629e+01,8.804331228358190486e+00,2.153955961579512746e+00
2.931205037833551330e+01,8.788330891629874131e+00,2.151626856129604359e+00
2.947630085285403823e+01,8.771684727669725845e+00,2.149148535850150754e+00
2.964048431485322155e+01,8.754390088865648067e+00,2.146513512229229370e+00
2.980459786965654700e+01,8.736444211488761269e+00,2.143715482587726484e+00
2.996863857794573249e+01,8.717844212479031185e+00,2.140749233661941808e+00
3.013260344229167842e+01,8.698587088464160288e+00,2.137606846518077308e+00
3.029648940468865703e+01,8.678669713566074861e+00,2.134283433730773893e+00
3.046029336525094777e+01,8.658088834378673937e+00,2.130770643932147212e+00
3.062401215854010772e+01,8.636841069871552534e+00,2.127063212265771774e+00
3.078764254860990945e+01,8.614922909128535977e+00,2.123154785830798641e+00
3.095539413039383803e+01,8.591739599883899459e+00,2.118928543306708878e+00
3.112304558442296454e+01,8.567842980362284422e+00,2.114481826408272536e+00
3.131029296710374510e+01,8.540286355886282266e+00,2.109240222938228104e+00
3.149740531694724055e+01,8.511827309093462191e+00,2.103680144659524132e+00
3.168212415123140957e+01,8.482818895130003867e+00,2.097883959812415711e+00
3.186670045570494736e+01,8.452917013224086062e+00,2.091763527425166025e+00
3.203248021761494613e+01,8.425271802900063278e+00,2.085975269148729438e+00
3.219813620024236656e+01,8.396894314963049055e+00,2.079929658436852513e+00
3.236073312634034949e+01,8.368301535447079331e+00,2.073715837380089688e+00
3.252320239072084007e+01,8.338992068716754247e+00,2.067230533983233975e+00
3.268553974282297503e+01,8.308960643152143888e+00,2.060464225463034538e+00
3.284774083906626174e+01,8.278201806786135819e+00,2.053409649843100038e+00
3.300980120971688336e+01,8.246709927456855382e+00,2.046060903891493421e+00
3.317171625166272975e+01,8.214479188251550212e+00,2.038410491826607274e+00
3.333348123736970336e+01,8.181503579382415126e+00,2.030452120159538243e+00
3.349509129655913142e+01,8.147776895097377903e+00,2.022178817612943380e+00
3.365654141812704125e+01,8.113292726257363086e+00,2.013585329847059846e+00
3.381782643925272680e+01,8.078044455167413318e+00,2.004665269483627110e+00
3.398046777493384951e+01,8.041680030008231839e+00,1.995322959955904141e+00
3.414292979790082683e+01,8.004522723367577086e+00,1.985643338034782879e+00
3.432179802757600129e+01,7.962636278924746236e+00,1.974576345967820501e+00
3.450043322607201191e+01,7.919766923633648759e+00,1.963062522646844776e+00
3.467816675339341970e+01,7.876068205610949668e+00,1.951160345595812640e+00
3.485565208990138331e+01,7.831372145497326187e+00,1.938805143564673372e+00
3.501680702682820367e+01,7.789857145026797269e+00,1.927171528695469593e+00
3.517774248239313550e+01,7.747499305409655257e+00,1.915173379488928518e+00
3.533717304459982245e+01,7.704636774229829399e+00,1.902887727047726241e+00
3.549637327072679227e+01,7.660926510724284988e+00,1.890223402678199882e+00
3.565533559634614846e+01,7.616358987348916365e+00,1.877174443942887239e+00
3.581405225193761055e+01,7.570924346683394646e+00,1.863736806666735024e+00
3.597251507469810861e+01,7.524612439816633191e+00,1.849907681937455139e+00
3.613071572594780889e+01,7.477412748016374344e+00,1.835683468842008281e+00
3.628864556075602366e+01,7.429314402031559794e+00,1.821063476034565642e+00
3.644629542668263156e+01,7.380306226948412096e+00,1.806043638075889746e+00
3.660365588804308601e+01,7.330376656861239404e+00,1.790623815169881228e+00
3.676071714367467536e+01,7.279513739526927374e+00,1.774803469601760053e+00
3.692063140017855005e+01,7.226649000177602034e+00,1.758251931978185079e+00
3.708021232344740525e+01,7.172786433432743358e+00,1.741287287650297388e+00
3.725249803125895909e+01,7.113364121762916881e+00,1.722474328324291148e+00
3.742436406122895676e+01,7.052738721872047201e+00,1.703163569207123640e+00
3.758294004673229693e+01,6.995577031633542830e+00,1.684872932945030932e+00
3.774112948165109316e+01,6.937354175418005475e+00,1.666190136073439021e+00
3.789567208058740988e+01,6.879286476224580227e+00,1.647507026591918278e+00
3.804981639720332964e+01,6.820169655503786288e+00,1.628460833507974659e+00
3.820354774544935594e+01,6.759987515081792964e+00,1.609061164862756410e+00
3.835685102790835543e+01,6.698723195520039475e+00,1.589323416537671285e+00
3.850971035785442353e+01,6.636359282354535871e+00,1.569267776175582441e+00
3.866210894988203961e+01,6.572877813858575280e+00,1.548917097735320603e+00
3.881402932180578347e+01,6.508260156447228439e+00,1.528301628332482842e+00
3.896545302256676990e+01,6.442487072519599955e+00,1.507455427975083362e+00
3.911636061663685382e+01,6.375538682775384380e+00,1.486422456369348666e+00
3.926673191504367821e+01,6.307394310966714102e+00,1.465254484894681353e+00
3.941766748625150285e+01,6.237507515972764871e+00,1.443857163930986287e+00
3.956801402993318817e+01,6.166362449839689397e+00,1.422465237705489161e+00
3.972467787887006097e+01,6.090544468773837927e+00,1.400201012249520538e+00
3.988064099077639213e+01,6.013295356955611126e+00,1.378183899405179158e+00
4.002795187950303557e+01,5.938647498987994489e+00,1.357658063745563526e+00
4.017457605270190868e+01,5.862659714515664255e+00,1.337670175719285925e+00
4.032043692746587737e+01,5.785330846303145869e+00,1.318428029728546225e+00
4.046555084796715107e+01,5.706609259114438615e+00,1.300171830053404642e+00
4.060988484318326641e+01,5.626466722061693737e+00,1.283192793834682544e+00
4.075340400658323148e+01,5.544874037936906142e+00,1.267847741348810731e+00
4.089607138204638659e+01,5.461801004240197877e+00,1.254552229356391990e+00
4.103784776512608801e+01,5.377216418388272245e+00,1.243810675663828302e+00
4.117869175622774947e+01,5.291087926318729373e+00,1.236199406468098116e+00
4.131855904837342308e+01,5.203382332042465919e+00,1.232411665992248162e+00
4.145740232370201994e+01,5.114065557171787901e+00,1.233224740920763285e+00
4.159517218597476074e+01,5.023101897619072886e+00,1.239536253016106260e+00
4.173320119786500015e+01,4.929502558933613443e+00,1.252498013867046289e+00
4.187002251558870825e+01,4.834146658461517809e+00,1.273251363877275333e+00
4.200421417255429191e+01,4.737982885755854134e+00,1.302641988929278183e+00
4.213709742830469196e+01,4.640019189172636338e+00,1.342128049733382955e+00
4.226860402337130296e+01,4.540214896291877800e+00,1.393025694682661575e+00
4.239866080347001542e+01,4.438528692570720580e+00,1.456770601911458796e+00
4.252718990185224612e+01,4.334918322672593582e+00,1.534787724491460947e+00
4.265410806159034252e+01,4.229340951178108376e+00,1.628660693243296098e+00
4.277932635449570142e+01,4.121753238855702328e+00,1.739948585729638619e+00
4.290274988415132640e+01,4.012111437082423571e+00,1.870537854526353794e+00
4.302427725578211692e+01,3.900371707267866750e+00,2.022303851799538421e+00
4.314380002154573646e+01,3.786490519937489196e+00,2.197651155348436358e+00
4.326120232897061868e+01,3.670424924151201918e+00,2.399045963779083745e+00
4.337636063018968002e+01,3.552132799152618148e+00,2.629746789637342985e+00
4.348914305451367568e+01,3.431573515855357748e+00,2.893215727057471209e+00
4.359940889952944332e+01,3.308708613506333496e+00,3.193980564676643485e+00
4.370700837090007695e+01,3.183502341249692336e+00,3.536962173595148862e+00
4.381178218474490649e+01,3.055922501361403754e+00,3.928638078036910120e+00
4.391356126204512833e+01,2.925941400359918010e+00,4.376219823191846992e+00
4.401216656445603093e+01,2.793536882052784165e+00,4.889144321607003185e+00
4.410740902926127660e+01,2.658693539724333199e+00,5.478169841064433498e+00
4.419908966595126998e+01,2.521404090928187625e+00,6.157590476296365800e+00
4.428699992588236256e+01,2.381670811940672650e+00,6.944254429278063689e+00
4.437092228766010038e+01,2.239507171098130023e+00,7.860879387272873942e+00
4.445063118663109236e+01,2.094939534792032543e+00,8.934987695329226653e+00
4.452589434136329061e+01,1.948008896131653289e+00,1.020629057430818776e+01
4.459647445713483194e+01,1.798772704456957472e+00,1.172183422562616073e+01
4.466213143612475278e+01,1.647306573222501402e+00,1.356495050320135221e+01
4.472262507861365322e+01,1.493705845107644814e+00,1.580249018043974907e+01
4.477771826289146162e+01,1.338086960373648493e+00,1.869072114401630458e+01
4.482718062894394251e+01,1.180588383906069572e+00,2.216553136988780892e+01
4.487079265901363101e+01,1.021371048274791971e+00,2.752598966817488702e+01
4.490835003812915005e+01,8.606182363641873279e-01,3.275958295047797719e+01
4.493966816738936387e+01,6.985347223407367689e-01,4.740090397778666187e+01
4.496482011087844199e+01,5.335789378369542035e-01,5.151273423986879862e+01
4.498329734857016149e+01,3.677430943227025240e-01,1.225793665328904893e+02
4.499581704701818552e+01,1.840607942789030949e-01,1.361176351117537706e+02
4.499999999999997868e+01,-3.573196187982519846e-17,1.026123034046882140e+03
