x,y,stress
4.999999999999997335e+00,5.076917450988284484e-16,1.118774334759066278e+03
5.004182952981783394e+00,1.840607942789471152e-01,1.491407637780373818e+02
5.016702651429806536e+00,3.677430943227886218e-01,1.332265988104441590e+02
5.035179889121543795e+00,5.335789378370351388e-01,5.652644197314074859e+01
5.060331832610622804e+00,6.985347223408149286e-01,5.169200629697341753e+01
5.091649961870825969e+00,8.606182363642814748e-01,3.577200052971369360e+01
5.129207340986359220e+00,1.021371048274899662e+00,3.005357315496108939e+01
5.172819371056053939e+00,1.180588383906139072e+00,2.425457859329234722e+01
5.222281737108532162e+00,1.338086960373685574e+00,2.044529567564922345e+01
5.277374921386319251e+00,1.493705845107683450e+00,1.712176662429007834e+01
5.337868563875226791e+00,1.647306573222542481e+00,1.478125834897989854e+01
5.403525542865163622e+00,1.798772704457001881e+00,1.279321490632884917e+01
5.474105658636720939e+00,1.948008896131713019e+00,1.114910480748524080e+01
5.549368813368890763e+00,2.094939534792065849e+00,9.688452519057900503e+00
5.629077712339877415e+00,2.239507171098157112e+00,8.555849227205934326e+00
5.713000074117629445e+00,2.381670811940693522e+00,7.556717722785350588e+00
5.800910334048730910e+00,2.521404090928220931e+00,6.704145410033719443e+00
5.892590970738706524e+00,2.658693539724364729e+00,5.965738288357150587e+00
5.987833435543964633e+00,2.793536882052831682e+00,5.325285350172969778e+00
6.086438737954867229e+00,2.925941400359949540e+00,4.767430935300591699e+00
6.188217815255101506e+00,3.055922501361443278e+00,4.280388082867971455e+00
6.292991629099894624e+00,3.183502341249707879e+00,3.854127334438063546e+00
6.400591100470530925e+00,3.308708613506345042e+00,3.480716517727462378e+00
6.510856945486302116e+00,3.431573515855359080e+00,3.153322019380818020e+00
6.623639369810306654e+00,3.552132799152628362e+00,2.866436277578187752e+00
6.738797671029346681e+00,3.670424924151203250e+00,2.615235340552054755e+00
6.856199978454227129e+00,3.786490519937496302e+00,2.395891640253230648e+00
6.975722744217857318e+00,3.900371707267868526e+00,2.204964933280234796e+00
7.097250115848663832e+00,4.012111437082433341e+00,2.039680069110401117e+00
7.220673645504273708e+00,4.121753238855713874e+00,1.897463430833313147e+00
7.345891938409646826e+00,4.229340951178129693e+00,1.776238701553788157e+00
7.472810098147744107e+00,4.334918322672606017e+00,1.673996487555665436e+00
7.601339196529981912e+00,4.438528692570735679e+00,1.589007939464475383e+00
7.731395976628675726e+00,4.540214896291885793e+00,1.519545382227346586e+00
7.862902571695285836e+00,4.640019189172646108e+00,1.464072242325811457e+00
7.995785827445688554e+00,4.737982885755855023e+00,1.421028903211373873e+00
8.129977484411268662e+00,4.834146658461519586e+00,1.388986714221531082e+00
8.266798802134962543e+00,4.929502558933614331e+00,1.366346390941129751e+00
8.404827814025207289e+00,5.023101897619073775e+00,1.352201412861530061e+00
8.542597676297940978e+00,5.114065557171783460e+00,1.345312219183373070e+00
8.681440951626543168e+00,5.203382332042461478e+00,1.344422153722169222e+00
8.821308243772199020e+00,5.291087926318722268e+00,1.348547825856152294e+00
8.962152234873869361e+00,5.377216418388266028e+00,1.356846028929679093e+00
9.103928617953576108e+00,5.461801004240189883e+00,1.368557073638243526e+00
9.246595993416725889e+00,5.544874037936897260e+00,1.383055473970426164e+00
9.390115156816683850e+00,5.626466722061683967e+00,1.399788603106975060e+00
9.534449152032795638e+00,5.706609259114428845e+00,1.418304806357331804e+00
9.679563072534071111e+00,5.785330846303131658e+00,1.438218872626080502e+00
9.825423947298039806e+00,5.862659714515652709e+00,1.459207804050960844e+00
9.972048120496902257e+00,5.938647498987982054e+00,1.481018651720936719e+00
1.011935900922354392e+01,6.013295356955597804e+00,1.503417058464999290e+00
1.027532212112986976e+01,6.090544468773813946e+00,1.527444513881293542e+00
1.043198597006672479e+01,6.166362449839663640e+00,1.551750193568727454e+00
1.058233251374839590e+01,6.237507515972734673e+00,1.575070304027466506e+00
1.073326808495621876e+01,6.307394310966685680e+00,1.598423770126157883e+00
1.088363938336305026e+01,6.375538682775355070e+00,1.621396359604994952e+00
1.103454697743314306e+01,6.442487072519574198e+00,1.644633443724158317e+00
1.118597067819412061e+01,6.508260156447204459e+00,1.667549667074039066e+00
1.133789105011786269e+01,6.572877813858549523e+00,1.689876356019832881e+00
1.149028964214547877e+01,6.636359282354508338e+00,1.712043349841859019e+00
1.164314897209156108e+01,6.698723195520016382e+00,1.733894328344878666e+00
1.179645225455055346e+01,6.759987515081773424e+00,1.755392772109862110e+00
1.195018360279658687e+01,6.820169655503767636e+00,1.776543286326273119e+00
1.210432791941251018e+01,6.879286476224560687e+00,1.797259085159758074e+00
1.225887051834884822e+01,6.937354175417993041e+00,1.817708745101634493e+00
1.241705995326764800e+01,6.995577031633535725e+00,1.838202572203909702e+00
1.257563593877099883e+01,7.052738721872045424e+00,1.858064948692898621e+00
1.274750196874101427e+01,7.113364121762916881e+00,1.879078260590563376e+00
1.291978767655258231e+01,7.172786433432748687e+00,1.899662383363635909e+00
1.307936859982143218e+01,7.226649000177608251e+00,1.918336773009319707e+00
1.323928285632529800e+01,7.279513739526930927e+00,1.936299123082129148e+00
1.339634411195689445e+01,7.330376656861242068e+00,1.953551665984657015e+00
1.355370457331736667e+01,7.380306226948417425e+00,1.970364276064642928e+00
1.371135443924396746e+01,7.429314402031567788e+00,1.986745198294342929e+00
1.386928427405217157e+01,7.477412748016379673e+00,2.002690960932043129e+00
1.402748492530188251e+01,7.524612439816637632e+00,2.018206334648096067e+00
1.418594774806238412e+01,7.570924346683400863e+00,2.033294489605660615e+00
1.434466440365383022e+01,7.616358987348923471e+00,2.047956068922437201e+00
1.450362672927318464e+01,7.660926510724289429e+00,2.062190764010094046e+00
1.466282695540015624e+01,7.704636774229830287e+00,2.076007446194225281e+00
1.482225751760684851e+01,7.747499305409658810e+00,2.089410624668037730e+00
1.498319297317178389e+01,7.789857145026804375e+00,2.102498595616470567e+00
1.514434791009861137e+01,7.831372145497333292e+00,2.115189271363394408e+00
1.532183324660659629e+01,7.876068205610960327e+00,2.128664574330201287e+00
1.549956677392802895e+01,7.919766923633665634e+00,2.141647318774619890e+00
1.567820197242403601e+01,7.962636278924762223e+00,2.154204144310636337e+00
1.585707020209922113e+01,8.004522723367594850e+00,2.166273716444810038e+00
1.601953222506619312e+01,8.041680030008247826e+00,2.176828804866601352e+00
1.618217356074731583e+01,8.078044455167429305e+00,2.187014660960487689e+00
1.634345858187300493e+01,8.113292726257382625e+00,2.196738770774205651e+00
1.650490870344092542e+01,8.147776895097397443e+00,2.206106825777231606e+00
1.666651876263034637e+01,8.181503579382431113e+00,2.215126056966484125e+00
1.682828374833732354e+01,8.214479188251569752e+00,2.223802671105559625e+00
1.699019879028316993e+01,8.246709927456874922e+00,2.232145445456691135e+00
1.715225916093379155e+01,8.278201806786153583e+00,2.240159514751210335e+00
1.731446025717708181e+01,8.308960643152158099e+00,2.247854188623256366e+00
1.747679760927920967e+01,8.338992068716768458e+00,2.255234751046657493e+00
1.763926687365969670e+01,8.368301535447097095e+00,2.262308511824631108e+00
1.780186379975768318e+01,8.396894314963065042e+00,2.269086372540945362e+00
1.796751978238512493e+01,8.425271802900079265e+00,2.275680799353859474e+00
1.813329954429513791e+01,8.452917013224105602e+00,2.281995054944194301e+00
1.831787584876867570e+01,8.482818895130025183e+00,2.288670551607096648e+00
1.850259468305284827e+01,8.511827309093481730e+00,2.294992386731470102e+00
1.868970703289637569e+01,8.540286355886303582e+00,2.301056412339929302e+00
1.887695441557718112e+01,8.567842980362307514e+00,2.306772827420533467e+00
1.904460586960630408e+01,8.591739599883924328e+00,2.311622103882031709e+00
1.921235745139023976e+01,8.614922909128560846e+00,2.316230202253979797e+00
1.937598784146004149e+01,8.636841069871573850e+00,2.320491348302125889e+00
1.953970663474919078e+01,8.658088834378695253e+00,2.324533481583847649e+00
1.970351059531147442e+01,8.678669713566096178e+00,2.328364229002331420e+00
1.986739655770845303e+01,8.698587088464179828e+00,2.331988617695027965e+00
2.003136142205440251e+01,8.717844212479047172e+00,2.335416310344665458e+00
2.019540213034358800e+01,8.736444211488777256e+00,2.338652235466731177e+00
2.035951568514689214e+01,8.754390088865665831e+00,2.341705481699075442e+00
2.052369914714606836e+01,8.771684727669740056e+00,2.344581020992624332e+00
2.068794962166458618e+01,8.788330891629884789e+00,2.347286930529716820e+00
2.085226426704853253e+01,8.804331228358201145e+00,2.349830177943123211e+00
2.101747874884686595e+01,8.819764946302873554e+00,2.352225777191018441e+00
2.118275243161315657e+01,8.834551247960076736e+00,2.354479703393656642e+00
2.136353295401334762e+01,8.849980889993444677e+00,2.356767044931061150e+00
2.154437741139571116e+01,8.864642191670135674e+00,2.358890071279524658e+00
2.174049072121334092e+01,8.879671100353572655e+00,2.361009897695768522e+00
2.193667066663799758e+01,8.893803613334458902e+00,2.362933016258396357e+00
2.211507038994335872e+01,8.905876104116098091e+00,2.364537963735116932e+00
2.229351840086532377e+01,8.917212505267150036e+00,2.366011467840231752e+00
2.245859727259949423e+01,8.927043610057872058e+00,2.367258612560079190e+00
2.262371225546872822e+01,8.936248343260496441e+00,2.368408937342719067e+00
2.278858172905053792e+01,8.944814135534585375e+00,2.369457346577048096e+00
2.295348232136012001e+01,8.952758373355127475e+00,2.370411831270905267e+00
2.311841163444839609e+01,8.960082260090061368e+00,2.371277226922465342e+00
2.328336728159162661e+01,8.966786902357672062e+00,2.372055813105473643e+00
2.344834689590349086e+01,8.972873311293366072e+00,2.372753036430057083e+00
2.361334812815349338e+01,8.978342403179253139e+00,2.373370187306544477e+00
2.377836864066266642e+01,8.983194999911297884e+00,2.373912351730285142e+00
2.394340611093346638e+01,8.987431829733191435e+00,2.374379901284460637e+00
2.410845822709785224e+01,8.991053527624107033e+00,2.374776148437067302e+00
2.427352268451511108e+01,8.994060635708006402e+00,2.375106139692357843e+00
2.444464386002881184e+01,8.996529600932442250e+00,2.375373725107604361e+00
2.461577328060928238e+01,8.998339007294145375e+00,2.375578258373824525e+00
2.480788484508408587e+01,8.999584772803039812e+00,2.375722150171431846e+00
2.500000000000010658e+01,8.999999999999994671e+00,2.375764465912149070e+00
2.519211515491612019e+01,8.999584772803039812e+00,2.375724781971871646e+00
2.538422671939089170e+01,8.998339007294143599e+00,2.375583563389017439e+00
2.555535613997141908e+01,8.996529600932438697e+00,2.375380609224385875e+00
2.572647731548505590e+01,8.994060635708002849e+00,2.375114373432418713e+00
2.589154177290230407e+01,8.991053527624105257e+00,2.374783058203864261e+00
2.605659388906669349e+01,8.987431829733186106e+00,2.374385013392257715e+00
2.622163135933749345e+01,8.983194999911290779e+00,2.373912879327188197e+00
2.638665187184667360e+01,8.978342403179246034e+00,2.373365818636368640e+00
2.655165310409667256e+01,8.972873311293360743e+00,2.372741247543629139e+00
2.671663271840852616e+01,8.966786902357664957e+00,2.372036199935393164e+00
2.688158836555177089e+01,8.960082260090052486e+00,2.371248603566315616e+00
2.704651767864006473e+01,8.952758373355116817e+00,2.370374108262271573e+00
2.721141827094962906e+01,8.944814135534578270e+00,2.369410796450949430e+00
2.737628774453143166e+01,8.936248343260487559e+00,2.368353404882997726e+00
2.754140272740066564e+01,8.927043610057861400e+00,2.367195638270128466e+00
2.770648159913482900e+01,8.917212505267141154e+00,2.365941623988007336e+00
2.788492961005677984e+01,8.905876104116089209e+00,2.364464929149770356e+00
2.806332933336213031e+01,8.893803613334448244e+00,2.362857427772361074e+00
2.825950927878678343e+01,8.879671100353558444e+00,2.360935005441737289e+00
2.845562258860440608e+01,8.864642191670125015e+00,2.358815324914189215e+00
2.863646704598675541e+01,8.849980889993435795e+00,2.356695291896258038e+00
2.881724756838693580e+01,8.834551247960066078e+00,2.354411457234638405e+00
2.898252125115322642e+01,8.819764946302861119e+00,2.352161318215425734e+00
2.914773573295155629e+01,8.804331228358190486e+00,2.349770139904904909e+00
2.931205037833551330e+01,8.788330891629874131e+00,2.347229297595919029e+00
2.947630085285403823e+01,8.771684727669725845e+00,2.344525675472876269e+00
2.964048431485322155e+01,8.754390088865648067e+00,2.341651104250058069e+00
2.980459786965654700e+01,8.736444211488761269e+00,2.338598708277505711e+00
2.996863857794573249e+01,8.717844212479031185e+00,2.335362800358466107e+00
3.013260344229167842e+01,8.698587088464160288e+00,2.331934741656068955e+00
3.029648940468865703e+01,8.678669713566074861e+00,2.328309200433533732e+00
3.046029336525094777e+01,8.658088834378673937e+00,2.324477066107776491e+00
3.062401215854010772e+01,8.636841069871552534e+00,2.320432595199011239e+00
3.078764254860990945e+01,8.614922909128535977e+00,2.316168857269934378e+00
3.095539413039383803e+01,8.591739599883899459e+00,2.311558410880027559e+00
3.112304558442296454e+01,8.567842980362284422e+00,2.306707446990818866e+00
3.131029296710374510e+01,8.540286355886282266e+00,2.300989334114408980e+00
3.149740531694724055e+01,8.511827309093462191e+00,2.294923794174005938e+00
3.168212415123140957e+01,8.482818895130003867e+00,2.288600683431705640e+00
3.186670045570494736e+01,8.452917013224086062e+00,2.281923848100247287e+00
3.203248021761494613e+01,8.425271802900063278e+00,2.275609384525866030e+00
3.219813620024236656e+01,8.396894314963049055e+00,2.269014172840186916e+00
3.236073312634034949e+01,8.368301535447079331e+00,2.262235458960073053e+00
3.252320239072084007e+01,8.338992068716754247e+00,2.255160582527147017e+00
3.268553974282297503e+01,8.308960643152143888e+00,2.247779155050556810e+00
3.284774083906626174e+01,8.278201806786135819e+00,2.240083254374270361e+00
3.300980120971688336e+01,8.246709927456855382e+00,2.232066440608877489e+00
3.317171625166272975e+01,8.214479188251550212e+00,2.223720536538090986e+00
3.333348123736970336e+01,8.181503579382415126e+00,2.215038676537661733e+00
3.349509129655913142e+01,8.147776895097377903e+00,2.206013255577702559e+00
3.365654141812704125e+01,8.113292726257363086e+00,2.196638541651323884e+00
3.381782643925272680e+01,8.078044455167413318e+00,2.186907566709395123e+00
3.398046777493384951e+01,8.041680030008231839e+00,2.176715956315521616e+00
3.414292979790082683e+01,8.004522723367577086e+00,2.166156368765185025e+00
3.432179802757600129e+01,7.962636278924746236e+00,2.154083286510326989e+00
3.450043322607201191e+01,7.919766923633648759e+00,2.141522751978355288e+00
3.467816675339341970e+01,7.876068205610949668e+00,2.128538558831776673e+00
3.485565208990138331e+01,7.831372145497326187e+00,2.115060156615986564e+00
3.501680702682820367e+01,7.789857145026797269e+00,2.102368940395037189e+00
3.517774248239313550e+01,7.747499305409655257e+00,2.089280050351539408e+00
3.533717304459982245e+01,7.704636774229829399e+00,2.075877520415683186e+00
3.549637327072679227e+01,7.660926510724284988e+00,2.062061893830741788e+00
3.565533559634614846e+01,7.616358987348916365e+00,2.047826666119494377e+00
3.581405225193761055e+01,7.570924346683394646e+00,2.033167425454597055e+00
3.597251507469810861e+01,7.524612439816633191e+00,2.018081107568109989e+00
3.613071572594780889e+01,7.477412748016374344e+00,2.002563784191263352e+00
3.628864556075602366e+01,7.429314402031559794e+00,1.986614701128598837e+00
3.644629542668263156e+01,7.380306226948412096e+00,1.970229423355488896e+00
3.660365588804308601e+01,7.330376656861239404e+00,1.953407798367117421e+00
3.676071714367467536e+01,7.279513739526927374e+00,1.936149239565530200e+00
3.692063140017855005e+01,7.226649000177602034e+00,1.918093016703453557e+00
3.708021232344740525e+01,7.172786433432743358e+00,1.899586131982117454e+00
3.725249803125895909e+01,7.113364121762916881e+00,1.879062903626474101e+00
3.742436406122895676e+01,7.052738721872047201e+00,1.857996620953204170e+00
3.758294004673229693e+01,6.995577031633542830e+00,1.838043199576378628e+00
3.774112948165109316e+01,6.937354175418005475e+00,1.817661966625545356e+00
3.789567208058740988e+01,6.879286476224580227e+00,1.797280392645704161e+00
3.804981639720332964e+01,6.820169655503786288e+00,1.776502727463218356e+00
3.820354774544935594e+01,6.759987515081792964e+00,1.755339452577537429e+00
3.835685102790835543e+01,6.698723195520039475e+00,1.733807363495621479e+00
3.850971035785442353e+01,6.636359282354535871e+00,1.711928483100619625e+00
3.866210894988203961e+01,6.572877813858575280e+00,1.689727742983969438e+00
3.881402932180578347e+01,6.508260156447228439e+00,1.667238139999062119e+00
3.896545302256676990e+01,6.442487072519599955e+00,1.644496830518249242e+00
3.911636061663685382e+01,6.375538682775384380e+00,1.621551770584725105e+00
3.926673191504367821e+01,6.307394310966714102e+00,1.598459438066906380e+00
3.941766748625150285e+01,6.237507515972764871e+00,1.575116906106511783e+00
3.956801402993318817e+01,6.166362449839689397e+00,1.551780259315060029e+00
3.972467787887006097e+01,6.090544468773837927e+00,1.527492013363097811e+00
3.988064099077639213e+01,6.013295356955611126e+00,1.503473344805633216e+00
4.002795187950303557e+01,5.938647498987994489e+00,1.481081524086054646e+00
4.017457605270190868e+01,5.862659714515664255e+00,1.459276555330116576e+00
4.032043692746587737e+01,5.785330846303145869e+00,1.438285123340220739e+00
4.046555084796715107e+01,5.706609259114438615e+00,1.418369269149156509e+00
4.060988484318326641e+01,5.626466722061693737e+00,1.399846684183280621e+00
4.075340400658323148e+01,5.544874037936906142e+00,1.383106626925963534e+00
4.089607138204638659e+01,5.461801004240197877e+00,1.368602432025133320e+00
4.103784776512608801e+01,5.377216418388272245e+00,1.356884373451442638e+00
4.117869175622774947e+01,5.291087926318729373e+00,1.348581170692464859e+00
4.131855904837342308e+01,5.203382332042465919e+00,1.344449090173351236e+00
4.145740232370201994e+01,5.114065557171787901e+00,1.345336081004464113e+00
4.159517218597476074e+01,5.023101897619072886e+00,1.352221366926654955e+00
4.173320119786500015e+01,4.929502558933613443e+00,1.366361469673131435e+00
4.187002251558870825e+01,4.834146658461517809e+00,1.389001487866106554e+00
4.200421417255429191e+01,4.737982885755854134e+00,1.421063987922839944e+00
4.213709742830469196e+01,4.640019189172636338e+00,1.464139690618225353e+00
4.226860402337130296e+01,4.540214896291877800e+00,1.519664394199243818e+00
4.239866080347001542e+01,4.438528692570720580e+00,1.589204292994300660e+00
4.252718990185224612e+01,4.334918322672593582e+00,1.674313881263391979e+00
4.265410806159034252e+01,4.229340951178108376e+00,1.776720756265395273e+00
4.277932635449570142e+01,4.121753238855702328e+00,1.898125729886858126e+00
4.290274988415132640e+01,4.012111437082423571e+00,2.040586750392368032e+00
4.302427725578211692e+01,3.900371707267866750e+00,2.206149656508557655e+00
4.314380002154573646e+01,3.786490519937489196e+00,2.397437624016453217e+00
4.326120232897061868e+01,3.670424924151201918e+00,2.617141051395332596e+00
4.337636063018968002e+01,3.552132799152618148e+00,2.868814679604344331e+00
4.348914305451367568e+01,3.431573515855357748e+00,3.156235338608124330e+00
4.359940889952944332e+01,3.308708613506333496e+00,3.484342434192669202e+00
4.370700837090007695e+01,3.183502341249692336e+00,3.858504189376481097e+00
4.381178218474490649e+01,3.055922501361403754e+00,4.285786994222042345e+00
4.391356126204512833e+01,2.925941400359918010e+00,4.774057988936497132e+00
4.401216656445603093e+01,2.793536882052784165e+00,5.333611987207612870e+00
4.410740902926127660e+01,2.658693539724333199e+00,5.976185281161134455e+00
4.419908966595126998e+01,2.521404090928187625e+00,6.717371428686857548e+00
4.428699992588236256e+01,2.381670811940672650e+00,7.575550286485093210e+00
4.437092228766010038e+01,2.239507171098130023e+00,8.575504786115793365e+00
4.445063118663109236e+01,2.094939534792032543e+00,9.747259303995427615e+00
4.452589434136329061e+01,1.948008896131653289e+00,1.113413517197245817e+01
4.459647445713483194e+01,1.798772704456957472e+00,1.278745551886477827e+01
4.466213143612475278e+01,1.647306573222501402e+00,1.479812782167406304e+01
4.472262507861365322e+01,1.493705845107644814e+00,1.723908019684319370e+01
4.477771826289146162e+01,1.338086960373648493e+00,2.038987761165387269e+01
4.482718062894394251e+01,1.180588383906069572e+00,2.418057967624100968e+01
4.487079265901363101e+01,1.021371048274791971e+00,3.002835236528136065e+01
4.490835003812915005e+01,8.606182363641873279e-01,3.573772685506650504e+01
4.493966816738936387e+01,6.985347223407367689e-01,5.171007706667572279e+01
4.496482011087844199e+01,5.335789378369542035e-01,5.619571007985633315e+01
4.498329734857016149e+01,3.677430943227025240e-01,1.337229453086063415e+02
4.499581704701818552e+01,1.840607942789030949e-01,1.484919655764571758e+02
4.499999999999997868e+01,-3.573196187982519846e-17,1.119406946232949849e+03
