x,y,stress
-7.443209170585917623e-19,-9.431176022064720725e-17,2.026836591399052872e-10
3.411315575597483572e-03,2.312699263609074019e-01,1.237804928088423424e-11
1.363619853404072872e-02,4.623389237088257886e-01,7.499079696012120160e-11
2.841358631648912766e-02,6.672869354053418967e-01,8.238663734229152821e-11
4.851663381241163447e-02,8.717813065812841655e-01,9.401214238354677287e-10
7.080181831717165253e-02,1.052900976618646345e+00,8.163044807539811925e-09
9.721926718145461332e-02,1.233464264607382788e+00,3.771686291760087198e-08
1.249541966006865457e-01,1.397993345129857179e+00,8.969842980686996157e-08
1.560727695439715623e-01,1.561916174185988382e+00,3.708727408336084527e-07
1.903516216878492762e-01,1.724340606504229267e+00,1.670251352458748013e-06
2.278978581635050238e-01,1.886041048540042064e+00,6.077603047156772870e-06
2.686657694418100317e-01,2.046959503880210196e+00,2.229760331587316480e-05
3.126067872718819030e-01,2.207040663545114967e+00,7.311577039079952801e-05
3.596697692773245802e-01,2.366232015573491498e+00,1.880861061342787080e-04
4.098012813954913791e-01,2.524483911769715760e+00,3.940141350755508817e-04
4.629458824222251745e-01,2.681749621508364267e+00,7.223935164644546382e-04
5.190464030618496816e-01,2.837985356684971538e+00,1.239181875430065034e-03
5.780442191852298572e-01,2.993150277450402186e+00,2.100859953757046490e-03
6.398795161756782868e-01,3.147206477537384472e+00,3.497601170254023475e-03
7.063638890517575097e-01,3.304438693328958898e+00,5.687259915555382440e-03
7.757178908020808672e-01,3.460426478600064026e+00,9.147422625915863081e-03
8.477896767592693061e-01,3.614960991077166508e+00,1.360699856752581316e-02
9.225899203853197283e-01,3.768193514389955201e+00,1.921925698020358897e-02
9.979678509802306641e-01,3.916096164828352322e+00,2.581257660268421530e-02
1.075805773853672820e+00,4.062719168912726886e+00,3.348358231123323148e-02
1.156041928901490268e+00,4.208043734891445453e+00,4.215695690505037035e-02
1.238615012356808931e+00,4.352053374658893858e+00,5.172880054478468104e-02
1.323464321792455989e+00,4.494733811490735143e+00,6.211732659931828993e-02
1.410529864913690590e+00,4.636072847432958888e+00,7.324512188920707934e-02
1.499752468974409725e+00,4.776060256266963400e+00,8.505608826881889961e-02
1.591073885862548165e+00,4.914687688769539875e+00,9.753502478640307949e-02
1.684436860979753758e+00,5.051948541310467888e+00,1.107238994983849867e-01
1.779785193163191837e+00,5.187837833637272134e+00,1.246965995600961691e-01
1.877621681744098270e+00,5.323112126996396576e+00,1.396323644304372502e-01
1.977355604072985384e+00,5.456993695970455249e+00,1.556234845273607170e-01
2.087294788596976591e+00,5.600222312656888413e+00,1.742176647750375007e-01
2.199324586083973632e+00,5.741821777961704676e+00,1.943875235786463318e-01
2.306965856780865298e+00,5.874029004959285594e+00,2.151034830399685405e-01
2.416360808680915184e+00,6.004788917090497335e+00,2.375525892795388727e-01
2.524516039486089269e+00,6.130724415946113837e+00,2.612367896706866977e-01
2.634239154567679098e+00,6.255296302336518011e+00,2.867901440109033584e-01
2.745485343125923183e+00,6.378510066508946252e+00,3.142971164849175936e-01
2.858210986719880164e+00,6.500371822117498866e+00,3.437949420243177623e-01
2.972373707372854224e+00,6.620888310530276932e+00,3.753061769740352882e-01
3.087932436674373893e+00,6.740066924255228464e+00,4.088288601550991164e-01
3.204847317309047927e+00,6.857915558475196072e+00,4.443454507342886051e-01
3.323079610739755108e+00,6.974442486425302512e+00,4.818128630108920452e-01
3.442591746586733503e+00,7.089656384514128717e+00,5.211808011472143232e-01
3.563347372890570686e+00,7.203566353672314015e+00,5.623900181184769975e-01
3.686023145579567117e+00,7.316832163415978307e+00,6.056203598514821040e-01
3.809886445621218254e+00,7.428798143473426485e+00,6.505731279091948593e-01
3.946915855924698402e+00,7.549989034419275491e+00,7.016615798030105822e-01
4.085287484676119796e+00,7.669645194261911492e+00,7.546111278905929254e-01
4.226493775308939327e+00,7.789063314161821516e+00,8.099034940661952175e-01
4.368988296476675970e+00,7.906941334646194974e+00,8.668510790159766888e-01
4.499240567214986442e+00,8.012479974150215511e+00,9.198395776791454814e-01
4.630490107250186504e+00,8.116775820870429925e+00,9.740062481203944911e-01
4.761412532274193588e+00,8.218838570308824032e+00,1.028735526876107365e+00
4.893259597052185939e+00,8.319704043988034314e+00,1.084466600321966734e+00
5.026006133204489856e+00,8.419382925208346080e+00,1.141125260179718826e+00
5.159627656919234973e+00,8.517885799321941676e+00,1.198637056025564585e+00
5.294100384494684342e+00,8.615223176433765673e+00,1.256931679027395443e+00
5.429401541915377827e+00,8.711405718437266188e+00,1.315948602260414324e+00
5.565509247155342898e+00,8.806444145856708872e+00,1.375620729527886832e+00
5.702401722818774665e+00,8.900348698209642251e+00,1.435895058507704380e+00
5.840057939182341507e+00,8.993129605588265463e+00,1.496716297819162600e+00
5.978457959961320789e+00,9.084797316848144177e+00,1.557989891426018847e+00
6.120359980673526046e+00,9.177154397931126084e+00,1.620894986010981587e+00
6.262995347331767881e+00,9.268374848059972138e+00,1.684177219400243120e+00
6.422823674370833125e+00,9.368726690365615895e+00,1.755069160237844095e+00
6.583512984703559390e+00,9.467694053275849342e+00,1.826287169299190438e+00
6.750759028239680326e+00,9.568714018099305108e+00,1.900305189454999821e+00
6.918874150123145661e+00,9.668281009418729255e+00,1.974523960065243555e+00
7.069391531198456313e+00,9.755792770899082811e+00,2.040812715016517398e+00
7.220560658630289730e+00,9.842173840731303969e+00,2.107171632337123679e+00
7.365284741769708710e+00,9.923491021303609827e+00,2.170454946951120956e+00
7.510571253994894114e+00,1.000379903029871009e+01,2.233721686039138898e+00
7.656406309356175832e+00,1.008310686621511287e+01,2.296924957070566986e+00
7.802776188118101253e+00,1.016142325937875412e+01,2.360037456781660659e+00
7.949667621290564590e+00,1.023875683797632519e+01,2.423023610054860111e+00
8.097067860854318511e+00,1.031511616838041689e+01,2.485851052969604513e+00
8.244964411700317797e+00,1.039050962039671688e+01,2.548486944603702398e+00
8.393345231643419169e+00,1.046494547802751995e+01,2.610900880981211092e+00
8.542198676265019941e+00,1.053843191487913877e+01,2.673060088534362944e+00
8.691513230552986968e+00,1.061097686895914016e+01,2.734936814707193520e+00
8.841344836743092017e+00,1.068261999397004303e+01,2.796512905394248794e+00
8.991616062238932727e+00,1.075333638759183863e+01,2.857779218424212786e+00
9.153263886265436966e+00,1.082816084772777643e+01,2.922976502422734768e+00
9.315392757071892404e+00,1.090193720359658158e+01,2.987978067394772452e+00
9.498588481006128958e+00,1.098380066971978941e+01,3.060819142851767705e+00
9.682362205845834069e+00,1.106435824378740840e+01,3.132366953585877578e+00
9.865868352249908213e+00,1.114326915167282195e+01,3.203091287135227283e+00
1.004991543119245812e+01,1.122091008013581614e+01,3.272991155714286560e+00
1.021373009392264564e+01,1.128877527910748491e+01,3.334381853273904461e+00
1.037794875343714196e+01,1.135565698666220058e+01,3.395098052546648315e+00
1.053207042589568054e+01,1.141739632052046538e+01,3.451311038969975709e+00
1.068652952191287753e+01,1.147828658454519690e+01,3.506878836071237071e+00
1.084129681744732920e+01,1.153832572540200374e+01,3.561756804446300162e+00
1.099638605352372878e+01,1.159752829541596775e+01,3.615927781303001964e+00
1.115178981799578573e+01,1.165590025022429543e+01,3.669366097957511563e+00
1.130750088973496403e+01,1.171344743450819337e+01,3.722042305299362308e+00
1.146351222457060537e+01,1.177017558042750345e+01,3.773927993010242510e+00
1.161981693898034251e+01,1.182609030546992024e+01,3.824996590432648613e+00
1.177640836959282744e+01,1.188119713704817748e+01,3.875223013072290001e+00
1.193327991155671874e+01,1.193550145886018043e+01,3.924578449290285764e+00
1.209042510473468468e+01,1.198900854620517187e+01,3.973030332264872122e+00
1.224783775701061472e+01,1.204172361039273831e+01,4.020574905777063002e+00
1.241390956391934530e+01,1.209639312832188196e+01,4.069592854117594527e+00
1.258026431119372646e+01,1.215019554886965736e+01,4.117561949238006669e+00
1.276794588994363622e+01,1.220975760878067362e+01,4.170188895813407903e+00
1.295596824034755379e+01,1.226823505471633169e+01,4.221363649655385686e+00
1.315966788689978806e+01,1.233026072382845051e+01,4.274993568425687229e+00
1.336374389410775976e+01,1.239103666961015549e+01,4.326741881858893635e+00
1.354908577440533968e+01,1.244506690547044947e+01,4.372080420962582537e+00
1.373471992760061688e+01,1.249808427678537015e+01,4.415823433429182820e+00
1.390027410911652339e+01,1.254445105623110912e+01,4.453445295450030983e+00
1.406604847192794949e+01,1.259002436727916852e+01,4.489775010904606845e+00
1.422631888539063816e+01,1.263327972410515443e+01,4.523598618496186496e+00
1.438678498690158492e+01,1.267580339063716721e+01,4.556168999332817826e+00
1.454744221232595791e+01,1.271759920716393921e+01,4.587464928559409572e+00
1.470828607665548127e+01,1.275867092801924052e+01,4.617466588622489709e+00
1.486931218660550869e+01,1.279902222689204194e+01,4.646158192278265986e+00
1.503051623353997357e+01,1.283865669685652122e+01,4.673525315542733871e+00
1.519189399383781947e+01,1.287757785225712226e+01,4.699556792126077909e+00
1.535344131462679940e+01,1.291578912703743320e+01,4.724240078750400862e+00
1.551515411858737359e+01,1.295329387772833840e+01,4.747562790886856732e+00
1.567702841149878168e+01,1.299009538680665621e+01,4.769522799901120713e+00
1.583950646707069687e+01,1.302629526542059146e+01,4.790154058327061648e+00
1.600213906258785457e+01,1.306179440756863208e+01,4.809448335518780482e+00
1.617900466662494452e+01,1.309957239609908797e+01,4.828782452534310821e+00
1.635604336541961601e+01,1.313653072527755050e+01,4.846536054160792695e+00
1.655568824161229813e+01,1.317718910176050073e+01,4.864511195759242845e+00
1.675554017056041189e+01,1.321681722023382299e+01,4.880425948182200102e+00
1.696929378631673657e+01,1.325802522315076715e+01,4.895154697815386591e+00
1.718326858887668251e+01,1.329806886245283870e+01,4.907463448487184188e+00
1.737602516678934350e+01,1.333311675596032764e+01,4.916628039138008610e+00
1.756894929232995750e+01,1.336723032700414571e+01,4.923936553230751301e+00
1.774046396777892554e+01,1.339675368276892264e+01,4.928941718464127320e+00
1.791210294894275989e+01,1.342554557354885425e+01,4.932563221628338823e+00
1.807593294595806910e+01,1.345232945802334257e+01,4.934753227316425850e+00
1.823986962611323648e+01,1.347845242845325764e+01,4.935738693826518642e+00
1.840390991845375979e+01,1.350391663153654953e+01,4.935539842379041531e+00
1.856805080368400240e+01,1.352872415501522951e+01,4.934191512985651507e+00
1.873228929102892693e+01,1.355287702497769509e+01,4.931738348786351978e+00
1.889662243869702607e+01,1.357637720981322005e+01,4.928216611105334266e+00
1.906104733929601025e+01,1.359922661881080153e+01,4.923671416386055988e+00
1.922556111440905013e+01,1.362142710227316122e+01,4.918147198191518576e+00
1.939016093171914079e+01,1.364298045461245223e+01,4.911698730912732458e+00
1.955484397407249375e+01,1.366388841097571571e+01,4.904376274947175318e+00
1.971968849923585410e+01,1.368416245733204839e+01,4.896218299902771243e+00
1.988461080144974602e+01,1.370379378105677937e+01,4.887337041888294209e+00
2.006166167113973842e+01,1.372414582561657426e+01,4.876978983800803746e+00
2.023879563504295831e+01,1.374376151522091938e+01,4.865943943984589737e+00
2.043844275217568196e+01,1.376497993100258377e+01,4.852657020901107288e+00
2.063818649950479411e+01,1.378526855830857478e+01,4.838681512887049507e+00
2.085863317238855430e+01,1.380657349738219075e+01,4.822556594335284608e+00
2.107918572809449742e+01,1.382675286405385684e+01,4.805783099161982541e+00
2.128326310386555420e+01,1.384441720848387902e+01,4.789966635742343826e+00
2.148742116384734047e+01,1.386112323438663374e+01,4.773918872191334373e+00
2.166870791930244167e+01,1.387515123621066060e+01,4.759649465515887634e+00
2.185005131185349825e+01,1.388842703026433156e+01,4.745428672951802263e+00
2.201632901979641943e+01,1.389993672886034837e+01,4.732524864257118047e+00
2.218264914458264769e+01,1.391081632082694419e+01,4.719834499468092304e+00
2.234833980540898679e+01,1.392102667763463764e+01,4.707455655963701524e+00
2.251406770564161519e+01,1.393061362973285000e+01,4.695413052926839192e+00
2.267983045904870565e+01,1.393957792227832471e+01,4.683770961239297037e+00
2.284562567792025334e+01,1.394792025047181561e+01,4.672601913493371839e+00
2.301145098690965440e+01,1.395564126069266386e+01,4.661970595711629528e+00
2.317730403344775780e+01,1.396274155114524440e+01,4.651939909447521337e+00
2.334318247251877665e+01,1.396922167128311010e+01,4.642568940336757599e+00
2.350908396040574644e+01,1.397508212184097154e+01,4.633913323057202938e+00
2.367500616472361941e+01,1.398032335545640592e+01,4.626030028760435009e+00
2.384094676157534565e+01,1.398494577669787731e+01,4.618973715766393262e+00
2.401213435599882473e+01,1.398906589064489303e+01,4.612584686908748566e+00
2.418333651625824743e+01,1.399252828664481996e+01,4.607185253957955418e+00
2.437533779979843018e+01,1.399562904558906418e+01,4.602280833835284746e+00
2.456735065118959582e+01,1.399790336586337780e+01,4.598673225749160487e+00
2.478367278538821949e+01,1.399947585859406018e+01,4.596159698927321458e+00
2.499999999999992539e+01,1.399999999999999289e+01,4.595285559714469947e+00
2.521632721461165616e+01,1.399947585859406196e+01,4.596134422877233838e+00
2.543264934881027983e+01,1.399790336586337780e+01,4.598626994919420952e+00
2.562466220020147745e+01,1.399562904558906773e+01,4.602301954320159538e+00
2.581666348374162467e+01,1.399252828664482173e+01,4.607265632215006512e+00
2.598786564400112198e+01,1.398906589064488948e+01,4.612700379858461375e+00
2.615905323842455132e+01,1.398494577669788086e+01,4.619122515735080370e+00
2.632499383527637349e+01,1.398032335545640414e+01,4.626174112843275843e+00
2.649091603959413987e+01,1.397508212184097331e+01,4.634049644730417583e+00
2.665681752748110966e+01,1.396922167128311187e+01,4.642677949703117868e+00
2.682269596655214272e+01,1.396274155114524795e+01,4.652020838540712688e+00
2.698854901309023546e+01,1.395564126069266919e+01,4.662022599482567031e+00
2.715437432207962942e+01,1.394792025047181916e+01,4.672624578207556389e+00
2.732016954095118777e+01,1.393957792227832648e+01,4.683769008970836367e+00
2.748593229435827823e+01,1.393061362973285533e+01,4.695386194116083267e+00
2.765166019459091018e+01,1.392102667763463941e+01,4.707414568512497510e+00
2.781735085541724928e+01,1.391081632082694775e+01,4.719779142729787047e+00
2.798367098020347754e+01,1.389993672886035192e+01,4.732464353319408623e+00
2.814994868814640228e+01,1.388842703026433689e+01,4.745364555869850065e+00
2.833129208069744465e+01,1.387515123621066948e+01,4.759586668631621720e+00
2.851257883615253164e+01,1.386112323438664085e+01,4.773861069288387604e+00
2.871673689613432856e+01,1.384441720848388790e+01,4.789912795344066332e+00
2.892081427190538179e+01,1.382675286405386572e+01,4.805735054240127369e+00
2.914136682761132136e+01,1.380657349738219963e+01,4.822511130665065870e+00
2.936181350049507444e+01,1.378526855830858189e+01,4.838638312965091615e+00
2.956155724782419369e+01,1.376497993100258910e+01,4.852621513661857122e+00
2.976120436495693511e+01,1.374376151522093004e+01,4.865916304018511163e+00
2.993833832886015855e+01,1.372414582561658314e+01,4.876959769774356523e+00
3.011538919855014740e+01,1.370379378105678647e+01,4.887326846246847545e+00
3.028031150076403222e+01,1.368416245733205550e+01,4.896214035665757969e+00
3.044515602592739967e+01,1.366388841097572637e+01,4.904377825083769515e+00
3.060983906828074907e+01,1.364298045461246645e+01,4.911700649356381732e+00
3.077443888559083263e+01,1.362142710227317188e+01,4.918150359355845325e+00
3.093895266070387962e+01,1.359922661881080863e+01,4.923671356488219963e+00
3.110337756130287445e+01,1.357637720981323071e+01,4.928213835277968080e+00
3.126771070897096649e+01,1.355287702497770930e+01,4.931732079926697487e+00
3.143194919631588746e+01,1.352872415501524372e+01,4.934181309902760049e+00
3.159609008154613363e+01,1.350391663153656197e+01,4.935523405049330847e+00
3.176013037388665694e+01,1.347845242845327007e+01,4.935716829514169568e+00
3.192406705404181011e+01,1.345232945802335678e+01,4.934729243712760116e+00
3.208789705105712642e+01,1.342554557354886846e+01,4.932538794819101291e+00
3.225953603222095722e+01,1.339675368276893686e+01,4.928912558236422825e+00
3.243105070766992526e+01,1.336723032700416169e+01,4.923909273060303349e+00
3.262397483321053215e+01,1.333311675596034362e+01,4.916595910752976195e+00
3.281673141112317893e+01,1.329806886245285824e+01,4.907432791337042133e+00
3.303070621368312487e+01,1.325802522315078669e+01,4.895115694794486494e+00
3.324445982943944955e+01,1.321681722023384253e+01,4.880381574605941353e+00
3.344431175838756332e+01,1.317718910176052560e+01,4.864464554938857432e+00
3.364395663458024899e+01,1.313653072527756827e+01,4.846483368754836540e+00
3.382099533337493114e+01,1.309957239609910218e+01,4.828723948456645765e+00
3.399786093741204240e+01,1.306179440756864807e+01,4.809379489437914046e+00
3.416049353292921609e+01,1.302629526542060745e+01,4.790078626768197623e+00
3.432297158850115437e+01,1.299009538680666331e+01,4.769435921507409581e+00
3.448484588141256779e+01,1.295329387772834551e+01,4.747464286063052263e+00
3.464655868537313665e+01,1.291578912703744209e+01,4.724129260745290715e+00
3.480810600616212014e+01,1.287757785225712936e+01,4.699438359373877994e+00
3.496948376645996603e+01,1.283865669685652655e+01,4.673396837083060973e+00
3.513068781339442381e+01,1.279902222689204905e+01,4.646022390641097566e+00
3.529171392334445301e+01,1.275867092801925118e+01,4.617323199897236385e+00
3.545255778767398169e+01,1.271759920716394809e+01,4.587318510143457928e+00
3.561321501309836179e+01,1.267580339063717254e+01,4.556018755379621865e+00
3.577368111460931743e+01,1.263327972410515976e+01,4.523445297818761368e+00
3.593395152807200787e+01,1.259002436727917207e+01,4.489623013721152134e+00
3.609972589088344819e+01,1.254445105623111090e+01,4.453290477055763752e+00
3.626528007239936358e+01,1.249808427678537015e+01,4.415676597817893345e+00
3.645091422559464434e+01,1.244506690547044947e+01,4.371927658883989487e+00
3.663625610589220827e+01,1.239103666961015726e+01,4.326594184324750181e+00
3.684033211310016043e+01,1.233026072382845761e+01,4.274842701794448807e+00
3.704403175965236983e+01,1.226823505471634235e+01,4.221207398344814621e+00
3.723205411005628207e+01,1.220975760878068606e+01,4.170036480820461300e+00
3.741973568880618473e+01,1.215019554886967867e+01,4.117404790012084703e+00
3.758609043608059608e+01,1.209639312832189617e+01,4.069444838064370629e+00
3.775216224298933554e+01,1.204172361039274186e+01,4.020429180146050108e+00
3.790957489526527269e+01,1.198900854620517187e+01,3.972892070654391539e+00
3.806672008844324750e+01,1.193550145886018221e+01,3.924443897720160113e+00
3.822359163040714947e+01,1.188119713704817570e+01,3.875093979092116392e+00
3.838018306101963617e+01,1.182609030546991491e+01,3.824870272378149583e+00
3.853648777542937154e+01,1.177017558042749634e+01,3.773803787861652381e+00
3.869249911026502531e+01,1.171344743450818804e+01,3.721918182994844670e+00
3.884821018200421605e+01,1.165590025022428833e+01,3.669243720557442856e+00
3.900361394647627122e+01,1.159752829541595709e+01,3.615805583164539261e+00
3.915870318255269211e+01,1.153832572540198420e+01,3.561634262048434696e+00
3.931347047808714734e+01,1.147828658454517736e+01,3.506755068432129807e+00
3.946792957410434610e+01,1.141739632052044762e+01,3.451186097894960891e+00
3.962205124656289001e+01,1.135565698666217926e+01,3.394976099236997058e+00
3.978626990607734371e+01,1.128877527910747780e+01,3.334254917977684141e+00
3.995008456880749037e+01,1.122091008013582325e+01,3.272865627409964340e+00
4.013413164775001718e+01,1.114326915167284682e+01,3.202949932545732459e+00
4.031763779415405224e+01,1.106435824378744393e+01,3.132241768977910734e+00
4.050141151899376979e+01,1.098380066971982494e+01,3.060499330908343030e+00
4.068460724292800990e+01,1.090193720359661178e+01,2.988063223023068371e+00
4.084673611373442981e+01,1.082816084772782617e+01,2.923214384553225464e+00
4.100838393776089674e+01,1.075333638759190258e+01,2.857922856481881269e+00
4.115865516325675344e+01,1.068261999397010165e+01,2.796646720118920904e+00
4.130848676944687270e+01,1.061097686895919701e+01,2.735042053149622454e+00
4.145780132373484861e+01,1.053843191487919384e+01,2.673153143153137457e+00
4.160665476835644228e+01,1.046494547802757324e+01,2.610981011602527602e+00
4.175503558829956319e+01,1.039050962039676484e+01,2.548558029300051153e+00
4.190293213914555537e+01,1.031511616838046841e+01,2.485913844667024364e+00
4.205033237870930662e+01,1.023875683797638025e+01,2.423081271355584043e+00
4.219722381188176286e+01,1.016142325937880919e+01,2.360089853780138469e+00
4.234359369064368650e+01,1.008310686621516794e+01,2.296974497986556507e+00
4.248942874600496822e+01,1.000379903029877227e+01,2.233769256142307480e+00
4.263471525823015185e+01,9.923491021303675552e+00,2.170506074063876856e+00
4.277943934136954596e+01,9.842173840731369694e+00,2.107226803542912030e+00
4.293060846880138826e+01,9.755792770899146760e+00,2.040880086104122970e+00
4.308112584987672022e+01,9.668281009418794980e+00,1.974602294860267060e+00
4.324924097176017312e+01,9.568714018099379714e+00,1.900374717267716118e+00
4.341648701529627630e+01,9.467694053275934607e+00,1.826339391869559181e+00
4.357717632562901144e+01,9.368726690365695831e+00,1.755095451907747295e+00
4.373700465266808379e+01,9.268374848060052074e+00,1.684181100406353160e+00
4.387964001932632385e+01,9.177154397931209573e+00,1.620883493053185465e+00
4.402154204003850424e+01,9.084797316848232995e+00,1.557971661343605208e+00
4.415994206081748530e+01,8.993129605588352504e+00,1.496707501047651379e+00
4.429759827718105925e+01,8.900348698209736398e+00,1.435915876681303160e+00
4.443449075284450345e+01,8.806444145856795913e+00,1.375656493190961616e+00
4.457059845808448273e+01,8.711405718437339019e+00,1.315984809738458772e+00
4.470589961550517444e+01,8.615223176433838503e+00,1.256967918346605151e+00
4.484037234308063802e+01,8.517885799322016283e+00,1.198667676176223162e+00
4.497399386679538935e+01,8.419382925208422463e+00,1.141155151470227169e+00
4.510674040294769327e+01,8.319704043988110698e+00,1.084497842257672096e+00
4.523858746772567940e+01,8.218838570308903968e+00,1.028771497714292105e+00
4.536950989274968293e+01,8.116775820870515190e+00,9.740485185416090097e-01
4.550075943278488921e+01,8.012479974150300777e+00,9.198886123819522975e-01
4.563101170352320679e+01,7.906941334646267805e+00,8.669075247142828955e-01
4.577350622469094077e+01,7.789063314161902341e+00,8.099651539622811924e-01
4.591471251532375675e+01,7.669645194261996757e+00,7.546790311996559586e-01
4.605308414407516437e+01,7.549989034419374967e+00,7.017326623452624368e-01
4.619011355437861965e+01,7.428798143473538396e+00,6.506467943092081319e-01
4.631397685442029655e+01,7.316832163416086665e+00,6.056941408760102563e-01
4.643665262710928943e+01,7.203566353672419709e+00,5.624609442138300830e-01
4.655740825341312217e+01,7.089656384514244181e+00,5.212393897188133396e-01
4.667692038926009701e+01,6.974442486425424192e+00,4.818547510400383871e-01
4.679515268269081929e+01,6.857915558475307094e+00,4.443658237893357565e-01
4.691206756332550754e+01,6.740066924255324388e+00,4.088158741178204436e-01
4.702762629262702632e+01,6.620888310530376408e+00,3.752828723478888739e-01
4.714178901328001103e+01,6.500371822117594789e+00,3.437746768076289650e-01
4.725451465687395824e+01,6.378510066509047505e+00,3.142791173571149455e-01
4.736576084543220588e+01,6.255296302336621039e+00,2.867763933229358631e-01
4.747548396051379882e+01,6.130724415946217754e+00,2.612228183657911984e-01
4.758363919131897291e+01,6.004788917090602141e+00,2.375373722772080864e-01
4.769303414321905876e+01,5.874029004959346878e+00,2.150862632961557108e-01
4.780067541391598951e+01,5.741821777961720663e+00,1.943675610749737992e-01
4.791270521140297234e+01,5.600222312656932822e+00,1.741946571011255829e-01
4.802264439592692469e+01,5.456993695970524527e+00,1.555960229606234424e-01
4.812237831825581935e+01,5.323112126996454307e+00,1.396006689282161817e-01
4.822021480683675065e+01,5.187837833637318319e+00,1.246588546058746971e-01
4.831556313902019184e+01,5.051948541310521179e+00,1.106792458486324099e-01
4.840892611413738678e+01,4.914687688769601159e+00,9.747968057976864886e-02
4.850024753102553632e+01,4.776060256267013138e+00,8.498693130894791059e-02
4.858947013508626611e+01,4.636072847432999744e+00,7.315918379098139412e-02
4.867653567820747895e+01,4.494733811490806197e+00,6.201589063713054684e-02
4.876138498764310469e+01,4.352053374658982676e+00,5.162000571522698533e-02
4.884395807109840604e+01,4.208043734891562693e+00,4.205073788141948377e-02
4.892419422614623414e+01,4.062719168912868994e+00,3.338739655199497031e-02
4.900203214901968352e+01,3.916096164828477111e+00,2.573513782674658260e-02
4.907741007961459445e+01,3.768193514390064003e+00,1.916764354087956493e-02
4.915221032324064510e+01,3.614960991077299735e+00,1.357699997670340497e-02
4.922428210919782288e+01,3.460426478600221678e+00,9.123471917782887200e-03
4.929363611094814956e+01,3.304438693329116106e+00,5.695790798972432539e-03
4.936012048382421824e+01,3.147206477537542124e+00,3.502297247085913064e-03
4.942195578081467744e+01,2.993150277450543406e+00,2.097692733501169485e-03
4.948095359693808604e+01,2.837985356685101213e+00,1.240650775524010071e-03
4.953705411757771060e+01,2.681749621508487280e+00,7.229308353668333163e-04
4.959019871860443374e+01,2.524483911769829003e+00,3.952953911865634369e-04
4.964033023072260420e+01,2.366232015573598080e+00,1.893783459401108421e-04
4.968739321272806109e+01,2.207040663545221104e+00,7.425783117210163541e-05
4.973133423055814006e+01,2.046959503880312781e+00,2.301429363844350310e-05
4.977210214183643444e+01,1.886041048540136655e+00,6.100009000794356470e-06
4.980964837831209024e+01,1.724340606504342732e+00,1.279121727539393439e-06
4.984392723045598217e+01,1.561916174186116502e+00,3.799366079101841370e-08
4.987504580339926719e+01,1.397993345130003950e+00,9.531363753909861497e-08
4.990278073281848492e+01,1.233464264607541772e+00,3.634220709899502878e-08
4.992919818168277146e+01,1.052900976618781348e+00,8.675943549664846703e-09
4.995148336618755280e+01,8.717813065813900808e-01,8.372579493508304438e-10
4.997158641368348242e+01,6.672869354054424829e-01,1.257397334066527081e-10
4.998636380146592018e+01,4.623389237089190473e-01,5.281446574076345975e-11
4.999658868442435988e+01,2.312699263609550582e-01,1.976176115739675431e-11
4.999999999999997868e+01,-9.418844812637546920e-17,2.140841598607170243e-10
