x,y,stress
3.999999999999997780e+00,6.850197816166415219e-16,8.213151911470265532e+02
4.003302683232445425e+00,2.128153654466860834e-01,1.084514166204128287e+02
4.013201144419718425e+00,4.254260943664574524e-01,9.885157799120294442e+01
4.027500586973467911e+00,6.139250424502590286e-01,4.096175047384521406e+01
4.046948400137648783e+00,8.019626238948894814e-01,3.846421481641854712e+01
4.068742292168569641e+00,9.701589633427403214e-01,2.682493381908042451e+01
4.094606508874400141e+00,1.137777709533522197e+00,2.297277267749817042e+01
4.123866825771774991e+00,1.301435777541651184e+00,1.866887694787537555e+01
4.156946392903649645e+00,1.464364885018784479e+00,1.588044581001750721e+01
4.193791580322309365e+00,1.626483995234417224e+00,1.347767413423822092e+01
4.234343958483397508e+00,1.787715830536567907e+00,1.158955347581506068e+01
4.278540754957529835e+00,1.947987072499870687e+00,1.000742079623867475e+01
4.326315330824020755e+00,2.107228546401264335e+00,8.689015825279252425e+00
4.377597663768121983e+00,2.265375358009916518e+00,7.571138464833171433e+00
4.432314814380668544e+00,2.422366938634496591e+00,6.617225463754997428e+00
4.490391402689117406e+00,2.578147107793546500e+00,5.798079789833549214e+00
4.551750071779971485e+00,2.732664088352484644e+00,5.079071835870529128e+00
4.616509686076956775e+00,2.886326533195852750e+00,4.425975843842103963e+00
4.684410896166981253e+00,3.038626938265010846e+00,3.894714113976060155e+00
4.755156173082718318e+00,3.189078220028885635e+00,3.419468091328381476e+00
4.828862150482859938e+00,3.338101518651761968e+00,3.003530227571373334e+00
4.905447613270742302e+00,3.485665778444386298e+00,2.635925848906234936e+00
4.984831610228927623e+00,3.631743690008025105e+00,2.310784992454342657e+00
5.066933723758116237e+00,3.776311506821787400e+00,2.022197755133108288e+00
5.151674295768544631e+00,3.919348831327853055e+00,1.765572194460971911e+00
5.238974660547666140e+00,4.060838459054740390e+00,1.536815326602648080e+00
5.328757332732421581e+00,4.200766185720501866e+00,1.333109230504034404e+00
5.420946132793141636e+00,4.339120560384905900e+00,1.151481032258137027e+00
5.515466408942317322e+00,4.475892823540206678e+00,9.898134565979823662e-01
5.612275386436231805e+00,4.611118216096026678e+00,8.465179085272706017e-01
5.711272667245807177e+00,4.744749979698467790e+00,7.205798554011226820e-01
5.814591000762317385e+00,4.879614622855165784e+00,6.096807914038364640e-01
5.920047856664326424e+00,5.012813824118343753e+00,5.175866967944964259e-01
6.025250216354408828e+00,5.141551283354130142e+00,4.473454688707874105e-01
6.132369086249982892e+00,5.268698594762326159e+00,3.992822071481966772e-01
6.241342343287638705e+00,5.394260378822667512e+00,3.752736563968145367e-01
6.352109671005952585e+00,5.518242437671403877e+00,3.746874863661759925e-01
6.464612614283105074e+00,5.640651705332246912e+00,3.936566187198574096e-01
6.578794702285335916e+00,5.761496273328248208e+00,4.267256371442115781e-01
6.694601287020568670e+00,5.880785119286083606e+00,4.688395403324021049e-01
6.811979460302869605e+00,5.998527951328993524e+00,5.162731958562084555e-01
6.930878077322703668e+00,6.114735175560759295e+00,5.665942712663544212e-01
7.051247846333192904e+00,6.229417927438404057e+00,6.182717784640230363e-01
7.173335909051293591e+00,6.342858362637719516e+00,6.705198218699586210e-01
7.296808030458284300e+00,6.454790825477661365e+00,7.226502767750383471e-01
7.429020908168561199e+00,6.571694249397677545e+00,7.773455609091782792e-01
7.562684687087230628e+00,6.686936022145253844e+00,8.313029103471675230e-01
7.690597017865568041e+00,6.794585320850008436e+00,8.816628404458726198e-01
7.819726893457993988e+00,6.900771113010828905e+00,9.312215806143105956e-01
7.949310265555091348e+00,7.004930731751392692e+00,9.796940066495510857e-01
8.080022517794878567e+00,7.107670177173714521e+00,1.027361635097362447e+00
8.211828400460850830e+00,7.209003312908603966e+00,1.074236524876240217e+00
8.344693469890659188e+00,7.308943682870918224e+00,1.120338351537096599e+00
8.478584638898700732e+00,7.407504952515384211e+00,1.165690869825090514e+00
8.613470216992183737e+00,7.504700930463878983e+00,1.210319365605306396e+00
8.749319580339337321e+00,7.600545327332448586e+00,1.254249461723990100e+00
8.886103140012076906e+00,7.695051746614598009e+00,1.297503633738748663e+00
9.023792360006934743e+00,7.788233709140249594e+00,1.340106712286765367e+00
9.162359784343156122e+00,7.880104679702697013e+00,1.382060450097994275e+00
9.305748318890287862e+00,7.973229989387521144e+00,1.424542163704439535e+00
9.450009778934626681e+00,8.064997268362885663e+00,1.466378815286167203e+00
9.605689787905562937e+00,8.161936806836562752e+00,1.510540611686066459e+00
9.762311477583747177e+00,8.257347471391126348e+00,1.553959225049541093e+00
9.907099294402895495e+00,8.343724970343295411e+00,1.593263913698575340e+00
1.005263413341363687e+01,8.428837838896843238e+00,1.631993908821887329e+00
1.019685951603430318e+01,8.511543792669028718e+00,1.669624450850105246e+00
1.034176933293233347e+01,8.593044623743361754e+00,1.706689143292336119e+00
1.048734379113003889e+01,8.673352288628693785e+00,1.743191300074408812e+00
1.063356377052709867e+01,8.752478553951670293e+00,1.779132867293155673e+00
1.078041083441603476e+01,8.830435012965464736e+00,1.814513789522070875e+00
1.092786706873190994e+01,8.907233011613309159e+00,1.849338227957044278e+00
1.107591512445273629e+01,8.982883685503422200e+00,1.883604153149022853e+00
1.122453835827624680e+01,9.057398041603788030e+00,1.917312657268291920e+00
1.137372066473125898e+01,9.130786880318076726e+00,1.950459007897603847e+00
1.152344633121989226e+01,9.203060736870485314e+00,1.983048608600253226e+00
1.167602454121124111e+01,9.275320388962770224e+00,2.015559121948200527e+00
1.182913204940501295e+01,9.346451688216221854e+00,2.047508831398779705e+00
1.199946932110778874e+01,9.424002391933141709e+00,2.082244440635524718e+00
1.217041927303860760e+01,9.500193052738874044e+00,2.116240210986867432e+00
1.233727484270522545e+01,9.573012945044000688e+00,2.148586855350465008e+00
1.250467542346237160e+01,9.644571085385441833e+00,2.180296322148365995e+00
1.265861781682627196e+01,9.709079038421497998e+00,2.208987267474240568e+00
1.281299253439271268e+01,9.772545450509802833e+00,2.236699724401111311e+00
1.296717950676479703e+01,9.834736122790669555e+00,2.263829422866115770e+00
1.312177244831670997e+01,9.895910682625846277e+00,2.290401254672288278e+00
1.327676039946792663e+01,9.956077471489013675e+00,2.316561132483400343e+00
1.343213270984378838e+01,1.001524464709525830e+01,2.341829898873211580e+00
1.358787904555400594e+01,1.007342019328894445e+01,2.366599989858023001e+00
1.374398934229670388e+01,1.013061190929296451e+01,2.390759286825046459e+00
1.390045377736426957e+01,1.018682740704492851e+01,2.414324438812868401e+00
1.405726289496949377e+01,1.024207416254549230e+01,2.437278272858067307e+00
1.421440747836822283e+01,1.029635947483592062e+01,2.459618018517284010e+00
1.437187850180013093e+01,1.034969045648918673e+01,2.481349686959887002e+00
1.453482711987165210e+01,1.040376943602890769e+01,2.503122985075972196e+00
1.469810513068152069e+01,1.045684561796930545e+01,2.524259483463950904e+00
1.488144845960881213e+01,1.051513839282334750e+01,2.547128107377282014e+00
1.506518143748101579e+01,1.057219117141010578e+01,2.569139285272124873e+00
1.524509742872415430e+01,1.062675677020198428e+01,2.589852625512189643e+00
1.542536295345739106e+01,1.068015631509811669e+01,2.609742851729444979e+00
1.558774285637594481e+01,1.072718332982944212e+01,2.626960613759392604e+00
1.575038914333065954e+01,1.077328061380254276e+01,2.643542834615374648e+00
1.591059826749529904e+01,1.081771451429084863e+01,2.659222752184709826e+00
1.607105103169765670e+01,1.086126042704748151e+01,2.674280985457782922e+00
1.623174071130863538e+01,1.090392371312462849e+01,2.688723039612695764e+00
1.639266078117041303e+01,1.094570961064893133e+01,2.702548431046673638e+00
1.655380483218830179e+01,1.098662321615657866e+01,2.715762416481475316e+00
1.671516661339255805e+01,1.102666949930520168e+01,2.728367886292013988e+00
1.687674005864613136e+01,1.106585331217590351e+01,2.740372575998221816e+00
1.703851912069335484e+01,1.110417935231903463e+01,2.751780409610955491e+00
1.720049788866125695e+01,1.114165219587966327e+01,2.762597150559146897e+00
1.736267066621975275e+01,1.117827631774590991e+01,2.772835909227215900e+00
1.752711794885930985e+01,1.121451004470422497e+01,2.782607991940604375e+00
1.769175275835223360e+01,1.124988195500804089e+01,2.791828315479709666e+00
1.787434459167559453e+01,1.128806536092124269e+01,2.801344020146138813e+00
1.805715219670530303e+01,1.132520201206013155e+01,2.810180655242962011e+00
1.825319790912079299e+01,1.136382605225011488e+01,2.818900114026172243e+00
1.844947400337747112e+01,1.140126178720722727e+01,2.826832368874389712e+00
1.862650951713674274e+01,1.143397899302830822e+01,2.833397028507599114e+00
1.880371889888098380e+01,1.146574099197224506e+01,2.839382784022812523e+00
1.896777557383812862e+01,1.149427212772061324e+01,2.844430485899429151e+00
1.913197110706941118e+01,1.152199298111624159e+01,2.849028081469595630e+00
1.929604194643591342e+01,1.154886495029803406e+01,2.853168768563905555e+00
1.946024205853971267e+01,1.157493536915040089e+01,2.856882616692165922e+00
1.962456698485151563e+01,1.160020717478120567e+01,2.860190919458971415e+00
1.978901232547165989e+01,1.162468320331531046e+01,2.863109305761538881e+00
1.995357374777617920e+01,1.164836619295516229e+01,2.865659258265218945e+00
2.011824698586089966e+01,1.167125878539128792e+01,2.867854798069290112e+00
2.028302783342275362e+01,1.169336352623350983e+01,2.869717950873202472e+00
2.044791213664437279e+01,1.171468286552257432e+01,2.871267285177656170e+00
2.061289579954604179e+01,1.173521915984471953e+01,2.872516793010568836e+00
2.077797477602931053e+01,1.175497467260917794e+01,2.873504671859830939e+00
2.095004628291168203e+01,1.177472734484888761e+01,2.874248694098865187e+00
2.112221243395536163e+01,1.179363735195507878e+01,2.874769247079250967e+00
2.131596351602123107e+01,1.181390222469274498e+01,2.875063027460634579e+00
2.150982255269712695e+01,1.183310694807236452e+01,2.875085238292679257e+00
2.170823922315915055e+01,1.185165877980096205e+01,2.874890231668612017e+00
2.190675597903702609e+01,1.186910709881030002e+01,2.874459740249303064e+00
2.208324175392254674e+01,1.188368830719279146e+01,2.873949471397646338e+00
2.225979705361823946e+01,1.189740205306564569e+01,2.873338744761928520e+00
2.242561960153634715e+01,1.190948948427269549e+01,2.872688437852874976e+00
2.259149592704076071e+01,1.192081504035266271e+01,2.871989250970084839e+00
2.275741681691813056e+01,1.193137959304339724e+01,2.871248128440586633e+00
2.292338431995783665e+01,1.194118467192212130e+01,2.870482413584192649e+00
2.308939489197437567e+01,1.195023132722814019e+01,2.869709543544284980e+00
2.325544500882659094e+01,1.195852052664589316e+01,2.868943229070344714e+00
2.342153116727668305e+01,1.196605315585270368e+01,2.868198300955687952e+00
2.358764988017767905e+01,1.197283001874013486e+01,2.867487717015536397e+00
2.375379767383251917e+01,1.197885183775724904e+01,2.866825247755543149e+00
2.391997109544796984e+01,1.198411925454044891e+01,2.866220862272039316e+00
2.408616670334984633e+01,1.198863282982959433e+01,2.865683239657548231e+00
2.425238106285366868e+01,1.199239304368510162e+01,2.865233801173666439e+00
2.442813759060507550e+01,1.199554983312946987e+01,2.864841044872919795e+00
2.460390721603361541e+01,1.199786525918795199e+01,2.864565106890879065e+00
2.480195073157072727e+01,1.199946633489903469e+01,2.864374715532677751e+00
2.500000000000011369e+01,1.199999999999999467e+01,2.864296211378536849e+00
2.519804926842949655e+01,1.199946633489903292e+01,2.864371059564856825e+00
2.539609278396658709e+01,1.199786525918795022e+01,2.864557924046386983e+00
2.557186240939515187e+01,1.199554983312946632e+01,2.864834499690751102e+00
2.574761893714649474e+01,1.199239304368509629e+01,2.865228003434939108e+00
2.591383329665042368e+01,1.198863282982958900e+01,2.865679279468707374e+00
2.608002890455221134e+01,1.198411925454044180e+01,2.866218405801026048e+00
2.624620232616765847e+01,1.197885183775724194e+01,2.866821803028872129e+00
2.641235011982249858e+01,1.197283001874012776e+01,2.867483153759205372e+00
2.657846883272349814e+01,1.196605315585269658e+01,2.868190781074579476e+00
2.674455499117359025e+01,1.195852052664588250e+01,2.868932497210378241e+00
2.691060510802579842e+01,1.195023132722812953e+01,2.869695633557741488e+00
2.707661568004233743e+01,1.194118467192211064e+01,2.870465541491240558e+00
2.724258318308205062e+01,1.193137959304338480e+01,2.871228583268102597e+00
2.740850407295942048e+01,1.192081504035264850e+01,2.871967247878807861e+00
2.757438039846383759e+01,1.190948948427268128e+01,2.872665079556127044e+00
2.774020294638192397e+01,1.189740205306563148e+01,2.873314360342620333e+00
2.791675824607764511e+01,1.188368830719277369e+01,2.873922313475450352e+00
2.809324402096318352e+01,1.186910709881028048e+01,2.874430276995104450e+00
2.829176077684105906e+01,1.185165877980094074e+01,2.874857108817736151e+00
2.849017744730308266e+01,1.183310694807234675e+01,2.875048373330910234e+00
2.868403648397897854e+01,1.181390222469272011e+01,2.875020253711493723e+00
2.887778756604483377e+01,1.179363735195505392e+01,2.874719896486294779e+00
2.904995371708850627e+01,1.177472734484886452e+01,2.874193589319015807e+00
2.922202522397086000e+01,1.175497467260915130e+01,2.873442595383643106e+00
2.938710420045413585e+01,1.173521915984469466e+01,2.872449300682388351e+00
2.955208786335580484e+01,1.171468286552254945e+01,2.871194711572302438e+00
2.971697216657743112e+01,1.169336352623348496e+01,2.869642089751924363e+00
2.988175301413929930e+01,1.167125878539126127e+01,2.867775314985427482e+00
3.004642625222401620e+01,1.164836619295513209e+01,2.865575499922503599e+00
3.021098767452853551e+01,1.162468320331528027e+01,2.863021691296487425e+00
3.037543301514866911e+01,1.160020717478117369e+01,2.860095844824098066e+00
3.053975794146046496e+01,1.157493536915037069e+01,2.856778484109103733e+00
3.070395805356426777e+01,1.154886495029800031e+01,2.853056088230634835e+00
3.086802889293077712e+01,1.152199298111620607e+01,2.848907245394862731e+00
3.103222442616204901e+01,1.149427212772057949e+01,2.844308836726400003e+00
3.119628110111918318e+01,1.146574099197221130e+01,2.839263214166622973e+00
3.137349048286343844e+01,1.143397899302827270e+01,2.833281595748746717e+00
3.155052599662272428e+01,1.140126178720718642e+01,2.826729606123724370e+00
3.174680209087938465e+01,1.136382605225007758e+01,2.818787626110260902e+00
3.194284780329486750e+01,1.132520201206009247e+01,2.810054577477613780e+00
3.212565540832456179e+01,1.128806536092120361e+01,2.801210076164900808e+00
3.230824724164791206e+01,1.124988195500800359e+01,2.791683061342487004e+00
3.247288205114079318e+01,1.121451004470419655e+01,2.782459616625149401e+00
3.263732933378031476e+01,1.117827631774588326e+01,2.772683999177322889e+00
3.279950211133879634e+01,1.114165219587963840e+01,2.762444554860189250e+00
3.296148087930670556e+01,1.110417935231901509e+01,2.751627446134042643e+00
3.312325994135392904e+01,1.106585331217588219e+01,2.740219473558114682e+00
3.328483338660748814e+01,1.102666949930518037e+01,2.728214196125875457e+00
3.344619516781173729e+01,1.098662321615656090e+01,2.715607349407555660e+00
3.360733921882961539e+01,1.094570961064891534e+01,2.702391601880830496e+00
3.376825928869138949e+01,1.090392371312461428e+01,2.688564810815068817e+00
3.392894896830237172e+01,1.086126042704746908e+01,2.674120367613715299e+00
3.408940173250474004e+01,1.081771451429083086e+01,2.659057957861701738e+00
3.424961085666939198e+01,1.077328061380252144e+01,2.643374685598388396e+00
3.441225714362411026e+01,1.072718332982941902e+01,2.626787714790115746e+00
3.457463704654264802e+01,1.068015631509809360e+01,2.609568900307083439e+00
3.475490257127589899e+01,1.062675677020195764e+01,2.589671897883335294e+00
3.493481856251905526e+01,1.057219117141007736e+01,2.568954121000116775e+00
3.511855154039125182e+01,1.051513839282331908e+01,2.546941909162383055e+00
3.530189486931853793e+01,1.045684561796927881e+01,2.524067671708200677e+00
3.546517288012839941e+01,1.040376943602888282e+01,2.502935695234961067e+00
3.562812149819993124e+01,1.034969045648915831e+01,2.481164919962534743e+00
3.578559252163183402e+01,1.029635947483589042e+01,2.459442653075535556e+00
3.594273710503057373e+01,1.024207416254545855e+01,2.437111805462707004e+00
3.609954622263578727e+01,1.018682740704489653e+01,2.414166465917421789e+00
3.625601065770334941e+01,1.013061190929293609e+01,2.390608885535877803e+00
3.641212095444605268e+01,1.007342019328891247e+01,2.366442726233858540e+00
3.656786729015627202e+01,1.001524464709522455e+01,2.341669998415468523e+00
3.672323960053213909e+01,9.956077471488978148e+00,2.316295800923868775e+00
3.687822755168335220e+01,9.895910682625810750e+00,2.290321650034963241e+00
3.703282049323527048e+01,9.834736122790632251e+00,2.263751744940343702e+00
3.718700746560735126e+01,9.772545450509767306e+00,2.236589607461560103e+00
3.734138218317380620e+01,9.709079038421453589e+00,2.208726717812627527e+00
3.749532457653771900e+01,9.644571085385392095e+00,2.180286934472188687e+00
3.766272515729487935e+01,9.573012945043945621e+00,2.148606724013991887e+00
3.782958072696150253e+01,9.500193052738813648e+00,2.116223193525569979e+00
3.800053067889231073e+01,9.424002391933081313e+00,2.082227944993817914e+00
3.817086795059508830e+01,9.346451688216165010e+00,2.047490604007953685e+00
3.832397545878884415e+01,9.275320388962716933e+00,2.015528335129904036e+00
3.847655366878019123e+01,9.203060736870428471e+00,1.983003339214644223e+00
3.862627933526882629e+01,9.130786880318021659e+00,1.950403968901786911e+00
3.877546164172383669e+01,9.057398041603732963e+00,1.917248422580928757e+00
3.892408487554735075e+01,8.982883685503363580e+00,1.883537118387452969e+00
3.907213293126817888e+01,8.907233011613248763e+00,1.849268608361880339e+00
3.921958916558406116e+01,8.830435012965400787e+00,1.814447399508067438e+00
3.936643622947300258e+01,8.752478553951602791e+00,1.779069328706779363e+00
3.951265620887006236e+01,8.673352288628622730e+00,1.743135420150446535e+00
3.965823066706777666e+01,8.593044623743287147e+00,1.706642142043005350e+00
3.980314048396580517e+01,8.511543792668950559e+00,1.669589213392503657e+00
3.994736586658648037e+01,8.428837838896759749e+00,1.631973351450939802e+00
4.009290070559723773e+01,8.343724970343199487e+00,1.593245589006318852e+00
4.023768852241641980e+01,8.257347471391010885e+00,1.553936330518742581e+00
4.039431021209458095e+01,8.161936806836456171e+00,1.510514121216272931e+00
4.054999022106550655e+01,8.064997268362786187e+00,1.466349979022653960e+00
4.069425168110981161e+01,7.973229989387436767e+00,1.424511025023521338e+00
4.083764021565691138e+01,7.880104679702631287e+00,1.382031406837389564e+00
4.097620763999313453e+01,7.788233709140184757e+00,1.340082595720675451e+00
4.111389685998799592e+01,7.695051746614533172e+00,1.297494403459817924e+00
4.125068041966074617e+01,7.600545327332374868e+00,1.254246061120171563e+00
4.138652978300789442e+01,7.504700930463803488e+00,1.210315507072323937e+00
4.152141536110137565e+01,7.407504952515308716e+00,1.165685307918801206e+00
4.165530653010941364e+01,7.308943682870842729e+00,1.120329527046409757e+00
4.178817159953921845e+01,7.209003312908530248e+00,1.074228168507950887e+00
4.191997748220519782e+01,7.107670177173634585e+00,1.027355653019150772e+00
4.205068973444497971e+01,7.004930731751313644e+00,9.796944423213546083e-01
4.218027310654208151e+01,6.900771113010752522e+00,9.312296538694635473e-01
4.230940298213447903e+01,6.794585320849945376e+00,8.816806512144993446e-01
4.243731531291280135e+01,6.686936022145205882e+00,8.313306431353143511e-01
4.257097909183149653e+01,6.571694249397607379e+00,7.773826843301662182e-01
4.270319196954179830e+01,6.454790825477562777e+00,7.227006228739663030e-01
4.282666409094880322e+01,6.342858362637610270e+00,6.705756511548188747e-01
4.294875215366690924e+01,6.229417927438285041e+00,6.183339024496240510e-01
4.306912192267740380e+01,6.114735175560631397e+00,5.666518198935032169e-01
4.318802053969724142e+01,5.998527951328861185e+00,5.163296513923286701e-01
4.330539871297953169e+01,5.880785119285953932e+00,4.688868802209358866e-01
4.342120529771476356e+01,5.761496273328114093e+00,4.267727822532828563e-01
4.353538738571700861e+01,5.640651705332103916e+00,3.937075412637132121e-01
4.364789032899415844e+01,5.518242437671251999e+00,3.747746836052543440e-01
4.375865765671246521e+01,5.394260378822519186e+00,3.754385192987604314e-01
4.386763091375011925e+01,5.268698594762177834e+00,3.995732393396527193e-01
4.397474978364570575e+01,5.141551283353968493e+00,4.477748519179826636e-01
4.407995214333578815e+01,5.012813824118171446e+00,5.181878039381730972e-01
4.418540899923778653e+01,4.879614622855009465e+00,6.104667769111495890e-01
4.428872733275427720e+01,4.744749979698323905e+00,7.215908599184063243e-01
4.438772461356385435e+01,4.611118216095871247e+00,8.477407701304878751e-01
4.448453359105777594e+01,4.475892823540040588e+00,9.912889096107146969e-01
4.457905386720693741e+01,4.339120560384754022e+00,1.153124859227821597e+00
4.467124266726764148e+01,4.200766185720372192e+00,1.334951668377358347e+00
4.476102533945238093e+01,4.060838459054620486e+00,1.538864723331815787e+00
4.484832570423149889e+01,3.919348831327741589e+00,1.767703945163008106e+00
4.493306627624193084e+01,3.776311506821667052e+00,2.024735290708106206e+00
4.501516838977112656e+01,3.631743690007886105e+00,2.314039142675406335e+00
4.509455238672931188e+01,3.485665778444248186e+00,2.640250189588578156e+00
4.517113784951718714e+01,3.338101518651621635e+00,3.009130434110661945e+00
4.524484382691733231e+01,3.189078220028735089e+00,3.427225340501766304e+00
4.531558910383306937e+01,3.038626938264842536e+00,3.902677946740656267e+00
4.538349031392308319e+01,2.886326533195698207e+00,4.446454966235496187e+00
4.544824992822005783e+01,2.732664088352349196e+00,5.069453431870218907e+00
4.550960859731090835e+01,2.578147107793403947e+00,5.783366726756393739e+00
4.556768518561936077e+01,2.422366938634349154e+00,6.608345847994311129e+00
4.562240233623190733e+01,2.265375358009768192e+00,7.566146398077608026e+00
4.567368466917600500e+01,2.107228546401115565e+00,8.688013956311902319e+00
4.572145924504248882e+01,1.947987072499718808e+00,1.000939554242597396e+01
4.576565604151662114e+01,1.787715830536414696e+00,1.159392430563169185e+01
4.580620841967770218e+01,1.626483995234277335e+00,1.348764692405593202e+01
4.584305360709635124e+01,1.464364885018658802e+00,1.588680993215179349e+01
4.587613317422822234e+01,1.301435777541547489e+00,1.870121481933387741e+01
4.590539349112558654e+01,1.137777709533443593e+00,2.296942937180305933e+01
4.593125770783142059e+01,9.701589633426578319e-01,2.698966441086296086e+01
4.595305159986233434e+01,8.019626238947982211e-01,3.833677889490545709e+01
4.597249941302651877e+01,6.139250424501931924e-01,4.168114232816321163e+01
4.598679885558026115e+01,4.254260943664193717e-01,9.794978428723817387e+01
4.599669731676753059e+01,2.128153654466674038e-01,1.093550917202286854e+02
4.599999999999997868e+01,-4.096375418746257449e-17,8.198964496072895827e+02
