x,y,stress
6.999999999999997335e+00,3.282987133362103238e-16,1.194646365323280634e+03
7.006814188724253434e+00,1.650805732245176072e-01,1.605325575650980738e+02
7.027089616304446729e+00,3.290545952082034042e-01,1.369719596593735105e+02
7.060339731657459872e+00,4.908710462537497765e-01,5.763950409572742473e+01
7.105833657106953360e+00,6.496846151850860229e-01,4.865021770646226429e+01
7.162663926771196010e+00,8.048079005224753057e-01,3.324104346684178068e+01
7.229830959858904116e+00,9.557482400257600874e-01,2.738566852500722959e+01
7.306313873465533071e+00,1.102193331280955535e+00,2.205839697159738222e+01
7.391123115527158838e+00,1.243983514872824214e+00,1.838728192379243254e+01
7.483334267952558072e+00,1.381079353730863657e+00,1.553756661151755480e+01
7.582105939556469387e+00,1.513530328557341820e+00,1.332207977828275069e+01
7.686686030978637341e+00,1.641447850394746721e+00,1.155146107264680566e+01
7.796410435740946276e+00,1.764983667048036997e+00,1.011577517010955596e+01
7.910697333317902036e+00,1.884313443097224816e+00,8.934613886017867657e+00
8.029039333834218084e+00,1.999624800013297010e+00,7.954084145226871350e+00
8.150994944143569398e+00,2.111108940494558883e+00,7.131032013020395688e+00
8.276180365847219278e+00,2.218955130594530090e+00,6.435175316743910301e+00
8.404261630181268927e+00,2.323346914367921734e+00,5.842610874991695624e+00
8.534947650213048576e+00,2.424459873840754121e+00,5.334930079346554166e+00
8.667984281132248725e+00,2.522460495421460003e+00,4.897494951337317382e+00
8.803148881147452087e+00,2.617505467122064111e+00,4.519131801397180404e+00
8.940245922097728837e+00,2.709741663728225891e+00,4.190610606558160534e+00
9.079103307237394560e+00,2.799306431925610017e+00,3.904549001357339399e+00
9.219568678930345484e+00,2.886327680654356076e+00,3.654646717468813311e+00
9.361507445928923588e+00,2.970924858548327219e+00,3.436004989211826288e+00
9.504800017145077717e+00,3.053209194917027247e+00,3.243908030929070208e+00
9.649339184164260175e+00,3.133283909489022800e+00,3.075623081475421294e+00
9.795029610996465408e+00,3.211245439761924114e+00,2.927914644017942436e+00
9.941785149401960453e+00,3.287183284502753100e+00,2.798283169260597170e+00
1.008952816593759039e+01,3.361180838892315226e+00,2.684513186184260825e+00
1.023818935128345231e+01,3.433316284285158115e+00,2.585068257819876258e+00
1.038770578701324609e+01,3.503662493783611165e+00,2.497620142789697795e+00
1.053802011448892095e+01,3.572287436971085750e+00,2.423115968075330695e+00
1.068908014496948589e+01,3.639254699383949632e+00,2.353894346896837408e+00
1.084083859505675385e+01,3.704623962155129124e+00,2.296013329778901380e+00
1.099325220112282331e+01,3.768451142175130553e+00,2.244864357101699071e+00
1.114628117992757872e+01,3.830788646021298316e+00,2.200644927450981836e+00
1.129988905527377874e+01,3.891685725894697523e+00,2.162221300862772200e+00
1.145404235403413828e+01,3.951188730463825127e+00,2.128999198613025001e+00
1.160884982859096048e+01,4.009393097420268504e+00,2.100336446657567357e+00
1.176414418027618503e+01,4.066285784342091425e+00,2.075708054761022048e+00
1.192045920129900516e+01,4.122103191537004996e+00,2.054597336603485314e+00
1.207721319998010046e+01,4.176675729189842201e+00,2.036679841693351367e+00
1.223367880803604457e+01,4.229802244177117032e+00,2.021520456141470135e+00
1.239053561104848633e+01,4.281762459337971727e+00,2.009145196550164769e+00
1.254776392617276315e+01,4.332587330166526307e+00,1.997922441851483377e+00
1.270534548806505981e+01,4.382306222275584418e+00,1.989267978523095115e+00
1.286326321781709936e+01,4.430946980299265370e+00,1.982117258494647372e+00
1.302150108202637036e+01,4.478536016652769902e+00,1.976481082659564681e+00
1.318004409465561544e+01,4.525098432271505544e+00,1.972056758208122540e+00
1.333887818409333015e+01,4.570658085301472440e+00,1.968783071703023912e+00
1.349799013739001197e+01,4.615237674395334722e+00,1.966304524938853548e+00
1.365736753191703912e+01,4.658858809885028762e+00,1.965162068086238945e+00
1.382103812432164425e+01,4.702609339293921664e+00,1.964040716158410360e+00
1.398496357525134748e+01,4.745395107791462230e+00,1.963759381890599398e+00
1.414848467186789627e+01,4.787073045462167720e+00,1.964009005485076065e+00
1.431223706849017674e+01,4.827832772578470433e+00,1.964768446653859524e+00
1.447279820301481301e+01,4.866872396628178166e+00,1.965891599221095465e+00
1.463356288351688228e+01,4.905065199589332181e+00,1.967337250287857442e+00
1.479452285427956859e+01,4.942426711963554098e+00,1.969045089830419482e+00
1.495567016692946360e+01,4.978971761367882110e+00,1.970969645583317886e+00
1.511699727134080717e+01,5.014714537852188236e+00,1.973068826724207803e+00
1.527849709394453015e+01,5.049668649718568325e+00,1.975305056512113966e+00
1.544016285955412648e+01,5.083847119916520718e+00,1.977645016272974177e+00
1.560198809528291086e+01,5.117262421764153579e+00,1.980062208418735148e+00
1.576396662151981864e+01,5.149926508985884333e+00,1.982525479138628643e+00
1.592609257134394518e+01,5.181850848835345857e+00,1.985015360801018369e+00
1.608960141887527584e+01,5.213282151554926358e+00,1.987531899231393506e+00
1.625324875052093176e+01,5.243984305635218668e+00,1.990043768088765708e+00
1.642953819756816003e+01,5.276227445323417697e+00,1.992717053042355468e+00
1.660597572491677099e+01,5.307650206900657253e+00,1.995342958747503337e+00
1.677148298554617867e+01,5.336369008384756363e+00,1.997758198964303178e+00
1.693711036237753120e+01,5.364386789968740743e+00,2.000114391335844122e+00
1.710014772308683817e+01,5.391272103058483367e+00,2.002369692778808385e+00
1.726329278663312294e+01,5.417495951848323443e+00,2.004552585631457440e+00
1.742654155325897847e+01,5.443066202421479538e+00,2.006662787435818274e+00
1.758989020461217123e+01,5.467990417169295903e+00,2.008688625833304986e+00
1.775333505543752821e+01,5.492275860811246524e+00,2.010638087406598551e+00
1.791687253628310827e+01,5.515929510998518914e+00,2.012486894838497076e+00
1.808049920800306509e+01,5.538958072794252452e+00,2.014270015083575505e+00
1.824421175698678965e+01,5.561367989338638296e+00,2.015845601684050692e+00
1.840800698156602877e+01,5.583165450659266504e+00,2.017513479013013367e+00
1.857188177866088452e+01,5.604356402066836829e+00,2.019009311637952386e+00
1.873761688755800847e+01,5.625167234580686682e+00,2.020447147136867017e+00
1.890342724431653920e+01,5.645369790413871769e+00,2.021798236363415491e+00
1.908522333916048552e+01,5.666817812223365003e+00,2.023174418379922734e+00
1.926710261410160641e+01,5.687548657303552524e+00,2.024442065422009218e+00
1.943986336752659838e+01,5.706573992902367998e+00,2.025557264369441945e+00
1.961269289929239079e+01,5.724964067841291637e+00,2.026585670840362230e+00
1.977706570932244645e+01,5.741863396680600751e+00,2.027486944975640970e+00
1.994149566191935108e+01,5.758197382491803573e+00,2.028318070206736490e+00
2.010598041074258546e+01,5.773970059768855911e+00,2.029080183334251331e+00
2.027051766217016038e+01,5.789185289218695907e+00,2.029776345343537791e+00
2.043510519006246895e+01,5.803846764327999175e+00,2.030412338768437852e+00
2.059974080640474625e+01,5.817958013572002152e+00,2.030988761190614333e+00
2.076442236890914472e+01,5.831522405865502634e+00,2.031511848768397854e+00
2.092914780746207981e+01,5.844543157001798939e+00,2.031981857372264333e+00
2.109391509334237114e+01,5.857023331029179047e+00,2.032404247463200697e+00
2.125872222278914236e+01,5.868965842971995528e+00,2.032780116399747428e+00
2.142357614966439883e+01,5.880374066358839080e+00,2.033111715171362466e+00
2.158846605134810659e+01,5.891249972225243603e+00,2.033406978321880221e+00
2.176418984415749946e+01,5.902255055253093907e+00,2.033675466573851676e+00
2.193995010504453447e+01,5.912661504868482965e+00,2.033906115595987885e+00
2.212604123716466731e+01,5.923028139103640122e+00,2.034110786938118309e+00
2.231216821547515394e+01,5.932729934656255644e+00,2.034271898535172429e+00
2.248071230701879486e+01,5.940942588138248937e+00,2.034391260063544760e+00
2.264928188096187256e+01,5.948614444882900365e+00,2.034492147279860053e+00
2.281437322117903221e+01,5.955604602050636132e+00,2.034571594269747763e+00
2.297948557532719960e+01,5.962079442048618283e+00,2.034635897860016751e+00
2.314461728468675972e+01,5.968040391020942081e+00,2.034687311181683000e+00
2.330976670117333782e+01,5.973488757237052305e+00,2.034726875665170187e+00
2.347493219686480614e+01,5.978425732915163771e+00,2.034758807539239545e+00
2.364011215765476948e+01,5.982852395306674786e+00,2.034782646555887808e+00
2.380530498271312823e+01,5.986769707870380763e+00,2.034802137618502371e+00
2.397050908329741148e+01,5.990178521291020353e+00,2.034816441398447751e+00
2.413572288072060701e+01,5.993079574356204198e+00,2.034827735986858954e+00
2.430094480470052076e+01,5.995473494728470243e+00,2.034836528341696482e+00
2.446744073863941793e+01,5.997373319797211444e+00,2.034840501501218313e+00
2.463394174427710581e+01,5.998759143480485889e+00,2.034847470223371868e+00
2.481696982048762479e+01,5.999689806364875366e+00,2.034850856645919137e+00
2.499999999999994316e+01,5.999999999999997335e+00,2.034848250417228055e+00
2.518303017951228284e+01,5.999689806364876254e+00,2.034846707325708604e+00
2.536605825572277695e+01,5.998759143480486777e+00,2.034839439686229490e+00
2.553255926136047904e+01,5.997373319797211444e+00,2.034831883919611339e+00
2.569905519529937976e+01,5.995473494728471131e+00,2.034828118286530874e+00
2.586427711927929352e+01,5.993079574356205086e+00,2.034822180039181472e+00
2.602949091670247483e+01,5.990178521291021241e+00,2.034814120700538354e+00
2.619469501728677230e+01,5.986769707870382540e+00,2.034802485938523198e+00
2.635988784234513460e+01,5.982852395306677451e+00,2.034785358473595540e+00
2.652506780313508727e+01,5.978425732915168211e+00,2.034759888115181159e+00
2.669023329882654849e+01,5.973488757237054081e+00,2.034725995309425883e+00
2.685538271531313725e+01,5.968040391020945634e+00,2.034682454883423031e+00
2.702051442467269027e+01,5.962079442048621836e+00,2.034626708815993279e+00
2.718562677882085765e+01,5.955604602050639684e+00,2.034571759498820409e+00
2.735071811903800665e+01,5.948614444882903918e+00,2.034501958941749233e+00
2.751928769298110566e+01,5.940942588138250713e+00,2.034411490988444537e+00
2.768783178452477145e+01,5.932729934656258308e+00,2.034300575295004965e+00
2.787395876283526164e+01,5.923028139103642786e+00,2.034152153484769521e+00
2.806004989495538737e+01,5.912661504868485629e+00,2.033948647379150376e+00
2.823581015584244369e+01,5.902255055253095684e+00,2.033750472556557387e+00
2.841153394865185433e+01,5.891249972225245379e+00,2.033374691044395277e+00
2.857642385033555499e+01,5.880374066358842633e+00,2.033137390454007321e+00
2.874127777721081145e+01,5.868965842971996416e+00,2.032822879314520659e+00
2.890608490665758978e+01,5.857023331029178159e+00,2.032446008662333270e+00
2.907085219253788111e+01,5.844543157001800715e+00,2.032010482115356176e+00
2.923557763109080909e+01,5.831522405865506187e+00,2.031535634065617213e+00
2.940025919359519335e+01,5.817958013572004816e+00,2.031007998512866397e+00
2.956489480993747421e+01,5.803846764327999175e+00,2.030429588355462833e+00
2.972948233782978988e+01,5.789185289218697683e+00,2.029792055710542886e+00
2.989401958925736125e+01,5.773970059768859464e+00,2.029093956809993937e+00
3.005850433808058142e+01,5.758197382491805350e+00,2.028330287742796223e+00
3.022293429067750381e+01,5.741863396680604303e+00,2.027498206640616640e+00
3.038730710070756302e+01,5.724964067841294302e+00,2.026596164813184053e+00
3.056013663247336609e+01,5.706573992902369774e+00,2.025566634189984949e+00
3.073289738589837228e+01,5.687548657303552524e+00,2.024449975777577571e+00
3.091477666083952158e+01,5.666817812223361450e+00,2.023179806159208560e+00
3.109657275568348567e+01,5.645369790413866440e+00,2.021800971193095986e+00
3.126238311244202350e+01,5.625167234580680464e+00,2.020448162223409838e+00
3.142811822133914035e+01,5.604356402066828835e+00,2.019013053673274882e+00
3.159199301843399255e+01,5.583165450659258511e+00,2.017503198193233871e+00
3.175578824301322811e+01,5.561367989338632967e+00,2.015906527579301333e+00
3.191950079199693846e+01,5.538958072794248011e+00,2.014222132239127383e+00
3.208312746371689173e+01,5.515929510998512697e+00,2.012449809684820679e+00
3.224666494456248245e+01,5.492275860811237642e+00,2.010591408154994042e+00
3.241010979538784653e+01,5.467990417169288797e+00,2.008647457655811763e+00
3.257345844674104285e+01,5.443066202421472433e+00,2.006621133485298358e+00
3.273670721336690548e+01,5.417495951848315450e+00,2.004514577631625549e+00
3.289985227691317249e+01,5.391272103058476262e+00,2.002332647958312339e+00
3.306288963762247590e+01,5.364386789968733638e+00,2.000079692355350325e+00
3.322851701445379291e+01,5.336369008384757251e+00,1.997724218357944448e+00
3.339402427508316151e+01,5.307650206900662582e+00,1.995310080375212625e+00
3.357046180243177247e+01,5.276227445323423915e+00,1.992684342300458988e+00
3.374675124947899008e+01,5.243984305635226661e+00,1.990011164446797487e+00
3.391039858112463889e+01,5.213282151554937016e+00,1.987499635629537131e+00
3.407390742865595712e+01,5.181850848835356516e+00,1.984983972818231024e+00
3.423603337848010142e+01,5.149926508985894102e+00,1.982494403853493292e+00
3.439801190471702341e+01,5.117262421764161573e+00,1.980033737580157771e+00
3.455983714044580069e+01,5.083847119916529600e+00,1.977623004663616069e+00
3.472150290605539880e+01,5.049668649718578095e+00,1.975287423500120987e+00
3.488300272865910756e+01,5.014714537852201559e+00,1.973055623802558056e+00
3.504432983307044225e+01,4.978971761367896320e+00,1.970959790597416550e+00
3.520547714572033016e+01,4.942426711963571861e+00,1.969036576340224887e+00
3.536643711648300581e+01,4.905065199589350833e+00,1.967327402604065245e+00
3.552720179698508218e+01,4.866872396628195929e+00,1.965879382810563403e+00
3.568776293150973089e+01,4.827832772578486420e+00,1.964744514688267829e+00
3.585151532813199537e+01,4.787073045462188148e+00,1.963973463702745059e+00
3.601503642474854416e+01,4.745395107791480882e+00,1.963665493173816667e+00
3.617896187567823318e+01,4.702609339293944757e+00,1.963903816489620091e+00
3.634263246808284009e+01,4.658858809885054519e+00,1.964788859110175201e+00
3.650200986260986014e+01,4.615237674395362255e+00,1.966374071513813160e+00
3.666112181590653307e+01,4.570658085301499973e+00,1.968785266440335358e+00
3.681995590534425133e+01,4.525098432271535742e+00,1.972152479891514876e+00
3.697849891797351063e+01,4.478536016652797436e+00,1.976615584329324715e+00
3.713673678218277274e+01,4.430946980299295568e+00,1.982337658925072299e+00
3.729465451193480874e+01,4.382306222275614616e+00,1.989497027458830392e+00
3.745223607382710895e+01,4.332587330166555617e+00,1.998293742398334238e+00
3.760946438895139465e+01,4.281762459338000149e+00,2.008961770587152085e+00
3.776632119196383996e+01,4.229802244177147230e+00,2.021753998879591396e+00
3.792278680001977875e+01,4.176675729189868846e+00,2.036969445535893097e+00
3.807954079870089004e+01,4.122103191537029865e+00,2.055015196908275943e+00
3.823585581972373149e+01,4.066285784342112741e+00,2.076222620091404902e+00
3.839115017140894537e+01,4.009393097420294261e+00,2.100908107532789337e+00
3.854595764596576402e+01,3.951188730463848220e+00,2.129630535772941702e+00
3.870011094472612001e+01,3.891685725894722392e+00,2.162880226779123394e+00
3.885371882007233779e+01,3.830788646021319188e+00,2.201301157581628587e+00
3.900674779887709320e+01,3.768451142175154978e+00,2.245561961062348733e+00
3.915916140494316977e+01,3.704623962155147332e+00,2.296449657244959308e+00
3.931091985503044128e+01,3.639254699383971836e+00,2.354808135341738939e+00
3.946197988551102043e+01,3.572287436971099073e+00,2.421647943956019233e+00
3.961229421298666864e+01,3.503662493783637810e+00,2.498054476536777813e+00
3.976181064871646953e+01,3.433316284285180320e+00,2.585329316852274850e+00
3.991047183406230658e+01,3.361180838892348088e+00,2.684870854002932017e+00
4.005821485059797027e+01,3.287183284502775305e+00,2.798380226763014900e+00
4.020497038900342801e+01,3.211245439761964082e+00,2.927700692135558391e+00
4.035066081583565989e+01,3.133283909489049890e+00,3.075095331175629720e+00
4.049519998285480682e+01,3.053209194917077873e+00,3.243037768195700998e+00
4.063849255407099292e+01,2.970924858548360081e+00,3.434610041578343154e+00
4.078043132106952129e+01,2.886327680654420025e+00,3.653235501145362996e+00
4.092089669276251840e+01,2.799306431925641991e+00,3.903237748927129491e+00
4.105975407790212728e+01,2.709741663728295613e+00,4.189503769637017427e+00
4.119685111885249285e+01,2.617505467122085427e+00,4.518285852771195543e+00
4.133201571886761627e+01,2.522460495421537718e+00,4.896799626821477958e+00
4.146505234978690169e+01,2.424459873840764779e+00,5.334454702537123616e+00
4.159573836981856942e+01,2.323346914368028759e+00,5.842350008275825068e+00
4.172381963415271855e+01,2.218955130594559844e+00,6.435209743934880322e+00
4.184900505585623165e+01,2.111108940494713870e+00,7.130874775377117558e+00
4.197096066616571619e+01,1.999624800013330095e+00,7.953637171358278302e+00
4.208930266668186704e+01,1.884313443097431318e+00,8.933946104564190804e+00
4.220358956425898356e+01,1.764983667048083182e+00,1.011446109002845084e+01
4.231331396902111663e+01,1.641447850395006514e+00,1.155046195882055038e+01
4.241789406044345867e+01,1.513530328557390892e+00,1.332535634602808017e+01
4.251666573204721544e+01,1.381079353731149872e+00,1.554529782233180413e+01
4.260887688447278521e+01,1.243983514872868401e+00,1.841563388653634803e+01
4.269368612653429551e+01,1.102193331281204447e+00,2.208527568868539603e+01
4.277016904014104171e+01,9.557482400257846233e-01,2.749067346471173323e+01
4.283733607322871961e+01,8.048079005226093097e-01,3.340537169408963081e+01
4.289416634289302266e+01,6.496846151850782514e-01,4.912300266349517841e+01
4.293966026834250016e+01,4.908710462537826391e-01,5.733004219834979409e+01
4.297291038369551330e+01,3.290545952082148395e-01,1.376494614680396467e+02
4.299318581127570837e+01,1.650805732245225199e-01,1.621202874872558084e+02
4.299999999999997868e+01,-3.190634530148741141e-17,1.196347020960442023e+03
