x,y,stress
4.999999999999997335e+00,-3.380373441408552824e-13,7.766031777326397787e+02
5.002684260488746482e+00,2.293642845013785792e-01,1.179528752713857358e+02
5.010733325408446071e+00,4.586030177737596136e-01,9.838367422335642232e+01
5.022381427555036915e+00,6.621408650824093245e-01,4.447174520993477387e+01
5.038246058527282578e+00,8.653935487674503380e-01,4.022770195842700502e+01
5.055867707703112224e+00,1.045694832447154665e+00,2.891872197024375879e+01
5.076790308853709632e+00,1.225642951793546986e+00,2.481543378774193798e+01
5.098813260149707816e+00,1.389948023973375468e+00,2.069119357076698762e+01
5.123570089239025016e+00,1.553863462881231561e+00,1.794274822279205139e+01
5.150901845363780929e+00,1.716542513115348445e+00,1.556338254634917284e+01
5.180905006631995491e+00,1.878750139185405343e+00,1.365834225434639215e+01
5.213559346447749654e+00,2.040444919396975809e+00,1.203985133695772625e+01
5.248843102459589183e+00,2.201586380836221934e+00,1.066946585742812381e+01
5.286733048004568225e+00,2.362135046708547126e+00,9.487920909725605867e+00
5.327204565995299568e+00,2.522052479189094587e+00,8.462418305673557128e+00
5.370231730756469979e+00,2.681301339078089985e+00,7.564323043805814883e+00
5.415787387728109969e+00,2.839845420985453117e+00,6.773065339113829353e+00
5.463843235639349594e+00,2.997649687735307378e+00,6.071871877193323108e+00
5.514369910946187225e+00,3.154680303288242449e+00,5.447346054173020313e+00
5.568674867989916955e+00,3.314749729755710472e+00,4.876094508195462751e+00
5.625508632024549094e+00,3.473938870187550876e+00,4.365104301006877741e+00
5.684228188421696082e+00,3.630629431419321484e+00,3.910742784098012681e+00
5.745357904264168702e+00,3.786395555790190048e+00,3.501394792613663043e+00
5.807946017773851999e+00,3.939020351842016154e+00,3.137735046919239768e+00
5.872808439460606600e+00,4.090692615334357463e+00,2.804669057757980699e+00
5.939910650538977599e+00,4.241387397465084419e+00,2.485575293458333501e+00
6.009217706863613451e+00,4.391080968099058346e+00,2.214921996270590832e+00
6.080694320060360702e+00,4.539750826709750164e+00,1.961815095825064192e+00
6.154304956097107926e+00,4.687375744804856303e+00,1.731481774520796657e+00
6.230013876075762624e+00,4.833935688935975250e+00,1.519934781248309275e+00
6.307785184139891754e+00,4.979411771092297379e+00,1.325925725424306201e+00
6.387582912127482082e+00,5.123786273066518682e+00,1.147950563542313507e+00
6.469371075219901179e+00,5.267042615123842531e+00,9.850407766493598505e-01
6.554136212764721137e+00,5.410873633707727670e+00,8.350620443788323577e-01
6.640866108486250141e+00,5.553528549418010662e+00,7.002131504617291613e-01
6.733122611704005500e+00,5.700647624232765054e+00,5.775596752817665491e-01
6.827423231567220974e+00,5.846464937186784283e+00,4.765696641628979213e-01
6.918859367711355901e+00,5.983765802849100091e+00,4.063252349022983267e-01
7.012067854940479350e+00,6.119869737250938080e+00,3.682926336946422685e-01
7.107013274508045875e+00,6.254766403333595903e+00,3.664851821245777574e-01
7.203661804044370065e+00,6.388448163633613675e+00,3.968142685904122446e-01
7.301979367855704339e+00,6.520907313791195037e+00,4.495421966479332121e-01
7.401932229813887432e+00,6.652136895044254317e+00,5.155274081534885200e-01
7.503487049045372892e+00,6.782130707452323826e+00,5.886549423343863108e-01
7.606610952640381562e+00,6.910883340725942681e+00,6.653604948834673793e-01
7.711271499906278137e+00,7.038390068511624520e+00,7.436539286516268277e-01
7.817436673079097176e+00,7.164646787037928455e+00,8.224288829807643308e-01
7.925074926444485079e+00,7.289650027875683058e+00,9.010810249766016966e-01
8.034155218878749949e+00,7.413396948958113519e+00,9.792746367709260769e-01
8.150498585605800983e+00,7.542294612536738718e+00,1.060870032066376867e+00
8.268370809819247214e+00,7.669795725749334991e+00,1.141670214497853886e+00
8.387935684551164783e+00,7.796105848300279639e+00,1.221787649707367640e+00
8.508965953863759424e+00,7.921012566818459888e+00,1.301074967946572736e+00
8.625081255347259557e+00,8.038183730915209324e+00,1.375571099458181124e+00
8.742456864950808537e+00,8.154092389339679059e+00,1.449390207277389875e+00
8.861065362599346074e+00,8.268739111687924748e+00,1.522563334105560884e+00
8.980879886256124323e+00,8.382124878746958885e+00,1.595121750068715594e+00
9.101874115430254264e+00,8.494251040886593884e+00,1.667102258672175541e+00
9.224022143289371201e+00,8.605119180211403318e+00,1.738529522844938224e+00
9.347298605617369915e+00,8.714731214361297162e+00,1.809431569144066998e+00
9.471678669210112034e+00,8.823089365828192143e+00,1.879824284082093344e+00
9.597137365263522568e+00,8.930195580230313013e+00,1.949731905495580175e+00
9.723651452008004625e+00,9.036053107951989460e+00,2.019164722538482781e+00
9.851198820176495730e+00,9.140665904568836098e+00,2.088136053169935114e+00
9.979755351994510804e+00,9.244036069265987976e+00,2.156660606901823041e+00
1.011724909213572410e+01,9.352370044704596097e+00,2.228868599511671267e+00
1.025582772507092422e+01,9.459312772307205464e+00,2.300568104687785720e+00
1.040024780222061729e+01,9.568445303396140744e+00,2.374179682095025168e+00
1.054577299224775366e+01,9.676099812842934966e+00,2.447215267100109504e+00
1.068007377258449253e+01,9.773456875245059905e+00,2.513666092342246028e+00
1.081525948760362077e+01,9.869581395987905736e+00,2.579657625763753348e+00
1.095055628220020161e+01,9.963956759138614672e+00,2.644800395594546938e+00
1.108668942457553364e+01,1.005712168205063506e+01,2.709462309859165696e+00
1.122364015946433291e+01,1.014908053355560114e+01,2.773636296272764312e+00
1.136139015611020220e+01,1.023983776960429104e+01,2.837275096391085327e+00
1.149992147220705796e+01,1.032939790473180075e+01,2.900372038428900012e+00
1.163921653654151989e+01,1.041776549788204065e+01,2.962909462747872258e+00
1.177925818510125033e+01,1.050494517231079783e+01,3.024871494071266653e+00
1.192002957289900777e+01,1.059094155761517086e+01,3.086242094065156927e+00
1.206151420345824476e+01,1.067575930758167324e+01,3.146999202598622869e+00
1.220369600048861614e+01,1.075940314034768086e+01,3.207126096412756144e+00
1.235003977469573044e+01,1.084386776413875886e+01,3.268029143401434133e+00
1.249708189067083453e+01,1.092711073377543407e+01,3.328238565267412241e+00
1.266060084916701634e+01,1.101781384904677097e+01,3.394000279781338225e+00
1.282493370245519948e+01,1.110703392984330762e+01,3.458780557637583186e+00
1.298102737274078322e+01,1.119002705639020512e+01,3.519141939401686958e+00
1.313781244649594804e+01,1.127170653265475231e+01,3.578594509034620508e+00
1.328477465947423397e+01,1.134677102342972077e+01,3.633237845697029567e+00
1.343231108913688310e+01,1.142070054322992156e+01,3.687051026506072304e+00
1.358035243990952168e+01,1.149347242158028415e+01,3.739955233247309163e+00
1.372894145984543002e+01,1.156511942430168816e+01,3.791953268282453493e+00
1.387806546467842317e+01,1.163564610900874463e+01,3.843001832888225611e+00
1.402771207851525403e+01,1.170505702277180227e+01,3.893082939483055505e+00
1.417786915283049609e+01,1.177335666342031928e+01,3.942141525718689365e+00
1.432852476938717778e+01,1.184054948206308033e+01,3.990166464434745652e+00
1.447966727326911140e+01,1.190663989823529967e+01,4.037100797001866859e+00
1.463128519282020257e+01,1.197163226511787748e+01,4.082950384719863379e+00
1.478336731136984561e+01,1.203553090178205132e+01,4.128346109220078830e+00
1.493590260811714110e+01,1.209834006822759456e+01,4.171693224130375910e+00
1.509578286938033287e+01,1.216281943812677291e+01,4.215992135334747815e+00
1.525613418106028618e+01,1.222611829904422542e+01,4.258951119258935769e+00
1.543466456172551027e+01,1.229500448951166902e+01,4.304994268945468328e+00
1.561374486482278812e+01,1.236244818485828922e+01,4.349241624357599534e+00
1.578218196263236983e+01,1.242439523714092431e+01,4.389151305134124215e+00
1.595107651919034097e+01,1.248508398373199491e+01,4.427429529348350101e+00
1.610711020726483511e+01,1.253989993802943381e+01,4.461265515715183483e+00
1.626351244216010983e+01,1.259365533609432930e+01,4.493692827753391406e+00
1.641987379095535005e+01,1.264622088910611453e+01,4.524590279768541556e+00
1.657658349383822838e+01,1.269773864269632213e+01,4.554018664037002395e+00
1.673363264927543881e+01,1.274821217674104368e+01,4.581957157323007124e+00
1.689101248301470903e+01,1.279764499860011284e+01,4.608385860751920582e+00
1.704871438342069823e+01,1.284604055541448453e+01,4.633291853470574040e+00
1.720672986590094666e+01,1.289340222370768352e+01,4.656656553910857532e+00
1.736505060496956432e+01,1.293973331990690134e+01,4.678468491326479572e+00
1.752366837463251770e+01,1.298503708348534325e+01,4.698718461562606308e+00
1.768257504124212431e+01,1.302931667689230899e+01,4.717394143271211426e+00
1.784176269814773619e+01,1.307257522364593605e+01,4.734522609629913781e+00
1.800641605341559170e+01,1.311617299196749542e+01,4.750518387882517679e+00
1.817135212578454784e+01,1.315868870453612338e+01,4.764911086216880420e+00
1.835648350962940256e+01,1.320504477215678207e+01,4.779002071380107353e+00
1.854194773249515649e+01,1.325005074880794353e+01,4.790968185843719418e+00
1.872499626278448304e+01,1.329307792680033273e+01,4.800782341905657447e+00
1.890834609347299988e+01,1.333480254127207054e+01,4.808576308089869578e+00
1.907296345314927066e+01,1.337110378796099219e+01,4.813949645972271263e+00
1.923780694708393568e+01,1.340636394770235817e+01,4.817851412427507363e+00
1.939933038636256057e+01,1.343986327834663008e+01,4.820309506475412675e+00
1.956105640948329949e+01,1.347237051833851318e+01,4.821405885817810599e+00
1.972297823612559498e+01,1.350388796749891185e+01,4.821195410195391773e+00
1.988508916725804454e+01,1.353441785651745022e+01,4.819712986735741111e+00
2.004738258991266520e+01,1.356396234832420866e+01,4.817013575056924068e+00
2.020985194488214631e+01,1.359252353277067726e+01,4.813155953279879995e+00
2.037249076669563763e+01,1.362010343444147331e+01,4.808210043972777292e+00
2.053529263249729198e+01,1.364670400426629548e+01,4.802243866813970641e+00
2.069825116753930416e+01,1.367232712164930675e+01,4.795330305876002619e+00
2.086136011954748071e+01,1.369697460648023934e+01,4.787559970557015987e+00
2.102572434135425539e+01,1.372080592256361520e+01,4.778923985238224148e+00
2.119022843500807696e+01,1.374365176745480532e+01,4.769651779967667871e+00
2.137089672703294241e+01,1.376758906354806733e+01,4.758709400049440319e+00
2.155171777049347526e+01,1.379034377150105328e+01,4.747169241694425779e+00
2.174718509628756280e+01,1.381359495747110522e+01,4.734156024441875665e+00
2.194281108127307078e+01,1.383547115202277311e+01,4.720626805944065474e+00
2.212032431104831431e+01,1.385412066079856075e+01,4.708196469369719139e+00
2.229795234530990555e+01,1.387164301195694094e+01,4.695694136299195520e+00
2.246246497425971000e+01,1.388685885420597899e+01,4.684181718059837962e+00
2.262706386564675753e+01,1.390111129766672349e+01,4.672842602073248308e+00
2.279148994683484375e+01,1.391438165493110724e+01,4.661763404646115383e+00
2.295599057503854468e+01,1.392669352289435203e+01,4.651018102144308664e+00
2.312056006812685993e+01,1.393804777276270457e+01,4.640708352246386781e+00
2.328519278222990252e+01,1.394844520872784699e+01,4.630914717291113369e+00
2.344988309425421846e+01,1.395788656686517015e+01,4.621729218876851952e+00
2.361462539892230339e+01,1.396637251526670731e+01,4.613224801730249958e+00
2.377941411425466356e+01,1.397390365455566652e+01,4.605481862289695805e+00
2.394424367394900699e+01,1.398048051764321364e+01,4.598563431200648033e+00
2.410910852899700174e+01,1.398610356995749981e+01,4.592529120122108566e+00
2.427400314291822880e+01,1.399077320937332658e+01,4.587454787852486504e+00
2.444500023385412391e+01,1.399460852890115881e+01,4.583215099589144970e+00
2.461601723070547365e+01,1.399741951375729343e+01,4.580122919220083411e+00
2.480800427977577627e+01,1.399935489389684129e+01,4.577988893362635814e+00
2.499999999999955236e+01,1.399999999999999112e+01,4.577242473769781661e+00
2.519199572022336042e+01,1.399935489389684484e+01,4.577988391510674049e+00
2.538398276929368436e+01,1.399741951375730409e+01,4.580121331832925691e+00
2.555499976614506963e+01,1.399460852890117302e+01,4.583215788055269968e+00
2.572599685708095407e+01,1.399077320937334434e+01,4.587458363174266474e+00
2.589089147100223798e+01,1.398610356995752113e+01,4.592538437037840815e+00
2.605575632605017944e+01,1.398048051764324384e+01,4.598578290963933668e+00
2.622058588574451932e+01,1.397390365455570205e+01,4.605505434824216593e+00
2.638537460107687949e+01,1.396637251526674817e+01,4.613257546509128559e+00
2.655011690574497152e+01,1.395788656686521456e+01,4.621771644190011408e+00
2.671480721776928746e+01,1.394844520872789495e+01,4.630966471763684034e+00
2.687943993187233005e+01,1.393804777276275431e+01,4.640770494474467434e+00
2.704400942496064886e+01,1.392669352289440532e+01,4.651090722077220185e+00
2.720851005316434623e+01,1.391438165493116763e+01,4.661842034519128930e+00
2.737293613435243600e+01,1.390111129766678921e+01,4.672927220903494216e+00
2.753753502573946577e+01,1.388685885420605182e+01,4.684268723550972346e+00
2.770204765468926666e+01,1.387164301195701732e+01,4.695782973112349268e+00
2.787967568895085080e+01,1.385412066079864069e+01,4.708275439646002702e+00
2.805718891872608012e+01,1.383547115202286371e+01,4.720696665596878283e+00
2.825281490371158100e+01,1.381359495747119936e+01,4.734208303238567339e+00
2.844828222950567209e+01,1.379034377150115454e+01,4.747204538881660163e+00
2.862910327296622626e+01,1.376758906354817391e+01,4.758726406304922385e+00
2.880977156499111302e+01,1.374365176745491368e+01,4.769649537763874569e+00
2.897427565864493104e+01,1.372080592256373066e+01,4.778910580459299950e+00
2.913863988045170217e+01,1.369697460648035658e+01,4.787534247927514031e+00
2.930174883245988227e+01,1.367232712164942221e+01,4.795293821686698266e+00
2.946470736750190866e+01,1.364670400426641983e+01,4.802198414779621061e+00
2.962750923330355945e+01,1.362010343444160476e+01,4.808164132740321506e+00
2.979014805511704722e+01,1.359252353277081049e+01,4.813111663560853515e+00
2.995261741008653544e+01,1.356396234832434367e+01,4.816975434229057385e+00
3.011491083274115965e+01,1.353441785651759410e+01,4.819685994464144585e+00
3.027702176387360922e+01,1.350388796749905751e+01,4.821188138154732350e+00
3.043894359051590470e+01,1.347237051833866417e+01,4.821418682009007028e+00
3.060066961363665072e+01,1.343986327834678285e+01,4.820330949295125400e+00
3.076219305291528983e+01,1.340636394770251805e+01,4.817882673492182022e+00
3.092703654684994063e+01,1.337110378796115917e+01,4.813929831391985381e+00
3.109165390652620786e+01,1.333480254127224285e+01,4.808503479740746656e+00
3.127500373721472471e+01,1.329307792680051215e+01,4.800672497177131959e+00
3.145805226750404771e+01,1.325005074880812828e+01,4.790821834206438368e+00
3.164351649036981939e+01,1.320504477215696681e+01,4.778837166971059425e+00
3.182864787421470254e+01,1.315868870453630812e+01,4.764720118850770625e+00
3.199358394658366223e+01,1.311617299196768371e+01,4.750314946203043398e+00
3.215823730185152840e+01,1.307257522364612612e+01,4.734307615087815613e+00
3.231742495875712962e+01,1.302931667689250617e+01,4.717178664042666725e+00
3.247633162536672558e+01,1.298503708348554930e+01,4.698502292566565153e+00
3.263494939502968606e+01,1.293973331990711095e+01,4.678258140385802122e+00
3.279327013409830727e+01,1.289340222370789490e+01,4.656451261014015408e+00
3.295128561657855215e+01,1.284604055541470125e+01,4.633093771428961283e+00
3.310898751698454845e+01,1.279764499860032956e+01,4.608193039113156253e+00
3.326636735072381867e+01,1.274821217674126572e+01,4.581768355526341985e+00
3.342341650616103266e+01,1.269773864269655128e+01,4.553832286953903186e+00
3.358012620904390388e+01,1.264622088910634901e+01,4.524407446634178598e+00
3.373648755783914055e+01,1.259365533609457444e+01,4.493512039545869641e+00
3.389288979273442237e+01,1.253989993802968250e+01,4.461082674788335645e+00
3.404892348080893072e+01,1.248508398373224537e+01,4.427252107515326607e+00
3.421781803736687522e+01,1.242439523714118899e+01,4.388970561038788354e+00
3.438625513517642673e+01,1.236244818485856634e+01,4.349062084913635218e+00
3.456533543827369925e+01,1.229500448951195324e+01,4.304810620768710905e+00
3.474386581893892867e+01,1.222611829904452385e+01,4.258750020869480402e+00
3.490421713061891040e+01,1.216281943812706423e+01,4.215781080652261537e+00
3.506409739188212882e+01,1.209834006822787877e+01,4.171507873008060585e+00
3.521663268862942431e+01,1.203553090178234264e+01,4.127899955029127099e+00
3.536871480717908156e+01,1.197163226511817236e+01,4.083149320837765828e+00
3.552033272673017450e+01,1.190663989823559632e+01,4.037267287069212784e+00
3.567147523061212411e+01,1.184054948206337698e+01,3.990285335580527892e+00
3.582213084716879337e+01,1.177335666342062126e+01,3.942239845356847017e+00
3.597228792148403187e+01,1.170505702277211668e+01,3.893157965987431801e+00
3.612193453532086806e+01,1.163564610900906260e+01,3.843075737874278364e+00
3.627105854015385944e+01,1.156511942430201323e+01,3.792019216619070487e+00
3.641964756008977133e+01,1.149347242158061455e+01,3.740024300139694446e+00
3.656768891086240814e+01,1.142070054323025907e+01,3.687117397576925359e+00
3.671522534052506614e+01,1.134677102343006183e+01,3.633306017219581907e+00
3.686218755350336096e+01,1.127170653265509337e+01,3.578657960680384331e+00
3.701897262725852755e+01,1.119002705639055506e+01,3.519211000363194231e+00
3.717506629754410596e+01,1.110703392984366289e+01,3.458846821518652970e+00
3.733939915083228556e+01,1.101781384904713867e+01,3.394067035780940600e+00
3.750291810932846914e+01,1.092711073377580888e+01,3.328306225085821968e+00
3.764996022530360165e+01,1.084386776413912479e+01,3.268086661880270416e+00
3.779630399951074793e+01,1.075940314034803791e+01,3.207177996640202533e+00
3.793848579654112285e+01,1.067575930758202851e+01,3.147041935845703353e+00
3.807997042710036339e+01,1.059094155761552791e+01,3.086277670355623837e+00
3.822074181489811906e+01,1.050494517231116376e+01,3.024903627109190918e+00
3.836078346345785661e+01,1.041776549788241191e+01,2.962936619475864397e+00
3.850007852779231854e+01,1.032939790473217911e+01,2.900399928059953947e+00
3.863860984388918496e+01,1.023983776960467651e+01,2.837307523656869446e+00
3.877635984053505780e+01,1.014908053355599193e+01,2.773680763188533849e+00
3.891331057542385707e+01,1.005712168205103119e+01,2.709532261925394980e+00
3.904944371779919265e+01,9.963956759139016128e+00,2.644878112736367193e+00
3.918474051239577705e+01,9.869581395988308969e+00,2.579731046283947116e+00
3.931992622741490351e+01,9.773456875245466691e+00,2.513733082374056238e+00
3.945422700775165481e+01,9.676099812843350634e+00,2.447271481260891779e+00
3.959975219777878408e+01,9.568445303396570623e+00,2.374229842374389055e+00
3.974417227492845939e+01,9.459312772307647776e+00,2.300614274331616027e+00
3.988275090786369503e+01,9.352370044705018870e+00,2.228911670005500056e+00
4.002024464800495451e+01,9.244036069266391209e+00,2.156700751089257295e+00
4.014880117982297492e+01,9.140665904569241107e+00,2.088171183794736319e+00
4.027634854799146780e+01,9.036053107952401575e+00,2.019195571965502811e+00
4.040286263473595341e+01,8.930195580230734009e+00,1.949760718835968243e+00
4.052832133078936749e+01,8.823089365828616693e+00,1.879850318532320097e+00
4.065270139438211316e+01,8.714731214361723488e+00,1.809454827810605737e+00
4.077597785671012076e+01,8.605119180211827867e+00,1.738550875111987137e+00
4.089812588456923947e+01,8.494251040887021986e+00,1.667123542286652826e+00
4.101912011374339073e+01,8.382124878747392316e+00,1.595142384567002303e+00
4.113893463740017609e+01,8.268739111688356402e+00,1.522581931904253727e+00
4.125754313504872073e+01,8.154092389340108937e+00,1.449406925736248297e+00
4.137491874465226260e+01,8.038183730915646308e+00,1.375585201625004528e+00
4.149103404613578761e+01,7.921012566818899536e+00,1.301085086234147203e+00
4.161206431544838580e+01,7.796105848300720176e+00,1.221791277826716815e+00
4.173162919018029982e+01,7.669795725749779969e+00,1.141666807123350891e+00
4.184950141439377802e+01,7.542294612537162379e+00,1.060856442631801011e+00
4.196584478112086458e+01,7.413396948958516752e+00,9.792498616250986387e-01
4.207492507355514277e+01,7.289650027876081850e+00,9.010424051063106177e-01
4.218256332692053689e+01,7.164646787038325471e+00,8.223768945073587355e-01
4.228872850009336304e+01,7.038390068512031306e+00,7.435861542492776532e-01
4.239338904735925695e+01,6.910883340726359236e+00,6.652796583274189768e-01
4.249651295095426207e+01,6.782130707452751039e+00,5.885668048176287970e-01
4.259806777018575730e+01,6.652136895044684195e+00,5.154466434405882147e-01
4.269802063214394394e+01,6.520907313791624915e+00,4.494873352283183521e-01
4.279633819595529332e+01,6.388448163634043553e+00,3.968337440971858032e-01
4.289298672549162461e+01,6.254766403334023117e+00,3.666487516803135782e-01
4.298793214505920446e+01,6.119869737251359965e+00,3.686747070850978081e-01
4.308114063228834567e+01,5.983765802849506876e+00,4.069489721297079310e-01
4.317257676843249925e+01,5.846464937187167088e+00,4.774369478767437891e-01
4.326687738829573249e+01,5.700647624233136312e+00,5.786643248565910280e-01
4.335913389151350117e+01,5.553528549418369487e+00,7.015722261714285590e-01
4.344586378723501952e+01,5.410873633708095376e+00,8.366552129030943030e-01
4.353062892477985457e+01,5.267042615124223559e+00,9.869039328610103023e-01
4.361241708787226656e+01,5.123786273066910368e+00,1.150100928719217874e+00
4.369221481585986311e+01,4.979411771092699723e+00,1.328414184941700826e+00
4.376998612392400645e+01,4.833935688936366937e+00,1.522799242254732510e+00
4.384569504390267269e+01,4.687375744805239997e+00,1.734725361569357194e+00
4.391930567993942702e+01,4.539750826710136522e+00,1.965870533798332653e+00
4.399078229313617072e+01,4.391080968099450033e+00,2.218399937683133594e+00
4.406008934946080302e+01,4.241387397465474329e+00,2.494653336286955625e+00
4.412719156053919534e+01,4.090692615334749149e+00,2.797592722247002950e+00
4.419205398222596415e+01,3.939020351842396739e+00,3.130410449991315236e+00
4.425464209573565455e+01,3.786395555790565304e+00,3.496985800297397251e+00
4.431577181157813783e+01,3.630629431419686082e+00,3.907656135689891563e+00
4.437449136797530258e+01,3.473938870187899042e+00,4.363137776907416665e+00
4.443132513200993827e+01,3.314749729756051977e+00,4.874916736939921336e+00
4.448563008905366445e+01,3.154680303288580845e+00,5.447027071286762556e+00
4.453615676436051274e+01,2.997649687735625346e+00,6.072364340658191750e+00
4.458421261227177723e+01,2.839845420985755986e+00,6.774590238647379081e+00
4.462976826924342078e+01,2.681301339078401735e+00,7.567009770060370677e+00
4.467279543400459119e+01,2.522052479189412111e+00,8.466613572431455736e+00
4.471326695199532253e+01,2.362135046708892627e+00,9.493866014124421326e+00
4.475115689754030512e+01,2.201586380836589196e+00,1.067757447818147121e+01
4.478644065355214110e+01,2.040444919397356394e+00,1.205139448074951325e+01
4.481909499336790503e+01,1.878750139185803469e+00,1.367213666134983185e+01
4.484909815463611693e+01,1.716542513115743684e+00,1.558682601837849369e+01
4.487642991076088350e+01,1.553863462881623247e+00,1.795961799192636477e+01
4.490118673985021047e+01,1.389948023973761604e+00,2.076227267471346849e+01
4.492320969114620510e+01,1.225642951793921132e+00,2.480290009629869274e+01
4.494413229229680695e+01,1.045694832447521483e+00,2.924377600354394602e+01
4.496175394147265791e+01,8.653935487678101612e-01,3.990145611393349867e+01
4.497761857244491779e+01,6.621408650827471654e-01,4.592822557715895471e+01
4.498926667459151219e+01,4.586030177740804681e-01,9.621299382166600367e+01
4.499731573951122243e+01,2.293642845017048459e-01,1.208037341698019560e+02
4.499999999999997868e+01,-4.477020873757795291e-17,7.750254725803190468e+02
