x,y,stress
8.999999999999994671e+00,1.135096739797590369e-13,1.105121480902801295e+03
9.008753574229249494e+00,1.653706036459652307e-01,1.380524402621416868e+02
9.034661616393496075e+00,3.289380250300225073e-01,1.246699021964031999e+02
9.076739595217659939e+00,4.891177166803717391e-01,4.929598602860849610e+01
9.133557706515553321e+00,6.446905255873128793e-01,4.275882460297555099e+01
9.203464548040413362e+00,7.948483858833808036e-01,2.875825453112256369e+01
9.284779647154083548e+00,9.391573507368902174e-01,2.372796705255975880e+01
9.375922939236815523e+00,1.077477885473733688e+00,1.909004269200625714e+01
9.475482156221714192e+00,1.209877387504172841e+00,1.594234535938396213e+01
9.582234768312252626e+00,1.336554691516259608e+00,1.351132875351162888e+01
9.695142726596563065e+00,1.457782986060769170e+00,1.163961229419690646e+01
9.813333977051572177e+00,1.573870350945200558e+00,1.015388598312865120e+01
9.936079671984561656e+00,1.685134463269090110e+00,8.958624879879717895e+00
1.006277117724816250e+01,1.791886965231673123e+00,7.981048920157331139e+00
1.019289931389016957e+01,1.894424623839845445e+00,7.172833609293524759e+00
1.032603689117000911e+01,1.993025110206035011e+00,6.496807266009604120e+00
1.046182397583111090e+01,2.087945262446492034e+00,5.926863613679273612e+00
1.059995580744262433e+01,2.179420957098849865e+00,5.442173020153902918e+00
1.074017303451534566e+01,2.267667934848040190e+00,5.027577348046610162e+00
1.088225257157514392e+01,2.352882365213270877e+00,4.670096425280768848e+00
1.102600479582777737e+01,2.435244510025744269e+00,4.360695281055657624e+00
1.117126701271208233e+01,2.514919232641180002e+00,4.091205911553317698e+00
1.131789375655788987e+01,2.592054580361776051e+00,3.856739371619533063e+00
1.146575927199645406e+01,2.666786600590837164e+00,3.652396467891312337e+00
1.161475456556202523e+01,2.739240397457697096e+00,3.473456153361608845e+00
1.176478271531933295e+01,2.809530088657409053e+00,3.307046105834807292e+00
1.191575860553856536e+01,2.877760684248576784e+00,3.170816444598097750e+00
1.206760634006708344e+01,2.944028553443217344e+00,3.048310491296052582e+00
1.222025831291155917e+01,3.008422461062928210e+00,2.940995759197613690e+00
1.237365411618768007e+01,3.071024323056759542e+00,2.841804308885634622e+00
1.252773933657432792e+01,3.131909766189191924e+00,2.757908662680485623e+00
1.268246495000771823e+01,3.191148804521468652e+00,2.682333388989465828e+00
1.283778686173772776e+01,3.248806445190087544e+00,2.615576770081768920e+00
1.299366506496219209e+01,3.304943051993925351e+00,2.556061263176602427e+00
1.315006312582934811e+01,3.359614760022175961e+00,2.503189676706680800e+00
1.330694788246295523e+01,3.412873894589050217e+00,2.456033842152849811e+00
1.346428904935035753e+01,3.464769293352501833e+00,2.414221479176926533e+00
1.362205888549600274e+01,3.515346600016840295e+00,2.375096163376357428e+00
1.378023193772507504e+01,3.564648538359274976e+00,2.342047269356256844e+00
1.393878483094537835e+01,3.612715161518984086e+00,2.312020447245704879e+00
1.409769593149288625e+01,3.659584030081008077e+00,2.285380990554867431e+00
1.425694523970653371e+01,3.705290432502283959e+00,2.261493643051906144e+00
1.441651434999922721e+01,3.749867595269663401e+00,2.240137521469548698e+00
1.457638621525161327e+01,3.793346813243842153e+00,2.221002087778304546e+00
1.473654485797907832e+01,3.835757551121903308e+00,2.203869459745964043e+00
1.489697536109597564e+01,3.877127605748821093e+00,2.188430543664816152e+00
1.505766403870306469e+01,3.917483293487800999e+00,2.174591536562993532e+00
1.521951886737506143e+01,3.957071755275999525e+00,2.161995934655279950e+00
1.538160954080722753e+01,3.995683278338252542e+00,2.151025471690784396e+00
1.554300121409560909e+01,4.033129091643801623e+00,2.140631496523085708e+00
1.570460412876230194e+01,4.069652544830121954e+00,2.131523465989741517e+00
1.586640838681112520e+01,4.105273669169681838e+00,2.123218146878731893e+00
1.602840459403861928e+01,4.140011462465881920e+00,2.115744994003656121e+00
1.619058392103534771e+01,4.173883977283990632e+00,2.108943746413542542e+00
1.635293807906773367e+01,4.206908382439364047e+00,2.102784185642152526e+00
1.651545919286712660e+01,4.239100998397990594e+00,2.097108193465151871e+00
1.667813986977283847e+01,4.270477367986157624e+00,2.092186464601998530e+00
1.684097310049766705e+01,4.301052288271447033e+00,2.087471185495707982e+00
1.700395220940184871e+01,4.330839849475358605e+00,2.083100907562755566e+00
1.716797010789363398e+01,4.360011241307901741e+00,2.079061149083390792e+00
1.733212300405146422e+01,4.388413170362255755e+00,2.075331701005792340e+00
1.750002679420883922e+01,4.416658826167042307e+00,2.071784416535943141e+00
1.766805964137045137e+01,4.444126330951776005e+00,2.068483886588114995e+00
1.783168694256928788e+01,4.470118757933192910e+00,2.065484295780834589e+00
1.799542619854868519e+01,4.495396363269066775e+00,2.062666404005142340e+00
1.815927269981208880e+01,4.519969255509201922e+00,2.060010811211349324e+00
1.832322193977501357e+01,4.543847088183187388e+00,2.057497361567536487e+00
1.848726959277454540e+01,4.567039080324473588e+00,2.055108219426517113e+00
1.865141153894422388e+01,4.589554041943599394e+00,2.052833101721605491e+00
1.881564381585070933e+01,4.611400387511673138e+00,2.050658585609002937e+00
1.897996261507701377e+01,4.632586154716609173e+00,2.048570590464296348e+00
1.914436427900117721e+01,4.653119021812001321e+00,2.046563267937607566e+00
1.930884528649714227e+01,4.673006322333802309e+00,2.044628172586561821e+00
1.947388567848919294e+01,4.692310661736850186e+00,2.042751254416430129e+00
1.963899917413931817e+01,4.710979427105308481e+00,2.040937189877217506e+00
1.981364106672129921e+01,4.730032879023213788e+00,2.039078730065527090e+00
1.998835749112229720e+01,4.748390345718584982e+00,2.037274347776066641e+00
2.015387728220169805e+01,4.765139264221527782e+00,2.035618613165122159e+00
2.031945789863804563e+01,4.781275792795809387e+00,2.034010624536515710e+00
2.048441333458645985e+01,4.796742435740927846e+00,2.032455447743849675e+00
2.064942366707964183e+01,4.811611987586411843e+00,2.030943779354601908e+00
2.081448630120301146e+01,4.825889197910174566e+00,2.029476289625521179e+00
2.097959872687061278e+01,4.839578582859241251e+00,2.028051503411210987e+00
2.114475850072961549e+01,4.852684431289350897e+00,2.026670417197761420e+00
2.130996323543608639e+01,4.865210811250308076e+00,2.025332622211075684e+00
2.147521060834949935e+01,4.877161577513564161e+00,2.024038216214768759e+00
2.164049835241958064e+01,4.888540377200733644e+00,2.022789126246484770e+00
2.180582425276836744e+01,4.899350655473914351e+00,2.021584518254449847e+00
2.197118614564144323e+01,4.909595660974765963e+00,2.020429480063312688e+00
2.214156193434421382e+01,4.919561279831421885e+00,2.019288945672101931e+00
2.231197139892060122e+01,4.928933453025451605e+00,2.018203149031966515e+00
2.248799280974348491e+01,4.937992656158504801e+00,2.017141176245575984e+00
2.266404536272631631e+01,4.946425042042273290e+00,2.016136210271023632e+00
2.282958191426743610e+01,4.953783329013590198e+00,2.015250555825958578e+00
2.299514197490731249e+01,4.960592205495308882e+00,2.014424767328438559e+00
2.316070260143331438e+01,4.966852871706810113e+00,2.013658731093036725e+00
2.332628295717697142e+01,4.972568022691032930e+00,2.012953095728259090e+00
2.349188119489317828e+01,4.977739290511805414e+00,2.012310185274826857e+00
2.365749548222964549e+01,4.982368146341682902e+00,2.011730258431911889e+00
2.382312400632973848e+01,4.986455902769606041e+00,2.011215742213739777e+00
2.398876497611783165e+01,4.990003715696357034e+00,2.010766505915609681e+00
2.415441661260675943e+01,4.993012585719053043e+00,2.010384638826930193e+00
2.432007714900128548e+01,4.995483359572970627e+00,2.010070065802278982e+00
2.448574482950402853e+01,4.997416731301362880e+00,2.009824037556692922e+00
2.465141790543160383e+01,4.998813243177876231e+00,2.009648822492614340e+00
2.482570794252443491e+01,4.999703333764350610e+00,2.009539120437122239e+00
2.499999999999993605e+01,4.999999999999996447e+00,2.009503328010032508e+00
2.517429205747547272e+01,4.999703333764349722e+00,2.009545361840042510e+00
2.534858209456828959e+01,4.998813243177876231e+00,2.009661208679793809e+00
2.551425517049585423e+01,4.997416731301365544e+00,2.009840362167552907e+00
2.567992285099859373e+01,4.995483359572971516e+00,2.010089772225546856e+00
2.584558338739312688e+01,4.993012585719053043e+00,2.010404257713261256e+00
2.601123502388206532e+01,4.990003715696358810e+00,2.010785501447207135e+00
2.617687599367014784e+01,4.986455902769609594e+00,2.011231770478320691e+00
2.634250451777023372e+01,4.982368146341685566e+00,2.011743047619963587e+00
2.650811880510670804e+01,4.977739290511807191e+00,2.012319096236173444e+00
2.667371704282292200e+01,4.972568022691035594e+00,2.012958104252756897e+00
2.683929739856657193e+01,4.966852871706813666e+00,2.013660400728959576e+00
2.700485802509256672e+01,4.960592205495312434e+00,2.014423187405169902e+00
2.717041808573245376e+01,4.953783329013592862e+00,2.015246412961249955e+00
2.733595463727358066e+01,4.946425042042276843e+00,2.016129663742021627e+00
2.751200719025639430e+01,4.937992656158510130e+00,2.017133004997313073e+00
2.768802860107927089e+01,4.928933453025456934e+00,2.018193513800912609e+00
2.785843806565567249e+01,4.919561279831426326e+00,2.019278441781953592e+00
2.802881385435845374e+01,4.909595660974771292e+00,2.020418103483338168e+00
2.819417574723152242e+01,4.899350655473920568e+00,2.021572507793095941e+00
2.835950164758030212e+01,4.888540377200738973e+00,2.022776453129779384e+00
2.852478939165038696e+01,4.877161577513569490e+00,2.024024965107809049e+00
2.869003676456380703e+01,4.865210811250314293e+00,2.025318660501861157e+00
2.885524149927027793e+01,4.852684431289357114e+00,2.026655691349729338e+00
2.902040127312926998e+01,4.839578582859247469e+00,2.028035962878932175e+00
2.918551369879688195e+01,4.825889197910180783e+00,2.029460113730731763e+00
2.935057633292026225e+01,4.811611987586418060e+00,2.030926936759107182e+00
2.951558666541343712e+01,4.796742435740935839e+00,2.032437850009852109e+00
2.968054210136184778e+01,4.781275792795817381e+00,2.033992297731112231e+00
2.984612271779817760e+01,4.765139264221536664e+00,2.035599608063015431e+00
3.001164250887756779e+01,4.748390345718596528e+00,2.037254682765938352e+00
3.018635893327855513e+01,4.730032879023227110e+00,2.039058193627098170e+00
3.036100082586052551e+01,4.710979427105322692e+00,2.040915666744476997e+00
3.052611432151065785e+01,4.692310661736863509e+00,2.042729225331311849e+00
3.069115471350271918e+01,4.673006322333815632e+00,2.044605661509067751e+00
3.085563572099868779e+01,4.653119021812015532e+00,2.046541536934257444e+00
3.102003738492285478e+01,4.632586154716621607e+00,2.048549714280434753e+00
3.118435618414916988e+01,4.611400387511683796e+00,2.050637938537366534e+00
3.134858846105567665e+01,4.589554041943610052e+00,2.052814680536378056e+00
3.151273040722535157e+01,4.567039080324486022e+00,2.055090601987256349e+00
3.167677806022487275e+01,4.543847088183198935e+00,2.057477851332603080e+00
3.184072730018779041e+01,4.519969255509214356e+00,2.059990362351013182e+00
3.200457380145117980e+01,4.495396363269081874e+00,2.062644193316089947e+00
3.216831305743058067e+01,4.470118757933208897e+00,2.065457770614122612e+00
3.233194035862941007e+01,4.444126330951791992e+00,2.068451751125091054e+00
3.249997320579101512e+01,4.416658826167058294e+00,2.071742983769240265e+00
3.266787699594840433e+01,4.388413170362271742e+00,2.075278967151938048e+00
3.283202989210622746e+01,4.360011241307920393e+00,2.079007061778452847e+00
3.299604779059799853e+01,4.330839849475377257e+00,2.083035880866815237e+00
3.315902689950218019e+01,4.301052288271465684e+00,2.087378890018916522e+00
3.332186013022702298e+01,4.270477367986178940e+00,2.092100898832980338e+00
3.348454080713273839e+01,4.239100998398011910e+00,2.097249566886997041e+00
3.364706192093213133e+01,4.206908382439383587e+00,2.102880382356109745e+00
3.380941607896451018e+01,4.173883977284011060e+00,2.109053282381460726e+00
3.397159540596125993e+01,4.140011462465901459e+00,2.115838308328171991e+00
3.413359161318874868e+01,4.105273669169703155e+00,2.123310524975155822e+00
3.429539587123755950e+01,4.069652544830144159e+00,2.131558347915952112e+00
3.445699878590426124e+01,4.033129091643821162e+00,2.140676595920858905e+00
3.461839045919265345e+01,3.995683278338273858e+00,2.150775701342126478e+00
3.478048113262483554e+01,3.957071755276018621e+00,2.162042674659588659e+00
3.494233596129684827e+01,3.917483293487814766e+00,2.174568073342960428e+00
3.510302463890393199e+01,3.877127605748836192e+00,2.188421761494026452e+00
3.526345514202083820e+01,3.835757551121917963e+00,2.203848159736637946e+00
3.542361378474829081e+01,3.793346813243860804e+00,2.221046353203930845e+00
3.558348565000066799e+01,3.749867595269682941e+00,2.240237868692523726e+00
3.574305476029335438e+01,3.705290432502304387e+00,2.261677810229869134e+00
3.590230406850701428e+01,3.659584030081028061e+00,2.285642226950311606e+00
3.606121516905452040e+01,3.612715161519006291e+00,2.312453168869250231e+00
3.621976806227482371e+01,3.564648538359295404e+00,2.342464066863135574e+00
3.637794111450390488e+01,3.515346600016857614e+00,2.376076700039218004e+00
3.653571095064958030e+01,3.464769293352513824e+00,2.413751197773840840e+00
3.669305211753697193e+01,3.412873894589066648e+00,2.455989482577809024e+00
3.684993687417057373e+01,3.359614760022189284e+00,2.503396817165718602e+00
3.700633493503771376e+01,3.304943051993947112e+00,2.556621869421610960e+00
3.716221313826218164e+01,3.248806445190111081e+00,2.616447172110969444e+00
3.731753504999216631e+01,3.191148804521500182e+00,2.683711073040655481e+00
3.747226066342557260e+01,3.131909766189216349e+00,2.759443330837446418e+00
3.762634588381220624e+01,3.071024323056790184e+00,2.844751487003592150e+00
3.777974168708836089e+01,3.008422461062949971e+00,2.940994248319744209e+00
3.793239365993279932e+01,2.944028553443255536e+00,3.049647971536404878e+00
3.808424139446133694e+01,2.877760684248602541e+00,3.172546699103067080e+00
3.823521728468053027e+01,2.809530088657455682e+00,3.311700489267789038e+00
3.838524543443787707e+01,2.739240397457729070e+00,3.469629439391055836e+00
3.853424072800340383e+01,2.666786600590895784e+00,3.649133931740472292e+00
3.868210624344202841e+01,2.592054580361801364e+00,3.853777971972831562e+00
3.882873298728775069e+01,2.514919232641251945e+00,4.087581828357558678e+00
3.897399520417214092e+01,2.435244510025773579e+00,4.355739699830753153e+00
3.911774742842465002e+01,2.352882365213373905e+00,4.664227751195856086e+00
3.925982696548456374e+01,2.267667934848075717e+00,5.020913587124919530e+00
3.940004419255711809e+01,2.179420957098995082e+00,5.435077760165495597e+00
3.953817602416880561e+01,2.087945262446532002e+00,5.919141804413994734e+00
3.967396310882967470e+01,1.993025110206241957e+00,6.488196378201577907e+00
3.980710068610974872e+01,1.894424623839881194e+00,7.162964008633191604e+00
3.993722882275143604e+01,1.791886965231974882e+00,7.969601880920987647e+00
4.006392032801536374e+01,1.685134463269129190e+00,8.944867595953947870e+00
4.018666602294792511e+01,1.573870350945647090e+00,1.013734527387321194e+01
4.030485727340335700e+01,1.457782986060818242e+00,1.161857864180374555e+01
4.041776523168717006e+01,1.336554691516874893e+00,1.348688270916423271e+01
4.052451784377823429e+01,1.209877387504208368e+00,1.591022532955512858e+01
4.062407706076265157e+01,1.077477885474446007e+00,1.905241209486103315e+01
4.071522035284586138e+01,9.391573507369173068e-01,2.368093128448386153e+01
4.079653545195925801e+01,7.948483858839457961e-01,2.869866622840723736e+01
4.086644229348441826e+01,6.446905255873133234e-01,4.268605255042552926e+01
4.092326040478226190e+01,4.891177166805458221e-01,4.859439140872849094e+01
4.096533838360647195e+01,3.289380250300039110e-01,1.255429926671981633e+02
4.099124642577071853e+01,1.653706036459588469e-01,1.368413568155124551e+02
4.099999999999997868e+01,-3.241766320688160509e-17,1.105688436932513468e+03
