x,y,stress
8.999999999999994671e+00,3.405906885181360534e-13,7.723978673395555461e+02
9.002028251042865747e+00,2.388324620612079230e-01,1.169426577772274669e+02
9.008112206688345225e+00,4.775960365597869961e-01,9.714226007715062394e+01
9.016915839664896737e+00,6.895697900803106073e-01,4.613151381816758345e+01
9.028914943690901751e+00,9.013866876486679169e-01,4.111868100005678173e+01
9.042248638484858603e+00,1.089345746727694575e+00,3.049974829836847690e+01
9.058096896432411782e+00,1.277109503680375679e+00,2.633047478478909653e+01
9.074442587868553289e+00,1.445277533906372813e+00,2.244162970056586204e+01
9.092803723101043900e+00,1.613237460783117028e+00,1.978582079646130865e+01
9.112732499001245046e+00,1.777479072194087184e+00,1.753818027935088608e+01
9.134586582439343516e+00,1.941475603866308131e+00,1.572056534544352679e+01
9.158361893210480886e+00,2.105204646970909810e+00,1.417027696906080436e+01
9.184053999866748086e+00,2.268643874235806379e+00,1.284865711318919068e+01
9.211658123608088999e+00,2.431771054936238574e+00,1.170141992729511848e+01
9.241169142536492132e+00,2.594564067518767114e+00,1.069751947375061896e+01
9.272581593840635961e+00,2.757000898607352646e+00,9.810238892907895192e+00
9.305889676941871969e+00,2.919059648141271168e+00,9.020360415747315841e+00
9.341087258610373922e+00,3.080718542812778349e+00,8.312177948643588721e+00
9.378167875222203520e+00,3.241955934310991161e+00,7.673445251380444532e+00
9.417441770356116848e+00,3.404026097095776304e+00,7.090080321581853084e+00
9.458614564322330054e+00,3.565624296907187851e+00,6.558930274987655018e+00
9.503667420128437016e+00,3.733990424315137169e+00,6.052679972334892078e+00
9.550777134880416241e+00,3.901792654089609069e+00,5.590649071585263918e+00
9.597400108199336088e+00,4.060567438865933632e+00,5.187629594442086045e+00
9.645860330318285492e+00,4.218791146039603923e+00,4.815450911927812605e+00
9.696139146136484754e+00,4.376412569841914291e+00,4.471608326407960021e+00
9.748236841426072274e+00,4.533442195929971774e+00,4.153274648402140556e+00
9.802144158899698922e+00,4.689859827852280283e+00,3.858534070859074294e+00
9.857851560157513404e+00,4.845645452039732071e+00,3.584998815216188905e+00
9.915349232288749093e+00,5.000779245387977134e+00,3.321710342611114530e+00
9.974627093018458623e+00,5.155241578050183904e+00,3.090022622108248740e+00
1.003567479513070460e+01,5.309013014313921808e+00,2.872800851678620759e+00
1.009848173656124537e+01,5.462074327303995780e+00,2.674399949725673853e+00
1.016303705510445710e+01,5.614406475565178134e+00,2.486854618065169831e+00
1.022932965609489386e+01,5.765990658502628818e+00,2.322283732266169132e+00
1.030052345254482482e+01,5.923738188732378340e+00,2.165887129100493969e+00
1.037359263656537678e+01,6.080625841152922817e+00,2.028392336631562820e+00
1.044661612761182212e+01,6.232719554381927374e+00,1.912282480058444145e+00
1.052139621446456985e+01,6.383957339138534692e+00,1.814401213116744627e+00
1.059642058171545997e+01,6.531415215243869810e+00,1.736443780395163783e+00
1.067310914342121286e+01,6.678014486780903702e+00,1.676524168367690137e+00
1.075144923624256243e+01,6.823737937008815813e+00,1.634619623503515973e+00
1.083142796876032499e+01,6.968568518938471179e+00,1.610326871964516515e+00
1.091303225605006411e+01,7.112489414179761660e+00,1.602864727041462212e+00
1.099624886541966795e+01,7.255484102066382945e+00,1.611121243153146088e+00
1.108106437229771224e+01,7.397536269864247949e+00,1.633687791458097616e+00
1.116746517169100095e+01,7.538629825748500934e+00,1.669005121470738429e+00
1.125543750679876887e+01,7.678748937016494303e+00,1.715437921275488220e+00
1.134496744031302740e+01,7.817877974858973289e+00,1.771401998232036590e+00
1.143685765977628144e+01,7.957225298195212737e+00,1.836041125546486796e+00
1.153030435601290371e+01,8.095533667633572961e+00,1.907521454586362797e+00
1.163029596597074011e+01,8.239927127150913577e+00,1.988821505087759789e+00
1.173197717179544952e+01,8.383135810821297440e+00,2.075318756167837453e+00
1.182941664035458729e+01,8.517110568239067092e+00,2.160742556157981387e+00
1.192832881407554524e+01,8.650001759300602444e+00,2.249167265831260476e+00
1.202856753168057402e+01,8.781625089178010768e+00,2.339939318894363129e+00
1.213024519312333460e+01,8.912140052874960361e+00,2.432710468289670747e+00
1.223334667324732550e+01,9.041533210898077044e+00,2.527091426374699523e+00
1.233785674017937062e+01,9.169791355154785606e+00,2.622769622985539506e+00
1.244376006548258218e+01,9.296901514465714556e+00,2.719475623395884334e+00
1.255104122680181078e+01,9.422850950536469483e+00,2.816988199104781820e+00
1.265968471324348776e+01,9.547627157415130128e+00,2.915118674200422699e+00
1.276967493100659823e+01,9.671217861161197860e+00,3.013702593522336937e+00
1.288099620688090496e+01,9.793611017088219128e+00,3.112606942951080757e+00
1.299363279370297342e+01,9.914794809281533006e+00,3.211709438259553018e+00
1.311214503257670572e+01,1.003952218530040597e+01,3.314853096205017113e+00
1.323204474942743758e+01,1.016291638419303034e+01,3.417990091458976920e+00
1.335320055451474808e+01,1.028485197204581070e+01,3.520937120306735224e+00
1.347570540530438166e+01,1.040543215091367557e+01,3.623687169328786872e+00
1.359487352156540574e+01,1.052019918204505622e+01,3.722353228355403942e+00
1.371525860455029822e+01,1.063368902403141547e+01,3.820702223884516080e+00
1.383684450533523780e+01,1.074589145060137518e+01,3.918671022411355676e+00
1.395961502407885924e+01,1.085679643959353236e+01,4.016191168938032519e+00
1.408355403638793746e+01,1.096639427922799470e+01,4.113207940993005352e+00
1.420864517086600820e+01,1.107467527637281712e+01,4.209656290830089631e+00
1.433487201678335943e+01,1.118162994530924159e+01,4.305478536167617776e+00
1.446221836338437505e+01,1.128724919957327089e+01,4.400610992591185600e+00
1.459066788292516215e+01,1.139152407240482212e+01,4.494999251182470346e+00
1.472020418789482399e+01,1.149444576534354567e+01,4.588577546707347743e+00
1.485100479598284373e+01,1.159615485140849600e+01,4.681417212182745757e+00
1.498286249623752653e+01,1.169648971645562163e+01,4.773336045079096479e+00
1.512469378944360443e+01,1.180201645091166007e+01,4.870284882278170357e+00
1.526768962912317917e+01,1.190595969792213005e+01,4.965967815340901481e+00
1.540478065594793833e+01,1.200336009132476178e+01,5.055811232093342156e+00
1.554289010686054340e+01,1.209931094783007133e+01,5.144424513246555364e+00
1.567974080135435244e+01,1.219228638476556092e+01,5.230348430063429532e+00
1.581754405972444388e+01,1.228384405708400706e+01,5.314894698926835304e+00
1.595628339229953063e+01,1.237397687246407330e+01,5.397975783909411795e+00
1.609594241109906321e+01,1.246267797829996127e+01,5.479523543109084294e+00
1.623650473707724728e+01,1.254994069407743318e+01,5.559446861094913039e+00
1.637795389326389284e+01,1.263575844361144540e+01,5.637678207457295088e+00
1.652027340767157781e+01,1.272012481925412430e+01,5.714123661576326896e+00
1.666344692843641084e+01,1.280303364458587012e+01,5.788696821765207723e+00
1.680745810050366984e+01,1.288447889474609731e+01,5.861316896043261337e+00
1.695229050142351923e+01,1.296445465930418450e+01,5.931890025495737184e+00
1.709958686319743038e+01,1.304383853292058859e+01,6.001073179968971161e+00
1.724768955905224033e+01,1.312170771745505071e+01,6.067988708756345773e+00
1.740618548650672537e+01,1.320291542071802304e+01,6.136574616047888675e+00
1.756555531730101549e+01,1.328239440047116737e+01,6.202240508707160593e+00
1.771524735079710666e+01,1.335509401276469710e+01,6.260907036451302865e+00
1.786566812487188471e+01,1.342627357443909197e+01,6.316938437363142533e+00
1.801592226064995828e+01,1.349552849549430711e+01,6.369824524848844760e+00
1.816686410941511909e+01,1.356327145381971100e+01,6.419811483966558541e+00
1.831847746414034717e+01,1.362949792952969652e+01,6.466979117092683360e+00
1.847074611354811680e+01,1.369420352817646602e+01,6.510746441014106267e+00
1.862365385432947917e+01,1.375738398493403025e+01,6.553554300952221467e+00
1.877718455783736573e+01,1.381903518954301013e+01,6.590590800033741203e+00
1.893132209335825067e+01,1.387915315161380825e+01,6.625094318602164911e+00
1.908605034909561127e+01,1.393773400777176086e+01,6.656084973079259726e+00
1.924135326482321062e+01,1.399477403164379119e+01,6.685787763696295904e+00
1.939721474912553845e+01,1.405026960127390545e+01,6.709417784046886268e+00
1.955756689474558740e+01,1.410555664367339013e+01,6.730946947495993982e+00
1.971847199399988781e+01,1.415921311875201027e+01,6.748714125971407185e+00
1.988743171878303073e+01,1.421361449198143845e+01,6.763388723021007465e+00
2.005695841283399261e+01,1.426622246424088836e+01,6.773927943954649145e+00
2.021569287751112398e+01,1.431370644553386740e+01,6.780239812668948929e+00
2.037488817828115728e+01,1.435962175294438836e+01,6.783188728996329075e+00
2.053429873200938616e+01,1.440390304115195264e+01,6.782762585114945786e+00
2.069413699181236055e+01,1.444661472900045318e+01,6.779063282372629118e+00
2.085438709847003125e+01,1.448775426813920397e+01,6.772202255419704109e+00
2.101503321137770897e+01,1.452731921714853591e+01,6.762299800277224548e+00
2.117605951154719435e+01,1.456530724104604779e+01,6.749513168120405915e+00
2.133745019900053208e+01,1.460171610940063402e+01,6.734002910306012168e+00
2.149918949325827100e+01,1.463654369528684107e+01,6.715988183001639911e+00
2.166126163254474690e+01,1.466978797397830370e+01,6.695673316022099364e+00
2.182365087280606986e+01,1.470144702167809747e+01,6.673301742085938848e+00
2.198634148783959930e+01,1.473151901453015533e+01,6.649196334865760782e+00
2.215571097159671154e+01,1.476108620487887002e+01,6.622527045289760217e+00
2.232537133976945753e+01,1.478893581155740833e+01,6.594546811628223537e+00
2.249938490910975020e+01,1.481567185681562293e+01,6.564972956706069951e+00
2.267366616579049676e+01,1.484060340999925565e+01,6.534671018335751036e+00
2.283768293746918943e+01,1.486238785271565810e+01,6.506110893117234006e+00
2.300190384612006511e+01,1.488257588669736009e+01,6.477814914320353168e+00
2.316630274693499913e+01,1.490116524077570048e+01,6.450078328782902659e+00
2.333087452341003143e+01,1.491815621622385457e+01,6.423236723402950155e+00
2.349560357430361535e+01,1.493354786416952074e+01,6.397665108329720240e+00
2.366047430772511362e+01,1.494733932701062962e+01,6.373672608377960458e+00
2.382547114033930669e+01,1.495952983789075397e+01,6.351602750944875808e+00
2.399057849637659956e+01,1.497011872021345447e+01,6.331733211027971819e+00
2.415578080678512762e+01,1.497910538722485185e+01,6.314389178498355015e+00
2.432106250828411120e+01,1.498648934164419089e+01,6.299765684678373390e+00
2.448640804239613189e+01,1.499227017535098838e+01,6.288112704142596598e+00
2.465180185462024554e+01,1.499644756913277988e+01,6.279622968467390542e+00
2.482589186665190795e+01,1.499911187872467266e+01,6.274211396267788565e+00
2.500000000000014566e+01,1.499999999999999467e+01,6.272372877701799077e+00
2.517410813334838693e+01,1.499911187872467266e+01,6.274293302729637034e+00
2.534819814538004223e+01,1.499644756913277455e+01,6.279786383103217240e+00
2.551359195760415943e+01,1.499227017535097595e+01,6.288333031074352597e+00
2.567893749171619078e+01,1.498648934164418023e+01,6.300038539658409320e+00
2.584421919321517791e+01,1.497910538722483587e+01,6.314669624763560307e+00
2.600942150362368466e+01,1.497011872021343670e+01,6.332021000183837955e+00
2.617452885966099885e+01,1.495952983789073087e+01,6.351862956409671135e+00
2.633952569227518126e+01,1.494733932701060475e+01,6.373907443496406700e+00
2.650439642569670440e+01,1.493354786416948876e+01,6.397866826226517922e+00
2.666912547659025279e+01,1.491815621622382260e+01,6.423409282434844769e+00
2.683369725306533482e+01,1.490116524077566140e+01,6.450211417435049555e+00
2.699809615388022976e+01,1.488257588669732279e+01,6.477912666878477665e+00
2.716231706253114808e+01,1.486238785271561369e+01,6.506167488651924735e+00
2.732633383420978035e+01,1.484060340999921301e+01,6.534687599736646924e+00
2.750061509089051270e+01,1.481567185681558207e+01,6.564933827503834252e+00
2.767462866023077339e+01,1.478893581155736747e+01,6.594456460591817226e+00
2.784428902840352649e+01,1.476108620487882739e+01,6.622384959938328208e+00
2.801365851216064229e+01,1.473151901453010559e+01,6.648996468722927489e+00
2.817634912719418239e+01,1.470144702167804063e+01,6.673047776222286842e+00
2.833873836745551600e+01,1.466978797397824685e+01,6.695360773621832351e+00
2.850081050674200611e+01,1.463654369528677890e+01,6.715626809922108365e+00
2.866254980099974503e+01,1.460171610940056652e+01,6.733584575292109520e+00
2.882394048845308276e+01,1.456530724104597319e+01,6.749056752338939091e+00
2.898496678862257525e+01,1.452731921714846131e+01,6.761798614391150153e+00
2.914561290153025297e+01,1.448775426813912581e+01,6.771674786989437145e+00
2.930586300818791656e+01,1.444661472900037325e+01,6.778500404449100181e+00
2.946570126799091227e+01,1.440390304115186737e+01,6.782185347245931695e+00
2.962511182171914825e+01,1.435962175294429599e+01,6.782589149775021475e+00
2.978430712248917800e+01,1.431370644553377680e+01,6.779634624624180539e+00
2.994304158716630226e+01,1.426622246424079066e+01,6.773318722065470254e+00
3.011256828121726770e+01,1.421361449198133720e+01,6.762772250815149100e+00
3.028152800600040706e+01,1.415921311875190725e+01,6.748059413646485538e+00
3.044243310525470747e+01,1.410555664367328532e+01,6.730256193795076669e+00
3.060278525087475288e+01,1.405026960127379176e+01,6.708816909077429003e+00
3.075864673517707715e+01,1.399477403164367217e+01,6.684364679614675175e+00
3.091394965090468006e+01,1.393773400777164539e+01,6.656511484224857611e+00
3.106867790664203355e+01,1.387915315161369456e+01,6.625260568084471835e+00
3.122281544216292204e+01,1.381903518954288579e+01,6.590673702652378729e+00
3.137634614567080149e+01,1.375738398493390058e+01,6.552814080703854849e+00
3.152925388645217097e+01,1.369420352817633635e+01,6.511753923258880583e+00
3.168152253585993350e+01,1.362949792952956685e+01,6.467580235044860792e+00
3.183313589058515092e+01,1.356327145381957600e+01,6.420366242830853665e+00
3.198407773935029752e+01,1.349552849549417211e+01,6.370216045069120092e+00
3.213433187512837463e+01,1.342627357443895519e+01,6.317213746739044566e+00
3.228475264920312782e+01,1.335509401276456920e+01,6.261130834035725456e+00
3.243444468269920833e+01,1.328239440047103770e+01,6.202396646516180390e+00
3.259381451349351977e+01,1.320291542071788271e+01,6.136739248666464697e+00
3.275231044094801547e+01,1.312170771745490150e+01,6.068141970129262042e+00
3.290041313680282542e+01,1.304383853292043760e+01,6.001202539530146041e+00
3.304770949857672235e+01,1.296445465930402818e+01,5.932005345220724202e+00
3.319254189949657530e+01,1.288447889474593744e+01,5.861416282209678918e+00
3.333655307156384140e+01,1.280303364458570847e+01,5.788779993525478673e+00
3.347972659232867443e+01,1.272012481925395555e+01,5.714189748262036517e+00
3.362204610673634164e+01,1.263575844361127665e+01,5.637726516317346004e+00
3.376349526292298719e+01,1.254994069407726265e+01,5.559489380574046180e+00
3.390405758890117482e+01,1.246267797829979251e+01,5.479557366935018159e+00
3.404371660770070918e+01,1.237397687246390277e+01,5.398023220889954565e+00
3.418245594027578704e+01,1.228384405708382943e+01,5.314961289629284380e+00
3.432025919864588559e+01,1.219228638476537618e+01,5.230455908850217384e+00
3.445710989313969463e+01,1.209931094782988836e+01,5.144587977350851382e+00
3.459521934405230326e+01,1.200336009132457349e+01,5.055988682946361834e+00
3.473231037087705175e+01,1.190595969792193998e+01,4.966137514214639559e+00
3.487530621055663715e+01,1.180201645091146112e+01,4.870441151339083952e+00
3.501713750376271150e+01,1.169648971645542268e+01,4.773483906291089873e+00
3.514899520401738897e+01,1.159615485140829350e+01,4.681552912450346327e+00
3.527979581210539806e+01,1.149444576534334139e+01,4.588707501782264053e+00
3.540933211707505279e+01,1.139152407240461606e+01,4.495127584073268068e+00
3.553778163661584699e+01,1.128724919957306483e+01,4.400738715930772926e+00
3.566512798321684130e+01,1.118162994530904619e+01,4.305606743083963295e+00
3.579135482913418542e+01,1.107467527637261817e+01,4.209785582456314401e+00
3.591644596361226860e+01,1.096639427922779397e+01,4.113340023915872834e+00
3.604038497592133439e+01,1.085679643959333163e+01,4.016326636785792381e+00
3.616315549466495582e+01,1.074589145060117090e+01,3.918808334456025833e+00
3.628474139544988475e+01,1.063368902403120941e+01,3.820842735277726998e+00
3.640512647843478788e+01,1.052019918204484306e+01,3.722492274549483948e+00
3.652429459469581019e+01,1.040543215091345886e+01,3.623824046311868941e+00
3.664679944548543489e+01,1.028485197204559576e+01,3.521065741306215191e+00
3.676795525057273295e+01,1.016291638419281718e+01,3.418109976983936704e+00
3.688785496742346481e+01,1.003952218530019280e+01,3.314957614765634997e+00
3.700636720629719889e+01,9.914794809281321619e+00,3.211801497074943335e+00
3.711900379311926201e+01,9.793611017088009518e+00,3.112681117964403832e+00
3.723032506899355809e+01,9.671217861160984697e+00,3.013759640074443524e+00
3.734031528675667033e+01,9.547627157414915189e+00,2.915156909613557445e+00
3.744895877319834909e+01,9.422850950536258097e+00,2.817010827979304466e+00
3.755623993451757059e+01,9.296901514465501393e+00,2.719482272661185807e+00
3.766214325982077327e+01,9.169791355154568890e+00,2.622758604105830393e+00
3.776665332675282372e+01,9.041533210897853223e+00,2.527060159635202918e+00
3.786975480687680573e+01,8.912140052874743645e+00,2.432660110194774461e+00
3.797143246831956276e+01,8.781625089177795829e+00,2.339871499051479731e+00
3.807167118592457911e+01,8.650001759300383952e+00,2.249081963100246551e+00
3.817058335964554061e+01,8.517110568238843271e+00,2.160641523598665348e+00
3.826802282820468548e+01,8.383135810821077172e+00,2.075203109901192278e+00
3.836970403402938246e+01,8.239927127150698638e+00,1.988715390167570263e+00
3.846969564398720820e+01,8.095533667633361574e+00,1.907430074210722415e+00
3.856314234022384113e+01,7.957225298194994245e+00,1.835957309809338023e+00
3.865503255968709340e+01,7.817877974858744139e+00,1.771343517471492435e+00
3.874456249320135015e+01,7.678748937016266929e+00,1.715413629262124706e+00
3.883253482830910741e+01,7.538629825748271784e+00,1.669032778589599975e+00
3.891893562770239612e+01,7.397536269864008140e+00,1.633775176417803676e+00
3.900375113458044751e+01,7.255484102066145802e+00,1.611289682469512430e+00
3.908696774395004780e+01,7.112489414179520075e+00,1.603126397860817676e+00
3.916857203123977627e+01,6.968568518938227818e+00,1.610707936407417051e+00
3.924855076375754237e+01,6.823737937008573340e+00,1.635123385175913047e+00
3.932689085657888484e+01,6.678014486780666559e+00,1.677175690593850188e+00
3.940357941828462884e+01,6.531415215243637995e+00,1.737235226770789120e+00
3.947860378553551186e+01,6.383957339138306430e+00,1.815356091647869041e+00
3.955338387238825959e+01,6.232719554381707994e+00,1.913406430686554804e+00
3.962640736343469428e+01,6.080625841152715871e+00,2.029713432141771801e+00
3.969947654745525512e+01,5.923738188732138532e+00,2.167489784066442660e+00
3.977067034390519495e+01,5.765990658502340160e+00,2.323862230438679344e+00
3.983696294489563883e+01,5.614406475564891252e+00,2.490424544866701506e+00
3.990151826343885233e+01,5.462074327303706234e+00,2.673573151047292207e+00
3.996432520486938955e+01,5.309013014313628709e+00,2.873603286948688496e+00
4.002537290698161598e+01,5.155241578049895246e+00,3.090953902543896348e+00
4.008465076771132374e+01,5.000779245387685812e+00,3.326218218297459561e+00
4.014214843984256476e+01,4.845645452039439860e+00,3.580377562004038783e+00
4.019785584110037036e+01,4.689859827851993401e+00,3.854529087955224309e+00
4.025176315857399345e+01,4.533442195929679563e+00,4.150213563516701676e+00
4.030386085386358275e+01,4.376412569841601652e+00,4.469123193217689582e+00
4.035413966968179267e+01,4.218791146039273521e+00,4.813504769768348623e+00
4.040259989180074029e+01,4.060567438865590795e+00,5.185955561941625547e+00
4.044922286511965126e+01,3.901792654089250245e+00,5.589318635086166331e+00
4.049633257987164114e+01,3.733990424314760137e+00,6.051501624552277470e+00
4.054138543567774633e+01,3.565624296906793056e+00,6.557966239815566922e+00
4.058255822964396486e+01,3.404026097095338876e+00,7.089344104414542436e+00
4.062183212477787464e+01,3.241955934310499110e+00,7.672938645435949390e+00
4.065891274138969891e+01,3.080718542812295180e+00,8.311932313336704681e+00
4.069411032305820441e+01,2.919059648140803986e+00,9.020433400213947905e+00
4.072741840615942976e+01,2.757000898606876582e+00,9.810697244492773805e+00
4.075883085746357182e+01,2.594564067518286166e+00,1.069847701625929837e+01
4.078834187639197495e+01,2.431771054935745635e+00,1.170312716183348911e+01
4.081594600013330876e+01,2.268643874235301450e+00,1.285142504437371791e+01
4.084163810678956708e+01,2.105204646970394666e+00,1.417473889275879095e+01
4.086541341756070267e+01,1.941475603865786992e+00,1.572677530528607370e+01
4.088726750099880292e+01,1.777479072193499876e+00,1.754901700140837306e+01
4.090719627689899340e+01,1.613237460782591226e+00,1.979736330585354054e+01
4.092555741213147513e+01,1.445277533905819922e+00,2.247036206899599975e+01
4.094190310356760421e+01,1.277109503679884295e+00,2.633934917920352348e+01
4.095775136151515738e+01,1.089345746727169884e+00,3.058057131273679374e+01
4.097108505630910003e+01,9.013866876481745338e-01,4.107845898477945212e+01
4.098308416033510326e+01,6.895697900798090085e-01,4.637364435635272031e+01
4.099188779331163346e+01,4.775960365593031054e-01,9.685147514406337166e+01
4.099797174895710583e+01,2.388324620607929494e-01,1.173221365160490706e+02
4.099999999999997868e+01,-4.606272633479642649e-17,7.721830244221746398e+02
