x,y,stress
8.999999999999994671e+00,4.482948438831808710e-16,1.054947614254543168e+03
9.003848106523518524e+00,1.754455761974028638e-01,1.470193677969713519e+02
9.015368474766042084e+00,3.505549181287165861e-01,1.272981922654463034e+02
9.033272269867721249e+00,5.156562788876851711e-01,5.562031915149591299e+01
9.057886288967250010e+00,6.798916135130997906e-01,4.993670788185917075e+01
9.089080264880330162e+00,8.430055134131041461e-01,3.502331912638373979e+01
9.126694442408918917e+00,1.004760005591923022e+00,2.948343028591393278e+01
9.170543743470670250e+00,1.164937189575546483e+00,2.406571938867498517e+01
9.220422257286861267e+00,1.323341061638335869e+00,2.051563544174304354e+01
9.276107823796523988e+00,1.479798536214243398e+00,1.744802236308167664e+01
9.337366499010373744e+00,1.634159708663568189e+00,1.528400426530289202e+01
9.403956752502871552e+00,1.786297499172476266e+00,1.344890938705963457e+01
9.475633272185417511e+00,1.936106770062262061e+00,1.194475353443995935e+01
9.552150291576296581e+00,2.083503022913202773e+00,1.060493578562410910e+01
9.633264417193426965e+00,2.228420826959444323e+00,9.553402449528313412e+00
9.718736956235833446e+00,2.370812085936359725e+00,8.625714728934809727e+00
9.808335760296664319e+00,2.510644221515615282e+00,7.829338635675732405e+00
9.901836601296970741e+00,2.647898316876251101e+00,7.135601207966352888e+00
9.999024262735481727e+00,2.782567471329372655e+00,6.529537977142981120e+00
1.009969318802353300e+01,2.914655078605691951e+00,5.997477527555140853e+00
1.020364775771379051e+01,3.044173135770696703e+00,5.529017155308828535e+00
1.031070256152645470e+01,3.171140991979648049e+00,5.115370934484504417e+00
1.042068241937522366e+01,3.295584124373304391e+00,4.749595138191460286e+00
1.053342213656328674e+01,3.417532915756736234e+00,4.425712390666026508e+00
1.064876624818646889e+01,3.537021692074004520e+00,4.138853994241744161e+00
1.076656869883680301e+01,3.654087895599523961e+00,3.884790407336465634e+00
1.088669238469520018e+01,3.768771290347151304e+00,3.659965958883885317e+00
1.100900877518864007e+01,3.881113388811631815e+00,3.461239373357354321e+00
1.113339741741691213e+01,3.991156875415325267e+00,3.285972289427651294e+00
1.125974547716577945e+01,4.098945158444236903e+00,3.131701967077178406e+00
1.138794733553358007e+01,4.204522037633787512e+00,2.996391988860617861e+00
1.151790401016789644e+01,4.307931281977266380e+00,2.878073846901959776e+00
1.164952294357631501e+01,4.409216550757765418e+00,2.775134954677419330e+00
1.178271722749792616e+01,4.508420901815843429e+00,2.685991801753464081e+00
1.191740574816119924e+01,4.605587032120729063e+00,2.609278183003529872e+00
1.205351271304080463e+01,4.700757038196188731e+00,2.543679242667683305e+00
1.219096634349932629e+01,4.793971651632730868e+00,2.488021963228498556e+00
1.232969966582608912e+01,4.885270960802290396e+00,2.441235463086666613e+00
1.246964978143545899e+01,4.974694045871555836e+00,2.402294465033607551e+00
1.261075746883287607e+01,5.062278871810591774e+00,2.370306331677008327e+00
1.275296739042479111e+01,5.148062554495658638e+00,2.344420049082625912e+00
1.289622731889613405e+01,5.232081012469221193e+00,2.323903720395773309e+00
1.304048816896390761e+01,5.314369124442425374e+00,2.308120986946022857e+00
1.318576018636582603e+01,5.394991603930935575e+00,2.296202153269999879e+00
1.333194396292603479e+01,5.473948947416796607e+00,2.288466182650879865e+00
1.347894115123951586e+01,5.551243171655285913e+00,2.281798562336207592e+00
1.362676945245326898e+01,5.626935820505461372e+00,2.279363690509311091e+00
1.377539224170050680e+01,5.701056495780471245e+00,2.278769547524331696e+00
1.392477483464391597e+01,5.773633767755435464e+00,2.280226896508428691e+00
1.407488446067733179e+01,5.844695254084048663e+00,2.283174979317774245e+00
1.422569006978807060e+01,5.914267611626494947e+00,2.287501997623218930e+00
1.437716226503310857e+01,5.982376585784353829e+00,2.292684737550486407e+00
1.452927314827386063e+01,6.049047015781519043e+00,2.299460640751295859e+00
1.468199628789554900e+01,6.114302891519988847e+00,2.306427546164753650e+00
1.483530652000749939e+01,6.178167334610602524e+00,2.313715455991382619e+00
1.498953187762034389e+01,6.240803793799735821e+00,2.321535295530778864e+00
1.514430014207003161e+01,6.302086565384499295e+00,2.329687153297914648e+00
1.530120297264820550e+01,6.362651495686212577e+00,2.338106810083359299e+00
1.545861642498529243e+01,6.421876662519288459e+00,2.346664318512690084e+00
1.561454005362282516e+01,6.479065163952083317e+00,2.355083263135380189e+00
1.577092301998573198e+01,6.534985426475155457e+00,2.363653626959058229e+00
1.592774750874849232e+01,6.589655429819163857e+00,2.372112910287865528e+00
1.608499640583569246e+01,6.643092482346559358e+00,2.380234428711206274e+00
1.624265333293567082e+01,6.695313274090639588e+00,2.388160554354001874e+00
1.640070273506215059e+01,6.746333940541939356e+00,2.396134246719890726e+00
1.655912970856721600e+01,6.796170037661054764e+00,2.403850045934403656e+00
1.671791987856916251e+01,6.844836536802763938e+00,2.410978153617836295e+00
1.687705948502894771e+01,6.892347883527097707e+00,2.417964518222157633e+00
1.703653536485903786e+01,6.938718019289645156e+00,2.424633102187008227e+00
1.719847739542040443e+01,6.984558773649084173e+00,2.431087671141796580e+00
1.736073910718171120e+01,7.029254814904939863e+00,2.437203174195214039e+00
1.752590841411207734e+01,7.073506113762809022e+00,2.443070641003847854e+00
1.769138286984574648e+01,7.116602343197486746e+00,2.448582641651457337e+00
1.785238301857326704e+01,7.157366336279361363e+00,2.453878239872920641e+00
1.801364947205944844e+01,7.197063746778000315e+00,2.458489706322180446e+00
1.817517224912696250e+01,7.235705324481388701e+00,2.462881784265679386e+00
1.833694158169362254e+01,7.273301391291242979e+00,2.466935799125370199e+00
1.849894804772968726e+01,7.309861891887601715e+00,2.470678807405565891e+00
1.866118264387950632e+01,7.345396424389658563e+00,2.474113189511622846e+00
1.882363662896568357e+01,7.379914218826422179e+00,2.477247458484729492e+00
1.898630150467366207e+01,7.413424148248057399e+00,2.480090033524548154e+00
1.914916905573791084e+01,7.445934750950769399e+00,2.482650787822461069e+00
1.931223132017380806e+01,7.477454236650133090e+00,2.484940854034673130e+00
1.947615250703419321e+01,7.508114092008312923e+00,2.486974506787650085e+00
1.964025463133574689e+01,7.537790286003618334e+00,2.488766885600520062e+00
1.981437555403677209e+01,7.568178431852483179e+00,2.490400766221200879e+00
1.998868292433789406e+01,7.597478219237902231e+00,2.491765184548338841e+00
2.015341008175993309e+01,7.624148578110438557e+00,2.492840737377828741e+00
2.031828925070422187e+01,7.649862489939415866e+00,2.493724358317745970e+00
2.048253067448552045e+01,7.674510911013086023e+00,2.494419823155399119e+00
2.064690976295544900e+01,7.698223908606245836e+00,2.494945785324729659e+00
2.081142033221633980e+01,7.721007064603510273e+00,2.495318223648310685e+00
2.097605629587383547e+01,7.742865701179753479e+00,2.495547642637456320e+00
2.114081168739765104e+01,7.763804891415570175e+00,2.495650067999568122e+00
2.130568074324021666e+01,7.783829475732585657e+00,2.495635508344248521e+00
2.147065780107392996e+01,7.802944054055488188e+00,2.495521672005510450e+00
2.163573727327434071e+01,7.821152988939104489e+00,2.495317022771573967e+00
2.180091369662132195e+01,7.838460416809139630e+00,2.495035857189902728e+00
2.196618170899441225e+01,7.854870249997127907e+00,2.494692913797516898e+00
2.213646646632819781e+01,7.870835020846531194e+00,2.494283109776470830e+00
2.230683710817916321e+01,7.885855591470702919e+00,2.493828199936017231e+00
2.248320647749138601e+01,7.900407431978721640e+00,2.493325245239702337e+00
2.265965576623528932e+01,7.913955851334464775e+00,2.492783430941615919e+00
2.282535480633148595e+01,7.925763658500898146e+00,2.492268406617774712e+00
2.299111411388090076e+01,7.936692911669052997e+00,2.491758460089457117e+00
2.315689041332107578e+01,7.946743783643271719e+00,2.491249811655735780e+00
2.332271736671542683e+01,7.955921112103890636e+00,2.490755296285402931e+00
2.348859025835485781e+01,7.964226902105122186e+00,2.490278146148070970e+00
2.365450441566355266e+01,7.971662963781941613e+00,2.489829666970745148e+00
2.382045520357469215e+01,7.978230914075275848e+00,2.489413610977716296e+00
2.398643802732228991e+01,7.983932178562473503e+00,2.489038378329747836e+00
2.415244832193481628e+01,7.988767992516250693e+00,2.488709743241549699e+00
2.431848154473932411e+01,7.992739402031364015e+00,2.488431761174338508e+00
2.448453317634231752e+01,7.995847265201292409e+00,2.488208331234538662e+00
2.465059871549862791e+01,7.998092252881126463e+00,2.488048322753607433e+00
2.482529675343903008e+01,7.999523091654287654e+00,2.487946792162031073e+00
2.499999999999995737e+01,7.999999999999993783e+00,2.487904237259593643e+00
2.517470324656089531e+01,7.999523091654286766e+00,2.487935408291778394e+00
2.534940128450128682e+01,7.998092252881126463e+00,2.488025291464156297e+00
2.551546682365760788e+01,7.995847265201292409e+00,2.488173873010105286e+00
2.568151845526059773e+01,7.992739402031364904e+00,2.488386022067558212e+00
2.584755167806510556e+01,7.988767992516253358e+00,2.488652853749497407e+00
2.601356197267761416e+01,7.983932178562475279e+00,2.488970216899470955e+00
2.617954479642522969e+01,7.978230914075277624e+00,2.489337025253707925e+00
2.634549558433637273e+01,7.971662963781944278e+00,2.489744803495644199e+00
2.651140974164506403e+01,7.964226902105123962e+00,2.490189508244047722e+00
2.667728263328448435e+01,7.955921112103892412e+00,2.490663315507510411e+00
2.684310958667884250e+01,7.946743783643274384e+00,2.491161310299124576e+00
2.700888588611902108e+01,7.936692911669057438e+00,2.491674213079103861e+00
2.717464519366842524e+01,7.925763658500903475e+00,2.492192526469861669e+00
2.734034423376461120e+01,7.913955851334470104e+00,2.492716783358250865e+00
2.751679352250855715e+01,7.900407431978724304e+00,2.493265836813448377e+00
2.769316289182081192e+01,7.885855591470702919e+00,2.493776314197376109e+00
2.786353353367180574e+01,7.870835020846528529e+00,2.494236862076531391e+00
2.803381829100560907e+01,7.854870249997122578e+00,2.494652163112162757e+00
2.819908630337870292e+01,7.838460416809133413e+00,2.494997089265563073e+00
2.836426272672567350e+01,7.821152988939100048e+00,2.495279956390048959e+00
2.852934219892608780e+01,7.802944054055483747e+00,2.495483814946741319e+00
2.869431925675979755e+01,7.783829475732581216e+00,2.495596270620458856e+00
2.885918831260237738e+01,7.763804891415563958e+00,2.495605916417454662e+00
2.902394370412620361e+01,7.742865701179745486e+00,2.495498280775613864e+00
2.918857966778369928e+01,7.721007064603500503e+00,2.495262478213275070e+00
2.935309023704459364e+01,7.698223908606236066e+00,2.494882586477599862e+00
2.951746932551452574e+01,7.674510911013077141e+00,2.494347929625329474e+00
2.968171074929582431e+01,7.649862489939405208e+00,2.493643339228568845e+00
2.984658991824013086e+01,7.624148578110423458e+00,2.492752024288846791e+00
3.001131707566218054e+01,7.597478219237885355e+00,2.491668009741941692e+00
3.018562444596329897e+01,7.568178431852468080e+00,2.490297909977750912e+00
3.035974536866431706e+01,7.537790286003603235e+00,2.488657272298200329e+00
3.052384749296587074e+01,7.508114092008296936e+00,2.486861892918746708e+00
3.068776867982627010e+01,7.477454236650113550e+00,2.484824566306579552e+00
3.085083094426218153e+01,7.445934750950746306e+00,2.482533189228488979e+00
3.101369849532643741e+01,7.413424148248032530e+00,2.479971003437152266e+00
3.117636337103440880e+01,7.379914218826396421e+00,2.477127128463472161e+00
3.133881735612058606e+01,7.345396424389633694e+00,2.473989781428406864e+00
3.150105195227041222e+01,7.309861891887575069e+00,2.470553310819371795e+00
3.166305841830648049e+01,7.273301391291213669e+00,2.466806060543078161e+00
3.182482775087313343e+01,7.235705324481358502e+00,2.462743348244948116e+00
3.198635052794063682e+01,7.197063746777971005e+00,2.458356476449160777e+00
3.214761698142682889e+01,7.157366336279329389e+00,2.453643623377979033e+00
3.230861713015435299e+01,7.116602343197453884e+00,2.448602393698731117e+00
3.247409158588803990e+01,7.073506113762769054e+00,2.443069884475913334e+00
3.263926089281842025e+01,7.029254814904895454e+00,2.437178745512769584e+00
3.280152260457972346e+01,6.984558773649038876e+00,2.431041176004118842e+00
3.296346463514110070e+01,6.938718019289596306e+00,2.424572703070436486e+00
3.312294051497117664e+01,6.892347883527050634e+00,2.417870992443317490e+00
3.328208012143094408e+01,6.844836536802721305e+00,2.410868013804851273e+00
3.344087029143290124e+01,6.796170037661009466e+00,2.403576398574834183e+00
3.359929726493795954e+01,6.746333940541893170e+00,2.396015068326465158e+00
3.375734666706444642e+01,6.695313274090589850e+00,2.388208701030740677e+00
3.391500359416442478e+01,6.643092482346509620e+00,2.380183711361278043e+00
3.407225249125161781e+01,6.589655429819115895e+00,2.371975478000366344e+00
3.422907698001437637e+01,6.534985426475106607e+00,2.363623083603628050e+00
3.438545994637728143e+01,6.479065163952032691e+00,2.355176025983299670e+00
3.454138357501481238e+01,6.421876662519239609e+00,2.346688618952640137e+00
3.469879702735189397e+01,6.362651495686164616e+00,2.338121775523964274e+00
3.485569985793006964e+01,6.302086565384449557e+00,2.329658274284410524e+00
3.501046812237974137e+01,6.240803793799689636e+00,2.321473360167622513e+00
3.516469347999257877e+01,6.178167334610559891e+00,2.313583714480860642e+00
3.531800371210453449e+01,6.114302891519941774e+00,2.306121951204600506e+00
3.547072685172622641e+01,6.049047015781470193e+00,2.299206252395983086e+00
3.562283773496696426e+01,5.982376585784309420e+00,2.292990503428282256e+00
3.577430993021199157e+01,5.914267611626452315e+00,2.287653140916882322e+00
3.592511553932272506e+01,5.844695254084007807e+00,2.283394526140210878e+00
3.607522516535613732e+01,5.773633767755394608e+00,2.280448814771740107e+00
3.622460775829953405e+01,5.701056495780435718e+00,2.279077453635252493e+00
3.637323054754677543e+01,5.626935820505427621e+00,2.279582752944416146e+00
3.652105884876053210e+01,5.551243171655248609e+00,2.282299374865311314e+00
3.666805603707401673e+01,5.473948947416755750e+00,2.287617101349732174e+00
3.681423981363423081e+01,5.394991603930889390e+00,2.295967670854985432e+00
3.695951183103615989e+01,5.314369124442371195e+00,2.307844931384515075e+00
3.710377268110392635e+01,5.232081012469172343e+00,2.323776365385702203e+00
3.724703260957526396e+01,5.148062554495610676e+00,2.344388588759367398e+00
3.738924253116717722e+01,5.062278871810543812e+00,2.370347652685588002e+00
3.753035021856459252e+01,4.974694045871506098e+00,2.402419670474148727e+00
3.767030033417395174e+01,4.885270960802244211e+00,2.441409413057428868e+00
3.780903365650071635e+01,4.793971651632682907e+00,2.488253576751133345e+00
3.794648728695923268e+01,4.700757038196144322e+00,2.543924278200280220e+00
3.808259425183884161e+01,4.605587032120680213e+00,2.609541744782981620e+00
3.821728277250210937e+01,4.508420901815795467e+00,2.686252051479229852e+00
3.835047705642372762e+01,4.409216550757714792e+00,2.775398611094040291e+00
3.848209598983213908e+01,4.307931281977219307e+00,2.878349722465164184e+00
3.861205266446646078e+01,4.204522037633734222e+00,2.996711428801991595e+00
3.874025452283424897e+01,4.098945158444190717e+00,3.132117058417977162e+00
3.886660258258311273e+01,3.991156875415278638e+00,3.286537846981919753e+00
3.899099122481137414e+01,3.881113388811590070e+00,3.462003946215267192e+00
3.911330761530481936e+01,3.768771290347105563e+00,3.660983038249784993e+00
3.923343130116321475e+01,3.654087895599483105e+00,3.886057019440841920e+00
3.935123375181355243e+01,3.537021692073957890e+00,4.140456645287133419e+00
3.946657786343673280e+01,3.417532915756692269e+00,4.427649508059981365e+00
3.957931758062480299e+01,3.295584124373247104e+00,4.751988606369962120e+00
3.968929743847355240e+01,3.171140991979610302e+00,5.118243272171593361e+00
3.979635224228621126e+01,3.044173135770658956e+00,5.532568134989325870e+00
3.990030681197646345e+01,2.914655078605662641e+00,6.001883216899383200e+00
4.000097573726451827e+01,2.782567471329338016e+00,6.535189066251438028e+00
4.009816339870302215e+01,2.647898316876225788e+00,7.142856579360707059e+00
4.019166423970332858e+01,2.510644221515583308e+00,7.838735877445476952e+00
4.028126304376414879e+01,2.370812085936343294e+00,8.639296566939757227e+00
4.036673558280655527e+01,2.228420826959427448e+00,9.567122526736001831e+00
4.044784970842368921e+01,2.083503022913178349e+00,1.064963787880208024e+01
4.052436672781458071e+01,1.936106770062208104e+00,1.192713933711064911e+01
4.059604324749711424e+01,1.786297499172440961e+00,1.344724034010326186e+01
4.066263350098961382e+01,1.634159708663537103e+00,1.529554016009178063e+01
4.072389217620346358e+01,1.479798536214207871e+00,1.754408763180069997e+01
4.077957774271312985e+01,1.323341061638287908e+00,2.045426100970212602e+01
4.082945625652931199e+01,1.164937189575517396e+00,2.397752110951589444e+01
4.087330555759105977e+01,1.004760005591906813e+00,2.944479895299935635e+01
4.091091973511964142e+01,8.430055134130960415e-01,3.491604943348269074e+01
4.094211371103272512e+01,6.798916135130967930e-01,4.998433409568194463e+01
4.096672773013225566e+01,5.156562788876730696e-01,5.511651511144529536e+01
4.098463152523392949e+01,3.505549181286937710e-01,1.279845737725830901e+02
4.099615189347645838e+01,1.754455761973896244e-01,1.461988494048486587e+02
4.099999999999997868e+01,-3.425758780578589784e-17,1.055641505822261479e+03
