x,y,stress
4.999999999999997335e+00,3.889568685656683369e-16,9.884152317562740109e+02
5.005707048742579879e+00,1.672140812372076568e-01,1.333852247848774937e+02
5.022732819544331484e+00,3.336577739007406951e-01,1.159662949590759951e+02
5.050205174130078412e+00,4.956779041852547030e-01,4.713080237176541232e+01
5.087917037154309874e+00,6.556268983895799929e-01,4.271711842473731480e+01
5.135340405653566087e+00,8.129724177920668593e-01,2.867359595083523516e+01
5.191866981354888999e+00,9.672841483599960988e-01,2.379032767365082890e+01
5.256843118735138098e+00,1.118235285758807818e+00,1.888591292311999581e+01
5.329600412996492231e+00,1.265596326137406580e+00,1.568944862569747833e+01
5.409479969174140201e+00,1.409223829958119012e+00,1.291923655795334902e+01
5.495849955423666167e+00,1.549046820543202196e+00,1.106511339192491228e+01
5.588116985946180115e+00,1.685052739965248847e+00,9.486610095945401611e+00
5.685732433334846014e+00,1.817274298090455487e+00,8.220085277220022135e+00
5.788194934520849877e+00,1.945777967918908891e+00,7.172025945415146708e+00
5.895050153353037281e+00,2.070654290615717041e+00,6.300695831304922834e+00
6.005888850559181869e+00,2.192010116589174551e+00,5.568983589976527426e+00
6.120343919614318118e+00,2.309962514864387195e+00,4.950742379809832450e+00
6.238086816794098155e+00,2.424634029903475430e+00,4.424744617251350931e+00
6.358824061826044982e+00,2.536149356041643710e+00,3.975444298275820465e+00
6.482293570495881063e+00,2.644632715966619418e+00,3.589730837995954271e+00
6.608261068603316524e+00,2.750205908149438105e+00,3.257774115173817986e+00
6.736517108599006320e+00,2.852987224427958157e+00,2.971033318255206890e+00
6.866874349203655470e+00,2.953090733659040623e+00,2.723115504869961789e+00
6.999164853132900710e+00,3.050625659905845666e+00,2.508306056950909912e+00
7.133237743039686940e+00,3.145696074086648419e+00,2.322229723252096978e+00
7.268957347117346757e+00,3.238400915436948857e+00,2.160904715116015673e+00
7.406201379014731856e+00,3.328833975330786288e+00,2.021269253624248474e+00
7.544859108117081270e+00,3.417083831932325122e+00,1.900466036438708484e+00
7.684830892221378384e+00,3.503234583810516778e+00,1.796274041689803314e+00
7.826026381588892633e+00,3.587365634261388436e+00,1.706585807634875884e+00
7.968362959942794532e+00,3.669551623513362060e+00,1.629717280024433945e+00
8.111766055510541307e+00,3.749863383369290037e+00,1.564040713248037395e+00
8.256166850451217343e+00,3.828367315691996176e+00,1.508263030445313513e+00
8.401605453281240088e+00,3.905179773423174350e+00,1.461078984242482059e+00
8.547923121659797729e+00,3.980304370607227415e+00,1.421675660850760359e+00
8.694962905994374935e+00,4.053745953680352621e+00,1.388820180483587130e+00
8.842779573804486759e+00,4.125611220433643922e+00,1.362690805072368061e+00
8.991328682731351662e+00,4.195950336374152378e+00,1.339782151155646694e+00
9.140569080627706455e+00,4.264810691803694986e+00,1.322521737478228321e+00
9.290462771660180863e+00,4.332237171340824311e+00,1.308737319577624847e+00
9.440974635507760837e+00,4.398272318663109637e+00,1.298411782851599527e+00
9.592072088039559574e+00,4.462956451594527252e+00,1.290869426968605405e+00
9.743724848426694507e+00,4.526327804212498584e+00,1.285838266112729444e+00
9.895904813502191644e+00,4.588422692294017224e+00,1.282794787386011492e+00
1.004858570217849589e+01,4.649275565679569233e+00,1.282056658733800036e+00
1.020603525690784430e+01,4.710571024787538086e+00,1.282322421351696828e+00
1.036396350902958652e+01,4.770622432113586164e+00,1.284067367545207006e+00
1.051997103286372770e+01,4.828589155859562609e+00,1.286914219161362061e+00
1.067639983939915105e+01,4.885409257043500375e+00,1.291016467839916748e+00
1.083127971408937640e+01,4.940425312541829150e+00,1.295429198478075028e+00
1.098653400426080928e+01,4.994375778945454591e+00,1.300651094184358092e+00
1.114214630620853974e+01,5.047285076918096358e+00,1.306420307893771282e+00
1.129810101430905611e+01,5.099176464172952450e+00,1.312663455990369821e+00
1.145438334484135368e+01,5.150072135937258544e+00,1.319254508680298699e+00
1.161097966252535763e+01,5.199993410027513363e+00,1.326155866669840977e+00
1.176787710775381157e+01,5.248960674376457192e+00,1.333237600346812268e+00
1.192506320222189586e+01,5.296993335603532138e+00,1.340645469321613659e+00
1.208252616983506300e+01,5.344109987290491581e+00,1.348036927837255483e+00
1.224025510155403396e+01,5.390328514154430373e+00,1.355507643135448026e+00
1.240023020140067977e+01,5.436231288791185889e+00,1.363152545312384278e+00
1.256045697696930397e+01,5.481247736494457179e+00,1.370833150865399475e+00
1.273370861340347204e+01,5.528871197029345375e+00,1.379108734842171557e+00
1.290723052789510916e+01,5.575500291057267965e+00,1.387355995897014971e+00
1.306913876845344902e+01,5.618067497682230460e+00,1.394940084388767820e+00
1.323126355283950595e+01,5.659802399250907001e+00,1.402606652832198320e+00
1.339063819857191540e+01,5.699980966988744235e+00,1.410051907308965680e+00
1.355020648212632572e+01,5.739383501628209316e+00,1.417218276837416635e+00
1.370996144888256296e+01,5.778022249481178818e+00,1.424342753885283308e+00
1.386989643273401462e+01,5.815908986245122314e+00,1.431350099624699279e+00
1.403000507507891470e+01,5.853055047582643944e+00,1.438235759758388355e+00
1.419028128083670381e+01,5.889471342874494475e+00,1.444993459166617145e+00
1.435071921272911233e+01,5.925168376717088847e+00,1.451613636484103242e+00
1.451131328767687201e+01,5.960156269236166260e+00,1.458094469142941163e+00
1.467205814213928328e+01,5.994444768294176384e+00,1.464427240433192168e+00
1.483294863694548660e+01,6.028043269268550830e+00,1.470613768953794365e+00
1.499523614565612206e+01,6.061214876310254240e+00,1.476690335739853310e+00
1.515766170122890344e+01,6.093703812915145512e+00,1.482620341247040008e+00
1.533631414997235787e+01,6.128630681850308903e+00,1.488964847812591641e+00
1.551512173201161460e+01,6.162754483149281981e+00,1.495115473757638647e+00
1.569335746528719433e+01,6.195953080806583024e+00,1.501057709577759525e+00
1.587173601039396509e+01,6.228375596868539255e+00,1.506805933014504495e+00
1.603459765485944288e+01,6.257287047654449097e+00,1.511889380665042415e+00
1.619757003712226506e+01,6.285567617702273679e+00,1.516819454964472680e+00
1.635961720722227852e+01,6.313051060010375970e+00,1.521565587150735421e+00
1.652176661366383925e+01,6.339924757773927944e+00,1.526160224694900869e+00
1.668401487513551373e+01,6.366194934721325360e+00,1.530604716474014193e+00
1.684635875469318833e+01,6.391867604170696993e+00,1.534901341088777738e+00
1.700879509506665244e+01,6.416948566920471997e+00,1.539053136957538204e+00
1.717132085268493569e+01,6.441443424732401724e+00,1.543061417269527835e+00
1.733393308420057366e+01,6.465357585640909122e+00,1.546928594794117373e+00
1.749662890920672709e+01,6.488696265702866839e+00,1.550657056133773803e+00
1.765940554415060149e+01,6.511464500921220200e+00,1.554249811284544203e+00
1.782226028985617816e+01,6.533667151764350756e+00,1.557710703186470980e+00
1.798860806954121827e+01,6.555756778716963495e+00,1.561106023194393178e+00
1.815503182247761060e+01,6.577266552639206232e+00,1.564374270466824424e+00
1.834058771393523912e+01,6.600560425487799421e+00,1.567857554758497196e+00
1.852623114363053602e+01,6.623146065677687488e+00,1.571177855505596410e+00
1.871184356606231702e+01,6.645016054242093517e+00,1.574344704414545992e+00
1.889753664842995917e+01,6.666190274642344704e+00,1.577355216584315656e+00
1.906426857550250986e+01,6.684606856494142768e+00,1.579936042415342357e+00
1.923106058666761342e+01,6.702471104790325818e+00,1.582405656794520166e+00
1.939454328891070389e+01,6.719442666238228057e+00,1.584717469827132907e+00
1.955807949104329069e+01,6.735890727575605474e+00,1.586925807450330073e+00
1.972166719473145235e+01,6.751818447100834675e+00,1.589033710786135645e+00
1.988530444138407205e+01,6.767228860063593920e+00,1.591043172009089623e+00
2.004898931830751607e+01,6.782124882413063105e+00,1.592957852426141629e+00
2.021271994717165299e+01,6.796509312708580275e+00,1.594779688213736391e+00
2.037649449327626172e+01,6.810384835792222091e+00,1.596511889224404124e+00
2.054031115030575805e+01,6.823754024148240838e+00,1.598156539290351841e+00
2.070416814648217141e+01,6.836619341024618990e+00,1.599715263711332547e+00
2.086806374793880536e+01,6.848983143072445046e+00,1.601192448462347651e+00
2.103307481003613688e+01,6.860924085413760309e+00,1.602595937210826049e+00
2.119812154750233546e+01,6.872361364805631645e+00,1.603926496787797529e+00
2.137914188356032597e+01,6.884326390165202092e+00,1.605294332169881377e+00
2.156020091131366101e+01,6.895690924273676359e+00,1.606575563351466895e+00
2.175545669568192153e+01,6.907274064088852583e+00,1.607863493641141561e+00
2.195075231793886061e+01,6.918164919272085989e+00,1.609047849416210818e+00
2.212774232024845134e+01,6.927437595394541958e+00,1.610044700587937472e+00
2.230476098298974108e+01,6.936146020200641082e+00,1.610969881206854248e+00
2.246912272993439075e+01,6.943727088521946200e+00,1.611765954085592201e+00
2.263350606377540686e+01,6.950824702155994572e+00,1.612505991462390265e+00
2.279773444165844865e+01,6.957433308001696126e+00,1.613187591664257958e+00
2.296198143451290008e+01,6.963561864450143801e+00,1.613813465508284084e+00
2.312624560079741443e+01,6.969211429229629218e+00,1.614385201750635490e+00
2.329052551162504869e+01,6.974382974806113467e+00,1.614903879041064805e+00
2.345481974880331677e+01,6.979077389163674816e+00,1.615370880952454957e+00
2.361912690536747306e+01,6.983295476587228379e+00,1.615787223441466747e+00
2.378344558318300628e+01,6.987037958283039529e+00,1.616154489569978203e+00
2.394777439211692993e+01,6.990305472981067858e+00,1.616473236061455987e+00
2.411211194979489747e+01,6.993098577473512378e+00,1.616744229368973551e+00
2.427645687908933425e+01,6.995417747042870893e+00,1.616970059050139685e+00
2.444691958946908628e+01,6.997322881094391711e+00,1.617154279976088072e+00
2.461738722918199329e+01,6.998718948120564498e+00,1.617293265215844489e+00
2.480869254221373765e+01,6.999679755419735194e+00,1.617390198153018988e+00
2.500000000000017408e+01,6.999999999999996447e+00,1.617420212720631634e+00
2.519130745778660696e+01,6.999679755419732530e+00,1.617391796263907056e+00
2.538261277081832290e+01,6.998718948120561834e+00,1.617296488721070569e+00
2.555308041053128321e+01,6.997322881094387270e+00,1.617158801353660413e+00
2.572354312091094641e+01,6.995417747042866452e+00,1.616975757052413032e+00
2.588788805020538319e+01,6.993098577473507049e+00,1.616750207811914253e+00
2.605222560788335784e+01,6.990305472981062529e+00,1.616479356102924037e+00
2.621655441681726728e+01,6.987037958283033312e+00,1.616159919417015978e+00
2.638087309463279695e+01,6.983295476587221273e+00,1.615791857506559515e+00
2.654518025119697100e+01,6.979077389163664158e+00,1.615374197992739402e+00
2.670947448837525329e+01,6.974382974806104585e+00,1.614905870644533614e+00
2.687375439920287334e+01,6.969211429229619448e+00,1.614385432056982150e+00
2.703801856548739124e+01,6.963561864450133143e+00,1.613811883793940583e+00
2.720226555834183557e+01,6.957433308001682803e+00,1.613184015434376173e+00
2.736649393622488446e+01,6.950824702155981250e+00,1.612500395920429597e+00
2.753087727006587571e+01,6.943727088521931989e+00,1.611757895693472831e+00
2.769523901701051116e+01,6.936146020200627760e+00,1.610959239859936831e+00
2.787225767975185775e+01,6.927437595394525971e+00,1.610031106485775076e+00
2.804924768206149466e+01,6.918164919272066449e+00,1.609031264502984060e+00
2.824454330431840532e+01,6.907274064088832155e+00,1.607843576381217776e+00
2.843979908868665873e+01,6.895690924273655931e+00,1.606551971129709599e+00
2.862085811643996891e+01,6.884326390165182552e+00,1.605267396364404187e+00
2.880187845249793455e+01,6.872361364805612993e+00,1.603895827530195550e+00
2.896692518996413668e+01,6.860924085413740769e+00,1.602562911185429817e+00
2.913193625206147885e+01,6.848983143072422841e+00,1.601157341523367750e+00
2.929583185351811636e+01,6.836619341024594121e+00,1.599680408341786153e+00
2.945968884969453327e+01,6.823754024148215080e+00,1.598122270192121608e+00
2.962350550672401539e+01,6.810384835792196334e+00,1.596479452700555690e+00
2.978728005282861346e+01,6.796509312708555406e+00,1.594749440249925820e+00
2.995101068169275393e+01,6.782124882413039124e+00,1.592929993575459280e+00
3.011469555861619796e+01,6.767228860063566387e+00,1.591017728483292482e+00
3.027833280526880344e+01,6.751818447100808029e+00,1.589009907911104635e+00
3.044192050895696156e+01,6.735890727575577941e+00,1.586903619813010868e+00
3.060545671108954835e+01,6.719442666238198747e+00,1.584696121632368504e+00
3.076893941333264593e+01,6.702471104790296508e+00,1.582385104589091096e+00
3.093573142449777436e+01,6.684606856494109905e+00,1.579915570306179795e+00
3.110246335157036413e+01,6.666190274642305624e+00,1.577334987395127008e+00
3.128815643393804180e+01,6.645016054242047332e+00,1.574323706097292330e+00
3.147376885636986543e+01,6.623146065677636862e+00,1.571156121387483395e+00
3.165941228606510194e+01,6.600560425487753236e+00,1.567835227047502444e+00
3.184496817752267717e+01,6.577266552639167152e+00,1.564351138721468359e+00
3.201139193045901266e+01,6.555756778716926192e+00,1.561083105229511769e+00
3.217773971014401724e+01,6.533667151764320558e+00,1.557688004049124997e+00
3.234059445584959747e+01,6.511464500921188225e+00,1.554228312404896784e+00
3.250337109079347186e+01,6.488696265702833976e+00,1.550637029909545772e+00
3.266606691579960398e+01,6.465357585640877147e+00,1.546910192352640268e+00
3.282867914731522774e+01,6.441443424732372414e+00,1.543044903863980633e+00
3.299120490493350388e+01,6.416948566920443575e+00,1.539039161234397657e+00
3.315364124530697154e+01,6.391867604170667683e+00,1.534890213278824023e+00
3.331598512486464614e+01,6.366194934721296050e+00,1.530595531944582977e+00
3.347823338633632773e+01,6.339924757773895969e+00,1.526153314541107697e+00
3.364038279277787069e+01,6.313051060010345772e+00,1.521559523869906005e+00
3.380242996287788060e+01,6.285567617702242593e+00,1.516814576234333023e+00
3.396540234514073120e+01,6.257287047654410905e+00,1.511884604279256861e+00
3.412826398960625340e+01,6.228375596868494846e+00,1.506799337502576552e+00
3.430664253471302061e+01,6.195953080806537727e+00,1.501055354751973159e+00
3.448487826798859857e+01,6.162754483149236684e+00,1.495119090094557679e+00
3.466368585002778957e+01,6.128630681850272488e+00,1.488972373692790230e+00
3.484233829877120314e+01,6.093703812915118867e+00,1.482632555004983699e+00
3.500476385434395610e+01,6.061214876310231148e+00,1.476694065334795081e+00
3.516705136305456847e+01,6.028043269268533066e+00,1.470606967623256489e+00
3.532794185786079311e+01,5.994444768294155068e+00,1.464413284986760821e+00
3.548868671232322214e+01,5.960156269236140503e+00,1.458072356009284087e+00
3.564928078727098892e+01,5.925168376717060426e+00,1.451586471494279884e+00
3.580971871916339921e+01,5.889471342874464277e+00,1.444959212748787136e+00
3.596999492492117412e+01,5.853055047582613746e+00,1.438195924025406525e+00
3.613010356726608308e+01,5.815908986245094781e+00,1.431301631629816162e+00
3.629003855111752586e+01,5.778022249481150396e+00,1.424283683032100400e+00
3.644979351787375066e+01,5.739383501628183559e+00,1.417149478065434565e+00
3.660936180142814322e+01,5.699980966988718478e+00,1.409908992624654411e+00
3.676873644716056333e+01,5.659802399250882132e+00,1.402572597444057712e+00
3.693086123154662204e+01,5.618067497682204703e+00,1.395016023551548079e+00
3.709276947210495479e+01,5.575500291057241320e+00,1.387388553530582325e+00
3.726629138659658480e+01,5.528871197029317841e+00,1.379148282085078892e+00
3.743954302303075110e+01,5.481247736494434086e+00,1.370870524349018238e+00
3.759976979859936108e+01,5.436231288791165461e+00,1.363194067423697087e+00
3.775974489844600157e+01,5.390328514154412609e+00,1.355544250012469476e+00
3.791747383016495831e+01,5.344109987290474706e+00,1.348041124165209714e+00
3.807493679777812190e+01,5.296993335603517039e+00,1.340628184207001583e+00
3.823212289224620264e+01,5.248960674376443869e+00,1.333344415250441006e+00
3.838902033747466902e+01,5.199993410027498264e+00,1.326237996787068996e+00
3.854561665515866764e+01,5.150072135937242557e+00,1.319361504864323020e+00
3.870189898569096698e+01,5.099176464172934686e+00,1.312778756087445098e+00
3.885785369379149046e+01,5.047285076918076818e+00,1.306560495468392036e+00
3.901346599573922447e+01,4.994375778945433275e+00,1.300790732295176833e+00
3.916872028591065202e+01,4.940425312541806058e+00,1.295563683696607349e+00
3.932360016060088981e+01,4.885409257043475506e+00,1.290989553956261471e+00
3.948002896713632737e+01,4.828589155859534188e+00,1.287156075415367473e+00
3.963603649097048276e+01,4.770622432113549749e+00,1.284275936474160273e+00
3.979396474309219656e+01,4.710571024787507000e+00,1.282507183674929774e+00
3.995141429782155029e+01,4.649275565679542588e+00,1.282125632306377883e+00
4.010409518649785099e+01,4.588422692293988803e+00,1.283309439476301828e+00
4.025627515157335523e+01,4.526327804212467498e+00,1.286292369310043870e+00
4.040792791196048483e+01,4.462956451594498830e+00,1.291375319284801648e+00
4.055902536449228535e+01,4.398272318663078551e+00,1.298909514988607405e+00
4.070953722833986888e+01,4.332237171340789672e+00,1.309288084581673672e+00
4.085943091937236460e+01,4.264810691803652354e+00,1.322968319965916573e+00
4.100867131726869275e+01,4.195950336374114187e+00,1.340454278690098366e+00
4.115722042619557186e+01,4.125611220433603066e+00,1.362344187863466116e+00
4.130503709400566237e+01,4.053745953680318870e+00,1.389291125554805939e+00
4.145207687834024313e+01,3.980304370607191000e+00,1.422055768213212668e+00
4.159839454671878656e+01,3.905179773423143263e+00,1.461488760532779985e+00
4.174383314954882707e+01,3.828367315691957984e+00,1.508549170190434552e+00
4.188823394448947823e+01,3.749863383369261616e+00,1.564240240484086941e+00
4.203163704005724810e+01,3.669551623513324756e+00,1.629825497761610453e+00
4.217397361841112513e+01,3.587365634261360015e+00,1.706618282802503161e+00
4.231516910777866514e+01,3.503234583810477698e+00,1.796214966979248873e+00
4.245514089188294093e+01,3.417083831932298033e+00,1.900324482934268699e+00
4.259379862098531078e+01,3.328833975330743655e+00,2.021029784429090093e+00
4.273104265288267101e+01,3.238400915436911109e+00,2.160574952054649334e+00
4.286676225696039211e+01,3.145696074086577365e+00,2.321799768314225521e+00
4.300083514686713926e+01,3.050625659905798592e+00,2.507816071326397278e+00
4.313312565079641558e+01,2.953090733658966016e+00,2.722570980592690759e+00
4.326348289140101855e+01,2.852987224427917745e+00,2.970462923779886744e+00
4.339173893139675187e+01,2.750205908149363054e+00,3.257225183660350964e+00
4.351770642950413048e+01,2.644632715966589664e+00,3.589378811574434280e+00
4.364117593817400831e+01,2.536149356041569547e+00,3.975460448917619072e+00
4.376191318320588408e+01,2.424634029903456778e+00,4.425388506578553205e+00
4.387965608038575027e+01,2.309962514864301042e+00,4.952432960293318587e+00
4.399411114944081902e+01,2.192010116589151902e+00,5.572350898383173323e+00
4.410494984664703821e+01,2.070654290615603799e+00,6.306772895664281897e+00
4.421180506547915456e+01,1.945777967918875584e+00,7.181671257142506093e+00
4.431426756666522948e+01,1.817274298090319373e+00,8.235390808365819382e+00
4.441188301405382077e+01,1.685052739965214208e+00,9.512245912410895343e+00
4.450415004457639867e+01,1.549046820543072300e+00,1.109299519804325129e+01
4.459052003082585713e+01,1.409223829958085261e+00,1.304102703559413001e+01
4.467039958700355129e+01,1.265596326137287786e+00,1.560926633714341527e+01
4.474315688126485924e+01,1.118235285758777842e+00,1.871224461460056077e+01
4.480813301864510123e+01,9.672841483599219359e-01,2.370306651730955849e+01
4.486465959434641348e+01,8.129724177920095718e-01,2.841575330566729107e+01
4.491208296284569457e+01,6.556268983894774083e-01,4.280457999389029311e+01
4.494979482586992248e+01,4.956779041851439027e-01,4.607263187041240116e+01
4.497726718045566230e+01,3.336577739006104659e-01,1.174025644371505166e+02
4.499429295125739969e+01,1.672140812371423202e-01,1.309698192044056384e+02
4.499999999999997868e+01,-3.289187500336201241e-17,9.892148862713827384e+02
