x,y,stress
6.999999999999997335e+00,6.263859849653172779e-16,8.655016328925472635e+02
7.003022641067843779e+00,2.015795571898450766e-01,1.171866157113348947e+02
7.012082751614396869e+00,4.029781145186471236e-01,1.053851048755035436e+02
7.025188586969542293e+00,5.817298453028436622e-01,4.580898741760933746e+01
7.043021543529648376e+00,7.600720611893935219e-01,4.241653605339792676e+01
7.063611723796999087e+00,9.239659689897958827e-01,3.035071454892885967e+01
7.088152120402888556e+00,1.087315146938539590e+00,2.609346740957343513e+01
7.116522726371695917e+00,1.249605015419608778e+00,2.161039882250794975e+01
7.148736495452568285e+00,1.411176011452398793e+00,1.863419521982526916e+01
7.184742156708640692e+00,1.571944562469352213e+00,1.598080529707958064e+01
7.224483589587936905e+00,1.731830703316534326e+00,1.409734232627088168e+01
7.267900260072313934e+00,1.890758304017203573e+00,1.245658202083206056e+01
7.314927665437356730e+00,2.048655234233488720e+00,1.109607387263392830e+01
7.365497798252636841e+00,2.205453526666575126e+00,9.928774470248558970e+00
7.419539614542170369e+00,2.361089495899172164e+00,8.925443396671663976e+00
7.476979482897950113e+00,2.515503770339392986e+00,8.055861018952453989e+00
7.537741622289495957e+00,2.668641291109776326e+00,7.287445969734021034e+00
7.601748536026644132e+00,2.820451306566136296e+00,6.584029158261031967e+00
7.668921430850911491e+00,2.970887338466975169e+00,5.998150065256761643e+00
7.739180595380099170e+00,3.119907075229012339e+00,5.464385132274901302e+00
7.812445754133038101e+00,3.267472247839988686e+00,4.988987850354853038e+00
7.888636406893450470e+00,3.413548511250245721e+00,4.561699293163249180e+00
7.967672151123604607e+00,3.558105324404116754e+00,4.177283977846814267e+00
8.049472929438936220e+00,3.701115729195631587e+00,3.830609769791391006e+00
8.133959322744130915e+00,3.842556254618942901e+00,3.517580703862089209e+00
8.221052762329927432e+00,3.982406711164528268e+00,3.234719268003639403e+00
8.310675662994791324e+00,4.120649907569473136e+00,2.979558944296329059e+00
8.402751673460299386e+00,4.257271595711854317e+00,2.749406837615846921e+00
8.497205777133567395e+00,4.392260211266163950e+00,2.542310171781495765e+00
8.594033014010326710e+00,4.525699563210804577e+00,2.356421079504768645e+00
8.693095922450323698e+00,4.657487801113509462e+00,2.190409109433584245e+00
8.794252419239688479e+00,4.787529836541283501e+00,2.043065178774292612e+00
8.897502520614983368e+00,4.915916002360741999e+00,1.913269398734360083e+00
9.002779404100815341e+00,5.042645579266417322e+00,1.800043955706936538e+00
9.110018073328163268e+00,5.167719545879161380e+00,1.702601061085148304e+00
9.219155356266238499e+00,5.291140400185829762e+00,1.620077113931018831e+00
9.330129902110423146e+00,5.412912004946491606e+00,1.551728390106686506e+00
9.442882255542743408e+00,5.533039535288232003e+00,1.496666018409253951e+00
9.557354689616676779e+00,5.651529183409538248e+00,1.454039270778755721e+00
9.673491255813024381e+00,5.768388122268505391e+00,1.422848838054563192e+00
9.791237959696022841e+00,5.883624591828000128e+00,1.402085432144542620e+00
9.912209268218964198e+00,5.998813429716147283e+00,1.390574024042640300e+00
1.003472924631126695e+01,6.112353717990947288e+00,1.387587599679119377e+00
1.015703908282654488e+01,6.222735062338544232e+00,1.391876607684230382e+00
1.028075874335151063e+01,6.331533944252018209e+00,1.402337496151228491e+00
1.040584282435012220e+01,6.438761799202021407e+00,1.418028716239872811e+00
1.053224714228999659e+01,6.544430153973059383e+00,1.438100716968572446e+00
1.065992873070800506e+01,6.648550634543041404e+00,1.461777374218427461e+00
1.078884704813459372e+01,6.751135922989743854e+00,1.488397959637754786e+00
1.091896349124983878e+01,6.852199275574754722e+00,1.517373861406537072e+00
1.105023890852879553e+01,6.951752604403238500e+00,1.548212266137393378e+00
1.118263594439026143e+01,7.049808358555437415e+00,1.580478474200879502e+00
1.131611952972611945e+01,7.146379824326256625e+00,1.613821850101463395e+00
1.145065527599406430e+01,7.241479915666486633e+00,1.647936500938137261e+00
1.158621014741725297e+01,7.335121679391765959e+00,1.682570621348320916e+00
1.172831170497257247e+01,7.431027932182391993e+00,1.718914639812201717e+00
1.187144744818542463e+01,7.525383804494545359e+00,1.755389038544720171e+00
1.201062740685313024e+01,7.615047675410894001e+00,1.790587957020713716e+00
1.215071159928354305e+01,7.703292205248807534e+00,1.825628693765220856e+00
1.229098232807157309e+01,7.789710142067667320e+00,1.860223634982588248e+00
1.243209402150331222e+01,7.874747978956888161e+00,1.894475660507798143e+00
1.257402095559236166e+01,7.958418250340251632e+00,1.928266698217256936e+00
1.271673818717589555e+01,8.040733296006349562e+00,1.961551400432668846e+00
1.286022171259211255e+01,8.121705364129820026e+00,1.994230311618151008e+00
1.300444824876146299e+01,8.201346494421674294e+00,2.026617014432124275e+00
1.314939528872326058e+01,8.279668562062601822e+00,2.058659109939303899e+00
1.329504116903213173e+01,8.356683321979408774e+00,2.089378442777626965e+00
1.344136485632219191e+01,8.432402303214562522e+00,2.119633023630437041e+00
1.358834608661000054e+01,8.506836892795366367e+00,2.149184401953360801e+00
1.373967765805841523e+01,8.581817922935680798e+00,2.178726141205802325e+00
1.389165908317588283e+01,8.655472865663519144e+00,2.207525737761452778e+00
1.405034972543713501e+01,8.730661915185665478e+00,2.236615208956157730e+00
1.420970000500180852e+01,8.804442717652770867e+00,2.264912702367090969e+00
1.435985194506111107e+01,8.872425234866279098e+00,2.290890205238295341e+00
1.451055007377046913e+01,8.939188288208093525e+00,2.315774089219306831e+00
1.466171354902952473e+01,9.004714098768122454e+00,2.339961297888020209e+00
1.481339101986935169e+01,9.069041201822800602e+00,2.363445633869996954e+00
1.496556736092181517e+01,9.132179157106701695e+00,2.386435052052799488e+00
1.511822786809722707e+01,9.194137309994575347e+00,2.408205916207732056e+00
1.527135828906299508e+01,9.254924812722951089e+00,2.429340656195464909e+00
1.542494478738981378e+01,9.314550617499547158e+00,2.449776373754854575e+00
1.557897394945776703e+01,9.373023486586903985e+00,2.469839291711665386e+00
1.573343270389471193e+01,9.430351969027650938e+00,2.488575903065020078e+00
1.588830836244697764e+01,9.486544424097184347e+00,2.506768567911441536e+00
1.604358860573564272e+01,9.541609022523543260e+00,2.524205046249297535e+00
1.620606582995248957e+01,9.597883212381278284e+00,2.541618269723064039e+00
1.636895743313391804e+01,9.652946458843093325e+00,2.558252204405940589e+00
1.654003794121671334e+01,9.709342910094127532e+00,2.574839995458169994e+00
1.671154472850107453e+01,9.764429432594752711e+00,2.590555288866207118e+00
1.686964158334973618e+01,9.813943518738613037e+00,2.604292875678873465e+00
1.702807659202596469e+01,9.862364693162634310e+00,2.617350421707510755e+00
1.718596213083047530e+01,9.909441543744682335e+00,2.629660708204283548e+00
1.734416201851097483e+01,9.955451004061622200e+00,2.641309609226479171e+00
1.750266665013337430e+01,1.000039954596232938e+01,2.652309146490591019e+00
1.766146657684323173e+01,1.004429344633038035e+01,2.662672574546425697e+00
1.782055254153851465e+01,1.008713880396288687e+01,2.672415469871695759e+00
1.797991564133519304e+01,1.012894158719178073e+01,2.681550710733780818e+00
1.813954713849378564e+01,1.016970758570917788e+01,2.690092633096478281e+00
1.829943843465464326e+01,1.020944240986463392e+01,2.698057507260713361e+00
1.845958116258482917e+01,1.024815151853402817e+01,2.705458710082175866e+00
1.861996711143097727e+01,1.028584020425713952e+01,2.712324737118078311e+00
1.878439923475850648e+01,1.032337081912115728e+01,2.718793514059445915e+00
1.894906941361898234e+01,1.035984277665844466e+01,2.724751431837179716e+00
1.912979309545585238e+01,1.039860228894731087e+01,2.730680382208213075e+00
1.931078214065385623e+01,1.043610317303937585e+01,2.735980638130207421e+00
1.947928530548803749e+01,1.046984600519330222e+01,2.740421195159743473e+00
1.964800068428275281e+01,1.050251123736427772e+01,2.744397377115514125e+00
1.980994337036708686e+01,1.053282065880904028e+01,2.747801645402273341e+00
1.997206678791219403e+01,1.056214800003565024e+01,2.750823513467965054e+00
2.013436410531140908e+01,1.059049714791788865e+01,2.753478810886146988e+00
2.029682862392820653e+01,1.061787185145687928e+01,2.755782665282911381e+00
2.045945375286505552e+01,1.064427571965167552e+01,2.757759256570319284e+00
2.062223299566506896e+01,1.066971222186267454e+01,2.759426388194003987e+00
2.078515998195208425e+01,1.069418469501204250e+01,2.760803887310093518e+00
2.094822839775529033e+01,1.071769633508468722e+01,2.761913763888873774e+00
2.111143200325495073e+01,1.074025020271722930e+01,2.762779782797875505e+00
2.127476471923017343e+01,1.076184923678182948e+01,2.763422484985858407e+00
2.143830062597590214e+01,1.078250612286799637e+01,2.763859916182533460e+00
2.160195376598922934e+01,1.080221272154010315e+01,2.764132015392957609e+00
2.177759079126072095e+01,1.082229431099981731e+01,2.764233229569625472e+00
2.195334870786133408e+01,1.084128879183156613e+01,2.764168597560710872e+00
2.213814057517984324e+01,1.086007824536711119e+01,2.763954272939916468e+00
2.232304995206629528e+01,1.087767372429874335e+01,2.763575065020564381e+00
2.249035771048746213e+01,1.089255963709160291e+01,2.763152530158291764e+00
2.265774911238385769e+01,1.090647349313824499e+01,2.762677700192922803e+00
2.282201318536784029e+01,1.091917856111888874e+01,2.762160533384665939e+00
2.298634667343016957e+01,1.093095181181046271e+01,2.761613755316742136e+00
2.315074416678227820e+01,1.094179474361028959e+01,2.761049192658429519e+00
2.331520029475103684e+01,1.095170873475525575e+01,2.760480439306365774e+00
2.347970972352581853e+01,1.096069504398518113e+01,2.759921700423023871e+00
2.364426714899181903e+01,1.096875481088710558e+01,2.759383949305210137e+00
2.380886729901884991e+01,1.097588905669877235e+01,2.758880987193827572e+00
2.397350492393527688e+01,1.098209868445801973e+01,2.758420200595316008e+00
2.413817479844867364e+01,1.098738447964644038e+01,2.758011498602953804e+00
2.430287171637017352e+01,1.099174711043706765e+01,2.757663968821880029e+00
2.446888642457584240e+01,1.099521053458765429e+01,2.757377310901774958e+00
2.463491803181903705e+01,1.099773721590844566e+01,2.757181333635763565e+00
2.481745550952392421e+01,1.099943432588562331e+01,2.757050285450997951e+00
2.500000000000001421e+01,1.099999999999999467e+01,2.756992506429182477e+00
2.518254449047610422e+01,1.099943432588561976e+01,2.757044689625149481e+00
2.536508196818099137e+01,1.099773721590844566e+01,2.757170205033981247e+00
2.553111357542422866e+01,1.099521053458765429e+01,2.757363564078937124e+00
2.569712828362984425e+01,1.099174711043706765e+01,2.757647480291677944e+00
2.586182520155134412e+01,1.098738447964643505e+01,2.757991917751935418e+00
2.602649507606474799e+01,1.098209868445801796e+01,2.758397263716700021e+00
2.619113270098116786e+01,1.097588905669877413e+01,2.758851042821884203e+00
2.635573285100820229e+01,1.096875481088710558e+01,2.759346524602012352e+00
2.652029027647420634e+01,1.096069504398517935e+01,2.759876619268588183e+00
2.668479970524898448e+01,1.095170873475525397e+01,2.760427428989899123e+00
2.684925583321772535e+01,1.094179474361029136e+01,2.760987798590731401e+00
2.701365332656984464e+01,1.093095181181046094e+01,2.761544154667114892e+00
2.717798681463216326e+01,1.091917856111888341e+01,2.762087326516374564e+00
2.734225088761614941e+01,1.090647349313824321e+01,2.762601499247648196e+00
2.750964228951253787e+01,1.089255963709160291e+01,2.763076195460745677e+00
2.767695004793370472e+01,1.087767372429873980e+01,2.763499573192562675e+00
2.786185942482014255e+01,1.086007824536711119e+01,2.763879536556345773e+00
2.804665129213862684e+01,1.084128879183156968e+01,2.764094570471244960e+00
2.822240920873924352e+01,1.082229431099981909e+01,2.764159381691635442e+00
2.839804623401073869e+01,1.080221272154010315e+01,2.764057748892888799e+00
2.856169937402404813e+01,1.078250612286799637e+01,2.763782324794711087e+00
2.872523528076976618e+01,1.076184923678183480e+01,2.763340658571437292e+00
2.888856799674499243e+01,1.074025020271723641e+01,2.762688741941451198e+00
2.905177160224466348e+01,1.071769633508468900e+01,2.761812508360447449e+00
2.921484001804787667e+01,1.069418469501204427e+01,2.760692459512368746e+00
2.937776700433489552e+01,1.066971222186267632e+01,2.759304928737695839e+00
2.954054624713490540e+01,1.064427571965167907e+01,2.757631761516670554e+00
2.970317137607175439e+01,1.061787185145688106e+01,2.755649460849098009e+00
2.986563589468855184e+01,1.059049714791788865e+01,2.753342542165515994e+00
3.002793321208777044e+01,1.056214800003565202e+01,2.750685065530877438e+00
3.019005662963287051e+01,1.053282065880904561e+01,2.747659808774353785e+00
3.035199931571720455e+01,1.050251123736428127e+01,2.744251794436925795e+00
3.052071469451192698e+01,1.046984600519330577e+01,2.740266700465864957e+00
3.068921785934610469e+01,1.043610317303937940e+01,2.735817975048638662e+00
3.087020690454410499e+01,1.039860228894731620e+01,2.730505086791942038e+00
3.105093058638098569e+01,1.035984277665844822e+01,2.724561291989710199e+00
3.121560076524146154e+01,1.032337081912115551e+01,2.718593407682485363e+00
3.138003288856900141e+01,1.028584020425713952e+01,2.712112917059506412e+00
3.154041883741513885e+01,1.024815151853402817e+01,2.705239741726872094e+00
3.170056156534531056e+01,1.020944240986463747e+01,2.697830534396247426e+00
3.186045286150617528e+01,1.016970758570918143e+01,2.689859902107565759e+00
3.202008435866476077e+01,1.012894158719178428e+01,2.681312028702885986e+00
3.217944745846142496e+01,1.008713880396289397e+01,2.672172713603198080e+00
3.233853342315670432e+01,1.004429344633038923e+01,2.662425084201592185e+00
3.249733334986655109e+01,1.000039954596233827e+01,2.652058035221404708e+00
3.265583798148895767e+01,9.955451004061631082e+00,2.641054193233271175e+00
3.281403786916944654e+01,9.909441543744694769e+00,2.629405144761864488e+00
3.297192340797396071e+01,9.862364693162648521e+00,2.617094906731716186e+00
3.313035841665016790e+01,9.813943518738629024e+00,2.604037708443185384e+00
3.328845527149882599e+01,9.764429432594774028e+00,2.590303187966258580e+00
3.345996205878317653e+01,9.709342910094152401e+00,2.574586016254208687e+00
3.363104256686596472e+01,9.652946458843123523e+00,2.557994097888291574e+00
3.379393417004740030e+01,9.597883212381304929e+00,2.541359437988818915e+00
3.395641139426425781e+01,9.541609022523566352e+00,2.523939517120029841e+00
3.411169163755292999e+01,9.486544424097207440e+00,2.506489924879277797e+00
3.426656729610520102e+01,9.430351969027674031e+00,2.488311888451947063e+00
3.442102605054213882e+01,9.373023486586923525e+00,2.469384815141953737e+00
3.457505521261010273e+01,9.314550617499568474e+00,2.449706052543574764e+00
3.472864171093691255e+01,9.254924812722975958e+00,2.429272320453037537e+00
3.488177213190266457e+01,9.194137309994605545e+00,2.408076965852422813e+00
3.503443263907807648e+01,9.132179157106728340e+00,2.386119694213990616e+00
3.518660898013055061e+01,9.069041201822832576e+00,2.363396368694727467e+00
3.533828645097037935e+01,9.004714098768152652e+00,2.339909635636262308e+00
3.548944992622943317e+01,8.939188288208123723e+00,2.315656188719507735e+00
3.564014805493878413e+01,8.872425234866314625e+00,2.290627505286146448e+00
3.579029999499808667e+01,8.804442717652806394e+00,2.264847091855354044e+00
3.594965027456274242e+01,8.730661915185711663e+00,2.236565696816735116e+00
3.610834091682397684e+01,8.655472865663572435e+00,2.207414232540739540e+00
3.626032234194143200e+01,8.581817922935737641e+00,2.178584073084722128e+00
3.641165391338983426e+01,8.506836892795433869e+00,2.148995792180437903e+00
3.655863514367764111e+01,8.432402303214635353e+00,2.119405577231833870e+00
3.670495883096769063e+01,8.356683321979486934e+00,2.089126141385279745e+00
3.685060471127656712e+01,8.279668562062676429e+00,2.058174229136703115e+00
3.699555175123837358e+01,8.201346494421748901e+00,2.026574055209840797e+00
3.713977828740772935e+01,8.121705364129892857e+00,1.994358275627658328e+00
3.728326181282394458e+01,8.040733296006420616e+00,1.961560040933818305e+00
3.742597904440746959e+01,7.958418250340328015e+00,1.928224379029477742e+00
3.756790597849653324e+01,7.874747978956963657e+00,1.894401179843595129e+00
3.770901767192827236e+01,7.789710142067742815e+00,1.860153187775168471e+00
3.784928840071629708e+01,7.703292205248889246e+00,1.825551388907308281e+00
3.798937259314671167e+01,7.615047675410978378e+00,1.790512278767463661e+00
3.812855255181441549e+01,7.525383804494632400e+00,1.755308453636023058e+00
3.827168829502725345e+01,7.431027932182491469e+00,1.718827937442237275e+00
3.841378985258256051e+01,7.335121679391875205e+00,1.682474189091622163e+00
3.854934472400575629e+01,7.241479915666595879e+00,1.647832429713683267e+00
3.868388047027370646e+01,7.146379824326361430e+00,1.613708308114998990e+00
3.881736405560956626e+01,7.049808358555543109e+00,1.580356737863083838e+00
3.894976109147103216e+01,6.951752604403346858e+00,1.548079800514531756e+00
3.908103650874998891e+01,6.852199275574862192e+00,1.517236605681058004e+00
3.921115295186524463e+01,6.751135922989849547e+00,1.488254303313872207e+00
3.934007126929183329e+01,6.648550634543147986e+00,1.461631768797312159e+00
3.946775285770983999e+01,6.544430153973169517e+00,1.437952835848209654e+00
3.959415717564970549e+01,6.438761799202137759e+00,1.417882981040353041e+00
3.971924125664831706e+01,6.331533944252142554e+00,1.402194704574082795e+00
3.984296091717329347e+01,6.222735062338669465e+00,1.391737600837618771e+00
3.996527075368857140e+01,6.112353717991069857e+00,1.387455556396754552e+00
4.008779073178087771e+01,5.998813429716273404e+00,1.390444259394673088e+00
4.020876204030381729e+01,5.883624591828132466e+00,1.401962301057235294e+00
4.032650874418681752e+01,5.768388122268631513e+00,1.422727345798187049e+00
4.044264531038317756e+01,5.651529183409660817e+00,1.453926834603636919e+00
4.055711774445710915e+01,5.533039535288357236e+00,1.496566795063631439e+00
4.066987009788943652e+01,5.412912004946610622e+00,1.551653963176412576e+00
4.078084464373363005e+01,5.291140400185944337e+00,1.620047673002292798e+00
4.088998192667171594e+01,5.167719545879275067e+00,1.702639060940476234e+00
4.099722059589905854e+01,5.042645579266527456e+00,1.800175515240546975e+00
4.110249747938490117e+01,4.915916002360853021e+00,1.913526720900478928e+00
4.120574758076019606e+01,4.787529836541400741e+00,2.043474966369336343e+00
4.130690407754956084e+01,4.657487801113625814e+00,2.191017635272246356e+00
4.140596698598955072e+01,4.525699563210927145e+00,2.357249421763884634e+00
4.150279422286632069e+01,4.392260211266290071e+00,2.543413279263841531e+00
4.159724832653957804e+01,4.257271595711994649e+00,2.750726088762090793e+00
4.168932433700508255e+01,4.120649907569623238e+00,2.981135247433488900e+00
4.177894723766993934e+01,3.982406711164681035e+00,3.236572373820095549e+00
4.186604067725574652e+01,3.842556254619095224e+00,3.519617691608051491e+00
4.195052707056095187e+01,3.701115729195781689e+00,3.833055579971904159e+00
4.203232784887628526e+01,3.558105324404264636e+00,4.180477119514018902e+00
4.211136359310643940e+01,3.413548511250413142e+00,4.565838518328260598e+00
4.218755424586684200e+01,3.267472247840173871e+00,4.994312405770646279e+00
4.226081940461978803e+01,3.119907075229194415e+00,5.471721239822382010e+00
4.233107856914897837e+01,2.970887338467150585e+00,6.005587776319125659e+00
4.239825146397325994e+01,2.820451306566292615e+00,6.604621666150572779e+00
4.246225837771041967e+01,2.668641291109915770e+00,7.280361109924350593e+00
4.252302051710198327e+01,2.515503770339501344e+00,8.046524612046741964e+00
4.258046038545777634e+01,2.361089495899248991e+00,8.921653801573301124e+00
4.263450220174729566e+01,2.205453526666653730e+00,9.928276013869430372e+00
4.268507233456259797e+01,2.048655234233565547e+00,1.109907028472478530e+01
4.273209973992764077e+01,1.890758304017266633e+00,1.247218726758632279e+01
4.277551641041203112e+01,1.731830703316585396e+00,1.411604708951062648e+01
4.281525784329132733e+01,1.571944562469397288e+00,1.608401889902238224e+01
4.285126350454739708e+01,1.411176011452433432e+00,1.858657244460753688e+01
4.288347727362827300e+01,1.249605015419630982e+00,2.154952879896851314e+01
4.291184787959706881e+01,1.087315146938544475e+00,2.606893526549280082e+01
4.293638827620296183e+01,9.239659689898118700e-01,3.035281118915010978e+01
4.295697845647032409e+01,7.600720611894259404e-01,4.236461653989626086e+01
4.297481141303043017e+01,5.817298453028244554e-01,4.592046328777546904e+01
4.298791724838557826e+01,4.029781145185810098e-01,1.052259164333431869e+02
4.299697735893213490e+01,2.015795571898134075e-01,1.169201238212902609e+02
4.299999999999997868e+01,-3.891030360572558130e-17,8.648902315929225324e+02
