x,y,stress
8.999999999999994671e+00,-3.398719768785102316e-13,7.411933632216727119e+02
9.002300575381777747e+00,2.204453695728381957e-01,1.171696034994967306e+02
9.009200278829457176e+00,4.407947495835513041e-01,9.381068321421648193e+01
9.019182668673170866e+00,6.363889965042545116e-01,4.520231341489331101e+01
9.032783078400930421e+00,8.317650156995983757e-01,3.994169376796085658e+01
9.047895864453570525e+00,1.005129707556773555e+00,2.967391228177750051e+01
9.065849590705713723e+00,1.178223261889929319e+00,2.556118898932414396e+01
9.085539869340966135e+00,1.342460178490602285e+00,2.161098758240516915e+01
9.107778628904886986e+00,1.506371470421346892e+00,1.891955827359999276e+01
9.132555124888980913e+00,1.669918411026157790e+00,1.663563207081919160e+01
9.159857457762262456e+00,1.833062708655216699e+00,1.480929817609383292e+01
9.189672600408224312e+00,1.995766545338749198e+00,1.326974752607982921e+01
9.221986429867474300e+00,2.157992624578918939e+00,1.196953266802437987e+01
9.256783757442361704e+00,2.319704196753654468e+00,1.085043944338545074e+01
9.294048365579453019e+00,2.480865107485527687e+00,9.878935657948883176e+00
9.333763042595395021e+00,2.641439823590316927e+00,9.026510961914889108e+00
9.375909618588650574e+00,2.801393457908858409e+00,8.272894592902408917e+00
9.420471907838875225e+00,2.960701885691588320e+00,7.601724784680453872e+00
9.467427346565996160e+00,3.119321442775083941e+00,7.000315375354317915e+00
9.517197202486133989e+00,3.278597834778704811e+00,6.454183578241247332e+00
9.569358928112308149e+00,3.437107035883571360e+00,5.960547038328797065e+00
9.623402896324929401e+00,3.593442484343833510e+00,5.516505071082730360e+00
9.679751493900830894e+00,3.748962140348874872e+00,5.111930715097942723e+00
9.738380983276709202e+00,3.903636357134455004e+00,4.742693005071479284e+00
9.799267010147463708e+00,4.057436315607691135e+00,4.404485245691157402e+00
9.862384640442925843e+00,4.210334016223513665e+00,4.082420390497807361e+00
9.927708401031599905e+00,4.362302281742477028e+00,3.801201269056548870e+00
9.995212327525784701e+00,4.513314775286707103e+00,3.539596152773551108e+00
1.006487000300120549e+01,4.663345995380753450e+00,3.301282902510396244e+00
1.013665460348342684e+01,4.812371285791136266e+00,3.075663464959237814e+00
1.021053893101127841e+01,4.960366818679207590e+00,2.876752972245158357e+00
1.028732247871652561e+01,5.108882165125698371e+00,2.691669516869925172e+00
1.036619425915790416e+01,5.256299157075876138e+00,2.524670714171274977e+00
1.044658545021050244e+01,5.401635716958890221e+00,2.375519306191186786e+00
1.052898020556394698e+01,5.545845873696453765e+00,2.242659567678363164e+00
1.061300268363885912e+01,5.688330327100456607e+00,2.126184953357549201e+00
1.069895525942296466e+01,5.829658868676131256e+00,2.025149551765081046e+00
1.078680920443653690e+01,5.969813403996674595e+00,1.939058015986545813e+00
1.087653570264532021e+01,6.108776602659675703e+00,1.867834458495992500e+00
1.096810589018716797e+01,6.246531900213653898e+00,1.810953029980328699e+00
1.106149087844277368e+01,6.383063474605868315e+00,1.767946357280749892e+00
1.115666178576125311e+01,6.518356237378592155e+00,1.738114972187548846e+00
1.125358975800638284e+01,6.652395809775573987e+00,1.720656422757277371e+00
1.135224600121442329e+01,6.785168517412309974e+00,1.714607675049661939e+00
1.145260179269576994e+01,6.916661356585647624e+00,1.718928956333132252e+00
1.155690604877490735e+01,7.049729889587439402e+00,1.732925934991147443e+00
1.166292560984583737e+01,7.181435891371919844e+00,1.755509852834904017e+00
1.176857880852610094e+01,7.309316710940851003e+00,1.784852850205148167e+00
1.187582549889689432e+01,7.435864152904851920e+00,1.820313734546067819e+00
1.198432940296113181e+01,7.560718254902707436e+00,1.860825749637300630e+00
1.209436193050454555e+01,7.684227331145971895e+00,1.905666441821025625e+00
1.220589559215907549e+01,7.806382809071878093e+00,1.954074345907055532e+00
1.231890285522279527e+01,7.927176359681498141e+00,2.005417520304595413e+00
1.243335641017520921e+01,8.046600175352427442e+00,2.059115002784905446e+00
1.254922945488269903e+01,8.164647226368950683e+00,2.114683312606375321e+00
1.266649536304762336e+01,8.281310874676341527e+00,2.171699415387998933e+00
1.278512765380559379e+01,8.396584827672219475e+00,2.229795904111552041e+00
1.290510003211769785e+01,8.510463163900070072e+00,2.288668274162112937e+00
1.302638674766481763e+01,8.622940646474685167e+00,2.348037109435204606e+00
1.315260641431967947e+01,8.737275529839887867e+00,2.409439536973304374e+00
1.328016453601061642e+01,8.850115240641780900e+00,2.470904774481761823e+00
1.340653754469785142e+01,8.959323265083760646e+00,2.531082048080410818e+00
1.353414619849980838e+01,9.067084880266136793e+00,2.590983196163606284e+00
1.366171895261904901e+01,9.172379502417784991e+00,2.649920114565251783e+00
1.379045488844103673e+01,9.276248784748277743e+00,2.708342356812073692e+00
1.392033005884299612e+01,9.378689787466381489e+00,2.766162774300951366e+00
1.405132107299748689e+01,9.479700068667799684e+00,2.823281918459756845e+00
1.418340480324982167e+01,9.579277428853528065e+00,2.879630011182778393e+00
1.431655825058333065e+01,9.677419802644308788e+00,2.935134778264868682e+00
1.445075883354944501e+01,9.774125465842312011e+00,2.989725332068000174e+00
1.458598421205915052e+01,9.869392890609706370e+00,3.043328770662688143e+00
1.472221233717555933e+01,9.963220772249217205e+00,3.095897471102750487e+00
1.485942153293967394e+01,1.005560807299435311e+01,3.147393846256913985e+00
1.500015214274931097e+01,1.014822071815823534e+01,3.198678904163060110e+00
1.514185588254036041e+01,1.023933745730656142e+01,3.248763451879171704e+00
1.528727093955232164e+01,1.033067132369042440e+01,3.298532287909040406e+00
1.543365119667780583e+01,1.042045015126257468e+01,3.346953373802839415e+00
1.557554828189986473e+01,1.050546192731999184e+01,3.392313736426004311e+00
1.571830003466796732e+01,1.058903061035312554e+01,3.436387922481034529e+00
1.586188678699324761e+01,1.067115634241285704e+01,3.479132247085053198e+00
1.600628913992818880e+01,1.075183939189975568e+01,3.520526700675706611e+00
1.615148797128031433e+01,1.083108015127843515e+01,3.560545350916600515e+00
1.629746441385909606e+01,1.090887911878935412e+01,3.599167568244884929e+00
1.644419987555115625e+01,1.098523690340943837e+01,3.636377267995665186e+00
1.659167600276252230e+01,1.106015419994757210e+01,3.672152030294750791e+00
1.673987468573231752e+01,1.113363178738825887e+01,3.706483918077279505e+00
1.688877809601431679e+01,1.120567054220400749e+01,3.739349838195601183e+00
1.703855206395473587e+01,1.127635690330056306e+01,3.770785547498237911e+00
1.718899741022751826e+01,1.134560286412171592e+01,3.800769738734711023e+00
1.734940956116886568e+01,1.141753221875891988e+01,3.830990494303706750e+00
1.751053854511624408e+01,1.148784113383784167e+01,3.859486884528248396e+00
1.766438421550269311e+01,1.155318835178693604e+01,3.884963368971529718e+00
1.781884286016775931e+01,1.161707323506064071e+01,3.909096679635083671e+00
1.797228546421415984e+01,1.167885669707231777e+01,3.932203707569383422e+00
1.812629598308736689e+01,1.173921057687313585e+01,3.952645250385460329e+00
1.828085858658068474e+01,1.179813618004085640e+01,3.971988718933330720e+00
1.843595768318769146e+01,1.185563484999186201e+01,3.989807937347753963e+00
1.859157786995119110e+01,1.191170794532434662e+01,4.006183108465092957e+00
1.874770389628336531e+01,1.196635682502115650e+01,4.021120002982985220e+00
1.890432069522618264e+01,1.201958285830755102e+01,4.034640503103231524e+00
1.906141340727368316e+01,1.207138743003807591e+01,4.046765823628110326e+00
1.921896733856178585e+01,1.212177192387987645e+01,4.057514172342392200e+00
1.937696794347695572e+01,1.217073771532693627e+01,4.066931356372447404e+00
1.953817420053788112e+01,1.221910478389012233e+01,4.075156801484959068e+00
1.969981302772758625e+01,1.226600597369539614e+01,4.082088772221760031e+00
1.987037327477303350e+01,1.231378342176976304e+01,4.087996765659748455e+00
2.004137913381929792e+01,1.235994054787381025e+01,4.092468618900699795e+00
2.020176352847267154e+01,1.240166014324646504e+01,4.095506485752460790e+00
2.036250951979189239e+01,1.244196406473535355e+01,4.097475721736410392e+00
2.052330429526724132e+01,1.248078273581738529e+01,4.098399839325912453e+00
2.068443245651404894e+01,1.251819350601233438e+01,4.098339249595153611e+00
2.084588075845911703e+01,1.255419759424877313e+01,4.097364822719338662e+00
2.100763608747987021e+01,1.258879619317919385e+01,4.095533924443905960e+00
2.116968544540584674e+01,1.262199046427968518e+01,4.092917870723400853e+00
2.133201591996705559e+01,1.265378153107759651e+01,4.089582680174642881e+00
2.149461470548039088e+01,1.268417048297600935e+01,4.085610252839553702e+00
2.165746910775627754e+01,1.271315837506879731e+01,4.081072858289606309e+00
2.182056651779561207e+01,1.274074622240407351e+01,4.076043968120573346e+00
2.198389441829154478e+01,1.276693500060522801e+01,4.070630428726703443e+00
2.215349798308405127e+01,1.279261643720829333e+01,4.064662914746370426e+00
2.232332226895603711e+01,1.281679531336143185e+01,4.058430152311532702e+00
2.249773569228398529e+01,1.284003684061562645e+01,4.051876795648841956e+00
2.267235226320700647e+01,1.286169935953634180e+01,4.045183595525037923e+00
2.283669051676724493e+01,1.288062613140470525e+01,4.038927083687706698e+00
2.300118335068044573e+01,1.289815873917518552e+01,4.032788138046932147e+00
2.316580844291520336e+01,1.291429686872844940e+01,4.026812297273338004e+00
2.333056412240618371e+01,1.292904226422530556e+01,4.021069650808676954e+00
2.349543847661265161e+01,1.294239547946131097e+01,4.015638247558713125e+00
2.366041963599280606e+01,1.295435701797340222e+01,4.010574029606659430e+00
2.382549577029791976e+01,1.296492733249429641e+01,4.005943445452640361e+00
2.399065508382624756e+01,1.297410682438667173e+01,4.001794132808345950e+00
2.415588581138544200e+01,1.298189584319344014e+01,3.998190172780825336e+00
2.432117621380178818e+01,1.298829468622195726e+01,3.995161983301092512e+00
2.448651457367897422e+01,1.299330359820695335e+01,3.992748256057802703e+00
2.465188919126925526e+01,1.299692277103488003e+01,3.991002419961404257e+00
2.482593779497385000e+01,1.299923070093717214e+01,3.989893695255769757e+00
2.499999999999986500e+01,1.299999999999999467e+01,3.989498705825269109e+00
2.517406220502587288e+01,1.299923070093717747e+01,3.989880481612949392e+00
2.534811080873044631e+01,1.299692277103488358e+01,3.990975042817823226e+00
2.551348542632075223e+01,1.299330359820695691e+01,3.992705281127796102e+00
2.567882378619792760e+01,1.298829468622196615e+01,3.995102912971976838e+00
2.584411418861433063e+01,1.298189584319344902e+01,3.998108995606874494e+00
2.600934491617346467e+01,1.297410682438668417e+01,4.001689376181028379e+00
2.617450422970178892e+01,1.296492733249431595e+01,4.005816886344751637e+00
2.633958036400689551e+01,1.295435701797341999e+01,4.010425109274431854e+00
2.650456152338703930e+01,1.294239547946133229e+01,4.015465352903786922e+00
2.666943587759349299e+01,1.292904226422532865e+01,4.020872026395976739e+00
2.683419155708446979e+01,1.291429686872847782e+01,4.026599649033927086e+00
2.699881664931922387e+01,1.289815873917521749e+01,4.032560245210283334e+00
2.716330948323242467e+01,1.288062613140474255e+01,4.038688610454701511e+00
2.732764773679266312e+01,1.286169935953637733e+01,4.044935574234520104e+00
2.750226430771574471e+01,1.284003684061565309e+01,4.051623035170411669e+00
2.767667773104374618e+01,1.281679531336145850e+01,4.058169382408865822e+00
2.784650201691572491e+01,1.279261643720832708e+01,4.064399156526432577e+00
2.801610558170823495e+01,1.276693500060525821e+01,4.070360470477077719e+00
2.817943348220417121e+01,1.274074622240410726e+01,4.075773913997216447e+00
2.834253089224349154e+01,1.271315837506883462e+01,4.080801302454525548e+00
2.850538529451936753e+01,1.268417048297605021e+01,4.085338176299523560e+00
2.866798408003269572e+01,1.265378153107763737e+01,4.089307667434704641e+00
2.883031455459390813e+01,1.262199046427972959e+01,4.092641392190814464e+00
2.899236391251987399e+01,1.258879619317924359e+01,4.095255642711243205e+00
2.915411924154062007e+01,1.255419759424882820e+01,4.097087220455353673e+00
2.931556754348567395e+01,1.251819350601238945e+01,4.098060179444265927e+00
2.947669570473248513e+01,1.248078273581743858e+01,4.098120594535300754e+00
2.963749048020784116e+01,1.244196406473541217e+01,4.097197401973969200e+00
2.979823647152706201e+01,1.240166014324652899e+01,4.095230104676220506e+00
2.995862086618042852e+01,1.235994054787387597e+01,4.092195418929307493e+00
3.012962672522672491e+01,1.231378342176982521e+01,4.087718701963055423e+00
3.030018697227219349e+01,1.226600597369545298e+01,4.081803873492968471e+00
3.046182579946189861e+01,1.221910478389018451e+01,4.074874162799742905e+00
3.062303205652282045e+01,1.217073771532699489e+01,4.066643018630859530e+00
3.078103266143800099e+01,1.212177192387993152e+01,4.057221416251874047e+00
3.093858659272611078e+01,1.207138743003813630e+01,4.046464646470650628e+00
3.109567930477360775e+01,1.201958285830761497e+01,4.034335570675510851e+00
3.125229610371642508e+01,1.196635682502121867e+01,4.020804077437579949e+00
3.140842213004859573e+01,1.191170794532440880e+01,4.005856326817290203e+00
3.156404231681209538e+01,1.185563484999193129e+01,3.989464740906978335e+00
3.171914141341910565e+01,1.179813618004093101e+01,3.971622425518320121e+00
3.187370401691241639e+01,1.173921057687320868e+01,3.952307671718879867e+00
3.202771453578561989e+01,1.167885669707239238e+01,3.931516029002962487e+00
3.218115713983203108e+01,1.161707323506071532e+01,3.909238829314110042e+00
3.233561578449710794e+01,1.155318835178700887e+01,3.885207862334429496e+00
3.248946145488356052e+01,1.148784113383790739e+01,3.859660513660869707e+00
3.265059043883095313e+01,1.141753221875898738e+01,3.831167424073499195e+00
3.281100258977229345e+01,1.134560286412178520e+01,3.800928110305588081e+00
3.296144793604507583e+01,1.127635690330063767e+01,3.770902900955563464e+00
3.311122190398548781e+01,1.120567054220408032e+01,3.739433821378549627e+00
3.326012531426749774e+01,1.113363178738832815e+01,3.706531336638394070e+00
3.340832399723728940e+01,1.106015419994765026e+01,3.672172746972830915e+00
3.355580012444865901e+01,1.098523690340951831e+01,3.636373038851760775e+00
3.370253558614071920e+01,1.090887911878943228e+01,3.599140668529424048e+00
3.384851202871951159e+01,1.083108015127850798e+01,3.560502853074972940e+00
3.399371086007163711e+01,1.075183939189983029e+01,3.520468624022622617e+00
3.413811321300659074e+01,1.067115634241293343e+01,3.479067786856653743e+00
3.428169996533187458e+01,1.058903061035319482e+01,3.436314749813568881e+00
3.442445171809998783e+01,1.050546192732005757e+01,3.392240291068282509e+00
3.456634880332205739e+01,1.042045015126264040e+01,3.346876619235996664e+00
3.471272906044752915e+01,1.033067132369050078e+01,3.298459435031123377e+00
3.485814411745946728e+01,1.023933745730664491e+01,3.248690253244427506e+00
3.499984785725052205e+01,1.014822071815832061e+01,3.198610216443841470e+00
3.514057846706015908e+01,1.005560807299444548e+01,3.147325945691981985e+00
3.527778766282427370e+01,9.963220772249309576e+00,3.095838403124440585e+00
3.541401578794069138e+01,9.869392890609798741e+00,3.043280111204747840e+00
3.554924116645040044e+01,9.774125465842402605e+00,2.989696801316658714e+00
3.568344174941652369e+01,9.677419802644394053e+00,2.935137994030523334e+00
3.581659519675002912e+01,9.579277428853616883e+00,2.879666013600400643e+00
3.594867892700236212e+01,9.479700068667888502e+00,2.823341522248670632e+00
3.607966994115685111e+01,9.378689787466472083e+00,2.766237488379212017e+00
3.620954511155881050e+01,9.276248784748378995e+00,2.708432194904979440e+00
3.633828104738078935e+01,9.172379502417893349e+00,2.650015885511155744e+00
3.646585380150003175e+01,9.067084880266245150e+00,2.591089024309647382e+00
3.659346245530198871e+01,8.959323265083872556e+00,2.531188800771976943e+00
3.671983546398922726e+01,8.850115240641896364e+00,2.471015871483252635e+00
3.684739358568015888e+01,8.737275529840008659e+00,2.409549001986643013e+00
3.697361325233500651e+01,8.622940646474811288e+00,2.348149515873381610e+00
3.709489996788213517e+01,8.510463163900194417e+00,2.288769202270400260e+00
3.721487234619424811e+01,8.396584827672342044e+00,2.229887964275955703e+00
3.733350463695221322e+01,8.281310874676474754e+00,2.171773686087878463e+00
3.745077054511712333e+01,8.164647226369089239e+00,2.114739575161855623e+00
3.756664358982462204e+01,8.046600175352567774e+00,2.059147708260375520e+00
3.768109714477704131e+01,7.927176359681644691e+00,2.005424684468707586e+00
3.779410440784075575e+01,7.806382809072029971e+00,1.954058238491084731e+00
3.790563806949528214e+01,7.684227331146130879e+00,1.905621973159654647e+00
3.801567059703869944e+01,7.560718254902867308e+00,1.860763424349630935e+00
3.812417450110294226e+01,7.435864152905010016e+00,1.820231161287604094e+00
3.823142119147373563e+01,7.309316710941009099e+00,1.784765650489747557e+00
3.833707439015400809e+01,7.181435891372073499e+00,1.755415506946762738e+00
3.844309395122493100e+01,7.049729889587605491e+00,1.732841894005989758e+00
3.854739820730406308e+01,6.916661356585822595e+00,1.718856742202885091e+00
3.864775399878541151e+01,6.785168517412486722e+00,1.714552592319533497e+00
3.874641024199345907e+01,6.652395809775749846e+00,1.720622748795282764e+00
3.884333821423859234e+01,6.518356237378769791e+00,1.738098468236055183e+00
3.893850912155706823e+01,6.383063474606053056e+00,1.767943905022222761e+00
3.903189410981267571e+01,6.246531900213848409e+00,1.810946197012927916e+00
3.912346429735451636e+01,6.108776602659872879e+00,1.867824174637633172e+00
3.921319079556330678e+01,5.969813403996865553e+00,1.939075065418936816e+00
3.930104474057689146e+01,5.829658868676322214e+00,2.025179171212792006e+00
3.938699731636098988e+01,5.688330327100660000e+00,2.126439966644596335e+00
3.947101979443590380e+01,5.545845873696666928e+00,2.243211842426680924e+00
3.955341454978934479e+01,5.401635716959110489e+00,2.376326680978206429e+00
3.963380574084194308e+01,5.256299157076110617e+00,2.525783539301615477e+00
3.971267752128332518e+01,5.108882165125931074e+00,2.693139389250366111e+00
3.978946106898857238e+01,4.960366818679434076e+00,2.878197219301700027e+00
3.986334539651642217e+01,4.812371285791373410e+00,3.079386798258099134e+00
3.993512999699865418e+01,4.663345995380993259e+00,3.299583717104059843e+00
4.000478767247408030e+01,4.513314775286944247e+00,3.539962021054135821e+00
4.007229159896826332e+01,4.362302281742715948e+00,3.802044121068729243e+00
4.013761535955693915e+01,4.210334016223755249e+00,4.087509763059387957e+00
4.020073298985241195e+01,4.057436315607940713e+00,4.398603733754416822e+00
4.026161901672316645e+01,3.903636357134703250e+00,4.737805285583699622e+00
4.032024850609905542e+01,3.748962140349111127e+00,5.108294263299543836e+00
4.037659710367496047e+01,3.593442484344067545e+00,5.513644615196550802e+00
4.043064107188758527e+01,3.437107035883805839e+00,5.958409263652396426e+00
4.048280279751376298e+01,3.278597834778946396e+00,6.452370999998192858e+00
4.053257265343389548e+01,3.119321442775326858e+00,6.998910482098072094e+00
4.057952809216101997e+01,2.960701885691836566e+00,7.600557574772944136e+00
4.062409038141125706e+01,2.801393457909106655e+00,8.272023013158458227e+00
4.066623695740451438e+01,2.641439823590568725e+00,9.025849561261484411e+00
4.070595163442045816e+01,2.480865107485777266e+00,9.878594666160529059e+00
4.074321624255755125e+01,2.319704196753913372e+00,1.085067097705596595e+01
4.077801357013244399e+01,2.157992624579186280e+00,1.197050062977807094e+01
4.081032739959169220e+01,1.995766545339030307e+00,1.327258268399864782e+01
4.084014254223765050e+01,1.833062708655516237e+00,1.481419711603024325e+01
4.086744487511094093e+01,1.669918411026466432e+00,1.664674819375153803e+01
4.089222137109504018e+01,1.506371470421664638e+00,1.893169595226399693e+01
4.091446013065896636e+01,1.342460178490923361e+00,2.165003033513803743e+01
4.093415040929422588e+01,1.178223261890257945e+00,2.557360696828949287e+01
4.095210413554637086e+01,1.005129707557113283e+00,2.981937079154705472e+01
4.096721692159901096e+01,8.317650156999514266e-01,3.986407233153449425e+01
4.098081733132678295e+01,6.363889965046054531e-01,4.568802953376290077e+01
4.099079972117049664e+01,4.407947495838943075e-01,9.319924676265290486e+01
4.099769942461818317e+01,2.204453695731738716e-01,1.174383299164263690e+02
4.099999999999997868e+01,-4.254171843536030921e-17,7.400981008866428965e+02
