x,y,stress
2.999999999999998668e+00,7.440288705880902720e-16,7.673768617384652089e+02
3.003204356198152070e+00,2.218715351940006297e-01,1.058921718155313272e+02
3.012809546277464889e+00,4.435582453642908929e-01,9.187824619774953305e+01
3.026690563722490790e+00,6.401682348841112313e-01,3.875657310716623272e+01
3.045576749682107565e+00,8.363607424076887620e-01,3.533299899170972935e+01
3.066519365349182014e+00,1.010165485530681195e+00,2.439799996000844828e+01
3.091351109962241051e+00,1.183457381039801692e+00,2.055210533516315508e+01
3.118470440379832009e+00,1.347306954400717682e+00,1.649783971106751679e+01
3.149022005259342283e+00,1.510551424818154409e+00,1.383990656650259155e+01
3.182966711346269850e+00,1.673124263303387371e+00,1.155132448394081379e+01
3.220261890181143283e+00,1.834961396244244591e+00,9.753850361691075221e+00
3.260861571010090554e+00,1.996001375540480627e+00,8.255855758298173086e+00
3.304716756485929441e+00,2.156185491187345704e+00,7.018323463471806356e+00
3.351775712512486738e+00,2.315457890996548862e+00,5.979424212466232902e+00
3.401984272747275551e+00,2.473765704857107117e+00,5.105107572149348627e+00
3.455286122974404517e+00,2.631059071222155765e+00,4.364659302755649506e+00
3.511623078694688704e+00,2.787291140919932797e+00,3.735614503945686060e+00
3.570940968120725589e+00,2.942432337844364643e+00,3.199178648199215491e+00
3.633173678749135771e+00,3.096427516896206100e+00,2.741013550773315099e+00
3.699508304209321974e+00,3.252097239553117802e+00,2.342634184751860360e+00
3.768737277268611852e+00,3.406501641102074096e+00,2.000325334138723044e+00
3.839433413428528841e+00,3.556782972019009392e+00,1.689697766252275191e+00
3.912789266996879345e+00,3.705784191060111255e+00,1.442249946522727644e+00
3.988740979837101630e+00,3.853479175928518075e+00,1.220594723687085992e+00
4.067224766784488743e+00,3.999844432674698691e+00,1.028560107629026721e+00
4.148177100609204082e+00,4.144859013129931213e+00,8.594031746315653475e-01
4.231534891919658037e+00,4.288504440376390114e+00,7.102299748253508849e-01
4.317235615999170051e+00,4.430764561625256448e+00,5.778523980746170796e-01
4.405217425435915324e+00,4.571625407048316880e+00,4.599988570705349500e-01
4.495419257488127762e+00,4.711075066585584281e+00,3.548201869603697656e-01
4.587781015893227732e+00,4.849103697635251287e+00,2.613754827792655888e-01
4.682530398704017216e+00,4.986111392697957889e+00,1.801289043537972479e-01
4.779334627789283196e+00,5.121675081898679593e+00,1.174766396491731674e-01
4.882719858405843105e+00,5.261913226760065676e+00,9.459400892744088130e-02
4.988225811002521937e+00,5.400562997443653757e+00,1.270279772864883749e-01
5.090761613667829977e+00,5.531307652186334245e+00,1.796182851384638957e-01
5.195115798143352670e+00,5.660605663636056661e+00,2.367529884218931291e-01
5.301187866798380277e+00,5.788400214942571509e+00,2.940543099193854704e-01
5.408974205720340045e+00,5.914752306734440523e+00,3.503964809464237828e-01
5.518425590207335141e+00,6.039664980507370551e+00,4.055158787178800850e-01
5.629494017936949923e+00,6.163142103038548925e+00,4.594253262377648861e-01
5.742132750018304144e+00,6.285188343754780860e+00,5.122381086011569273e-01
5.856296506072150798e+00,6.405809313757097279e+00,5.640797253308035275e-01
5.971941256835513023e+00,6.525011272411843422e+00,6.150957958935010517e-01
6.089024154348824602e+00,6.642801009755099351e+00,6.653894705545654320e-01
6.207503679029426458e+00,6.759185953731393859e+00,7.150839937701675142e-01
6.327339481764783891e+00,6.874173971391520865e+00,7.642585022665158156e-01
6.454452766535015762e+00,6.993295571815825618e+00,8.153525142173272400e-01
6.582971531455677372e+00,7.110899494384624653e+00,8.660078314888114415e-01
6.715153647380405211e+00,7.229028169102640788e+00,9.171827449398284315e-01
6.848704217401706096e+00,7.345607556171636965e+00,9.680034374568814437e-01
6.975044098054659081e+00,7.453445462061041304e+00,1.015359628658762725e+00
7.102515542659806336e+00,7.559943436697531105e+00,1.062486241789812214e+00
7.231067975587866847e+00,7.665096680437229359e+00,1.109380069499357191e+00
7.360688331160118558e+00,7.768930700985546167e+00,1.156064741067312607e+00
7.491346320694968419e+00,7.871455759059839075e+00,1.202547967272941110e+00
7.623012844200585114e+00,7.972682393160940961e+00,1.248832699323873863e+00
7.755659707938929337e+00,8.072621187581040303e+00,1.294923166284322802e+00
7.889259414296577511e+00,8.171282619167905992e+00,1.340815377760544491e+00
8.023785522425304961e+00,8.268677330337112608e+00,1.386507111163492567e+00
8.159212246661786239e+00,8.364815834094418534e+00,1.431991022554047754e+00
8.295514582215664845e+00,8.459708615357408590e+00,1.477261953218918622e+00
8.432668548000652464e+00,8.553366299586336652e+00,1.522317399006364536e+00
8.578038387787206176e+00,8.650698734543695423e+00,1.569523025573309249e+00
8.724300894848520116e+00,8.746684560770260575e+00,1.616462608364817255e+00
8.882123849371675206e+00,8.848142350492720354e+00,1.666493850155824630e+00
9.040913721469213016e+00,8.948080096848622489e+00,1.716164964841128127e+00
9.185944198561532659e+00,9.037541423315255784e+00,1.760974577230630223e+00
9.331726755539408558e+00,9.125771912073924241e+00,1.805488591900671791e+00
9.474516126314588504e+00,9.210590633566015484e+00,1.848560922552139552e+00
9.617981860809416972e+00,9.294260262931095085e+00,1.891320298556080859e+00
9.762105963420470545e+00,9.376790508991637907e+00,1.933749321534761645e+00
9.906871132789961010e+00,9.458191048524323463e+00,1.975836769937050041e+00
1.005226057135079820e+01,9.538471420744690121e+00,2.017569402894694441e+00
1.019825787307270382e+01,9.617640974584025670e+00,2.058929502254538413e+00
1.034484718022605421e+01,9.695708963451444617e+00,2.099898097361549976e+00
1.049201309185620445e+01,9.772684501233955601e+00,2.140465604053230386e+00
1.063974064727947955e+01,9.848576560897898347e+00,2.180616494739431310e+00
1.078801535689630064e+01,9.923393996799546812e+00,2.220338270833982275e+00
1.093778067079306204e+01,9.997615820515822094e+00,2.259866802305000366e+00
1.108807197657224464e+01,1.007076672290525998e+01,2.298943219296775808e+00
1.125354471264985889e+01,1.014979841722200327e+01,2.341260604782058774e+00
1.141961689316253725e+01,1.022756261200155770e+01,2.382977582560605434e+00
1.159540704580506443e+01,1.030822046457157271e+01,2.426318700909446235e+00
1.177182623029167807e+01,1.038749305212144414e+01,2.468931118310618622e+00
1.193045230651920896e+01,1.045737017193613383e+01,2.506494376860557427e+00
1.208955583177273319e+01,1.052615327136576973e+01,2.543478034146094302e+00
1.224243761176792411e+01,1.059103957419150710e+01,2.578311710003604151e+00
1.239573546391826397e+01,1.065493669001824983e+01,2.612613194758550694e+00
1.254943889984454408e+01,1.071785182247308299e+01,2.646636589564472786e+00
1.270353778816281221e+01,1.077979207213274293e+01,2.679544586457717870e+00
1.285802224690884898e+01,1.084076439632246469e+01,2.711977895688454154e+00
1.301288260205830305e+01,1.090077559853988909e+01,2.743808587608160821e+00
1.316810948463029796e+01,1.095983237138234934e+01,2.775185590416238135e+00
1.332369369755306643e+01,1.101794124973769406e+01,2.805571971465606662e+00
1.347962623735866394e+01,1.107510862532485341e+01,2.835398221799277252e+00
1.363589846271394634e+01,1.113134081220515981e+01,2.864529283371628043e+00
1.379267791104976482e+01,1.118670555048696613e+01,2.893001783543380334e+00
1.394978097530411532e+01,1.124114522567073315e+01,2.920777071561772686e+00
1.411953912570508507e+01,1.129881800357753008e+01,2.949881162329567985e+00
1.428965419837485307e+01,1.135542933498633111e+01,2.978144438957414319e+00
1.447948333862268733e+01,1.141722502786186055e+01,3.008552791609021781e+00
1.466973002475508636e+01,1.147772305672024373e+01,3.037817343754827260e+00
1.484891613729537596e+01,1.153341165878877028e+01,3.064323311908643266e+00
1.502844973879019541e+01,1.158796962108791817e+01,3.089802666912829121e+00
1.519024750160815351e+01,1.163609017350278130e+01,3.111871015441929789e+00
1.535231133361534361e+01,1.168330689788939480e+01,3.133116406995843484e+00
1.551201631392707014e+01,1.172888554640871028e+01,3.153201228537516609e+00
1.567196569728570310e+01,1.177359896316632870e+01,3.172467726073290084e+00
1.583215319352650319e+01,1.181745180032748621e+01,3.190910450885958927e+00
1.599257258911221946e+01,1.186044858712847549e+01,3.208526055993027981e+00
1.615321779348523634e+01,1.190259374606521270e+01,3.225314281927151860e+00
1.631408290230183766e+01,1.194389161155705814e+01,3.241272501947714435e+00
1.647516210214129373e+01,1.198434640692542352e+01,3.256401075981050219e+00
1.663644968606950414e+01,1.202396225129320584e+01,3.270699316695086623e+00
1.679794005997636930e+01,1.206274316357517939e+01,3.284169941673057203e+00
1.695962773977284499e+01,1.210069306395434197e+01,3.296824035793513907e+00
1.712358670182161902e+01,1.213828697655601907e+01,3.308789943209933693e+00
1.728773705755941492e+01,1.217503619318742558e+01,3.319961798638893402e+00
1.746977938468119262e+01,1.221476095195620104e+01,3.331330583887253116e+00
1.765204274943032559e+01,1.225345891436864321e+01,3.341720925941088272e+00
1.785262929711218405e+01,1.229481602727862288e+01,3.351991132391036743e+00
1.805346522922491559e+01,1.233494461931941721e+01,3.361035824076921585e+00
1.823855487135531916e+01,1.237080367966580674e+01,3.368385705945194264e+00
1.842384136315217802e+01,1.240563132356499132e+01,3.374772184496563909e+00
1.859033003653848581e+01,1.243602024148408880e+01,3.379739482705123255e+00
1.875696710341751938e+01,1.246558463177818687e+01,3.383999509482715773e+00
1.892063468097920165e+01,1.249379867882916528e+01,3.387504182935623831e+00
1.908443622372575632e+01,1.252122427709442043e+01,3.390358476439393254e+00
1.924836739735004443e+01,1.254786407084035993e+01,3.392589453787386411e+00
1.941242393475918249e+01,1.257372062218795072e+01,3.394216161598904602e+00
1.957660162733257536e+01,1.259879641088666524e+01,3.395272840357356881e+00
1.974089631838119629e+01,1.262309383455963463e+01,3.395780321575927907e+00
1.990530390301756825e+01,1.264661520993729482e+01,3.395771299021686840e+00
2.006982033868783688e+01,1.266936277544268385e+01,3.395272684659527584e+00
2.023444163118942640e+01,1.269133869016424576e+01,3.394315337923130560e+00
2.039916382787186322e+01,1.271254503404369451e+01,3.392938243562509726e+00
2.056574754148619988e+01,1.273319841498430982e+01,3.391130149639395519e+00
2.073242635903247333e+01,1.275306969788068656e+01,3.388994467603718252e+00
2.091667659205293717e+01,1.277411618304933860e+01,3.386212426918121743e+00
2.110103284144810942e+01,1.279421286655087897e+01,3.383106014200560008e+00
2.130657199387198020e+01,1.281548985564597132e+01,3.379276763308356024e+00
2.151222921931933385e+01,1.283559358138496620e+01,3.375097231863594782e+00
2.170592723357687603e+01,1.285344884892758799e+01,3.370974929575242474e+00
2.189971785489647615e+01,1.287026927891532146e+01,3.366684040356759944e+00
2.207211681825768324e+01,1.288435911237369780e+01,3.362803266326944485e+00
2.224458046591041693e+01,1.289763376652572902e+01,3.358906663732782238e+00
2.241022948199940501e+01,1.290961362451888483e+01,3.355175137400038921e+00
2.257593097714935482e+01,1.292084430562237962e+01,3.351491840908932929e+00
2.274168148407272483e+01,1.293132684593240356e+01,3.347882802547490044e+00
2.290747755459764790e+01,1.294106221121671041e+01,3.344378728312566995e+00
2.307331576181554311e+01,1.295005129748527040e+01,3.341011748475096077e+00
2.323919269592551728e+01,1.295829493113699549e+01,3.337809723985421417e+00
2.340510496469379831e+01,1.296579386935132305e+01,3.334800273400863269e+00
2.357104919029255541e+01,1.297254880026311419e+01,3.332008609046713588e+00
2.373702200719506195e+01,1.297856034319435281e+01,3.329461078765586723e+00
2.390302006566466986e+01,1.298382904904374513e+01,3.327178753394807398e+00
2.406928849803217574e+01,1.298836161810091916e+01,3.325172760881506040e+00
2.423557555049059786e+01,1.299215002495289184e+01,3.323488833073192428e+00
2.441528660413196050e+01,1.299540769422640807e+01,3.322013501692571591e+00
2.459501129887932791e+01,1.299779712118461639e+01,3.320939403581816052e+00
2.479750265373460394e+01,1.299944929899874069e+01,3.320198128618279121e+00
2.499999999999994316e+01,1.299999999999999112e+01,3.319931239724204897e+00
2.520249734626530369e+01,1.299944929899873891e+01,3.320195663433505029e+00
2.540498870112058682e+01,1.299779712118461639e+01,3.320934596258504623e+00
2.558471339586798265e+01,1.299540769422641340e+01,3.322005258891448598e+00
2.576442444950930621e+01,1.299215002495289362e+01,3.323476508282594999e+00
2.593071150196781716e+01,1.298836161810091916e+01,3.325154254271195153e+00
2.609697993433525554e+01,1.298382904904374691e+01,3.327153869223116178e+00
2.626297799280485279e+01,1.297856034319435814e+01,3.329427677689829501e+00
2.642895080970735577e+01,1.297254880026311774e+01,3.331966319978460156e+00
2.659489503530611998e+01,1.296579386935132661e+01,3.334749005556961965e+00
2.676080730407440456e+01,1.295829493113699726e+01,3.337749769205090811e+00
2.692668423818437873e+01,1.295005129748527395e+01,3.340943348626045584e+00
2.709252244540227395e+01,1.294106221121671574e+01,3.344302048458804411e+00
2.725831851592720056e+01,1.293132684593240711e+01,3.347800698372187078e+00
2.742406902285056702e+01,1.292084430562238317e+01,3.351404565723574702e+00
2.758977051800052038e+01,1.290961362451888839e+01,3.355083562100737105e+00
2.775541953408949425e+01,1.289763376652573257e+01,3.358810946812039067e+00
2.792788318174222795e+01,1.288435911237369957e+01,3.362702843544326470e+00
2.810028214510344213e+01,1.287026927891532679e+01,3.366579257157885419e+00
2.829407276642303160e+01,1.285344884892759865e+01,3.370864114021576263e+00
2.848777078068055957e+01,1.283559358138497508e+01,3.374979839960229544e+00
2.869342800612793098e+01,1.281548985564597842e+01,3.379153236929510307e+00
2.889896715855180531e+01,1.279421286655088608e+01,3.382972907330847434e+00
2.908332340794698112e+01,1.277411618304934571e+01,3.386072208131189587e+00
2.926757364096743430e+01,1.275306969788069189e+01,3.388844772939766159e+00
2.943425245851371130e+01,1.273319841498431337e+01,3.390977669105665893e+00
2.960083617212805862e+01,1.271254503404369984e+01,3.392784097779937724e+00
2.976555836881048833e+01,1.269133869016425109e+01,3.394165275918133329e+00
2.993017966131207785e+01,1.266936277544269096e+01,3.395127901338228504e+00
3.009469609698235004e+01,1.264661520993730370e+01,3.395633958720252199e+00
3.025910368161872555e+01,1.262309383455964351e+01,3.395650622194392732e+00
3.042339837266733937e+01,1.259879641088667412e+01,3.395150090587548242e+00
3.058757606524072870e+01,1.257372062218795961e+01,3.394099975841748495e+00
3.075163260264987386e+01,1.254786407084036526e+01,3.392479175326866603e+00
3.091556377627416907e+01,1.252122427709442931e+01,3.390253784357526445e+00
3.107936531902072730e+01,1.249379867882917416e+01,3.387404534289518487e+00
3.124303289658240246e+01,1.246558463177819398e+01,3.383905339863982675e+00
3.140966996346142892e+01,1.243602024148409235e+01,3.379650314350523210e+00
3.157615863684773672e+01,1.240563132356500198e+01,3.374691354439155244e+00
3.176144512864456715e+01,1.237080367966582806e+01,3.368306587921123807e+00
3.194653477077494586e+01,1.233494461931943853e+01,3.360961828432445397e+00
3.214737070288772003e+01,1.229481602727863709e+01,3.351915307679987688e+00
3.234795725056962112e+01,1.225345891436864676e+01,3.341642366981880663e+00
3.253022061531877540e+01,1.221476095195619926e+01,3.331250579740051343e+00
3.271226294244057442e+01,1.217503619318741670e+01,3.319875505618828271e+00
3.287641329817838454e+01,1.213828697655600664e+01,3.308700674920860951e+00
3.304037226022719409e+01,1.210069306395432776e+01,3.296729630766142005e+00
3.320205994002366623e+01,1.206274316357516696e+01,3.284072574373656739e+00
3.336355031393053849e+01,1.202396225129318807e+01,3.270597939674516841e+00
3.352483789785875956e+01,1.198434640692540043e+01,3.256295148704960063e+00
3.368591709769822273e+01,1.194389161155703505e+01,3.241162420568806546e+00
3.384678220651483116e+01,1.190259374606518605e+01,3.225200830517113371e+00
3.400742741088784271e+01,1.186044858712844530e+01,3.208407997850521554e+00
3.416784680647356964e+01,1.181745180032745246e+01,3.190788336303083561e+00
3.432803430271439282e+01,1.177359896316629495e+01,3.172341316193134197e+00
3.448798368607301512e+01,1.172888554640868009e+01,3.153073045488691939e+00
3.464768866638473810e+01,1.168330689788935928e+01,3.132988184990422642e+00
3.480975249839191576e+01,1.163609017350274755e+01,3.111740409882041369e+00
3.497155026120987742e+01,1.158796962108788797e+01,3.089677491841999579e+00
3.515108386270468799e+01,1.153341165878874541e+01,3.064195159206884789e+00
3.533026997524496693e+01,1.147772305672022242e+01,3.037691825689095904e+00
3.552051666137736419e+01,1.141722502786183746e+01,3.008427103863422936e+00
3.571034580162520200e+01,1.135542933498630269e+01,2.978014536720254402e+00
3.588046087429498243e+01,1.129881800357750166e+01,2.949761545689596698e+00
3.605021902469596995e+01,1.124114522567069052e+01,2.920664535759629921e+00
3.620732208895033466e+01,1.118670555048692172e+01,2.892900735631503295e+00
3.636410153728615313e+01,1.113134081220511362e+01,2.864439795637227171e+00
3.652037376264144086e+01,1.107510862532480722e+01,2.835302085628818247e+00
3.667630630244705259e+01,1.101794124973764255e+01,2.805472895330390237e+00
3.683189051536981395e+01,1.095983237138229605e+01,2.774966356625873320e+00
3.698711739794180886e+01,1.090077559853983757e+01,2.743793396255707062e+00
3.714197775309124694e+01,1.084076439632241851e+01,2.711969942937661138e+00
3.729646221183728017e+01,1.077979207213268964e+01,2.679507190893301249e+00
3.745056110015555362e+01,1.071785182247302792e+01,2.646421826325183968e+00
3.760426453608184261e+01,1.065493669001819477e+01,2.612725565180513243e+00
3.775756238823216648e+01,1.059103957419145736e+01,2.578432688507264370e+00
3.791044416822735741e+01,1.052615327136571644e+01,2.543564533011158257e+00
3.806954769348087808e+01,1.045737017193608587e+01,2.506569113341283739e+00
3.822817376970839831e+01,1.038749305212139618e+01,2.468983814307372793e+00
3.840459295419501018e+01,1.030822046457152830e+01,2.426370304251048271e+00
3.858038310683753025e+01,1.022756261200151329e+01,2.383022528722934297e+00
3.874645528735020150e+01,1.014979841722196241e+01,2.341297063790264144e+00
3.891192802342779089e+01,1.007076672290522801e+01,2.298976309338059743e+00
3.906221932920697526e+01,9.997615820515791896e+00,2.259888297392146583e+00
3.921198464310372600e+01,9.923393996799514838e+00,2.220354580174248582e+00
3.936025935272054710e+01,9.848576560897862819e+00,2.180627864805259719e+00
3.950798690814384173e+01,9.772684501233916521e+00,2.140474217604261931e+00
3.965515281977398132e+01,9.695708963451412643e+00,2.099908563844645304e+00
3.980174212692731572e+01,9.617640974583997249e+00,2.058942161852522101e+00
3.994773942864923555e+01,9.538471420744654594e+00,2.017591295215354741e+00
4.009312886721009050e+01,9.458191048524280831e+00,1.975867617304656099e+00
4.023789403657958275e+01,9.376790508991593498e+00,1.933786033292357320e+00
4.038201813919063454e+01,9.294260262931043570e+00,1.891358795635603940e+00
4.052548387368545946e+01,9.210590633565963969e+00,1.848598894683679550e+00
4.066827324446065006e+01,9.125771912073870951e+00,1.805523630031001803e+00
4.081405580143857748e+01,9.037541423315175848e+00,1.761007809973356375e+00
4.095908627853093265e+01,8.948080096848514131e+00,1.716192936691026016e+00
4.111787615062852552e+01,8.848142350492574693e+00,1.666523061956835638e+00
4.127569910515173746e+01,8.746684560770075834e+00,1.616491096268172223e+00
4.142196161221302475e+01,8.650698734543523116e+00,1.569546276482373104e+00
4.156733145199954294e+01,8.553366299586182109e+00,1.522338563753691254e+00
4.170448541778453233e+01,8.459708615357250494e+00,1.477280174537892732e+00
4.184078775333841094e+01,8.364815834094258662e+00,1.432007785098306618e+00
4.197621447757489932e+01,8.268677330336950959e+00,1.386523836062600434e+00
4.211074058570360990e+01,8.171282619167742567e+00,1.340832310261037330e+00
4.224434029206125274e+01,8.072621187580875102e+00,1.294942749361502221e+00
4.237698715579960407e+01,7.972682393160781089e+00,1.248854486473545133e+00
4.250865367930521899e+01,7.871455759059672985e+00,1.202572341819155399e+00
4.263931166884005108e+01,7.768930700985380078e+00,1.156091956056207737e+00
4.276893202441230812e+01,7.665096680437057053e+00,1.109410942358769470e+00
4.289748445734038285e+01,7.559943436697353469e+00,1.062520545207537692e+00
4.302495590194551767e+01,7.453445462060869886e+00,1.015397328808751665e+00
4.315129578259844578e+01,7.345607556171470875e+00,9.680436653474101538e-01
4.328484635261975910e+01,7.229028169102474699e+00,9.172257795680832659e-01
4.341702846854447984e+01,7.110899494384463004e+00,8.660540204296399702e-01
4.354554723346515033e+01,6.993295571815650646e+00,8.153972642769582446e-01
4.367266051823538220e+01,6.874173971391332572e+00,7.643019265980093291e-01
4.379249632097074851e+01,6.759185953731198460e+00,7.151174961761529447e-01
4.391097584565135747e+01,6.642801009754895070e+00,6.654096635919107827e-01
4.402805874316465662e+01,6.525011272411648910e+00,6.150931410276316846e-01
4.414370349392799397e+01,6.405809313756905432e+00,5.640494415233358039e-01
4.425786724998183530e+01,6.285188343754584572e+00,5.121752742676816128e-01
4.437050598206320728e+01,6.163142103038350861e+00,4.593234123418812320e-01
4.448157440979282029e+01,6.039664980507160941e+00,4.053749603109728650e-01
4.459102579427981539e+01,5.914752306734212262e+00,3.502058322546440228e-01
4.469881213320178404e+01,5.788400214942347688e+00,2.938146733674255051e-01
4.480488420185680098e+01,5.660605663635834617e+00,2.364518254719741586e-01
4.490923838633233345e+01,5.531307652186099766e+00,1.792491281356561328e-01
4.501177418899764149e+01,5.400562997443404178e+00,1.265926075237203685e-01
4.511728014159431410e+01,5.261913226759820539e+00,9.424296501970003126e-02
4.522066537221086691e+01,5.121675081898444226e+00,1.175136958387709707e-01
4.531746960129611779e+01,4.986111392697737621e+00,1.804897814389711252e-01
4.541221898410689306e+01,4.849103697635039900e+00,2.619880812124718017e-01
4.550458074251199747e+01,4.711075066585352467e+00,3.556988276714601049e-01
4.559478257456422057e+01,4.571625407048068190e+00,4.611767063467851480e-01
4.568276438400094008e+01,4.430764561625033515e+00,5.793840483395523711e-01
4.576846510808041302e+01,4.288504440376195603e+00,7.121819723752078612e-01
4.585182289939087497e+01,4.144859013129726932e+00,8.619079293922077278e-01
4.593277523321560096e+01,3.999844432674491301e+00,1.031603209520095765e+00
4.601125902016297431e+01,3.853479175928323119e+00,1.224806596484780741e+00
4.608721073300316817e+01,3.705784191059930066e+00,1.445856951020053183e+00
4.616056658657151246e+01,3.556782972018842415e+00,1.699777262426572344e+00
4.623126272273143655e+01,3.406501641101925326e+00,1.992653110386003013e+00
4.630049169579071133e+01,3.252097239552985020e+00,2.338495082118708712e+00
4.636682632125089043e+01,3.096427516896092413e+00,2.741673545389800015e+00
4.642905903187929084e+01,2.942432337844262058e+00,3.203153447969309564e+00
4.648837692130532417e+01,2.787291140919838206e+00,3.742885626676019761e+00
4.654471387702560747e+01,2.631059071222059398e+00,4.373369194198986065e+00
4.659801572725272223e+01,2.473765704857006309e+00,5.114098792892953327e+00
4.664822428748750127e+01,2.315457890996460044e+00,5.987825110976271681e+00
4.669528324351407633e+01,2.156185491187266656e+00,7.025752874228853528e+00
4.673913842898991078e+01,1.996001375540404021e+00,8.263088529092716072e+00
4.677973810981885094e+01,1.834961396244174203e+00,9.760236678345401984e+00
4.681703328865372526e+01,1.673124263303326975e+00,1.155862198628979876e+01
4.685097799474065283e+01,1.510551424818093347e+00,1.384560351630359776e+01
4.688152955962015511e+01,1.347306954400645518e+00,1.650941857178911576e+01
4.690864889003773186e+01,1.183457381039720646e+00,2.055492977157154399e+01
4.693348063465078468e+01,1.010165485530608365e+00,2.442823176214046299e+01
4.695442325031787334e+01,8.363607424076292540e-01,3.531586203009619851e+01
4.697330943627748923e+01,6.401682348840562753e-01,3.885258218008932829e+01
4.698719045372251202e+01,4.435582453642505918e-01,9.176534385256532289e+01
4.699679564380182484e+01,2.218715351939824498e-01,1.059951825879386575e+02
4.699999999999997868e+01,-4.276137012428463231e-17,7.672166084817702085e+02
