x,y,stress
5.999999999999997335e+00,-1.129142040936691505e-13,1.267436800918184872e+03
6.007093960993356241e+00,1.639431609221299047e-01,1.517571016563604189e+02
6.028183237699017205e+00,3.266809271044977536e-01,1.424038885243086270e+02
6.062707428189813008e+00,4.870688001020709867e-01,5.545821730743904254e+01
6.109836568616725749e+00,6.442202426225572820e-01,4.851535659182233928e+01
6.168551436279671840e+00,7.974259484379173646e-01,3.267701334318780937e+01
6.237745069385186802e+00,9.461987473289623640e-01,2.689938928558380837e+01
6.316303888027277047e+00,1.090251420133718341e+00,2.154145744863871315e+01
6.403164862819765268e+00,1.229460643067317172e+00,1.788408315593867570e+01
6.497349493661012332e+00,1.363827586614482223e+00,1.504053474300973825e+01
6.597979386229140708e+00,1.493441751669852380e+00,1.283794204026186314e+01
6.704279254585890691e+00,1.618451164982730228e+00,1.108086550566187434e+01
6.815572317808705982e+00,1.739039467550884455e+00,9.660190152974493571e+00
6.931271667507157730e+00,1.855409126080490356e+00,8.493834984419839529e+00
7.050870086458615127e+00,1.967769715264935826e+00,7.528468675839929958e+00
7.173929754039185092e+00,2.076330068057462785e+00,6.720282740559063051e+00
7.300072708182988812e+00,2.181293333546709956e+00,6.039023691172591413e+00
7.428972125673095839e+00,2.282853865750669620e+00,5.460641648639110279e+00
7.560344636532891904e+00,2.381195461376298006e+00,4.966566855253481627e+00
7.693943944481449471e+00,2.476490713054992021e+00,4.541968373755668864e+00
7.829555369301588463e+00,2.568900905686389624e+00,4.175752076415898628e+00
7.966991073540890866e+00,2.658576175700025690e+00,3.858581682583474226e+00
8.106086129799342288e+00,2.745655984399135274e+00,3.583152567514815701e+00
8.246695129730955642e+00,2.830269670528858139e+00,3.343101158691768493e+00
8.388689754041665836e+00,2.912537322220277058e+00,3.133600706625547350e+00
8.531956042325282041e+00,2.992570215919081900e+00,2.950048251200444671e+00
8.676392608589257094e+00,3.070471600796675027e+00,2.789697395187380025e+00
8.821909393312363790e+00,3.146337551466793059e+00,2.649498304390126346e+00
8.968424788550853677e+00,3.220256809423029498e+00,2.526859475893291851e+00
9.115865579078517911e+00,3.292311976820978980e+00,2.419703682475852879e+00
9.264166405131332382e+00,3.362580248014478634e+00,2.326026549707086222e+00
9.413267976689489558e+00,3.431133428459961277e+00,2.244148649207797774e+00
9.563116435588312925e+00,3.498038441017826461e+00,2.172699354299853169e+00
9.713662775674194449e+00,3.563357762221104785e+00,2.110228505233716856e+00
9.864862619661241894e+00,3.627149928209666641e+00,2.056039077512424207e+00
1.001667537382446937e+01,3.689469702407607521e+00,2.008964429379541450e+00
1.016906380194914838e+01,3.750368378440537054e+00,1.968982727359963159e+00
1.032199386795791618e+01,3.809894137570900785e+00,1.931935702683081013e+00
1.047543414950942342e+01,3.868092190379227358e+00,1.902287522936483510e+00
1.062935565532322535e+01,3.925005044468815818e+00,1.876486391793010799e+00
1.078373186035353370e+01,3.980672811120912868e+00,1.854763472774615618e+00
1.094048025075919384e+01,4.035808060504613159e+00,1.835969241050172673e+00
1.109764588346889091e+01,4.089742523395461404e+00,1.820221971969020691e+00
1.125384103899910038e+01,4.142059150910385235e+00,1.807202682570699270e+00
1.141040481851999289e+01,4.193262139550266276e+00,1.796474719257281638e+00
1.156673000865190026e+01,4.243196041108504346e+00,1.787793302311794674e+00
1.172338568545071347e+01,4.292083301869459078e+00,1.780870340247923789e+00
1.188035601710332578e+01,4.339950949923093937e+00,1.775489733006046178e+00
1.203762605126965468e+01,4.386824588124645707e+00,1.771460628270011384e+00
1.219518181727852024e+01,4.432728544186846698e+00,1.768610355455479288e+00
1.235301029085020375e+01,4.477685964586034295e+00,1.766790513170173327e+00
1.251109918140977229e+01,4.521718849376423321e+00,1.765868639203087564e+00
1.266943698106261351e+01,4.564848155019356923e+00,1.765727557010239313e+00
1.282801290806836292e+01,4.607093858207583104e+00,1.766260928589991730e+00
1.298681665865574431e+01,4.648474964009978727e+00,1.767407891096136385e+00
1.314995972548864778e+01,4.690048295390824684e+00,1.768994682761312331e+00
1.331332257467339630e+01,4.730749458123672646e+00,1.771437339271802358e+00
1.348104517865399821e+01,4.771595456000452984e+00,1.773900099872242508e+00
1.364897962498843320e+01,4.811561593095451173e+00,1.776716143816490678e+00
1.380881582663167961e+01,4.848755811716992881e+00,1.779678298401544234e+00
1.396882812026366771e+01,4.885185046424632915e+00,1.782867154278413357e+00
1.412900960784439697e+01,4.920863054094447797e+00,1.786222728808984916e+00
1.428935370897973378e+01,4.955803005233374137e+00,1.789712983827483450e+00
1.444985417016201268e+01,4.990017521685654600e+00,1.793302144157416400e+00
1.461050504457870503e+01,5.023518704937102619e+00,1.796963636534444797e+00
1.477130065629810574e+01,5.056318159045065208e+00,1.800671768497574154e+00
1.493223559797954003e+01,5.088427018602304841e+00,1.804405754498570325e+00
1.509330471503386306e+01,5.119855971807163897e+00,1.808147021657074305e+00
1.525450305870709045e+01,5.150615275948479344e+00,1.811879207898491329e+00
1.541582589816615467e+01,5.180714783004716217e+00,1.815586771449059666e+00
1.557726872345797631e+01,5.210163961468159854e+00,1.819261166054040535e+00
1.574795989384073103e+01,5.240580823433438340e+00,1.823087224386960914e+00
1.591877527491384470e+01,5.270292235593576180e+00,1.826850774537454480e+00
1.609633474080077420e+01,5.300418323081514949e+00,1.830680889547667833e+00
1.627401816044469740e+01,5.329804524614499606e+00,1.834417187606771193e+00
1.643700293275142599e+01,5.356101169178741905e+00,1.837762080686116573e+00
1.660008427177096380e+01,5.381792163402384865e+00,1.841022284867179559e+00
1.676228419868879982e+01,5.406736687779939210e+00,1.844174073284506887e+00
1.692457293045952937e+01,5.431096774600693955e+00,1.847233432775063466e+00
1.708694735514257346e+01,5.454879013115485620e+00,1.850198537465174597e+00
1.724940446100706026e+01,5.478089744413670026e+00,1.853067082712773983e+00
1.741194135639570462e+01,5.500735074717479911e+00,1.855837874674984844e+00
1.757455522775354950e+01,5.522820879257634985e+00,1.858510093532145246e+00
1.773724334264942826e+01,5.544352812244911277e+00,1.861083528658715069e+00
1.790000310327813793e+01,5.565336322574481187e+00,1.863558311110310672e+00
1.806283198509646581e+01,5.585776653639438649e+00,1.865934093658291992e+00
1.822572751902690058e+01,5.605678849109607675e+00,1.868214176631822987e+00
1.839209615431386879e+01,5.625447189015676308e+00,1.870439485239964839e+00
1.855852932005484490e+01,5.644664678046541262e+00,1.872571599008310272e+00
1.874308671246130586e+01,5.665328604728654405e+00,1.874816962409262544e+00
1.892771732040475996e+01,5.685327811764421035e+00,1.876938126059868095e+00
1.910457270105673544e+01,5.703860220463004005e+00,1.878864990526141643e+00
1.928148982321287264e+01,5.721793659675125987e+00,1.880686160683667341e+00
1.944511432271974982e+01,5.737845596455682262e+00,1.882282875863471538e+00
1.960878750860549857e+01,5.753393266714978971e+00,1.883798805466441850e+00
1.977220558916818405e+01,5.768412879731703136e+00,1.885231529599823430e+00
1.993566846265155235e+01,5.782936897965806899e+00,1.886585906677295865e+00
2.009917433061200498e+01,5.796968516990069098e+00,1.887865441397406308e+00
2.026272145530478852e+01,5.810510800808549980e+00,1.889071546483574338e+00
2.042630812774098814e+01,5.823566682685640927e+00,1.890207025207385705e+00
2.058993267751000289e+01,5.836138969465479498e+00,1.891274350153069106e+00
2.075359347171895763e+01,5.848230344707285866e+00,1.892275971855366334e+00
2.091728890459912193e+01,5.859843370982519062e+00,1.893214966553558698e+00
2.108101740558916859e+01,5.870980493385252963e+00,1.894093079094587351e+00
2.124477743262621132e+01,5.881644041768951503e+00,1.894915889418003152e+00
2.141385822709041165e+01,5.892157598001123375e+00,1.895706031120031998e+00
2.158296936940130806e+01,5.902171171969160746e+00,1.896445264936842179e+00
2.177154373041605595e+01,5.912748451416951490e+00,1.897204942317256782e+00
2.196015162888707195e+01,5.922709847079763001e+00,1.897894454786355878e+00
2.214096438528092747e+01,5.931682377264688277e+00,1.898502467076549793e+00
2.232180411662150021e+01,5.940093735600994407e+00,1.899055610959214047e+00
2.248681062857969337e+01,5.947279843448828096e+00,1.899516996785532763e+00
2.265183669112066767e+01,5.954002040270995444e+00,1.899942450569670260e+00
2.281582558248153347e+01,5.960223126040269825e+00,1.900327061243272331e+00
2.297983111772822440e+01,5.965988791677832026e+00,1.900676569266831484e+00
2.314385199803558635e+01,5.971300179372053485e+00,1.900991495939790443e+00
2.330788692843610477e+01,5.976158337796927178e+00,1.901274098137996749e+00
2.347193462534765018e+01,5.980564223465269613e+00,1.901525394317418183e+00
2.363599382458765774e+01,5.984518701855937373e+00,1.901747040871161198e+00
2.380006326828439356e+01,5.988022547877869250e+00,1.901939940711248278e+00
2.396414170393052601e+01,5.991076446652198406e+00,1.902105482463140040e+00
2.412822788851979539e+01,5.993680994278254737e+00,1.902244448571402513e+00
2.429232058371822234e+01,5.995836698322611014e+00,1.902358958360933272e+00
2.445972213630432179e+01,5.997573746255467242e+00,1.902449248853908870e+00
2.462712787811726756e+01,5.998844484693712786e+00,1.902518711364851400e+00
2.481356304375962196e+01,5.999711139262807080e+00,1.902566915129133562e+00
2.499999999999996803e+01,5.999999999999995559e+00,1.902579419428512386e+00
2.518643695624033541e+01,5.999711139262805304e+00,1.902565016355643346e+00
2.537287212188268271e+01,5.998844484693713675e+00,1.902514902608003933e+00
2.554027786369570308e+01,5.997573746255469018e+00,1.902443838237478202e+00
2.570767941628171727e+01,5.995836698322613678e+00,1.902352085121870484e+00
2.587177211148014777e+01,5.993680994278254737e+00,1.902237054245844661e+00
2.603585829606941004e+01,5.991076446652199294e+00,1.902097774158483912e+00
2.619993673171554249e+01,5.988022547877871027e+00,1.901932752959307082e+00
2.636400617541227476e+01,5.984518701855938261e+00,1.901740577661926723e+00
2.652806537465230008e+01,5.980564223465267837e+00,1.901520548359674878e+00
2.669211307156385260e+01,5.976158337796928066e+00,1.901270885057091409e+00
2.685614800196436036e+01,5.971300179372056149e+00,1.900988818849443929e+00
2.702016888227171876e+01,5.965988791677832914e+00,1.900674145112219993e+00
2.718417441751841324e+01,5.960223126040268937e+00,1.900323714818746179e+00
2.734816330887928260e+01,5.954002040270996332e+00,1.899937814609675257e+00
2.751318937142023913e+01,5.947279843448829872e+00,1.899509798117654302e+00
2.767819588337841452e+01,5.940093735600995295e+00,1.899045722372595835e+00
2.785903561471899792e+01,5.931682377264688277e+00,1.898490638369745742e+00
2.803984837111287476e+01,5.922709847079763890e+00,1.897880647629315520e+00
2.822845626958384813e+01,5.912748451416956819e+00,1.897189310099335557e+00
2.841703063059855694e+01,5.902171171969166075e+00,1.896427661440129198e+00
2.858614177290947111e+01,5.892157598001126928e+00,1.895687241672479262e+00
2.875522256737368920e+01,5.881644041768955944e+00,1.894895946042621571e+00
2.891898259441072838e+01,5.870980493385259180e+00,1.894071965230134769e+00
2.908271109540077859e+01,5.859843370982525279e+00,1.893192689910721649e+00
2.924640652828095000e+01,5.848230344707290307e+00,1.892253289995202037e+00
2.941006732248990474e+01,5.836138969465484827e+00,1.891251304351882379e+00
2.957369187225891594e+01,5.823566682685648033e+00,1.890183772317005184e+00
2.973727854469510490e+01,5.810510800808554421e+00,1.889048173200003511e+00
2.990082566938788133e+01,5.796968516990074427e+00,1.887842152383131245e+00
3.006433153734832686e+01,5.782936897965815781e+00,1.886562838682820820e+00
3.022779441083170227e+01,5.768412879731712906e+00,1.885208050584434192e+00
3.039121249139439485e+01,5.753393266714986076e+00,1.883774910738355235e+00
3.055488567728013294e+01,5.737845596455689368e+00,1.882258532939999673e+00
3.071851017678699947e+01,5.721793659675136645e+00,1.880661521527059232e+00
3.089542729894315087e+01,5.703860220463012887e+00,1.878839982143143628e+00
3.107228267959513346e+01,5.685327811764428141e+00,1.876912908317310835e+00
3.125691328753858400e+01,5.665328604728661510e+00,1.874791658118690085e+00
3.144147067994504496e+01,5.644664678046551920e+00,1.872546081164694787e+00
3.160790384568600331e+01,5.625447189015690519e+00,1.870414324231425285e+00
3.177427248097295731e+01,5.605678849109620998e+00,1.868189265610726846e+00
3.193716801490340274e+01,5.585776653639450195e+00,1.865909292796358754e+00
3.209999689672173417e+01,5.565336322574493622e+00,1.863533586755732996e+00
3.226275665735044385e+01,5.544352812244924600e+00,1.861058652380208622e+00
3.242544477224632260e+01,5.522820879257646531e+00,1.858485001586624108e+00
3.258805864360417814e+01,5.500735074717489681e+00,1.855812215084675421e+00
3.275059553899283316e+01,5.478089744413680684e+00,1.853040783284896298e+00
3.291305264485733062e+01,5.454879013115495390e+00,1.850171584321736562e+00
3.307542706954036760e+01,5.431096774600702837e+00,1.847205684374580326e+00
3.323771580131109715e+01,5.406736687779947204e+00,1.844145495292636827e+00
3.339991572822894028e+01,5.381792163402393747e+00,1.840992757986090078e+00
3.356299706724849585e+01,5.356101169178749011e+00,1.837731959729492770e+00
3.372598183955523865e+01,5.329804524614504047e+00,1.834386474286569424e+00
3.390366525919917251e+01,5.300418323081516725e+00,1.830649475325468289e+00
3.408122472508612333e+01,5.270292235593577068e+00,1.826818231597433284e+00
3.425204010615922812e+01,5.240580823433442781e+00,1.823054056724734417e+00
3.442273127654196685e+01,5.210163961468164295e+00,1.819226946702404701e+00
3.458417410183380269e+01,5.180714783004717106e+00,1.815551575342178037e+00
3.474549694129287758e+01,5.150615275948479344e+00,1.811842986829596214e+00
3.490669528496608365e+01,5.119855971807168338e+00,1.808109582205178700e+00
3.506776440202038714e+01,5.088427018602311946e+00,1.804367098655234924e+00
3.522869934370181966e+01,5.056318159045070537e+00,1.800631681628146463e+00
3.538949495542124168e+01,5.023518704937107948e+00,1.796922103728689990e+00
3.555014582983793048e+01,4.990017521685660817e+00,1.793259753318789729e+00
3.571064629102020405e+01,4.955803005233379466e+00,1.789668522796709738e+00
3.587099039215554797e+01,4.920863054094452238e+00,1.786175855894921227e+00
3.603117187973628432e+01,4.885185046424637356e+00,1.782812035717004751e+00
3.619118417336826354e+01,4.848755811716999098e+00,1.779613073113625932e+00
3.635102037501149397e+01,4.811561593095460054e+00,1.776615122437223970e+00
3.651895482134594317e+01,4.771595456000458313e+00,1.773732620628251988e+00
3.668667742532656462e+01,4.730749458123676199e+00,1.771183278825327445e+00
3.685004027451130781e+01,4.690048295390830013e+00,1.769077410939079664e+00
3.701318334134420240e+01,4.648474964009983168e+00,1.767420911424353980e+00
3.717198709193157669e+01,4.607093858207587544e+00,1.766308400318683303e+00
3.733056301893732609e+01,4.564848155019366693e+00,1.765777114106544587e+00
3.748890081859017442e+01,4.521718849376431315e+00,1.765918496793278614e+00
3.764698970914974296e+01,4.477685964586038736e+00,1.766839280105868770e+00
3.780481818272142647e+01,4.432728544186851138e+00,1.768657022661966671e+00
3.796237394873030979e+01,4.386824588124647484e+00,1.771506581257950907e+00
3.811964398289662626e+01,4.339950949923098378e+00,1.775540980528064416e+00
3.827661431454923502e+01,4.292083301869464407e+00,1.780928817832003075e+00
3.843326999134804112e+01,4.243196041108509675e+00,1.787862258128115833e+00
3.858959518147995027e+01,4.193262139550276046e+00,1.796558713518227268e+00
3.874615896100085877e+01,4.142059150910388787e+00,1.807304675448698994e+00
3.890235411653109310e+01,4.089742523395455187e+00,1.820354747506661708e+00
3.905951974924078485e+01,4.035808060504606942e+00,1.836166626121170875e+00
3.921626813964646630e+01,3.980672811120905763e+00,1.855026544429262625e+00
3.937064434467676222e+01,3.925005044468811377e+00,1.877037974256824615e+00
3.952456585049056059e+01,3.868092190379220696e+00,1.902874905304047459e+00
3.967800613204206428e+01,3.809894137570894568e+00,1.933044371491112745e+00
3.983093619805084984e+01,3.750368378440527284e+00,1.968140898165654296e+00
3.998332462617551641e+01,3.689469702407602636e+00,2.008809795847037005e+00
4.013513738033874745e+01,3.627149928209654650e+00,2.055809267678583296e+00
4.028633722432579134e+01,3.563357762221095903e+00,2.109956799896291813e+00
4.043688356441169418e+01,3.498038441017809586e+00,2.172232039650660251e+00
4.058673202331050334e+01,3.431133428459950618e+00,2.243695381462707861e+00
4.073583359486867295e+01,3.362580248014459983e+00,2.325607658778890308e+00
4.088413442092146255e+01,3.292311976820970543e+00,2.419337427244002470e+00
4.103157521144915876e+01,3.220256809423009070e+00,2.526544920473601241e+00
4.117809060668762555e+01,3.146337551466788618e+00,2.649047774920797682e+00
4.132360739141075356e+01,3.070471600796651046e+00,2.789058507889099481e+00
4.146804395767469487e+01,2.992570215919077903e+00,2.949009515083543587e+00
4.161131024595835726e+01,2.912537322220250413e+00,3.131945781981416044e+00
4.175330487026901238e+01,2.830269670528861248e+00,3.341254530575213266e+00
4.189391387020067015e+01,2.745655984399106408e+00,3.581223121218724881e+00
4.203300892645904696e+01,2.658576175700041677e+00,3.856678635364293672e+00
4.217044463069842664e+01,2.568900905686363867e+00,4.173875547042750433e+00
4.230605605551846082e+01,2.476490713055035098e+00,4.539985658145263336e+00
4.243965536346710365e+01,2.381195461376275802e+00,4.964443612836838327e+00
4.257102787432678070e+01,2.282853865750733124e+00,5.458312387857552572e+00
4.269992729181704050e+01,2.181293333546669988e+00,6.036402362890804341e+00
4.282607024596067191e+01,2.076330068057563150e+00,6.716578734075241641e+00
4.294912991354138398e+01,1.967769715264902963e+00,7.523290356109648691e+00
4.306872833249263266e+01,1.855409126080650450e+00,8.487121130233031607e+00
4.318442768219129846e+01,1.739039467550857143e+00,9.651014363259287521e+00
4.329572074541389526e+01,1.618451164982949386e+00,1.107062268726032706e+01
4.340202061377085130e+01,1.493441751669814632e+00,1.282989472773476081e+01
4.350265050633876029e+01,1.363827586614729359e+00,1.503505108771900112e+01
4.359683513718024983e+01,1.229460643067257442e+00,1.789514503641219179e+01
4.368369611197257285e+01,1.090251420133938831e+00,2.154685170669161209e+01
4.376225493061480165e+01,9.461987473289072970e-01,2.697760615976826415e+01
4.383144856372023668e+01,7.974259484380397112e-01,3.278478425808769003e+01
4.389016343138326448e+01,6.442202426225112077e-01,4.892170907010789449e+01
4.393729257181015413e+01,4.870688001020754831e-01,5.487678071780155165e+01
4.397181676230094638e+01,3.266809271044680552e-01,1.433631422783746530e+02
4.399290603900660557e+01,1.639431609221146668e-01,1.530390077011262520e+02
4.399999999999997868e+01,-3.167848994246979635e-17,1.269621020974216890e+03
