x,y,stress
5.999999999999997335e+00,3.885502664906929739e-16,1.137069806428571610e+03
6.005498446215097097e+00,1.683932990281492847e-01,1.389773504246394964e+02
6.021910501523850989e+00,3.360757334664997709e-01,1.320840792961433579e+02
6.048442655038207327e+00,4.995433810576458966e-01,5.084040464222925948e+01
6.084920590808143182e+00,6.610844281959590285e-01,4.779522127246181640e+01
6.130874825264609917e+00,8.201912517124185786e-01,3.184196709231568434e+01
6.185759485956192627e+00,9.764446504631365542e-01,2.672598484491709314e+01
6.248981913611699746e+00,1.129516744498513914e+00,2.129608362927591614e+01
6.319929356884796512e+00,1.279167273322240783e+00,1.782883593830415236e+01
6.397990944617064635e+00,1.425235263729522472e+00,1.481585845354582354e+01
6.482574279602114409e+00,1.567628102085504738e+00,1.277147095829931089e+01
6.573116934282494661e+00,1.706309818194932992e+00,1.103231431817206243e+01
6.669093517216830413e+00,1.841289675430270556e+00,9.630371096875395054e+00
6.770019190860137037e+00,1.972611768437588786e+00,8.465973440102533942e+00
6.875450634410792183e+00,2.100346102874619980e+00,7.493258483724042129e+00
6.984985204286998872e+00,2.224581166718386349e+00,6.672075133459044238e+00
7.098258909304935749e+00,2.345417899886672597e+00,5.974063246185722598e+00
7.214943739554073865e+00,2.462964970416970711e+00,5.376143168887641544e+00
7.334744830029410245e+00,2.577335279824941594e+00,4.862708086017742737e+00
7.457397326039958863e+00,2.688643130461470410e+00,4.419495900913920750e+00
7.582663279363139885e+00,2.797002103280519236e+00,4.035763319888148182e+00
7.710328995726052348e+00,2.902523761720667395e+00,3.702544111196361065e+00
7.840202403320712499e+00,3.005316607326791623e+00,3.412565171254957175e+00
7.972110613388312395e+00,3.105485348352575503e+00,3.159698652185169543e+00
8.105897933621845297e+00,3.203130590008101297e+00,2.939086150710078282e+00
8.241423889418049598e+00,3.298348537723700069e+00,2.746526435783472220e+00
8.378561388271194232e+00,3.391230806950644716e+00,2.578514008810370406e+00
8.517195252891937685e+00,3.481864465265545050e+00,2.431919895172477641e+00
8.657221291731362456e+00,3.570332363671338438e+00,2.304281584313558007e+00
8.798544830648674875e+00,3.656713050088978623e+00,2.192917011429191376e+00
8.941079378643888020e+00,3.741080752260880438e+00,2.096456849962068159e+00
9.084746269884099945e+00,3.823505895286375189e+00,2.013139512151870480e+00
9.229473424864092834e+00,3.904055028619880741e+00,1.941444191559232868e+00
9.375194810512807564e+00,3.982791124741405842e+00,1.880052191384752769e+00
9.521850089875290024e+00,4.059773915564796276e+00,1.827726993489289464e+00
9.669383777566274318e+00,4.135059916691893989e+00,1.783379778883591893e+00
9.817744660033369541e+00,4.208702571088332789e+00,1.746069978548247859e+00
9.966885477898594914e+00,4.280752490515201458e+00,1.714928640351828459e+00
1.011676276980923816e+01,4.351257731359789105e+00,1.689275435934726177e+00
1.026733625278388295e+01,4.420263816427612014e+00,1.668215695998475079e+00
1.041856856519673435e+01,4.487813911826868285e+00,1.651969356109877385e+00
1.057042512391779887e+01,4.553949026256584709e+00,1.637739171775963509e+00
1.072287363973673280e+01,4.618708037795345334e+00,1.627793540851271148e+00
1.087700971407214112e+01,4.682588756450662970e+00,1.620292419466595080e+00
1.103168747938015493e+01,4.745146527832951655e+00,1.615607021892213835e+00
1.118801679151459005e+01,4.806858809429255253e+00,1.612175124612597710e+00
1.134484326000759324e+01,4.867296605822006406e+00,1.611031891455161569e+00
1.149985963156457025e+01,4.925642186176848902e+00,1.611319304736034574e+00
1.165531440958348774e+01,4.982809495234524100e+00,1.612931549808827469e+00
1.181118773493409968e+01,5.038826073767314284e+00,1.615598345522051948e+00
1.196746064864666970e+01,5.093718086681032986e+00,1.619213458312413145e+00
1.212411528519504778e+01,5.147510504911676499e+00,1.623519914476462711e+00
1.228113516959639817e+01,5.200227300026374344e+00,1.628726946140255816e+00
1.243850472987121414e+01,5.251891360232992412e+00,1.634110431251705409e+00
1.259620902458023473e+01,5.302524486960026096e+00,1.640050730100243603e+00
1.275423405962105683e+01,5.352147576870089019e+00,1.646357134890392926e+00
1.291256659867338819e+01,5.400780628570243103e+00,1.652973052136461396e+00
1.307320223348165023e+01,5.449039473361291464e+00,1.659876426989594922e+00
1.323412803149413719e+01,5.496321757763398708e+00,1.666977575520966592e+00
1.340436300834190320e+01,5.545210539835186303e+00,1.674494512201622598e+00
1.357489549251090644e+01,5.593051279152708943e+00,1.682401301979187247e+00
1.373501369489339297e+01,5.636963508875508566e+00,1.689625414086815658e+00
1.389537283390421329e+01,5.679987593037432170e+00,1.696723681720587296e+00
1.405557927429949139e+01,5.722038624656506478e+00,1.703880989998287188e+00
1.421600767276203392e+01,5.763234790358803927e+00,1.710991930221781088e+00
1.437664969229031087e+01,5.803589724867117994e+00,1.718019874111418543e+00
1.453749747966394246e+01,5.843116557701612201e+00,1.724952034243625087e+00
1.469854349318241482e+01,5.881827899610349242e+00,1.731772708270173933e+00
1.485978050466806621e+01,5.919735872471701299e+00,1.738464950387967889e+00
1.502120158568830988e+01,5.956852133091137702e+00,1.745021935864146112e+00
1.518280014799700162e+01,5.993187907239696521e+00,1.751430698735690239e+00
1.534456986387584543e+01,6.028753994333839294e+00,1.757679924646968317e+00
1.550650465374729059e+01,6.063560786920901613e+00,1.763764359989105746e+00
1.567437398596931253e+01,6.098817439724636635e+00,1.769972202257157567e+00
1.584240790003357624e+01,6.133281182192490633e+00,1.775913864345112447e+00
1.602287056921189290e+01,6.169387882726894645e+00,1.782104092273902429e+00
1.620350878276290629e+01,6.204605869163470899e+00,1.788069743465797057e+00
1.636903601026302013e+01,6.236079582475039906e+00,1.793353344071580535e+00
1.653469971922532977e+01,6.266826848111340276e+00,1.798454729583002232e+00
1.669768023231842591e+01,6.296352291671692747e+00,1.803292027238090789e+00
1.686078359432489648e+01,6.325191392060723672e+00,1.807953578705667530e+00
1.702400557075090148e+01,6.353351489833143795e+00,1.812438769480304135e+00
1.718734205244167512e+01,6.380839656347962574e+00,1.816750337580557373e+00
1.735078906372915952e+01,6.407662706394405383e+00,1.820891146528486049e+00
1.751434278853770365e+01,6.433827212672510676e+00,1.824863007896511125e+00
1.767799951272280268e+01,6.459339506029911249e+00,1.828668982131175680e+00
1.784175565488784443e+01,6.484205689695695440e+00,1.832311568273723656e+00
1.800560775284298387e+01,6.508431645665122112e+00,1.835794534820579305e+00
1.816955241991865933e+01,6.532023036544721606e+00,1.839122393537633959e+00
1.833541467815513926e+01,6.555237660138593547e+00,1.842328968638981879e+00
1.850136495364620970e+01,6.577814509659915210e+00,1.845390668267649747e+00
1.868480670133184773e+01,6.602022343233974411e+00,1.848595122191990292e+00
1.886834782313009740e+01,6.625464858517264410e+00,1.851616800949438257e+00
1.904982635387798595e+01,6.647886433429003539e+00,1.854438546720307057e+00
1.923139419806858896e+01,6.669572900975327734e+00,1.857092442889463957e+00
1.939699310155103262e+01,6.688707432842511125e+00,1.859379329237875078e+00
1.956266045600063563e+01,6.707239978674008896e+00,1.861545288700792833e+00
1.972733225176138561e+01,6.725061609047006783e+00,1.863576781087003642e+00
1.989206647382101778e+01,6.742296669191214953e+00,1.865493138048737176e+00
2.005686064865122376e+01,6.758948781199739742e+00,1.867299401457573671e+00
2.022171235051346727e+01,6.775021417471733365e+00,1.868998951414576837e+00
2.038661920385606408e+01,6.790517904982744213e+00,1.870596212599286323e+00
2.055157889626021372e+01,6.805441430177345374e+00,1.872095045976694294e+00
2.071658915946602519e+01,6.819795040621843718e+00,1.873500648302600435e+00
2.088164776373196574e+01,6.833581647907926104e+00,1.874816246041384638e+00
2.104675252753053272e+01,6.846804031647312883e+00,1.876045304628579879e+00
2.121190130474568747e+01,6.859464841363698717e+00,1.877194246759246177e+00
2.138115914667877249e+01,6.871857489403922159e+00,1.878287395222051570e+00
2.155045875936952271e+01,6.883665799354511172e+00,1.879308911253482428e+00
2.173940264756757657e+01,6.896154281852616030e+00,1.880357242255186856e+00
2.192839282414352198e+01,6.907921551527726578e+00,1.881309428986730259e+00
2.211250503884361862e+01,6.918692066845616218e+00,1.882160287757883577e+00
2.229665570409190778e+01,6.928783865036985290e+00,1.882931638602234115e+00
2.246366170209079272e+01,6.937349716650178522e+00,1.883570041041888521e+00
2.263069521105094850e+01,6.945361222412784308e+00,1.884157906577464736e+00
2.279616363009947477e+01,6.952751534381035547e+00,1.884687470076960913e+00
2.296165532176264534e+01,6.959600952848332689e+00,1.885168471462754347e+00
2.312716847013948396e+01,6.965910781950744202e+00,1.885602634234372799e+00
2.329270126703809396e+01,6.971682219246881473e+00,1.885992020183739681e+00
2.345825192516538849e+01,6.976916357403816882e+00,1.886339277127798919e+00
2.362381867035772842e+01,6.981614184934829659e+00,1.886645641278538399e+00
2.378939974037514560e+01,6.985776587115602787e+00,1.886913063991864092e+00
2.395499338689611690e+01,6.989404346863962836e+00,1.887142724916409664e+00
2.412059786957614094e+01,6.992498145323103209e+00,1.887336542597298772e+00
2.428621145774445367e+01,6.995058562545111158e+00,1.887496561874715928e+00
2.445503098909214756e+01,6.997119991251236293e+00,1.887622861334370405e+00
2.462385636983657733e+01,6.998628136743112016e+00,1.887720060684374923e+00
2.481192693395871629e+01,6.999657054830219494e+00,1.887788151624817834e+00
2.500000000000002487e+01,6.999999999999997335e+00,1.887807568972563521e+00
2.518807306604135832e+01,6.999657054830220382e+00,1.887788630510456755e+00
2.537614363016349373e+01,6.998628136743112016e+00,1.887720979664659460e+00
2.554496901090800165e+01,6.997119991251233628e+00,1.887624051227609900e+00
2.571378854225561739e+01,6.995058562545109382e+00,1.887498058694509595e+00
2.587940213042393722e+01,6.992498145323101433e+00,1.887337959162512790e+00
2.604500661310396836e+01,6.989404346863960171e+00,1.887144011445088587e+00
2.621060025962494677e+01,6.985776587115601011e+00,1.886914144216154110e+00
2.637618132964236750e+01,6.981614184934826994e+00,1.886646570487554131e+00
2.654174807483470389e+01,6.976916357403814217e+00,1.886340080202538516e+00
2.670729873296198065e+01,6.971682219246877921e+00,1.885992697875121138e+00
2.687283152986061552e+01,6.965910781950739761e+00,1.885603359924666211e+00
2.703834467823746124e+01,6.959600952848327360e+00,1.885169287577979969e+00
2.720383636990062115e+01,6.952751534381031995e+00,1.884688607356904466e+00
2.736930478894913321e+01,6.945361222412779867e+00,1.884159343494125061e+00
2.753633829790930321e+01,6.937349716650173193e+00,1.883571723070633475e+00
2.770334429590818459e+01,6.928783865036979073e+00,1.882933547535965202e+00
2.788749496115645954e+01,6.918692066845610000e+00,1.882162337145135256e+00
2.807160717585651710e+01,6.907921551527722137e+00,1.881311525435634513e+00
2.826059735243245186e+01,6.896154281852612478e+00,1.880358883501564327e+00
2.844954124063047729e+01,6.883665799354510284e+00,1.879310055631441267e+00
2.861884085332119909e+01,6.871857489403923935e+00,1.878288003898735958e+00
2.878809869525425924e+01,6.859464841363699605e+00,1.877194135250945806e+00
2.895324747246941044e+01,6.846804031647313771e+00,1.876043799745046092e+00
2.911835223626798452e+01,6.833581647907928769e+00,1.874813280514914471e+00
2.928341084053393217e+01,6.819795040621845494e+00,1.873495813181192737e+00
2.944842110373974009e+01,6.805441430177345374e+00,1.872088096067274110e+00
2.961338079614391106e+01,6.790517904982745101e+00,1.870586670633913817e+00
2.977828764948651852e+01,6.775021417471732477e+00,1.868986742542284363e+00
2.994313935134876914e+01,6.758948781199737965e+00,1.867284669306060074e+00
3.010793352617898933e+01,6.742296669191211400e+00,1.865475660586787932e+00
3.027266774823863571e+01,6.725061609047002342e+00,1.863556893554728422e+00
3.043733954399939989e+01,6.707239978674001790e+00,1.861523092801008694e+00
3.060300689844900646e+01,6.688707432842504907e+00,1.859355763123894612e+00
3.076860580193145012e+01,6.669572900975319740e+00,1.857067768252134154e+00
3.095017364612206023e+01,6.647886433428992881e+00,1.854412698745733001e+00
3.113165217686995945e+01,6.625464858517253752e+00,1.851589928614891134e+00
3.131519329866819490e+01,6.602022343233965529e+00,1.848568110409736898e+00
3.149863504635381517e+01,6.577814509659908104e+00,1.845363131505887377e+00
3.166458532184490693e+01,6.555237660138583777e+00,1.842302454019568936e+00
3.183044758008139397e+01,6.532023036544710060e+00,1.839096831856752212e+00
3.199439224715705166e+01,6.508431645665112342e+00,1.835770376955912164e+00
3.215824434511219465e+01,6.484205689695683006e+00,1.832288949880247708e+00
3.232200048727725772e+01,6.459339506029897926e+00,1.828648201599183620e+00
3.248565721146236029e+01,6.433827212672494689e+00,1.824844504367280962e+00
3.264921093627091864e+01,6.407662706394389396e+00,1.820876274321197696e+00
3.281265794755840659e+01,6.380839656347941258e+00,1.816739779090351892e+00
3.297599442924919799e+01,6.353351489833118926e+00,1.812432933999893026e+00
3.313921640567522076e+01,6.325191392060697915e+00,1.807952831954908968e+00
3.330231976768168778e+01,6.296352291671668766e+00,1.803300017204040540e+00
3.346530028077476970e+01,6.266826848111313630e+00,1.798470566350211408e+00
3.363096398973708290e+01,6.236079582475013261e+00,1.793376393844215766e+00
3.379649121723719674e+01,6.204605869163444254e+00,1.788101423021933867e+00
3.397712943078821723e+01,6.169387882726867112e+00,1.782132952934234682e+00
3.415759209996654988e+01,6.133281182192459546e+00,1.775939414108688608e+00
3.432562601403081715e+01,6.098817439724604661e+00,1.769971724788851120e+00
3.449349534625284974e+01,6.063560786920866974e+00,1.763822401309690591e+00
3.465543013612428780e+01,6.028753994333805544e+00,1.757710873260940554e+00
3.481719985200313516e+01,5.993187907239658330e+00,1.751445638923265324e+00
3.497879841431185355e+01,5.956852133091093293e+00,1.745028126658120682e+00
3.514021949533211853e+01,5.919735872471651561e+00,1.738466618122140650e+00
3.530145650681777880e+01,5.881827899610299504e+00,1.731770731789853857e+00
3.546250252033625827e+01,5.843116557701555358e+00,1.724950443889604390e+00
3.562335030770988453e+01,5.803589724867059374e+00,1.718019364895395418e+00
3.578399232723816681e+01,5.763234790358747084e+00,1.710992461629126105e+00
3.594442072570069513e+01,5.722038624656450523e+00,1.703888586409233019e+00
3.610462716609595901e+01,5.679987593037376215e+00,1.696727106997583112e+00
3.626498630510678112e+01,5.636963508875454387e+00,1.689516185356719991e+00
3.642510450748926587e+01,5.593051279152653876e+00,1.682299650261940283e+00
3.659563699165824602e+01,5.545210539835134789e+00,1.674638331952814196e+00
3.676587196850599781e+01,5.496321757763348081e+00,1.667051167987341209e+00
3.692679776651848300e+01,5.449039473361243502e+00,1.659978432679964921e+00
3.708743340132674149e+01,5.400780628570195141e+00,1.653074162256535473e+00
3.724576594037906574e+01,5.352147576870042833e+00,1.646474516366506435e+00
3.740379097541987363e+01,5.302524486959980798e+00,1.640158923022132287e+00
3.756149527012888711e+01,5.251891360232946226e+00,1.634200194357749991e+00
3.771886483040371729e+01,5.200227300026326382e+00,1.628683827624069158e+00
3.787588471480506058e+01,5.147510504911629425e+00,1.623707379683339891e+00
3.803253935135342090e+01,5.093718086680987689e+00,1.619380312511948139e+00
3.818881226506601223e+01,5.038826073767265434e+00,1.615826679489846596e+00
3.834468559041663127e+01,4.982809495234472585e+00,1.613193861222399272e+00
3.850014036843553811e+01,4.925642186176799164e+00,1.611645606685740750e+00
3.865515673999249913e+01,4.867296605821955779e+00,1.611369712706302026e+00
3.881198320848550765e+01,4.806858809429206403e+00,1.612608847018703218e+00
3.896831252061993922e+01,4.745146527832903693e+00,1.615646488810387638e+00
3.912299028592793348e+01,4.682588756450622114e+00,1.620723839845940928e+00
3.927712636026332405e+01,4.618708037795306254e+00,1.628190772525873076e+00
3.942957487608224909e+01,4.553949026256549182e+00,1.638325550949015108e+00
3.958143143480331361e+01,4.487813911826834534e+00,1.651597117229152589e+00
3.973266374721615790e+01,4.420263816427580927e+00,1.668472794464972653e+00
3.988323723019080091e+01,4.351257731359751801e+00,1.689490885488682537e+00
4.003311452210145660e+01,4.280752490515165043e+00,1.715234645828136895e+00
4.018225533996669441e+01,4.208702571088289268e+00,1.746396217073478585e+00
4.033061622243376831e+01,4.135059916691858461e+00,1.783715701998009218e+00
4.047814991012474195e+01,4.059773915564760749e+00,1.828061539004205427e+00
4.062480518948721908e+01,3.982791124741374311e+00,1.880355183220112414e+00
4.077052657513595335e+01,3.904055028619841217e+00,1.941693154483555839e+00
4.091525373011592848e+01,3.823505895286343659e+00,2.013237726963406526e+00
4.105892062135614395e+01,3.741080752260839137e+00,2.096365197394050917e+00
4.120145516935135532e+01,3.656713050088944872e+00,2.192536413081168423e+00
4.134277870826868195e+01,3.570332363671294029e+00,2.303517666760175331e+00
4.148280474710808363e+01,3.481864465265514852e+00,2.431201703645236911e+00
4.162143861172883419e+01,3.391230806950598975e+00,2.577888737488959414e+00
4.175857611058196284e+01,3.298348537723672091e+00,2.746071062884284153e+00
4.189410206637819556e+01,3.203130590008053336e+00,2.938854172419402389e+00
4.202788938661169027e+01,3.105485348352555075e+00,3.159644132026199870e+00
4.215979759667931148e+01,3.005316607326745437e+00,3.412756967847114353e+00
4.228967100427392722e+01,2.902523761720657625e+00,3.702977801609292907e+00
4.241733672063688232e+01,2.797002103280480600e+00,4.036515817404083606e+00
4.254260267396002604e+01,2.688643130461465525e+00,4.420333716332547347e+00
4.266525516997061374e+01,2.577335279824881642e+00,4.863681045044962126e+00
4.278505626044590571e+01,2.462964970416967603e+00,5.377114855092139933e+00
4.290174109069509001e+01,2.345417899886618418e+00,5.974918823210647822e+00
4.301501479571295050e+01,2.224581166718406777e+00,6.673809866404333491e+00
4.312454936558919627e+01,2.100346102874582677e+00,7.497088147625406762e+00
4.322998080913979635e+01,1.972611768437626978e+00,8.472813940934765142e+00
4.333090648278317758e+01,1.841289675430229256e+00,9.642303228012618632e+00
4.342688306571745471e+01,1.706309818194972072e+00,1.105404863883694766e+01
4.351742572039787404e+01,1.567628102085460329e+00,1.279710609802133625e+01
4.360200905538290073e+01,1.425235263729543789e+00,1.493755680972912359e+01
4.368007064311520793e+01,1.279167273322185494e+00,1.775992101191804551e+01
4.375101808638827805e+01,1.129516744498502590e+00,2.116318207051496358e+01
4.381424051404379583e+01,9.764446504630690526e-01,2.666049899716063720e+01
4.386912517473536610e+01,8.201912517123735036e-01,3.175113120464619598e+01
4.391507940919185415e+01,6.610844281958984103e-01,4.781825636100060706e+01
4.395155734496177757e+01,4.995433810575916622e-01,5.035766635123675883e+01
4.397808949847611615e+01,3.360757334664438711e-01,1.327319164594718757e+02
4.399450155378486471e+01,1.683932990281193642e-01,1.382350917939377553e+02
4.399999999999997868e+01,-3.302811702775739609e-17,1.137906477797781008e+03
