x,y,stress
3.999999999999997780e+00,6.850197816166415219e-16,9.034467102617385308e+02
4.003302683232445425e+00,2.128153654466860834e-01,1.192965582824552655e+02
4.013201144419718425e+00,4.254260943664574524e-01,1.087367357903243459e+02
4.027500586973467911e+00,6.139250424502590286e-01,4.505792552123021011e+01
4.046948400137648783e+00,8.019626238948894814e-01,4.231063629806081394e+01
4.068742292168569641e+00,9.701589633427403214e-01,2.950742720098883964e+01
4.094606508874400141e+00,1.137777709533522197e+00,2.527004994524823900e+01
4.123866825771774991e+00,1.301435777541651184e+00,2.053576464266314261e+01
4.156946392903649645e+00,1.464364885018784479e+00,1.746849039101944356e+01
4.193791580322309365e+00,1.626483995234417224e+00,1.482544154766214639e+01
4.234343958483397508e+00,1.787715830536567907e+00,1.274850882339669056e+01
4.278540754957529835e+00,1.947987072499870687e+00,1.100816287586265929e+01
4.326315330824020755e+00,2.107228546401264335e+00,9.557917407807259735e+00
4.377597663768121983e+00,2.265375358009916518e+00,8.328252311316559187e+00
4.432314814380668544e+00,2.422366938634496591e+00,7.278948010130566360e+00
4.490391402689117406e+00,2.578147107793546500e+00,6.377887768816970393e+00
4.551750071779971485e+00,2.732664088352484644e+00,5.586979019457642970e+00
4.616509686076956775e+00,2.886326533195852750e+00,4.868573428226365962e+00
4.684410896166981253e+00,3.038626938265010846e+00,4.284185525373708892e+00
4.755156173082718318e+00,3.189078220028885635e+00,3.761414900461247601e+00
4.828862150482859938e+00,3.338101518651761968e+00,3.303883250328539578e+00
4.905447613270742302e+00,3.485665778444386298e+00,2.899518433796888672e+00
4.984831610228927623e+00,3.631743690008025105e+00,2.541863491699806410e+00
5.066933723758116237e+00,3.776311506821787400e+00,2.224417530646444430e+00
5.151674295768544631e+00,3.919348831327853055e+00,1.942129413907091706e+00
5.238974660547666140e+00,4.060838459054740390e+00,1.690496859262926588e+00
5.328757332732421581e+00,4.200766185720501866e+00,1.466420153554457873e+00
5.420946132793141636e+00,4.339120560384905900e+00,1.266629135483965163e+00
5.515466408942317322e+00,4.475892823540206678e+00,1.088794802257788463e+00
5.612275386436231805e+00,4.611118216096026678e+00,9.311696993800070432e-01
5.711272667245807177e+00,4.744749979698467790e+00,7.926378409412396797e-01
5.814591000762317385e+00,4.879614622855165784e+00,6.706488705442223974e-01
5.920047856664326424e+00,5.012813824118343753e+00,5.693453664739461795e-01
6.025250216354408828e+00,5.141551283354130142e+00,4.920800157578630873e-01
6.132369086249982892e+00,5.268698594762326159e+00,4.392104278630121761e-01
6.241342343287638705e+00,5.394260378822667512e+00,4.128010220364853877e-01
6.352109671005952585e+00,5.518242437671403877e+00,4.121562350027880850e-01
6.464612614283105074e+00,5.640651705332246912e+00,4.330222805918349516e-01
6.578794702285335916e+00,5.761496273328248208e+00,4.693982008586256582e-01
6.694601287020568670e+00,5.880785119286083606e+00,5.157234943656322512e-01
6.811979460302869605e+00,5.998527951328993524e+00,5.679005154418377277e-01
6.930878077322703668e+00,6.114735175560759295e+00,6.232536983929882757e-01
7.051247846333192904e+00,6.229417927438404057e+00,6.800989563104249402e-01
7.173335909051293591e+00,6.342858362637719516e+00,7.375718040569537726e-01
7.296808030458284300e+00,6.454790825477661365e+00,7.949153044525407719e-01
7.429020908168561199e+00,6.571694249397677545e+00,8.550801170000952300e-01
7.562684687087230628e+00,6.686936022145253844e+00,9.144332013818842197e-01
7.690597017865568041e+00,6.794585320850008436e+00,9.698291244904614361e-01
7.819726893457993988e+00,6.900771113010828905e+00,1.024343738675743021e+00
7.949310265555091348e+00,7.004930731751392692e+00,1.077663407314508159e+00
8.080022517794878567e+00,7.107670177173714521e+00,1.130097798607102133e+00
8.211828400460850830e+00,7.209003312908603966e+00,1.181660177363869080e+00
8.344693469890659188e+00,7.308943682870918224e+00,1.232372186690811944e+00
8.478584638898700732e+00,7.407504952515384211e+00,1.282259956807607626e+00
8.613470216992183737e+00,7.504700930463878983e+00,1.331351302165844519e+00
8.749319580339337321e+00,7.600545327332448586e+00,1.379674407896401611e+00
8.886103140012076906e+00,7.695051746614598009e+00,1.427253997112636341e+00
9.023792360006934743e+00,7.788233709140249594e+00,1.474117383515454627e+00
9.162359784343156122e+00,7.880104679702697013e+00,1.520266495107809757e+00
9.305748318890287862e+00,7.973229989387521144e+00,1.566996380074905604e+00
9.450009778934626681e+00,8.064997268362885663e+00,1.613016696814803197e+00
9.605689787905562937e+00,8.161936806836562752e+00,1.661594672854685539e+00
9.762311477583747177e+00,8.257347471391126348e+00,1.709355147554512344e+00
9.907099294402895495e+00,8.343724970343295411e+00,1.752590305068448595e+00
1.005263413341363687e+01,8.428837838896843238e+00,1.795193299704092471e+00
1.019685951603430318e+01,8.511543792669028718e+00,1.836586895935132580e+00
1.034176933293233347e+01,8.593044623743361754e+00,1.877358057621588916e+00
1.048734379113003889e+01,8.673352288628693785e+00,1.917510430081866835e+00
1.063356377052709867e+01,8.752478553951670293e+00,1.957046154022492823e+00
1.078041083441603476e+01,8.830435012965464736e+00,1.995965168474294948e+00
1.092786706873190994e+01,8.907233011613309159e+00,2.034272050752768290e+00
1.107591512445273629e+01,8.982883685503422200e+00,2.071964568463946499e+00
1.122453835827624680e+01,9.057398041603788030e+00,2.109043922995138765e+00
1.137372066473125898e+01,9.130786880318076726e+00,2.145504908687385193e+00
1.152344633121989226e+01,9.203060736870485314e+00,2.181353469460296957e+00
1.167602454121124111e+01,9.275320388962770224e+00,2.217115034143042784e+00
1.182913204940501295e+01,9.346451688216221854e+00,2.252259714538684676e+00
1.199946932110778874e+01,9.424002391933141709e+00,2.290468884699094598e+00
1.217041927303860760e+01,9.500193052738874044e+00,2.327864232085566698e+00
1.233727484270522545e+01,9.573012945044000688e+00,2.363445540885534601e+00
1.250467542346237160e+01,9.644571085385441833e+00,2.398325954363219381e+00
1.265861781682627196e+01,9.709079038421497998e+00,2.429885994221686829e+00
1.281299253439271268e+01,9.772545450509802833e+00,2.460369696841253173e+00
1.296717950676479703e+01,9.834736122790669555e+00,2.490212365152757901e+00
1.312177244831670997e+01,9.895910682625846277e+00,2.519441380139531450e+00
1.327676039946792663e+01,9.956077471489013675e+00,2.548217245731756453e+00
1.343213270984378838e+01,1.001524464709525830e+01,2.576012888760545128e+00
1.358787904555400594e+01,1.007342019328894445e+01,2.603259988843840134e+00
1.374398934229670388e+01,1.013061190929296451e+01,2.629835215507575708e+00
1.390045377736426957e+01,1.018682740704492851e+01,2.655756882694180643e+00
1.405726289496949377e+01,1.024207416254549230e+01,2.681006100143901172e+00
1.421440747836822283e+01,1.029635947483592062e+01,2.705579820369040434e+00
1.437187850180013093e+01,1.034969045648918673e+01,2.729484655655880498e+00
1.453482711987165210e+01,1.040376943602890769e+01,2.753435283583591797e+00
1.469810513068152069e+01,1.045684561796930545e+01,2.776685431810376414e+00
1.488144845960881213e+01,1.051513839282334750e+01,2.801840918115038992e+00
1.506518143748101579e+01,1.057219117141010578e+01,2.826053213799361252e+00
1.524509742872415430e+01,1.062675677020198428e+01,2.848837888063435742e+00
1.542536295345739106e+01,1.068015631509811669e+01,2.870717136902416478e+00
1.558774285637594481e+01,1.072718332982944212e+01,2.889656675135358732e+00
1.575038914333065954e+01,1.077328061380254276e+01,2.907897118076939069e+00
1.591059826749529904e+01,1.081771451429084863e+01,2.925145027403198483e+00
1.607105103169765670e+01,1.086126042704748151e+01,2.941709084003591101e+00
1.623174071130863538e+01,1.090392371312462849e+01,2.957595343574003444e+00
1.639266078117041303e+01,1.094570961064893133e+01,2.972803274151378794e+00
1.655380483218830179e+01,1.098662321615657866e+01,2.987338658129666147e+00
1.671516661339255805e+01,1.102666949930520168e+01,3.001204674921253979e+00
1.687674005864613136e+01,1.106585331217590351e+01,3.014409833598073796e+00
1.703851912069335484e+01,1.110417935231903463e+01,3.026958450572071690e+00
1.720049788866125695e+01,1.114165219587966327e+01,3.038856865614966818e+00
1.736267066621975275e+01,1.117827631774590991e+01,3.050119500149968133e+00
1.752711794885930985e+01,1.121451004470422497e+01,3.060868791134690348e+00
1.769175275835223360e+01,1.124988195500804089e+01,3.071011147027713051e+00
1.787434459167559453e+01,1.128806536092124269e+01,3.081478422160778052e+00
1.805715219670530303e+01,1.132520201206013155e+01,3.091198720767292407e+00
1.825319790912079299e+01,1.136382605225011488e+01,3.100790125428813937e+00
1.844947400337747112e+01,1.140126178720722727e+01,3.109515605761859369e+00
1.862650951713674274e+01,1.143397899302830822e+01,3.116736731358302759e+00
1.880371889888098380e+01,1.146574099197224506e+01,3.123321062425124417e+00
1.896777557383812862e+01,1.149427212772061324e+01,3.128873534489397645e+00
1.913197110706941118e+01,1.152199298111624159e+01,3.133930889616582949e+00
1.929604194643591342e+01,1.154886495029803406e+01,3.138485645420328041e+00
1.946024205853971267e+01,1.157493536915040089e+01,3.142570878361415243e+00
1.962456698485151563e+01,1.160020717478120567e+01,3.146210011404888096e+00
1.978901232547165989e+01,1.162468320331531046e+01,3.149420236337749479e+00
1.995357374777617920e+01,1.164836619295516229e+01,3.152225184091785870e+00
2.011824698586089966e+01,1.167125878539128792e+01,3.154640277876251009e+00
2.028302783342275362e+01,1.169336352623350983e+01,3.156689745960552074e+00
2.044791213664437279e+01,1.171468286552257432e+01,3.158394013695451807e+00
2.061289579954604179e+01,1.173521915984471953e+01,3.159768472311653031e+00
2.077797477602931053e+01,1.175497467260917794e+01,3.160855139045846141e+00
2.095004628291168203e+01,1.177472734484888761e+01,3.161673563508788476e+00
2.112221243395536163e+01,1.179363735195507878e+01,3.162246171787220561e+00
2.131596351602123107e+01,1.181390222469274498e+01,3.162569330206737472e+00
2.150982255269712695e+01,1.183310694807236452e+01,3.162593762121997276e+00
2.170823922315915055e+01,1.185165877980096205e+01,3.162379254835502973e+00
2.190675597903702609e+01,1.186910709881030002e+01,3.161905714274265033e+00
2.208324175392254674e+01,1.188368830719279146e+01,3.161344418537435974e+00
2.225979705361823946e+01,1.189740205306564569e+01,3.160672619238162451e+00
2.242561960153634715e+01,1.190948948427269549e+01,3.159957281638192228e+00
2.259149592704076071e+01,1.192081504035266271e+01,3.159188176067134535e+00
2.275741681691813056e+01,1.193137959304339724e+01,3.158372941284681712e+00
2.292338431995783665e+01,1.194118467192212130e+01,3.157530654942651616e+00
2.308939489197437567e+01,1.195023132722814019e+01,3.156680497898753934e+00
2.325544500882659094e+01,1.195852052664589316e+01,3.155837551977439315e+00
2.342153116727668305e+01,1.196605315585270368e+01,3.155018131051293473e+00
2.358764988017767905e+01,1.197283001874013486e+01,3.154236488717123255e+00
2.375379767383251917e+01,1.197885183775724904e+01,3.153507772531134901e+00
2.391997109544796984e+01,1.198411925454044891e+01,3.152842948499276154e+00
2.408616670334984633e+01,1.198863282982959433e+01,3.152251563623338804e+00
2.425238106285366868e+01,1.199239304368510162e+01,3.151757181291068299e+00
2.442813759060507550e+01,1.199554983312946987e+01,3.151325149360242772e+00
2.460390721603361541e+01,1.199786525918795199e+01,3.151021617579996548e+00
2.480195073157072727e+01,1.199946633489903469e+01,3.150812187085979321e+00
2.500000000000011369e+01,1.199999999999999467e+01,3.150725832516425129e+00
2.519804926842949655e+01,1.199946633489903292e+01,3.150808165521385096e+00
2.539609278396658709e+01,1.199786525918795022e+01,3.151013716451061430e+00
2.557186240939515187e+01,1.199554983312946632e+01,3.151317949659859341e+00
2.574761893714649474e+01,1.199239304368509629e+01,3.151750803778472498e+00
2.591383329665042368e+01,1.198863282982958900e+01,3.152247207415612262e+00
2.608002890455221134e+01,1.198411925454044180e+01,3.152840246381174882e+00
2.624620232616765847e+01,1.197885183775724194e+01,3.153503983331791272e+00
2.641235011982249858e+01,1.197283001874012776e+01,3.154231469135154953e+00
2.657846883272349814e+01,1.196605315585269658e+01,3.155009859182079879e+00
2.674455499117359025e+01,1.195852052664588250e+01,3.155825746931454567e+00
2.691060510802579842e+01,1.195023132722812953e+01,3.156665196913547522e+00
2.707661568004233743e+01,1.194118467192211064e+01,3.157512095640403249e+00
2.724258318308205062e+01,1.193137959304338480e+01,3.158351441594936748e+00
2.740850407295942048e+01,1.192081504035264850e+01,3.159163972666750198e+00
2.757438039846383759e+01,1.190948948427268128e+01,3.159931587511765727e+00
2.774020294638192397e+01,1.189740205306563148e+01,3.160645796376924554e+00
2.791675824607764511e+01,1.188368830719277369e+01,3.161314544823028871e+00
2.809324402096318352e+01,1.186910709881028048e+01,3.161873304694642339e+00
2.829176077684105906e+01,1.185165877980094074e+01,3.162342819699546670e+00
2.849017744730308266e+01,1.183310694807234675e+01,3.162553210664034609e+00
2.868403648397897854e+01,1.181390222469272011e+01,3.162522279082677024e+00
2.887778756604483377e+01,1.179363735195505392e+01,3.162191886134958274e+00
2.904995371708850627e+01,1.177472734484886452e+01,3.161612948250953181e+00
2.922202522397086000e+01,1.175497467260915130e+01,3.160786854922041922e+00
2.938710420045413585e+01,1.173521915984469466e+01,3.159694230750667021e+00
2.955208786335580484e+01,1.171468286552254945e+01,3.158314182729557995e+00
2.971697216657743112e+01,1.169336352623348496e+01,3.156606298727133719e+00
2.988175301413929930e+01,1.167125878539126127e+01,3.154552846483997808e+00
3.004642625222401620e+01,1.164836619295513209e+01,3.152133049914779939e+00
3.021098767452853551e+01,1.162468320331528027e+01,3.149323860426154642e+00
3.037543301514866911e+01,1.160020717478117369e+01,3.146105429306529366e+00
3.053975794146046496e+01,1.157493536915037069e+01,3.142456332520053408e+00
3.070395805356426777e+01,1.154886495029800031e+01,3.138361697053722033e+00
3.086802889293077712e+01,1.152199298111620607e+01,3.133797969934380312e+00
3.103222442616204901e+01,1.149427212772057949e+01,3.128739720399059898e+00
3.119628110111918318e+01,1.146574099197221130e+01,3.123189535583307919e+00
3.137349048286343844e+01,1.143397899302827270e+01,3.116609755323636488e+00
3.155052599662272428e+01,1.140126178720718642e+01,3.109402566736117812e+00
3.174680209087938465e+01,1.136382605225007758e+01,3.100666388721329270e+00
3.194284780329486750e+01,1.132520201206009247e+01,3.091060035225415614e+00
3.212565540832456179e+01,1.128806536092120361e+01,3.081331083781434721e+00
3.230824724164791206e+01,1.124988195500800359e+01,3.070851367476779004e+00
3.247288205114079318e+01,1.121451004470419655e+01,3.060705578287701734e+00
3.263732933378031476e+01,1.117827631774588326e+01,3.049952399095099409e+00
3.279950211133879634e+01,1.114165219587963840e+01,3.038689010346248498e+00
3.296148087930670556e+01,1.110417935231901509e+01,3.026790190747486786e+00
3.312325994135392904e+01,1.106585331217588219e+01,3.014241420913972291e+00
3.328483338660748814e+01,1.102666949930518037e+01,3.001035615738506745e+00
3.344619516781173729e+01,1.098662321615656090e+01,2.987168084348358565e+00
3.360733921882961539e+01,1.094570961064891534e+01,2.972630762068952937e+00
3.376825928869138949e+01,1.090392371312461428e+01,2.957421291896618509e+00
3.392894896830237172e+01,1.086126042704746908e+01,2.941532404375105436e+00
3.408940173250474004e+01,1.081771451429083086e+01,2.924963753647910725e+00
3.424961085666939198e+01,1.077328061380252144e+01,2.907712154158257789e+00
3.441225714362411026e+01,1.072718332982941902e+01,2.889466486269157475e+00
3.457463704654264802e+01,1.068015631509809360e+01,2.870525790337821181e+00
3.475490257127589899e+01,1.062675677020195764e+01,2.848639087671701375e+00
3.493481856251905526e+01,1.057219117141007736e+01,2.825849533100165178e+00
3.511855154039125182e+01,1.051513839282331908e+01,2.801636100078655378e+00
3.530189486931853793e+01,1.045684561796927881e+01,2.776474438879058315e+00
3.546517288012839941e+01,1.040376943602888282e+01,2.753229264758500161e+00
3.562812149819993124e+01,1.034969045648915831e+01,2.729281411958822900e+00
3.578559252163183402e+01,1.029635947483589042e+01,2.705386918383128947e+00
3.594273710503057373e+01,1.024207416254545855e+01,2.680822986009011366e+00
3.609954622263578727e+01,1.018682740704489653e+01,2.655583112509194432e+00
3.625601065770334941e+01,1.013061190929293609e+01,2.629669774089493650e+00
3.641212095444605268e+01,1.007342019328891247e+01,2.603086998857280232e+00
3.656786729015627202e+01,1.001524464709522455e+01,2.575836998257041710e+00
3.672323960053213909e+01,9.956077471488978148e+00,2.547925381016290736e+00
3.687822755168335220e+01,9.895910682625810750e+00,2.519353815038479549e+00
3.703282049323527048e+01,9.834736122790632251e+00,2.490126919434409114e+00
3.718700746560735126e+01,9.772545450509767306e+00,2.460248568207740405e+00
3.734138218317380620e+01,9.709079038421453589e+00,2.429599389593918968e+00
3.749532457653771900e+01,9.644571085385392095e+00,2.398315627919435311e+00
3.766272515729487935e+01,9.573012945043945621e+00,2.363467396415418698e+00
3.782958072696150253e+01,9.500193052738813648e+00,2.327845512878156775e+00
3.800053067889231073e+01,9.424002391933081313e+00,2.290450739493227861e+00
3.817086795059508830e+01,9.346451688216165010e+00,2.252239664408779429e+00
3.832397545878884415e+01,9.275320388962716933e+00,2.217081168642923483e+00
3.847655366878019123e+01,9.203060736870428471e+00,2.181303673136139487e+00
3.862627933526882629e+01,9.130786880318021659e+00,2.145444365791994823e+00
3.877546164172383669e+01,9.057398041603732963e+00,2.108973264839050010e+00
3.892408487554735075e+01,8.982883685503363580e+00,2.071890830226226665e+00
3.907213293126817888e+01,8.907233011613248763e+00,2.034195469198096795e+00
3.921958916558406116e+01,8.830435012965400787e+00,1.995892139458900871e+00
3.936643622947300258e+01,8.752478553951602791e+00,1.956976261577481946e+00
3.951265620887006236e+01,8.673352288628622730e+00,1.917448962165517745e+00
3.965823066706777666e+01,8.593044623743287147e+00,1.877306356247329777e+00
3.980314048396580517e+01,8.511543792668950559e+00,1.836548134731778692e+00
3.994736586658648037e+01,8.428837838896759749e+00,1.795170686596059495e+00
4.009290070559723773e+01,8.343724970343199487e+00,1.752570147906975517e+00
4.023768852241641980e+01,8.257347471391010885e+00,1.709329963570642263e+00
4.039431021209458095e+01,8.161936806836456171e+00,1.661565533337924006e+00
4.054999022106550655e+01,8.064997268362786187e+00,1.612984976924941360e+00
4.069425168110981161e+01,7.973229989387436767e+00,1.566962127525894255e+00
4.083764021565691138e+01,7.880104679702631287e+00,1.520234547521150725e+00
4.097620763999313453e+01,7.788233709140184757e+00,1.474090855292764290e+00
4.111389685998799592e+01,7.695051746614533172e+00,1.427243843805817924e+00
4.125068041966074617e+01,7.600545327332374868e+00,1.379670667232208103e+00
4.138652978300789442e+01,7.504700930463803488e+00,1.331347057779575627e+00
4.152141536110137565e+01,7.407504952515308716e+00,1.282253838710699423e+00
4.165530653010941364e+01,7.308943682870842729e+00,1.232362479751067275e+00
4.178817159953921845e+01,7.209003312908530248e+00,1.181650985358762673e+00
4.191997748220519782e+01,7.107670177173634585e+00,1.130091218321081614e+00
4.205068973444497971e+01,7.004930731751313644e+00,1.077663886553503980e+00
4.218027310654208151e+01,6.900771113010752522e+00,1.024352619256423180e+00
4.230940298213447903e+01,6.794585320849945376e+00,9.698487163359623686e-01
4.243731531291280135e+01,6.686936022145205882e+00,9.144637074488596307e-01
4.257097909183149653e+01,6.571694249397607379e+00,8.551209527631937757e-01
4.270319196954179830e+01,6.454790825477562777e+00,7.949706851613780323e-01
4.282666409094880322e+01,6.342858362637610270e+00,7.376332162703095330e-01
4.294875215366690924e+01,6.229417927438285041e+00,6.801672926945969699e-01
4.306912192267740380e+01,6.114735175560631397e+00,6.233170018828627645e-01
4.318802053969724142e+01,5.998527951328861185e+00,5.679626165315700970e-01
4.330539871297953169e+01,5.880785119285953932e+00,5.157755682430360533e-01
4.342120529771476356e+01,5.761496273328114093e+00,4.694500604786183140e-01
4.353538738571700861e+01,5.640651705332103916e+00,4.330782953900885746e-01
4.364789032899415844e+01,5.518242437671251999e+00,4.122521519657818545e-01
4.375865765671246521e+01,5.394260378822519186e+00,4.129823712286355142e-01
4.386763091375011925e+01,5.268698594762177834e+00,4.395305632736210555e-01
4.397474978364570575e+01,5.141551283353968493e+00,4.925523371097834668e-01
4.407995214333578815e+01,5.012813824118171446e+00,5.700065843319926939e-01
4.418540899923778653e+01,4.879614622855009465e+00,6.715134546022685225e-01
4.428872733275427720e+01,4.744749979698323905e+00,7.937499459102521637e-01
4.438772461356385435e+01,4.611118216095871247e+00,9.325148471435412700e-01
4.448453359105777594e+01,4.475892823540040588e+00,1.090417800571795492e+00
4.457905386720693741e+01,4.339120560384754022e+00,1.268437345150612128e+00
4.467124266726764148e+01,4.200766185720372192e+00,1.468446835215111657e+00
4.476102533945238093e+01,4.060838459054620486e+00,1.692751195665009867e+00
4.484832570423149889e+01,3.919348831327741589e+00,1.944474339679326258e+00
4.493306627624193084e+01,3.776311506821667052e+00,2.227208819778941251e+00
4.501516838977112656e+01,3.631743690007886105e+00,2.545443056942971793e+00
4.509455238672931188e+01,3.485665778444248186e+00,2.904275208547472342e+00
4.517113784951718714e+01,3.338101518651621635e+00,3.310043477521761091e+00
4.524484382691733231e+01,3.189078220028735089e+00,3.769947874551979883e+00
4.531558910383306937e+01,3.038626938264842536e+00,4.292945741414775362e+00
4.538349031392308319e+01,2.886326533195698207e+00,4.891100462859100162e+00
4.544824992822005783e+01,2.732664088352349196e+00,5.576398775057292312e+00
4.550960859731090835e+01,2.578147107793403947e+00,6.361703399432100170e+00
4.556768518561936077e+01,2.422366938634349154e+00,7.269180432793814539e+00
4.562240233623190733e+01,2.265375358009768192e+00,8.322761037885433311e+00
4.567368466917600500e+01,2.107228546401115565e+00,9.556815351943164671e+00
4.572145924504248882e+01,1.947987072499718808e+00,1.101033509666867793e+01
4.576565604151662114e+01,1.787715830536414696e+00,1.275331673619496620e+01
4.580620841967770218e+01,1.626483995234277335e+00,1.483641161646167106e+01
4.584305360709635124e+01,1.464364885018658802e+00,1.747549092536713289e+01
4.587613317422822234e+01,1.301435777541547489e+00,2.057133630126743640e+01
4.590539349112558654e+01,1.137777709533443593e+00,2.526637230898361963e+01
4.593125770783142059e+01,9.701589633426578319e-01,2.968863085194962181e+01
4.595305159986233434e+01,8.019626238947982211e-01,4.217045678439635026e+01
4.597249941302651877e+01,6.139250424501931924e-01,4.584925656098009483e+01
4.598679885558026115e+01,4.254260943664193717e-01,1.077447627159630912e+02
4.599669731676753059e+01,2.128153654466674038e-01,1.202906008922529537e+02
4.599999999999997868e+01,-4.096375418746257449e-17,9.018860945680266923e+02
