x,y,stress
-7.860002012767647840e-19,-8.930561290582417213e-17,4.911790078019028188e-11
3.602265617598020796e-03,2.206787764005367913e-01,6.348063861998009251e-11
1.439685108168119003e-02,4.411228638372092226e-01,2.091670731782749965e-10
3.000793300071788114e-02,6.367603673656686558e-01,2.580100376460559351e-10
5.123630185905266726e-02,8.318683539126553450e-01,2.699208743735607203e-09
7.477764552453076974e-02,1.004729701372552464e+00,2.339315733002333290e-08
1.026660861346612580e-01,1.176943235927352394e+00,7.144749086048528149e-08
1.329620493183120145e-01,1.338979660207753275e+00,2.513088050983813925e-07
1.670366963885071832e-01,1.500263855135341995e+00,1.141490874361117390e-06
2.048318085177846248e-01,1.660717052929765236e+00,4.674005038419315523e-06
2.462843585661927404e-01,1.820264582250815888e+00,2.097120226730920760e-05
2.913270316820548711e-01,1.978836079904208400e+00,7.313845487105632493e-05
3.398887441945460108e-01,2.136365613604270131e+00,1.867331616428145468e-04
3.918951788047200790e-01,2.292791811371316157e+00,3.867602869603394868e-04
4.472693079647488967e-01,2.448057917740322331e+00,7.282469045508676870e-04
5.059318893223366809e-01,2.602111766645766266e+00,1.344161340803632461e-03
5.678019698007045202e-01,2.754905791730301257e+00,2.420966373433690311e-03
6.327973382314763251e-01,2.906396922764913793e+00,4.159290779352740712e-03
7.008349434677322298e-01,3.056546445088060615e+00,6.681463402418451325e-03
7.737872055689359874e-01,3.209314868935517762e+00,1.009576977298117309e-02
8.497695907220720324e-01,3.360599167818764776e+00,1.479409090101802687e-02
9.265814958834854842e-01,3.506455335597277845e+00,2.013309397779926985e-02
1.006098279170795751e+00,3.650854794305793405e+00,2.602877820343366469e-02
1.088238179098510061e+00,3.793778544693561461e+00,3.266194702389488974e-02
1.172920501881505873e+00,3.935210847264511536e+00,3.990568598392951749e-02
1.260065847041594411e+00,4.075139058011272297e+00,4.771420456409056904e-02
1.349596297229161079e+00,4.213553444515504509e+00,5.607922328722786398e-02
1.441435539648625364e+00,4.350446939044729788e+00,6.503807150494313183e-02
1.535508974510757740e+00,4.485814921655179255e+00,7.467065090143296113e-02
1.631743826626198102e+00,4.619655048114744034e+00,8.509684327737568332e-02
1.730069219066740827e+00,4.751967057991396182e+00,9.646154097319944998e-02
1.830416230120902155e+00,4.882752594226138498e+00,1.089135551077788228e-01
1.932717905827710858e+00,5.012014997128635407e+00,1.226244290673776521e-01
2.042437068177419324e+00,5.146431993543888694e+00,1.385343890777406828e-01
2.154176547104755812e+00,5.279174371553935430e+00,1.561183222622414823e-01
2.265643433915121463e+00,5.407725781200544368e+00,1.750971293853974542e-01
2.378920421437732191e+00,5.534685135811742818e+00,1.958389583789382771e-01
2.490335626700718397e+00,5.656180570871500279e+00,2.176695762180630989e-01
2.603336778058670031e+00,5.776202424759980580e+00,2.411809461980724545e-01
2.717871151891228632e+00,5.894762155727217845e+00,2.663624864273891890e-01
2.833887846709560510e+00,6.011871824223763205e+00,2.931701510084138707e-01
2.951337852633218350e+00,6.127544118735403167e+00,3.215542007324563301e-01
3.070173845197393003e+00,6.241792113757441030e+00,3.514514415120000290e-01
3.190350168842724710e+00,6.354629235063070425e+00,3.827910299079021472e-01
3.311823045611502980e+00,6.466069431953511248e+00,4.155005018701239394e-01
3.434550283024334405e+00,6.576126880439749023e+00,4.495036937216171369e-01
3.558491134846066828e+00,6.684815855887583425e+00,4.847158473381773525e-01
3.683923011325460184e+00,6.792419497808425355e+00,5.211495692901777499e-01
3.810497270696645788e+00,6.898677046546118241e+00,5.586422963392140284e-01
3.949069745649475216e+00,7.012452773410843498e+00,6.004058682609121345e-01
4.088898987729440826e+00,7.124680417010188727e+00,6.432285541278514041e-01
4.231468703836863909e+00,7.236563849590426756e+00,6.874873556330296509e-01
4.375235826854763310e+00,7.346904477240732589e+00,7.326316640169810990e-01
4.507716883945378505e+00,7.446471403273598355e+00,7.746302712956365522e-01
4.641134993653050600e+00,7.544779179847713735e+00,8.172334643342834548e-01
4.774747766992906151e+00,7.641331830177230167e+00,8.601504480734201152e-01
4.909231693656036732e+00,7.736667383567787937e+00,9.035477509033562615e-01
5.044559936955967494e+00,7.830799663835458446e+00,9.473707083603979395e-01
5.180707530724686372e+00,7.923742971795912027e+00,9.915681557154558678e-01
5.317650523202744672e+00,8.015511474472374331e+00,1.036089429299875020e+00
5.455364802342256958e+00,8.106118450986587121e+00,1.080888928254042591e+00
5.593827357557850100e+00,8.195577178924967399e+00,1.125923204002313938e+00
5.733016553306167218e+00,8.283901105943312970e+00,1.171149999488396043e+00
5.872911358736870646e+00,8.371103357475922380e+00,1.216531073752231018e+00
6.013491311989302979e+00,8.457196740762357834e+00,1.262028149235388419e+00
6.158198195922796714e+00,8.544258358183935087e+00,1.308721164059827524e+00
6.303583153992338595e+00,8.630182896169392492e+00,1.355467721774663348e+00
6.466761568039999908e+00,8.724835666062841000e+00,1.407696009101448764e+00
6.630735240225416938e+00,8.818104010211380128e+00,1.459888051455285218e+00
6.796684674931776193e+00,8.910671677378042332e+00,1.512395891470371456e+00
6.963390506074481401e+00,9.001870146662140471e+00,1.564783465483589930e+00
7.112908035543941132e+00,9.082182824701154900e+00,1.611447569704182348e+00
7.262993543264738783e+00,9.161429035270041155e+00,1.657977350583802467e+00
7.409297325681841073e+00,9.237389529308490665e+00,1.703002393528496805e+00
7.556107990705310584e+00,9.312365691702870762e+00,1.747848235126881811e+00
7.703412029655491544e+00,9.386367948016403062e+00,1.792486478236218206e+00
7.851196296506533834e+00,9.459406478641177785e+00,1.836898523687591434e+00
7.999448067469800527e+00,9.531491261639938983e+00,1.881063334930607622e+00
8.148155110849288008e+00,9.602632116465468215e+00,1.924962970523924177e+00
8.297305589460592046e+00,9.672838665323007845e+00,1.968576468304333638e+00
8.446887951713550891e+00,9.742120292942532345e+00,2.011886792690046555e+00
8.596890927873184651e+00,9.810486157802939644e+00,2.054875306176408234e+00
8.747303842047124078e+00,9.877945342949617569e+00,2.097526322605862692e+00
8.898619490545385702e+00,9.944727022624084256e+00,2.139958653022318913e+00
9.050327030600211486e+00,1.001061361049116805e+01,2.182025842843487329e+00
9.215822686265099151e+00,1.008129334268807931e+01,2.227340585250677130e+00
9.381758112910990377e+00,1.015093437592641656e+01,2.272179066230644473e+00
9.568114631312909069e+00,1.022771282041426666e+01,2.321791424297567907e+00
9.754991494128434582e+00,1.030321595975529725e+01,2.370745277734422451e+00
9.934537578907445265e+00,1.037438239546096419e+01,2.417324944426652245e+00
1.011453369484843279e+01,1.044440281846044449e+01,2.462817282707714828e+00
1.027506153637895281e+01,1.050575275886462912e+01,2.502860443926509859e+00
1.043592666890049436e+01,1.056621277795022706e+01,2.542332672380196001e+00
1.059054484438823351e+01,1.062337985825692499e+01,2.579666309154160952e+00
1.074545818579083090e+01,1.067974219656759871e+01,2.616467326725667508e+00
1.090065952471735677e+01,1.073530646712146641e+01,2.652715869208810862e+00
1.105614196577595365e+01,1.079007922918214568e+01,2.688401337402727798e+00
1.121189874812764486e+01,1.084406688239880268e+01,2.723508531971843283e+00
1.136792331396883782e+01,1.089727569648281857e+01,2.758026222519259996e+00
1.152420926557326730e+01,1.094971180112773901e+01,2.791941048035934347e+00
1.168075037394283378e+01,1.100138119389692548e+01,2.825240929493350706e+00
1.183754056988715675e+01,1.105228974183047796e+01,2.857912104443974588e+00
1.199457393884418188e+01,1.110244318420479281e+01,2.889945006658384496e+00
1.215193845906437353e+01,1.115187633892814212e+01,2.921343524133444891e+00
1.230953503935916871e+01,1.120056461041026274e+01,2.952104433950834217e+00
1.247898039171002971e+01,1.125201261902813243e+01,2.984366726868236785e+00
1.264868026261691725e+01,1.130261479311000983e+01,3.015860178583729123e+00
1.283999326093166893e+01,1.135856933962246984e+01,3.050317557560117798e+00
1.303161161753478048e+01,1.141346908454909048e+01,3.083734093098611240e+00
1.323316187737057881e+01,1.146999682515708763e+01,3.117691461807606146e+00
1.343502953283421952e+01,1.152538043920914568e+01,3.150424810410765275e+00
1.361585351559979173e+01,1.157395726903259714e+01,3.178713766414160702e+00
1.379691722045625113e+01,1.162163280945754984e+01,3.206025589404075671e+00
1.395967815234034504e+01,1.166367411077761318e+01,3.229720707147281544e+00
1.412262256752098644e+01,1.170499856111710102e+01,3.252626775233272483e+00
1.428258581240216607e+01,1.174483093785309151e+01,3.274307261088331700e+00
1.444271711337622222e+01,1.178398224647367698e+01,3.295210006685152404e+00
1.460301245616888899e+01,1.182245645217730790e+01,3.315324418350341418e+00
1.476346789664138903e+01,1.186025742546779504e+01,3.334652289198863695e+00
1.492407956719805462e+01,1.189738894621717158e+01,3.353189713159309804e+00
1.508484370189892765e+01,1.193385471161664491e+01,3.370941302276412088e+00
1.524575660432932267e+01,1.196965833072837349e+01,3.387931296957090055e+00
1.540681464088787145e+01,1.200480332523651228e+01,3.404123856400747883e+00
1.556801424637094833e+01,1.203929313284623781e+01,3.419528617252019842e+00
1.572935193946049104e+01,1.207313111247330895e+01,3.434147270166980626e+00
1.589209846865347586e+01,1.210657975935432695e+01,3.448066898797901736e+00
1.605497835682384178e+01,1.213937285620475670e+01,3.461225745410233312e+00
1.623420371414171015e+01,1.217467389725058347e+01,3.474741536828318544e+00
1.641358179219988855e+01,1.220919053034840296e+01,3.487354210155613199e+00
1.661567045440479617e+01,1.224710970336921001e+01,3.500408974420057717e+00
1.681794113106186828e+01,1.228404566845460089e+01,3.512277459533572177e+00
1.702891952340634418e+01,1.232149712007612763e+01,3.523425298788058324e+00
1.724008265578511612e+01,1.235789253198463555e+01,3.533291238145722435e+00
1.742869983196437644e+01,1.238948876597384441e+01,3.541103902338575971e+00
1.761745462175459664e+01,1.242025223652059829e+01,3.547969101569165673e+00
1.778585061078462104e+01,1.244698017748716268e+01,3.553334592066724973e+00
1.795434945806489679e+01,1.247305182392934952e+01,3.558001640727389780e+00
1.811735385584864133e+01,1.249763700975145220e+01,3.561861052154656093e+00
1.828044892630735774e+01,1.252161331708964731e+01,3.565097217165198895e+00
1.844363204012926261e+01,1.254498290922950865e+01,3.567730998728809055e+00
1.860690059971220478e+01,1.256774788606510285e+01,3.569778163673289484e+00
1.877025205119234030e+01,1.258991028679973567e+01,3.571263936257379257e+00
1.893368386467063047e+01,1.261147208817843790e+01,3.572207066426452027e+00
1.909719355279527520e+01,1.263243520795040098e+01,3.572636584922918246e+00
1.926077865214015361e+01,1.265280150329565778e+01,3.572572335923705378e+00
1.942443672682082578e+01,1.267257277225520617e+01,3.572039240273639837e+00
1.958816538527870676e+01,1.269175075654360541e+01,3.571067097127082146e+00
1.975229102603681142e+01,1.271037384429930661e+01,3.569666559288716901e+00
1.991648279726940629e+01,1.272840459014860492e+01,3.567904927375951996e+00
2.009432618886436472e+01,1.274726057432115844e+01,3.565553776169689826e+00
2.027224144652980797e+01,1.276542596491977655e+01,3.562854596669695173e+00
2.047258961432014246e+01,1.278504950815529462e+01,3.559363681581008798e+00
2.067302110262220793e+01,1.280380292644702145e+01,3.555509416070341988e+00
2.089223453255654661e+01,1.282331242224702983e+01,3.550952478289187031e+00
2.111153753995016658e+01,1.284178780629901162e+01,3.546020622555649648e+00
2.131255144991794381e+01,1.285781071375334861e+01,3.541310332424799867e+00
2.151363234443363481e+01,1.287296986130968790e+01,3.536435985518124880e+00
2.169232469163713972e+01,1.288571419861244038e+01,3.532029248420962109e+00
2.187106416332038705e+01,1.289777962469882411e+01,3.527589119515600391e+00
2.203596161921579011e+01,1.290830718721262116e+01,3.523499057089450215e+00
2.220089481665444353e+01,1.291825912229129614e+01,3.519451384588474063e+00
2.236547712897943185e+01,1.292761508597217812e+01,3.515470453997306954e+00
2.253009092432898441e+01,1.293639973455910130e+01,3.511575850536212684e+00
2.269473417631144940e+01,1.294461380883835666e+01,3.507796772033447752e+00
2.285940487147023958e+01,1.295225800062835120e+01,3.504156664854741976e+00
2.302410100521678515e+01,1.295933295286129905e+01,3.500680611351052907e+00
2.318882058344081543e+01,1.296583925992941388e+01,3.497391409742963919e+00
2.335356162035853700e+01,1.297177746783440533e+01,3.494313181040251681e+00
2.351832213806284955e+01,1.297714807440045703e+01,3.491464638994153713e+00
2.368310016637877169e+01,1.298195152947150000e+01,3.488864230498236019e+00
2.384789374077669422e+01,1.298618823503188580e+01,3.486537083416340277e+00
2.401813716562498158e+01,1.298996996260027004e+01,3.484420393205527766e+00
2.418839293644347777e+01,1.299314765138431049e+01,3.482639939492804704e+00
2.437929126608192831e+01,1.299599247724193951e+01,3.481017238762901922e+00
2.457019939342760040e+01,1.299807868098183583e+01,3.479829908034520969e+00
2.478509754941139320e+01,1.299951968726890428e+01,3.479009996026762863e+00
2.499999999999981881e+01,1.299999999999999467e+01,3.478722474589103442e+00
2.521490245058826218e+01,1.299951968726890961e+01,3.479013651657766992e+00
2.542980060657206920e+01,1.299807868098183938e+01,3.479837355864695780e+00
2.562070873391779813e+01,1.299599247724194129e+01,3.481028625411388688e+00
2.581160706355623802e+01,1.299314765138431405e+01,3.482655492876320036e+00
2.598186283437479460e+01,1.298996996260027714e+01,3.484437765120297570e+00
2.615210625922302512e+01,1.298618823503189113e+01,3.486555758217598111e+00
2.631689983362106489e+01,1.298195152947150000e+01,3.488880787706809539e+00
2.648167786193688755e+01,1.297714807440046414e+01,3.491478522524784189e+00
2.664643837964119299e+01,1.297177746783441421e+01,3.494320542861870660e+00
2.681117941655890746e+01,1.296583925992942277e+01,3.497391543790752344e+00
2.697589899478294484e+01,1.295933295286130615e+01,3.500671766990453460e+00
2.714059512852949752e+01,1.295225800062836008e+01,3.504138401061927865e+00
2.730526582368827349e+01,1.294461380883837265e+01,3.507769153024292486e+00
2.746990907567073137e+01,1.293639973455911552e+01,3.511538258422436165e+00
2.763452287102029459e+01,1.292761508597219056e+01,3.515423755781710291e+00
2.779910518334529357e+01,1.291825912229131035e+01,3.519395401275318136e+00
2.796403838078394344e+01,1.290830718721263892e+01,3.523435676907838765e+00
2.812893583667933939e+01,1.289777962469884010e+01,3.527518979463153848e+00
2.830767530836257606e+01,1.288571419861245460e+01,3.531953445993908591e+00
2.848636765556605965e+01,1.287296986130970922e+01,3.536357494361451081e+00
2.868744855008172223e+01,1.285781071375337348e+01,3.541237652245347700e+00
2.888846246004949236e+01,1.284178780629903649e+01,3.545955810815997200e+00
2.910776546744311233e+01,1.282331242224705470e+01,3.550896921949738605e+00
2.932697889737745811e+01,1.280380292644704987e+01,3.555468745030438082e+00
2.952741038567954135e+01,1.278504950815532659e+01,3.559308289033956463e+00
2.972775855346989715e+01,1.276542596491980319e+01,3.562777830847538851e+00
2.990567381113535461e+01,1.274726057432118331e+01,3.565466872103832507e+00
3.008351720273033081e+01,1.272840459014863157e+01,3.567805076804435149e+00
3.024770897396291502e+01,1.271037384429933681e+01,3.569566427982160395e+00
3.041183461472101968e+01,1.269175075654363383e+01,3.570967471266248694e+00
3.057556327317890421e+01,1.267257277225523104e+01,3.571943835328933226e+00
3.073922134785958349e+01,1.265280150329568620e+01,3.572481515447685219e+00
3.090280644720445125e+01,1.263243520795043473e+01,3.572550245848483019e+00
3.106631613532909952e+01,1.261147208817846810e+01,3.572125352464059489e+00
3.122974794880739324e+01,1.258991028679976587e+01,3.571184090846997172e+00
3.139309940028753587e+01,1.256774788606513660e+01,3.569700095256090222e+00
3.155636795987047449e+01,1.254498290922954595e+01,3.567654460299074959e+00
3.171955107369237226e+01,1.252161331708968106e+01,3.565021562932800592e+00
3.188264614415109222e+01,1.249763700975148595e+01,3.561786915351111471e+00
3.204565054193483320e+01,1.247305182392938505e+01,3.557930940387711960e+00
3.221414938921509474e+01,1.244698017748720531e+01,3.553270013073119848e+00
3.238254537824510493e+01,1.242025223652063914e+01,3.547916143578496051e+00
3.257130016803530737e+01,1.238948876597388882e+01,3.541056435434916771e+00
3.275991734421454993e+01,1.235789253198468529e+01,3.533255937369492283e+00
3.297108047659332186e+01,1.232149712007618270e+01,3.523399336587258901e+00
3.318205886893778001e+01,1.228404566845465773e+01,3.512263355676757737e+00
3.338432954559485211e+01,1.224710970336926330e+01,3.500404774001622421e+00
3.358641820779975973e+01,1.220919053034846335e+01,3.487368117438792936e+00
3.376579628585798076e+01,1.217467389725063853e+01,3.474757593803577294e+00
3.394502164317588466e+01,1.213937285620480644e+01,3.461231396701662799e+00
3.410790153134627900e+01,1.210657975935437136e+01,3.448066259781201293e+00
3.427064806053927981e+01,1.207313111247335158e+01,3.434138750887474334e+00
3.443198575362881542e+01,1.203929313284628400e+01,3.419523049246582236e+00
3.459318535911187809e+01,1.200480332523655846e+01,3.404123968594722438e+00
3.475424339567044285e+01,1.196965833072841434e+01,3.387936764174796611e+00
3.491515629810086807e+01,1.193385471161668399e+01,3.370959256958437678e+00
3.507592043280173755e+01,1.189738894621721599e+01,3.353193712175625674e+00
3.523653210335839958e+01,1.186025742546783235e+01,3.334638216767337848e+00
3.539698754383089607e+01,1.182245645217734697e+01,3.315297438934207364e+00
3.555728288662357528e+01,1.178398224647372139e+01,3.295170586299070337e+00
3.571741418759762610e+01,1.174483093785313947e+01,3.274264048200819843e+00
3.587737743247879507e+01,1.170499856111714543e+01,3.252581559846787762e+00
3.604032184765944180e+01,1.166367411077765581e+01,3.229675219072547954e+00
3.620308277954354992e+01,1.162163280945759425e+01,3.205984959112867294e+00
3.638414648440001287e+01,1.157395726903264510e+01,3.178675333788820723e+00
3.656497046716558685e+01,1.152538043920919186e+01,3.150392873266024463e+00
3.676683812262925244e+01,1.146999682515712138e+01,3.117659532610490558e+00
3.696838838246508629e+01,1.141346908454911890e+01,3.083704535221852172e+00
3.716000673906820850e+01,1.135856933962250004e+01,3.050294926915757543e+00
3.735131973738295841e+01,1.130261479311003470e+01,3.015844445915381034e+00
3.752101960828984062e+01,1.125201261902815730e+01,2.984357519823600757e+00
3.769046496064071050e+01,1.120056461041029294e+01,2.952104235414528599e+00
3.784806154093551811e+01,1.115187633892817054e+01,2.921342263570373632e+00
3.800542606115570266e+01,1.110244318420481591e+01,2.889933863639671419e+00
3.816245943011273312e+01,1.105228974183049928e+01,2.857888474326199635e+00
3.831924962605707208e+01,1.100138119389694857e+01,2.825204774132552554e+00
3.847579073442664566e+01,1.094971180112776032e+01,2.791894943812554875e+00
3.863207668603106981e+01,1.089727569648283456e+01,2.757968585270485828e+00
3.878810125187227698e+01,1.084406688239881333e+01,2.723440470882104059e+00
3.894385803422398595e+01,1.079007922918215812e+01,2.688322336782304589e+00
3.909934047528258105e+01,1.073530646712148062e+01,2.652628866416783193e+00
3.925454181420911937e+01,1.067974219656760404e+01,2.616370246885572737e+00
3.940945515561170964e+01,1.062337985825693210e+01,2.579561460358022806e+00
3.956407333109945057e+01,1.056621277795023595e+01,2.542221476318393680e+00
3.972493846362098679e+01,1.050575275886464333e+01,2.502738886723810285e+00
3.988546630515149616e+01,1.044440281846045870e+01,2.462714678000266666e+00
4.006546242109246236e+01,1.037438239546098551e+01,2.417103991455483936e+00
4.024500850587145351e+01,1.030321595975532922e+01,2.370828021275985797e+00
4.043188536868704119e+01,1.022771282041427554e+01,2.321878233895145360e+00
4.061824188708899896e+01,1.015093437592640591e+01,2.272248610923579992e+00
4.078417731373488664e+01,1.008129334268807220e+01,2.227394301762023243e+00
4.094967296939976364e+01,1.001061361049116805e+01,2.182070729613516225e+00
4.110138050945457877e+01,9.944727022624087809e+00,2.139994229172861306e+00
4.125269615795284750e+01,9.877945342949615792e+00,2.097557009029628272e+00
4.140310907212679581e+01,9.810486157802932539e+00,2.054904901048320465e+00
4.155311204828643667e+01,9.742120292942525239e+00,2.011915693670996319e+00
4.170269441053939374e+01,9.672838665323002516e+00,1.968607307348480440e+00
4.185184488915069778e+01,9.602632116465461110e+00,1.924995043173465925e+00
4.200055193253017904e+01,9.531491261639928325e+00,1.881099009085337892e+00
4.214880370349346350e+01,9.459406478641167126e+00,1.836936335553717381e+00
4.229658797034450401e+01,9.386367948016395957e+00,1.792527319503971039e+00
4.244389200929467165e+01,9.312365691702863657e+00,1.747890591061137533e+00
4.259070267431813761e+01,9.237389529308480007e+00,1.703046823408316479e+00
4.273700645673526566e+01,9.161429035270028720e+00,1.658020182867599557e+00
4.288709196445602601e+01,9.082182824701158452e+00,1.611491375978200358e+00
4.303660949392544666e+01,9.001870146662156458e+00,1.564821780412353425e+00
4.320331532506811101e+01,8.910671677378081412e+00,1.512439839827824040e+00
4.336926475977443118e+01,8.818104010211452959e+00,1.459933880939402240e+00
4.353323843195985177e+01,8.724835666062910278e+00,1.407742528836823936e+00
4.369641684600750153e+01,8.630182896169459994e+00,1.355519625796863581e+00
4.384180180407705762e+01,8.544258358183993707e+00,1.308769066087931199e+00
4.398650868801059488e+01,8.457196740762405796e+00,1.262077015341539044e+00
4.412708864126302899e+01,8.371103357475968565e+00,1.216577487538796687e+00
4.426698344669371465e+01,8.283901105943360932e+00,1.171195484075717053e+00
4.440617264244203710e+01,8.195577178925011808e+00,1.125967795477519351e+00
4.454463519765764801e+01,8.106118450986635082e+00,1.080932329415961846e+00
4.468234947679717806e+01,8.015511474472411635e+00,1.036132250176618586e+00
4.481929246927522570e+01,7.923742971795948442e+00,9.916099802994939871e-01
4.495544006304393747e+01,7.830799663835495750e+00,9.474132586996081296e-01
4.509076830634387534e+01,7.736667383567832346e+00,9.035902099265842313e-01
4.522525223300700503e+01,7.641331830177280793e+00,8.601932492684958298e-01
4.535886500634683927e+01,7.544779179847767914e+00,8.172765505699221000e-01
4.549228311605453712e+01,7.446471403273633882e+00,7.746741520315343354e-01
4.562476417314518784e+01,7.346904477240751241e+00,7.326750222372152566e-01
4.576853129616307569e+01,7.236563849590456066e+00,6.875318545544905069e-01
4.591110101227047124e+01,7.124680417010226918e+00,6.432745175036347351e-01
4.605093025435045462e+01,7.012452773410867479e+00,6.004551347859042876e-01
4.618950272930331380e+01,6.898677046546134228e+00,5.586954847127905133e-01
4.631607698867448875e+01,6.792419497808444895e+00,5.212096878149987678e-01
4.644150886515385679e+01,6.684815855887610958e+00,4.847843700160899272e-01
4.656544971697561408e+01,6.576126880439765010e+00,4.495830220513981623e-01
4.668817695438847437e+01,6.466069431953514801e+00,4.155927212992491238e-01
4.680964983115723754e+01,6.354629235063087300e+00,3.828914624200124850e-01
4.692982615480254793e+01,6.241792113757463234e+00,3.515579225195641921e-01
4.704866214736673413e+01,6.127544118735414713e+00,3.216646973745740934e-01
4.716611215329042039e+01,6.011871824223764094e+00,2.932831060895513264e-01
4.728212884810876204e+01,5.894762155727203634e+00,2.664666224167491770e-01
4.739666322194132420e+01,5.776202424759949494e+00,2.412724312041498453e-01
4.750966437329928027e+01,5.656180570871464752e+00,2.177398811000857970e-01
4.762107957856228069e+01,5.534685135811706402e+00,1.958726331173591406e-01
4.773435656608486966e+01,5.407725781200530157e+00,1.751147895531773302e-01
4.784582345289521044e+01,5.279174371553936318e+00,1.561340825601940097e-01
4.795756293182255803e+01,5.146431993543875372e+00,1.385478138723647279e-01
4.806728209417229181e+01,5.012014997128607874e+00,1.226372274033532134e-01
4.816958376987911095e+01,4.882752594226093201e+00,1.089268381663362067e-01
4.826993078093327227e+01,4.751967057991330456e+00,9.647578601502820872e-02
4.836825617337381544e+01,4.619655048114670315e+00,8.511026036980096077e-02
4.846449102548928067e+01,4.485814921655094878e+00,7.468317867091026074e-02
4.855856446035141261e+01,4.350446939044640082e+00,6.504932619327340182e-02
4.865040370277086623e+01,4.213553444515405921e+00,5.608902733768902915e-02
4.873993415295842624e+01,4.075139058011184368e+00,4.772187250070387965e-02
4.882707949811851478e+01,3.935210847264437373e+00,3.991098402152485486e-02
4.891176182090151059e+01,3.793778544693481525e+00,3.266540666231376733e-02
4.899390172082922135e+01,3.650854794305701922e+00,2.603049262982207179e-02
4.907341850411652473e+01,3.506455335597200573e+00,2.013371824697756177e-02
4.915023040927794540e+01,3.360599167818696831e+00,1.479413539326693804e-02
4.922621279443108477e+01,3.209314868935439158e+00,1.009212024079813273e-02
4.929916505653228143e+01,3.056546445087962915e+00,6.679220056799468376e-03
4.936720266176852334e+01,2.906396922764832524e+00,4.157335252478199655e-03
4.943219803019930225e+01,2.754905791730236864e+00,2.419458130283159893e-03
4.949406811067766654e+01,2.602111766645718749e+00,1.343443314709507307e-03
4.955273069203522596e+01,2.448057917740291689e+00,7.284231385226737614e-04
4.960810482119524778e+01,2.292791811371306387e+00,3.877071702448311378e-04
4.966011125580542540e+01,2.136365613604286118e+00,1.880680572217502085e-04
4.970867296831792004e+01,1.978836079904236156e+00,7.448595513610902798e-05
4.975371564143376446e+01,1.820264582250848084e+00,2.197364219542815043e-05
4.979516819148217621e+01,1.660717052929794990e+00,4.899383781595207067e-06
4.983296330361146431e+01,1.500263855135365976e+00,7.629490533727604514e-07
4.986703795068166301e+01,1.338979660207767708e+00,8.501657215754248559e-08
4.989733391386530315e+01,1.176943235927350617e+00,8.001889695342862671e-08
4.992522235447543721e+01,1.004729701372540251e+00,1.996450934345143149e-08
4.994876369814092953e+01,8.318683539126364712e-01,3.866490677904765657e-09
4.996999206699926077e+01,6.367603673656335728e-01,5.580879955614588134e-10
4.998560314891827971e+01,4.411228638371533228e-01,2.602774445490734461e-10
4.999639773438237711e+01,2.206787764005074537e-01,5.685349947477948622e-11
4.999999999999997868e+01,-8.903165144544724122e-17,7.226280015914690536e-11
