x,y,stress
6.999999999999997335e+00,5.076925639060864879e-16,1.102572902047192201e+03
7.003771369939681080e+00,1.842247910824666435e-01,1.528512693814828651e+02
7.015065018120587581e+00,3.681418536278980858e-01,1.340362392400684826e+02
7.031765148126379650e+00,5.344474501563026836e-01,5.813894889589285242e+01
7.054531995138330736e+00,7.000318004359119550e-01,5.314258074759121087e+01
7.082958072634681912e+00,8.630771363315947742e-01,3.726307349371452915e+01
7.117121211623778976e+00,1.025017834020937713e+00,3.152818856126996394e+01
7.156886508853227191e+00,1.185675012604223921e+00,2.573784767052364586e+01
7.202102799794876553e+00,1.344884312025646400e+00,2.193853699245155298e+01
7.252605457532826705e+00,1.502496834772583778e+00,1.862291281086966066e+01
7.308219205812136465e+00,1.658379655748762893e+00,1.627360581434838238e+01
7.368760848287110754e+00,1.812415927367852841e+00,1.427088136602408319e+01
7.434041839094743587e+00,1.964504637900235107e+00,1.261624679284661177e+01
7.503870646503621344e+00,2.114560098798476062e+00,1.115447695947237783e+01
7.578054857017036738e+00,2.262511184220559191e+00,9.990902696403532346e+00
7.656403013519786249e+00,2.408300415778442893e+00,8.964377238476005871e+00
7.738726178594217409e+00,2.551882935326950097e+00,8.079479011334404603e+00
7.824839220739089996e+00,2.693225399337098924e+00,7.306504206171566373e+00
7.914561853859567009e+00,2.832304863287562480e+00,6.629157448295281974e+00
8.007719445429847482e+00,2.969107675496851062e+00,6.032776913295911037e+00
8.104143596002119310e+00,3.103628375606683143e+00,5.506152476531214646e+00
8.203672527042423113e+00,3.235868639993389806e+00,5.039766423873710544e+00
8.306151464156405595e+00,3.365836488241549240e+00,4.626115144623303088e+00
8.411432713041330445e+00,3.493545311214840687e+00,4.258635134008445178e+00
8.519375508144991116e+00,3.619012861211916121e+00,3.932198129330774616e+00
8.629846125331718909e+00,3.742260751193160928e+00,3.642152354138601389e+00
8.742717783546014587e+00,3.863313828003398509e+00,3.384853338006260870e+00
8.857870370849090236e+00,3.982199487584983100e+00,3.156901250046319163e+00
8.975190223177170523e+00,4.098947170208573354e+00,2.955620237380873316e+00
9.094569847331934298e+00,4.213587890936818958e+00,2.778443007522595209e+00
9.215907816425051635e+00,4.326154006170154886e+00,2.623313496004455292e+00
9.339108369712182167e+00,4.436678750607852884e+00,2.488209934498207598e+00
9.464081037194551627e+00,4.545195869848245529e+00,2.371458491127843793e+00
9.590740553853851935e+00,4.651739548850401640e+00,2.271379717733193804e+00
9.719006384365941997e+00,4.756344029791979899e+00,2.186527568718414027e+00
9.848888729499661210e+00,4.859110702302367635e+00,2.115394329180174005e+00
9.980231697891754905e+00,4.960004036061475219e+00,2.056752792901891169e+00
1.011287929762842452e+01,5.058992913441858086e+00,2.009319100200962716e+00
1.024685414798049621e+01,5.156178029050193068e+00,1.971886206226572513e+00
1.038209640976380044e+01,5.251592487678371945e+00,1.943295674528008110e+00
1.051854880833458061e+01,5.345268266967811321e+00,1.922521050537503218e+00
1.065615748661486606e+01,5.437236935043508801e+00,1.908573847705707482e+00
1.079487174990521048e+01,5.527529543077064567e+00,1.900564228352914720e+00
1.093464352027429420e+01,5.616176348242595040e+00,1.897671272998179948e+00
1.107542738278606365e+01,5.703206936188092158e+00,1.899167795042081774e+00
1.121718031565671403e+01,5.788650135154119525e+00,1.904386912152757461e+00
1.135986156961074478e+01,5.872534027143184510e+00,1.912842690450963667e+00
1.150343253350630945e+01,5.954885948160218767e+00,1.923617012534846182e+00
1.164785659568202902e+01,6.035732484763720151e+00,1.937604163142803593e+00
1.179636913485622074e+01,6.116864637561929108e+00,1.952555798303394763e+00
1.194570198816040651e+01,6.196476890501586787e+00,1.969338740144024547e+00
1.209251702649522109e+01,6.272895728622552625e+00,1.986914269402645816e+00
1.224005508750352611e+01,6.347909219381908663e+00,2.005452159533459344e+00
1.238828797003884929e+01,6.421540307304260509e+00,2.024616210579603059e+00
1.253718877140060073e+01,6.493811212999203164e+00,2.044280811074687065e+00
1.268673188495709248e+01,6.564743489411213773e+00,2.064269381615197574e+00
1.283689296443501959e+01,6.634358055633371443e+00,2.084460876733040813e+00
1.298764882690719524e+01,6.702675199021207675e+00,2.104712901421120552e+00
1.313897726291713752e+01,6.769714536640437430e+00,2.124990202846278375e+00
1.329085706887723184e+01,6.835495077507878214e+00,2.145020732618372339e+00
1.344326809887656360e+01,6.900035285517673422e+00,2.165349611351647940e+00
1.359623805982380063e+01,6.963372272322311929e+00,2.185327704610125821e+00
1.374970178572291069e+01,7.025503364347526869e+00,2.204654290159261620e+00
1.391243889238203835e+01,7.089886964628518307e+00,2.224838943800482305e+00
1.407568802091355487e+01,7.152961061399474296e+00,2.244594687338106187e+00
1.423223417022929205e+01,7.212059675211068388e+00,2.263054595631474708e+00
1.438921499686155592e+01,7.269993837981780338e+00,2.281071295072119032e+00
1.454490385007343711e+01,7.326168242945809261e+00,2.298436236688127021e+00
1.470098883088789066e+01,7.381232433315319419e+00,2.315323586886496088e+00
1.485745634252390523e+01,7.435200201679027288e+00,2.331725521165350479e+00
1.501429325169996609e+01,7.488084880945111266e+00,2.347630072063823015e+00
1.517148702104604219e+01,7.539899412832600234e+00,2.363015594403193642e+00
1.532902548793326858e+01,7.590656295521416297e+00,2.377883331298397795e+00
1.548689693264063472e+01,7.640367629077114309e+00,2.392384112259691609e+00
1.564509019793865718e+01,7.689045171464668371e+00,2.406180643136603070e+00
1.580359445206164359e+01,7.736700281739117280e+00,2.419482617707017003e+00
1.596239929076370245e+01,7.783343969985065058e+00,2.432280137021021638e+00
1.612422415861776059e+01,7.829760584039836324e+00,2.445110748220448826e+00
1.628633939524478436e+01,7.875152678918943217e+00,2.456999632761549091e+00
1.646108759802625698e+01,7.922862093199320555e+00,2.469345203076813267e+00
1.663614874330713889e+01,7.969410143729538376e+00,2.481060904403209477e+00
1.679866329651918377e+01,8.011524141449900327e+00,2.491412414699737177e+00
1.696142807942343822e+01,8.052660452883225517e+00,2.501281018373850973e+00
1.712213239412817600e+01,8.092267945149171027e+00,2.510535851370738314e+00
1.728306380820837163e+01,8.130942377913772390e+00,2.519332877335089371e+00
1.744421473555316737e+01,8.168691894017792166e+00,2.527673581101707700e+00
1.760557773930532122e+01,8.205524349950811924e+00,2.535574624982340097e+00
1.776714560229104123e+01,8.241447343481937082e+00,2.543043754965274239e+00
1.792891140216239876e+01,8.276468238952089607e+00,2.550097127529412866e+00
1.809086840926370954e+01,8.310594152373969479e+00,2.556769377871353388e+00
1.825301001532271883e+01,8.343831945615040269e+00,2.563044363742369658e+00
1.841532981871974073e+01,8.376188253074282386e+00,2.568939238874949904e+00
1.857782161016848121e+01,8.407669485790648878e+00,2.574468524877002729e+00
1.874267152113278811e+01,8.438688291250558748e+00,2.579696648698701189e+00
1.890768572957255600e+01,8.468820856978052092e+00,2.584587836010511896e+00
1.908907314805607314e+01,8.500896184387972454e+00,2.589558324706915826e+00
1.927064376951338431e+01,8.531917679868106674e+00,2.594114549599340958e+00
1.944261646353024986e+01,8.560307941724040859e+00,2.598093856970694393e+00
1.961474027941707732e+01,8.587767139103547720e+00,2.601752012658191671e+00
1.977832112609056736e+01,8.612985396158633122e+00,2.604950736831932456e+00
1.994202772953564562e+01,8.637373971746468371e+00,2.607894419921100049e+00
2.010585514284692366e+01,8.660937393221384895e+00,2.610590894786149363e+00
2.026979851819861622e+01,8.683680008233315206e+00,2.613051493686060933e+00
2.043385310434264568e+01,8.705605988776405013e+00,2.615292618464772456e+00
2.059801425391939844e+01,8.726719336201075095e+00,2.617323495083985208e+00
2.076227740638671904e+01,8.747023882721185473e+00,2.619159402644134715e+00
2.092663808103125334e+01,8.766523294286837853e+00,2.620809787243528532e+00
2.109109188298795345e+01,8.785221074804507424e+00,2.622288032806064706e+00
2.125563448729318594e+01,8.803120567549491682e+00,2.623605436658273948e+00
2.142027046515434918e+01,8.820225853930178772e+00,2.624767281883811698e+00
2.158498682196570684e+01,8.836538985850905803e+00,2.625801421484346587e+00
2.176058682493215812e+01,8.853053177875930047e+00,2.626752095133335629e+00
2.193626851009443257e+01,8.868674497321466177e+00,2.627572993630922227e+00
2.212252425713697690e+01,8.884257613177853230e+00,2.628313659960067827e+00
2.230886063510507711e+01,8.898844994137057540e+00,2.628911623558668698e+00
2.247758013825778534e+01,8.911192373093065555e+00,2.629365999427826672e+00
2.264635702405189477e+01,8.922728909108606388e+00,2.629753533217582984e+00
2.281153668404477486e+01,8.933233293644551765e+00,2.630067235423142691e+00
2.297676364957264639e+01,8.942965317364103939e+00,2.630326316105782603e+00
2.314203421075621492e+01,8.951926651928056700e+00,2.630538880838772631e+00
2.330734468319885622e+01,8.960118832617462559e+00,2.630708287436764437e+00
2.347269141562382799e+01,8.967543260114368309e+00,2.630844001670866295e+00
2.363807078567241149e+01,8.974201201432366659e+00,2.630948347203043713e+00
2.380347919310651150e+01,8.980093790694372302e+00,2.631030059271727062e+00
2.396891306252929965e+01,8.985222030191810205e+00,2.631090610878222158e+00
2.413436883658811283e+01,8.989586790961665130e+00,2.631135776702904661e+00
2.429984297304644514e+01,8.993188813452201558e+00,2.631169061827657973e+00
2.446659143943204739e+01,8.996047400212944467e+00,2.631189697035358765e+00
2.463335136903546996e+01,8.998132706031450212e+00,2.631214772300213056e+00
2.481667330687667672e+01,8.999533200721970161e+00,2.631232875712339325e+00
2.500000000000010303e+01,8.999999999999994671e+00,2.631231325626969930e+00
2.518332669312350802e+01,8.999533200721966608e+00,2.631230650825824746e+00
2.536664863096468636e+01,8.998132706031448436e+00,2.631210526429784924e+00
2.553340856056814800e+01,8.996047400212942691e+00,2.631183950285579609e+00
2.570015702695366144e+01,8.993188813452198005e+00,2.631161808508826194e+00
2.586563116341200086e+01,8.989586790961661578e+00,2.631126988205402473e+00
2.603108693747081759e+01,8.985222030191806653e+00,2.631080528986144529e+00
2.619652080689360218e+01,8.980093790694368749e+00,2.631018328875874168e+00
2.636192921432771286e+01,8.974201201432363106e+00,2.630934871657664598e+00
2.652730858437628214e+01,8.967543260114361203e+00,2.630826899079399261e+00
2.669265531680124681e+01,8.960118832617457230e+00,2.630687518538366465e+00
2.685796578924387035e+01,8.951926651928049594e+00,2.630511466777116336e+00
2.702323635042742467e+01,8.942965317364100386e+00,2.630291568027612659e+00
2.718846331595529975e+01,8.933233293644542883e+00,2.630020994290536152e+00
2.735364297594818339e+01,8.922728909108599282e+00,2.629695230732678635e+00
2.752241986174230703e+01,8.911192373093056673e+00,2.629292985575214736e+00
2.769113936489502947e+01,8.898844994137046882e+00,2.628823236659883378e+00
2.787747574286311547e+01,8.884257613177844348e+00,2.628210246818043938e+00
2.806373148990564559e+01,8.868674497321457295e+00,2.627454069074282472e+00
2.823941317506791648e+01,8.853053177875922941e+00,2.626622793115518384e+00
2.841501317803438553e+01,8.836538985850895145e+00,2.625661884573048610e+00
2.857972953484573964e+01,8.820225853930166338e+00,2.624624587746088089e+00
2.874436551270691353e+01,8.803120567549479247e+00,2.623461094562743234e+00
2.890890811701214602e+01,8.785221074804493213e+00,2.622147452516864874e+00
2.907336191896885680e+01,8.766523294286821866e+00,2.620673854808838410e+00
2.923772259361339465e+01,8.747023882721165933e+00,2.619028844631037689e+00
2.940198574608072946e+01,8.726719336201055555e+00,2.617198702875570770e+00
2.956614689565747511e+01,8.705605988776385473e+00,2.615171585279698618e+00
2.973020148180149036e+01,8.683680008233295666e+00,2.612934113587261464e+00
2.989414485715317582e+01,8.660937393221365355e+00,2.610474275888102103e+00
3.005797227046446096e+01,8.637373971746448831e+00,2.607778376098304651e+00
3.022167887390951790e+01,8.612985396158618911e+00,2.604833457153330922e+00
3.038525972058299729e+01,8.587767139103531733e+00,2.601632876178924469e+00
3.055738353646982475e+01,8.560307941724024872e+00,2.597969169338377959e+00
3.072935623048668674e+01,8.531917679868092463e+00,2.593984229224111537e+00
3.091092685194396950e+01,8.500896184387961796e+00,2.589420600875341538e+00
3.109231427042746532e+01,8.468820856978043210e+00,2.584441923997947477e+00
3.125732847886720833e+01,8.438688291250553419e+00,2.579545344359671422e+00
3.142217838983150102e+01,8.407669485790648878e+00,2.574312378170086291e+00
3.158467018128023085e+01,8.376188253074284162e+00,2.568783860484293857e+00
3.174698998467724920e+01,8.343831945615042045e+00,2.562889844888132984e+00
3.190913159073625494e+01,8.310594152373967702e+00,2.556614583072297275e+00
3.207108859783757282e+01,8.276468238952089607e+00,2.549945025030519563e+00
3.223285439770894101e+01,8.241447343481935306e+00,2.542870403584584604e+00
3.239442226069466813e+01,8.205524349950808372e+00,2.535377355072029992e+00
3.255578526444682552e+01,8.168691894017785060e+00,2.527457822304649326e+00
3.271693619179162482e+01,8.130942377913767061e+00,2.519097457830924647e+00
3.287786760587182044e+01,8.092267945149163921e+00,2.510288237702112735e+00
3.303857192057655823e+01,8.052660452883218412e+00,2.501019534423374768e+00
3.320133670348081267e+01,8.011524141449891445e+00,2.491140587402379758e+00
3.336385125669286111e+01,7.969410143729528606e+00,2.480776922772412796e+00
3.353891240197371815e+01,7.922862093199317002e+00,2.469045399264877094e+00
3.371366060475516946e+01,7.875152678918947657e+00,2.456696863331380154e+00
3.387577584138218612e+01,7.829760584039842541e+00,2.444679165207717553e+00
3.403760070923625847e+01,7.783343969985069499e+00,2.432148863357817881e+00
3.419640554793831910e+01,7.736700281739119944e+00,2.419309606764035614e+00
3.435490980206130729e+01,7.689045171464670148e+00,2.405959882607380251e+00
3.451310306735932443e+01,7.640367629077114309e+00,2.392094460620452168e+00
3.467097451206669945e+01,7.590656295521417185e+00,2.377712306403836795e+00
3.482851297895392406e+01,7.539899412832600234e+00,2.362815905835771613e+00
3.498570674830000371e+01,7.488084880945113042e+00,2.347406664323091974e+00
3.514254365747604680e+01,7.435200201679030840e+00,2.331491414016402697e+00
3.529901116911206316e+01,7.381232433315326524e+00,2.315076267892539619e+00
3.545509614992651137e+01,7.326168242945815479e+00,2.298173087805645221e+00
3.561078500313839612e+01,7.269993837981787443e+00,2.280794116389223802e+00
3.576776582977064578e+01,7.212059675211077270e+00,2.262759817563381404e+00
3.592431197908638296e+01,7.152961061399487619e+00,2.244279668723932364e+00
3.608756110761790836e+01,7.089886964628528077e+00,2.224511785895597171e+00
3.625029821427704491e+01,7.025503364347532198e+00,2.204309363221442997e+00
3.640376194017613187e+01,6.963372272322322587e+00,2.184838987142853739e+00
3.655673190112336357e+01,6.900035285517693850e+00,2.165080768547297474e+00
3.670914293112269178e+01,6.835495077507896866e+00,2.145084617190076148e+00
3.686102273708278432e+01,6.769714536640458746e+00,2.124908283361117256e+00
3.701235117309273193e+01,6.702675199021228103e+00,2.104625000320263783e+00
3.716310703556491291e+01,6.634358055633392759e+00,2.084320261807075969e+00
3.731326811504282404e+01,6.564743489411238642e+00,2.064095479765050367e+00
3.746281122859931401e+01,6.493811212999230698e+00,2.044067034689674767e+00
3.761171202996105478e+01,6.421540307304289819e+00,2.024372064711002839e+00
3.775994491249637974e+01,6.347909219381941526e+00,2.005171138506617989e+00
3.790748297350468476e+01,6.272895728622584599e+00,1.986651369457406391e+00
3.805429801183949934e+01,6.196476890501621426e+00,1.969026007903791564e+00
3.820363086514368689e+01,6.116864637561960194e+00,1.952195698696877812e+00
3.835214340431789282e+01,6.035732484763746797e+00,1.936887612671407854e+00
3.849656746649361594e+01,5.954885948160244524e+00,1.923720812689815762e+00
3.864013843038917884e+01,5.872534027143214708e+00,1.912738671638745558e+00
3.878281968434319538e+01,5.788650135154157716e+00,1.904384231744595368e+00
3.892457261721384043e+01,5.703206936188133902e+00,1.899179237046676683e+00
3.906535647972561520e+01,5.616176348242635008e+00,1.897695678810224162e+00
3.920512825009470959e+01,5.527529543077100982e+00,1.900600632054103567e+00
3.934384251338504868e+01,5.437236935043547881e+00,1.908609672442516336e+00
3.948145119166532879e+01,5.345268266967853954e+00,1.922558261788236633e+00
3.961790359023610364e+01,5.251592487678421683e+00,1.943321857772304817e+00
3.975314585201940787e+01,5.156178029050241918e+00,1.971900553425866898e+00
3.988712070237147600e+01,5.058992913441903383e+00,2.009313744419746417e+00
4.001976830210816161e+01,4.960004036061515187e+00,2.056728351704576685e+00
4.015111127050025885e+01,4.859110702302412044e+00,2.115350232119526108e+00
4.028099361563398162e+01,4.756344029792019867e+00,2.186464378900154770e+00
4.040925944614606635e+01,4.651739548850446049e+00,2.271292726181127986e+00
4.053591896280536844e+01,4.545195869848290826e+00,2.371355621241137079e+00
4.066089163028774323e+01,4.436678750607891963e+00,2.488104002294059480e+00
4.078409218357489152e+01,4.326154006170183308e+00,2.623218107218498574e+00
4.090543015266801063e+01,4.213587890936846492e+00,2.778371911183288745e+00
4.102480977682278507e+01,4.098947170208592894e+00,2.955602252754302661e+00
4.114212962915085825e+01,3.982199487585005748e+00,3.156987651157157959e+00
4.125728221645393745e+01,3.863313828003422046e+00,3.385093006502263080e+00
4.137015387466822602e+01,3.742260751193184021e+00,3.642610066128269430e+00
4.148062449185497513e+01,3.619012861211927667e+00,3.932954292643485950e+00
4.158856728695862870e+01,3.493545311214862004e+00,4.259783880565282566e+00
4.169384853584355000e+01,3.365836488241567892e+00,4.627796474436360441e+00
4.179632747295753603e+01,3.235868639993414675e+00,5.042141289888675715e+00
4.189585640399784694e+01,3.103628375606700018e+00,5.509470374351335131e+00
4.199228055457010811e+01,2.969107675496872822e+00,6.037249951204520571e+00
4.208543814614039746e+01,2.832304863287581131e+00,6.635273375856413303e+00
4.217516077926086382e+01,2.693225399337126014e+00,7.314852798726569461e+00
4.226127382140574440e+01,2.551882935326975854e+00,8.090974956978714161e+00
4.234359698648017201e+01,2.408300415778475756e+00,8.981704662458350086e+00
4.242194514298292063e+01,2.262511184220589389e+00,1.001141693260380094e+01
4.249612935349632892e+01,2.114560098798507148e+00,1.120902466415745558e+01
4.256595816090521822e+01,1.964504637900262640e+00,1.261882720753615850e+01
4.263123915171285461e+01,1.812415927367885038e+00,1.428911544646071441e+01
4.269178079418782801e+01,1.658379655748794645e+00,1.630870970500702555e+01
4.274739454246714132e+01,1.502496834772613754e+00,1.875354180428525197e+01
4.279789720020509236e+01,1.344884312025678152e+00,2.189590728550907528e+01
4.284311349114673817e+01,1.185675012604257450e+00,2.568705279821488574e+01
4.288287878837617484e+01,1.025017834020969909e+00,3.150806838138027288e+01
4.291704192736526835e+01,8.630771363316440681e-01,3.731508761132009511e+01
4.294546800486163818e+01,7.000318004359810109e-01,5.307064136407554145e+01
4.296823485187358926e+01,5.344474501563595270e-01,5.843010551635293126e+01
4.298493498187938400e+01,3.681418536279457698e-01,1.336057139237236981e+02
4.299622863006029405e+01,1.842247910824909019e-01,1.535025516468979845e+02
4.299999999999997868e+01,-3.566868167373734924e-17,1.102394923476915210e+03
