x,y,stress
4.999999999999997335e+00,6.253868887417549833e-16,9.653252753210482524e+02
5.003423196803471917e+00,2.035120058951422894e-01,1.209898067210715880e+02
5.013680838498768999e+00,4.067942088073037143e-01,1.155491226635005262e+02
5.028494897884063342e+00,5.869775521581382938e-01,4.767484889776112311e+01
5.048632914893460999e+00,7.666438607244960846e-01,4.491215500628178603e+01
5.071862202840283551e+00,9.316493391119977652e-01,3.145017810728579732e+01
5.099516423946745647e+00,1.095971220136978452e+00,2.695207934996868460e+01
5.131451526527297524e+00,1.259101433988875973e+00,2.199438099476095942e+01
5.167661220136619882e+00,1.421336484622833796e+00,1.879118708836320195e+01
5.208069946535830219e+00,1.582577072224768511e+00,1.606626476060547404e+01
5.252595701690257357e+00,1.742729784684687644e+00,1.392934309943973403e+01
5.301150847158598189e+00,1.901707383172799082e+00,1.215054264878785162e+01
5.353642928252878797e+00,2.059428993033527444e+00,1.065683114744423676e+01
5.409975488296610457e+00,2.215820217963381467e+00,9.328193631386467288e+00
5.470048856586392283e+00,2.370813156198301463e+00,8.272876503373353785e+00
5.533760904766151789e+00,2.524346348042357135e+00,7.339933847238961917e+00
5.601007771278159630e+00,2.676364680732406853e+00,6.532371285443965725e+00
5.671684519477435238e+00,2.826819194312050421e+00,5.798098418543854216e+00
5.745685750247518264e+00,2.975666864496600450e+00,5.182462050076512838e+00
5.822906161444607598e+00,3.122870354648165758e+00,4.630168679355041839e+00
5.903241037618141895e+00,3.268397716410627485e+00,4.142480198528116553e+00
5.986586698374492421e+00,3.412222101948380715e+00,3.708719435345386728e+00
6.072840864527880633e+00,3.554321417064805200e+00,3.323420709699375308e+00
6.161902986690489747e+00,3.694678000507578552e+00,2.980130786026488732e+00
6.253674547354902025e+00,3.833278337417198145e+00,2.674252866267810003e+00
6.348059238844424357e+00,3.970112658012215245e+00,2.401682260491647458e+00
6.444963209876124921e+00,4.105174714849261441e+00,2.159007817223913772e+00
6.544295177397118302e+00,4.238461424743442230e+00,1.943317490749679743e+00
6.645966485683243441e+00,4.369972512612586790e+00,1.752408361816297333e+00
6.750372667242992009e+00,4.500300925514342687e+00,1.583652512250172784e+00
6.856968767945311072e+00,4.628844494913193053e+00,1.436621119180255146e+00
6.965172747916946072e+00,4.755035679279970395e+00,1.310617972141302046e+00
7.075388628949498049e+00,4.879473632169163189e+00,1.204105452958180056e+00
7.187541772959697539e+00,5.002168570006226389e+00,1.116350489324422490e+00
7.301560290870238390e+00,5.123132112130765137e+00,1.046641143170148336e+00
7.417375033588375466e+00,5.242377135935746502e+00,9.941448877599037282e-01
7.534919496220870094e+00,5.359917565265861050e+00,9.577922337270983189e-01
7.654129793490788813e+00,5.475768256658438027e+00,9.362098691600378997e-01
7.774944561682996635e+00,5.589944830402090226e+00,9.277657480492494946e-01
7.897304870583746528e+00,5.702463532662707557e+00,9.306294331490158056e-01
8.021154233191348126e+00,5.813341200991432700e+00,9.429405788304491276e-01
8.148517645894417072e+00,5.924384490979096363e+00,9.632878281552358368e-01
8.277309052987538607e+00,6.033768413349905657e+00,9.898851557033992998e-01
8.407642865007227684e+00,6.141647956633342176e+00,1.021298148171721820e+00
8.539305549246948956e+00,6.247901672176165988e+00,1.056311637817836324e+00
8.669913559536714942e+00,6.350732536189558353e+00,1.093273115340369861e+00
8.801714027393641615e+00,6.452030555861727024e+00,1.132032571769947760e+00
8.934664779920593602e+00,6.551813778688239331e+00,1.172016598477854332e+00
9.068725714175185360e+00,6.650100460746413589e+00,1.212782665962874207e+00
9.203858358242818838e+00,6.746908739796863230e+00,1.253990165644419452e+00
9.340025546647328980e+00,6.842256428723157313e+00,1.295373709546470797e+00
9.477191862238717235e+00,6.936161353679085373e+00,1.336729270593390861e+00
9.615323147377894841e+00,7.028641030630962128e+00,1.377907477497052335e+00
9.754386578994802548e+00,7.119712747275905862e+00,1.418769776237953861e+00
9.894350935169340389e+00,7.209393755017104333e+00,1.459224655937260584e+00
1.003686588683254577e+01,7.298742823061226126e+00,1.499679568752967151e+00
1.018024256177214859e+01,7.386702499445020997e+00,1.539605597761691591e+00
1.033361263769534411e+01,7.478727647534448408e+00,1.581419328712229566e+00
1.048789144325455602e+01,7.569221118071778776e+00,1.622530069684796183e+00
1.063281482293124114e+01,7.652395507392719232e+00,1.660299846091719322e+00
1.077847877951560740e+01,7.734266034216299879e+00,1.697433864808821413e+00
1.092410069852442334e+01,7.814434739861393808e+00,1.733726328490120983e+00
1.107040934170564661e+01,7.893343238953852037e+00,1.769361576776230072e+00
1.121738293723044499e+01,7.971006130819913160e+00,1.804338304099355250e+00
1.136500060119967337e+01,8.047437753527589166e+00,1.838652314529171550e+00
1.151324215401808360e+01,8.122652106803732508e+00,1.872300281829971658e+00
1.166208824495175200e+01,8.196662935573234776e+00,1.905274789664964219e+00
1.181152024078816076e+01,8.269483689829733919e+00,1.937569125694528438e+00
1.196152009212736722e+01,8.341127478454605892e+00,1.969192932326284007e+00
1.211207044206337713e+01,8.411607140860370535e+00,2.000128839050525631e+00
1.226315455932052600e+01,8.480935230658428026e+00,2.030407130626782131e+00
1.241919288959204160e+01,8.551099108672481464e+00,2.060829036035177531e+00
1.257576255754893424e+01,8.620069199374970736e+00,2.090665586160334044e+00
1.274619677359545733e+01,8.693555240106814352e+00,2.122478579838966706e+00
1.291721691431358288e+01,8.765667216677556439e+00,2.152970110439507145e+00
1.307492090873585333e+01,8.830754657547455366e+00,2.180428324790571359e+00
1.323308909551799495e+01,8.894705832640539711e+00,2.207182702189199208e+00
1.338763313207384620e+01,8.955934516102658449e+00,2.232599521956416755e+00
1.354259201178950711e+01,9.016105598482434758e+00,2.257362706236784700e+00
1.369795361979034176e+01,9.075229124100715694e+00,2.281475211311240425e+00
1.385370620477115544e+01,9.133314881559099874e+00,2.304937742358107222e+00
1.400983841311706080e+01,9.190372427654727616e+00,2.327751103333557836e+00
1.416633922010728952e+01,9.246411072255538599e+00,2.349921475747946076e+00
1.432319795211519953e+01,9.301439896820305364e+00,2.371454462509027472e+00
1.448040426784363710e+01,9.355467757075496493e+00,2.392352536488248749e+00
1.463794814055492921e+01,9.408503285953971229e+00,2.412618496666552481e+00
1.479581983258679045e+01,9.460554893930305909e+00,2.432260218545693409e+00
1.495504138239645009e+01,9.511960309374517308e+00,2.451395615019890339e+00
1.511457611690072689e+01,9.562385391839407944e+00,2.469927318142837169e+00
1.528999625850707922e+01,9.616602194663585124e+00,2.489525253650687997e+00
1.546577098069091249e+01,9.669658178794517056e+00,2.508372639409457872e+00
1.564577221266801033e+01,9.722693701185310289e+00,2.526881940699699403e+00
1.582612035812673490e+01,9.774537304942773730e+00,2.544604023510248947e+00
1.598880636194336446e+01,9.820209403993269248e+00,2.559932106101587390e+00
1.615175644907322194e+01,9.864930171278631477e+00,2.574668499723208104e+00
1.631231036932708633e+01,9.908003067547577203e+00,2.588584433592655998e+00
1.647310505582369800e+01,9.950168287010102475e+00,2.601933040577321776e+00
1.663413350732124840e+01,9.991432031624350785e+00,2.614721050088067766e+00
1.679538877915016215e+01,1.003180030209922968e+01,2.626955516259301238e+00
1.695686414569106404e+01,1.007127894573533133e+01,2.638649452914816340e+00
1.711855306623189321e+01,1.010987365176413277e+01,2.649808064439308275e+00
1.728044917043704842e+01,1.014758995202371139e+01,2.660444268942330659e+00
1.744254618839117654e+01,1.018443320933144669e+01,2.670563830009953676e+00
1.760483798605788408e+01,1.022040863093218377e+01,2.680179820589405626e+00
1.776731863354796204e+01,1.025552128738669388e+01,2.689304419383756528e+00
1.793210716669210214e+01,1.029021766029779172e+01,2.698045044274113291e+00
1.809707760152383926e+01,1.032403859272553781e+01,2.706322714146134345e+00
1.828007582777692264e+01,1.036049671992952526e+01,2.714916305653390705e+00
1.846328255039148658e+01,1.039589225644701287e+01,2.722935489071014459e+00
1.865272893443641422e+01,1.043134341209838389e+01,2.730644043260482157e+00
1.884238160732279255e+01,1.046567389413478466e+01,2.737754437626488624e+00
1.901189264848610705e+01,1.049538601147620120e+01,2.743650014074359156e+00
1.918155630604620043e+01,1.052421389826990428e+01,2.749134265064071769e+00
1.934557865683206401e+01,1.055122384277590797e+01,2.754044057890190356e+00
1.950973354286501049e+01,1.057741625844759703e+01,2.758593005168687107e+00
1.967401624814956307e+01,1.060279462524833782e+01,2.762793457721759438e+00
1.983842214391098580e+01,1.062736230189543463e+01,2.766658118512617115e+00
2.000294667712082131e+01,1.065112252636835066e+01,2.770203744777993027e+00
2.016758536592528017e+01,1.067407841751806785e+01,2.773441982881608592e+00
2.033233380034072368e+01,1.069623297732377942e+01,2.776392520972234212e+00
2.049718763852493453e+01,1.071758909238908508e+01,2.779066071555202910e+00
2.066214260492036203e+01,1.073814953560601460e+01,2.781478046083341482e+00
2.082719448112136362e+01,1.075791696685463172e+01,2.783644561454360566e+00
2.099285045085546386e+01,1.077695145337790450e+01,2.785581714906481210e+00
2.115859560755799862e+01,1.079519303759096438e+01,2.787320909224774823e+00
2.133900173452834892e+01,1.081413982891448100e+01,2.788965041795887778e+00
2.151950338250634331e+01,1.083215391078447887e+01,2.790395909076808678e+00
2.171685864621770179e+01,1.085077634607095298e+01,2.791729350172103885e+00
2.191431525779948331e+01,1.086829155275586878e+01,2.792808040248304646e+00
2.209497750730296772e+01,1.088334302527810316e+01,2.793638039158921504e+00
2.227571413686196777e+01,1.089747335977985010e+01,2.794320570881977606e+00
2.244199134508649962e+01,1.090965714382077145e+01,2.794836972477569681e+00
2.260832357673980297e+01,1.092106518960684269e+01,2.795267440293816463e+00
2.277421643762344416e+01,1.093166871885851954e+01,2.795607255350038844e+00
2.294015662800451238e+01,1.094150383622200629e+01,2.795872277814791751e+00
2.310614050877957837e+01,1.095057177086306233e+01,2.796074891578395505e+00
2.327216446791747018e+01,1.095887365440249006e+01,2.796222912037976460e+00
2.343822491458677604e+01,1.096641052127956328e+01,2.796326737290176112e+00
2.360431827924738357e+01,1.097318330939763698e+01,2.796394130241253606e+00
2.377044101098780970e+01,1.097919286056552224e+01,2.796436943782776297e+00
2.393658957453254388e+01,1.098443992089580945e+01,2.796458766312832633e+00
2.410276045023004698e+01,1.098892514125354758e+01,2.796466480887414008e+00
2.426895012953049502e+01,1.099264907751007314e+01,2.796472130682651880e+00
2.444109932531815943e+01,1.099570407413010820e+01,2.796468905899775592e+00
2.461326106529183733e+01,1.099794326141961243e+01,2.796481444560062535e+00
2.480662779797194162e+01,1.099948583686635040e+01,2.796493680414666727e+00
2.499999999999988987e+01,1.099999999999999467e+01,2.796489506551824267e+00
2.519337220202785943e+01,1.099948583686635217e+01,2.796502541343319770e+00
2.538673893470796727e+01,1.099794326141961420e+01,2.796499214856388082e+00
2.555890067468169136e+01,1.099570407413011353e+01,2.796495430755024270e+00
2.573104987046931669e+01,1.099264907751007669e+01,2.796507294946618760e+00
2.589723954976976827e+01,1.098892514125354758e+01,2.796506808332053229e+00
2.606341042546727849e+01,1.098443992089581478e+01,2.796503616392108427e+00
2.622955898901200200e+01,1.097919286056553290e+01,2.796482381067999956e+00
2.639568172075243169e+01,1.097318330939764408e+01,2.796439925874273147e+00
2.656177508541303922e+01,1.096641052127956684e+01,2.796369397920454691e+00
2.672783553208235219e+01,1.095887365440249717e+01,2.796262238996979121e+00
2.689385949122024755e+01,1.095057177086307121e+01,2.796109979525605471e+00
2.705984337199530998e+01,1.094150383622201517e+01,2.795903046355138866e+00
2.722578356237637109e+01,1.093166871885852309e+01,2.795632726672871105e+00
2.739167642326001229e+01,1.092106518960685335e+01,2.795287726096183256e+00
2.755800865491331209e+01,1.090965714382078566e+01,2.794854408747428742e+00
2.772428586313784749e+01,1.089747335977986253e+01,2.794335112853190140e+00
2.790502249269684398e+01,1.088334302527811559e+01,2.793647738571482186e+00
2.808568474220032130e+01,1.086829155275588299e+01,2.792813346972977673e+00
2.828314135378207794e+01,1.085077634607097430e+01,2.791729087162349909e+00
2.848049661749342221e+01,1.083215391078450018e+01,2.790390032335550163e+00
2.866099826547143081e+01,1.081413982891450054e+01,2.788953788798983702e+00
2.884140439244179532e+01,1.079519303759098392e+01,2.787304367441395758e+00
2.900714954914434429e+01,1.077695145337792226e+01,2.785564145583898199e+00
2.917280551887845874e+01,1.075791696685464949e+01,2.783625948799065775e+00
2.933785739507944257e+01,1.073814953560603058e+01,2.781457647788133869e+00
2.950281236147487007e+01,1.071758909238910640e+01,2.779044786211599671e+00
2.966766619965905960e+01,1.069623297732380962e+01,2.776371340476500027e+00
2.983241463407448890e+01,1.067407841751809627e+01,2.773420715550963589e+00
2.999705332287895132e+01,1.065112252636837731e+01,2.770178896590897111e+00
3.016157785608879749e+01,1.062736230189546305e+01,2.766629645820511296e+00
3.032598375185021666e+01,1.060279462524836624e+01,2.762759062908420216e+00
3.049026645713477279e+01,1.057741625844762900e+01,2.758551173387351785e+00
3.065442134316772282e+01,1.055122384277593639e+01,2.753991419312689093e+00
3.081844369395361127e+01,1.052421389826993270e+01,2.749070531764589820e+00
3.098810735151369400e+01,1.049538601147623318e+01,2.743577309379204188e+00
3.115761839267700495e+01,1.046567389413481663e+01,2.737674094468763197e+00
3.134727106556335130e+01,1.043134341209842120e+01,2.730559549716797374e+00
3.153671744960825052e+01,1.039589225644705905e+01,2.722846664710954379e+00
3.171992417222282512e+01,1.036049671992956966e+01,2.714829019778787433e+00
3.190292239847591915e+01,1.032403859272558222e+01,2.706236462292360478e+00
3.206789283330765983e+01,1.029021766029783258e+01,2.697963160844283337e+00
3.223268136645181414e+01,1.025552128738673474e+01,2.689227582541195982e+00
3.239516201394189920e+01,1.022040863093222463e+01,2.680107568570470722e+00
3.255745381160861740e+01,1.018443320933148577e+01,2.670495469013890233e+00
3.271955082956274197e+01,1.014758995202375402e+01,2.660377251112027164e+00
3.288144693376788297e+01,1.010987365176417718e+01,2.649741700867623617e+00
3.304313585430870859e+01,1.007127894573537930e+01,2.638581062487763251e+00
3.320461122084961403e+01,1.003180030209927764e+01,2.626883471104916268e+00
3.336586649267852067e+01,9.991432031624402299e+00,2.614643742197690468e+00
3.352689494417606397e+01,9.950168287010157542e+00,2.601849669642966489e+00
3.368768963067267208e+01,9.908003067547634046e+00,2.588496237642553766e+00
3.384824355092653292e+01,9.864930171278688320e+00,2.574574788318848118e+00
3.401119363805640461e+01,9.820209403993326092e+00,2.559833920386634709e+00
3.417387964187303595e+01,9.774537304942832350e+00,2.544504284950658057e+00
3.435422778733177296e+01,9.722693701185367132e+00,2.526780636401616320e+00
3.453422901930887434e+01,9.669658178794572123e+00,2.508269327664471859e+00
3.471000374149271295e+01,9.616602194663634862e+00,2.489422489773416736e+00
3.488542388309909370e+01,9.562385391839455906e+00,2.469823242809656261e+00
3.504495861760337760e+01,9.511960309374565270e+00,2.451296675805834102e+00
3.520418016741303546e+01,9.460554893930352094e+00,2.432164844925331693e+00
3.536205185944488960e+01,9.408503285954017414e+00,2.412525547975486795e+00
3.551959573215619770e+01,9.355467757075542679e+00,2.392261096508710772e+00
3.567680204788463527e+01,9.301439896820351549e+00,2.371365278471835314e+00
3.583366077989254705e+01,9.246411072255588337e+00,2.349833171743178628e+00
3.599016158688276334e+01,9.190372427654775578e+00,2.327662482054768667e+00
3.614629379522868646e+01,9.133314881559151388e+00,2.304848336946476728e+00
3.630204638020949659e+01,9.075229124100765432e+00,2.281389299113228297e+00
3.645740798821032769e+01,9.016105598482484496e+00,2.257280361113498834e+00
3.661236686792599215e+01,8.955934516102711740e+00,2.232519453761562911e+00
3.676691090448183985e+01,8.894705832640596554e+00,2.207106873295597627e+00
3.692507909126396015e+01,8.830754657547522868e+00,2.180343159065645242e+00
3.708278308568620218e+01,8.765667216677634599e+00,2.152892181510745573e+00
3.725380322640431530e+01,8.693555240106894288e+00,2.122252380857068577e+00
3.742423744245085260e+01,8.620069199375054225e+00,2.090757440073736539e+00
3.758080711040774702e+01,8.551099108672563176e+00,2.060982398229837198e+00
3.773684544067927504e+01,8.480935230658500856e+00,2.030513567399930608e+00
3.788792955793643102e+01,8.411607140860443366e+00,2.000221556732736605e+00
3.803847990787244981e+01,8.341127478454676947e+00,1.969265851537892464e+00
3.818847975921166693e+01,8.269483689829803197e+00,1.937639177756675712e+00
3.833791175504807569e+01,8.196662935573305830e+00,1.905339890696740035e+00
3.848675784598174943e+01,8.122652106803805339e+00,1.872370250151674353e+00
3.863499939880016143e+01,8.047437753527660220e+00,1.838728523320933173e+00
3.878261706276939691e+01,7.971006130819980662e+00,1.804419443889804242e+00
3.892959065829419529e+01,7.893343238953921315e+00,1.769442041247254016e+00
3.907589930147541679e+01,7.814434739861464863e+00,1.733803611499491026e+00
3.922152122048424161e+01,7.734266034216368269e+00,1.697508093393716333e+00
3.936718517706862031e+01,7.652395507392783180e+00,1.660371474197096964e+00
3.951210855674531075e+01,7.569221118071841836e+00,1.622597330155278739e+00
3.966638736230451201e+01,7.478727647534521239e+00,1.581487985217552295e+00
3.981975743822769687e+01,7.386702499445097381e+00,1.539673287965455550e+00
3.996313411316730679e+01,7.298742823061298068e+00,1.499745008571107485e+00
4.010564906483052283e+01,7.209393755017175387e+00,1.459289461076951344e+00
4.024561342100505357e+01,7.119712747275977804e+00,1.418835179518093348e+00
4.038467685262195772e+01,7.028641030631039399e+00,1.377983506375674461e+00
4.052280813776113888e+01,6.936161353679162644e+00,1.336826601911231593e+00
4.065997445335252536e+01,6.842256428723237249e+00,1.295482126685926660e+00
4.079614164175702484e+01,6.746908739796947607e+00,1.254107584547604626e+00
4.093127428582467076e+01,6.650100460746497966e+00,1.212906478066450022e+00
4.106533522007926962e+01,6.551813778688323708e+00,1.172142690865352721e+00
4.119828597260622161e+01,6.452030555861810512e+00,1.132163541041980803e+00
4.133008644046314828e+01,6.350732536189644506e+00,1.093411171010850058e+00
4.146069445075291782e+01,6.247901672176246812e+00,1.056457974570755187e+00
4.159235713499263198e+01,6.141647956633432770e+00,1.021452693403599454e+00
4.172269094701231040e+01,6.033768413350006909e+00,9.900515796929715284e-01
4.185148235410542839e+01,5.924384490979194950e+00,9.634737259946615229e-01
4.197884576680851154e+01,5.813341200991527735e+00,9.431544044659504467e-01
4.210269512941612646e+01,5.702463532662798151e+00,9.308821237320488162e-01
4.222505543831687902e+01,5.589944830402179932e+00,9.280757523040306101e-01
4.234587020650908329e+01,5.475768256658525956e+00,9.365917489399109286e-01
4.246508050377901355e+01,5.359917565265948980e+00,9.582771682752535547e-01
4.258262496641150818e+01,5.242377135935842425e+00,9.947309555169481232e-01
4.269843970912963727e+01,5.123132112130868165e+00,1.047358846003827004e+00
4.281245822704017456e+01,5.002168570006336523e+00,1.117171049609241962e+00
4.292461137105037494e+01,4.879473632169279540e+00,1.205059066241042531e+00
4.303482725208293402e+01,4.755035679280080529e+00,1.311674041824812509e+00
4.314303123205458235e+01,4.628844494913290752e+00,1.437806240660788992e+00
4.324962733275688720e+01,4.500300925514439498e+00,1.584959176933676606e+00
4.335403351431666152e+01,4.369972512612679161e+00,1.753873976501752807e+00
4.345570482260277601e+01,4.238461424743550587e+00,1.944982371230231655e+00
4.355503679012376494e+01,4.105174714849381346e+00,2.160938111088684721e+00
4.365194076115546551e+01,3.970112658012337814e+00,2.403922133302386133e+00
4.374632545264499583e+01,3.833278337417316717e+00,2.676891348543450011e+00
4.383809701330940101e+01,3.694678000507698457e+00,2.983095618383546643e+00
4.392715913547201723e+01,3.554321417064928657e+00,3.326783418819607707e+00
4.401341330162538412e+01,3.412222101948515274e+00,3.712615768088690427e+00
4.409675896238174886e+01,3.268397716410768705e+00,4.146671785130937593e+00
4.417709383855530092e+01,3.122870354648295876e+00,4.635693733548045259e+00
4.425431424975239736e+01,2.975666864496717245e+00,5.188445008310898388e+00
4.432831548052248394e+01,2.826819194312169881e+00,5.814839237544208395e+00
4.439899222872175955e+01,2.676364680732528090e+00,6.528005508223015951e+00
4.446623909523376739e+01,2.524346348042481036e+00,7.343229003667798516e+00
4.452995114341353400e+01,2.370813156198427585e+00,8.281213574991303616e+00
4.459002451170332648e+01,2.215820217963477834e+00,9.366599218616277867e+00
4.464635707174707591e+01,2.059428993033595834e+00,1.063532558291770158e+01
4.469884915284135474e+01,1.901707383172861254e+00,1.212830726790048530e+01
4.474740429830970356e+01,1.742729784684743599e+00,1.392088195328716793e+01
4.479193005346412804e+01,1.582577072224839121e+00,1.606688935263033002e+01
4.483233877986333482e+01,1.421336484622917506e+00,1.880423977441754602e+01
4.486854847347266428e+01,1.259101433988932595e+00,2.201988713371791562e+01
4.490048357605321172e+01,1.095971220137010427e+00,2.699296374244455876e+01
4.492813779715967826e+01,9.316493391120180823e-01,3.150438446420038474e+01
4.495136708510651857e+01,7.666438607245025239e-01,4.497354508815354990e+01
4.497150510211591268e+01,5.869775521581438449e-01,4.770400965869577448e+01
4.498631916150120702e+01,4.067942088073029927e-01,1.153991040747397392e+02
4.499657680319650410e+01,2.035120058951420952e-01,1.222210180093925231e+02
4.499999999999997868e+01,-3.928652979258906896e-17,9.663165555814410936e+02
