x,y,stress
3.999999999999997780e+00,1.135099990641975201e-13,1.088696376696639618e+03
4.011467069884830927e+00,1.652122666569433573e-01,1.082565371293772643e+02
4.045066077151941109e+00,3.273912802762027896e-01,1.177005740358827239e+02
4.098668960046002674e+00,4.841220844424263814e-01,3.696402639084819697e+01
4.169453988283334134e+00,6.339038270938687214e-01,3.586192640252462382e+01
4.254513488885085515e+00,7.760878334539352830e-01,2.235546080861213625e+01
4.351225343312279392e+00,9.106358564838117342e-01,1.824790373877983285e+01
4.457393576829517201e+00,1.037869168883310822e+00,1.418634308938675126e+01
4.571249650653148144e+00,1.158282780770834686e+00,1.156059392159411559e+01
4.691394796262817302e+00,1.272430376649577033e+00,9.530462510996168035e+00
4.816728805410435577e+00,1.380861324700199511e+00,8.004437645805209556e+00
4.946384781542602305e+00,1.484090165977578257e+00,6.811545056981154644e+00
5.079675663663071994e+00,1.582584469077547240e+00,5.870119640171505004e+00
5.216052524279793268e+00,1.676762319223242148e+00,5.113966686569816567e+00
5.355072892786776784e+00,1.766994561925767204e+00,4.499825229495793444e+00
5.496376721135187715e+00,1.853608954510844731e+00,3.995200882637467643e+00
5.639668369606597231e+00,1.936895017992711132e+00,3.576905492033214173e+00
5.784702991497778335e+00,2.017108807368164225e+00,3.227094841637617506e+00
5.931275805957425540e+00,2.094477102218998521e+00,2.932770431984121906e+00
6.079214244266828437e+00,2.169201374322082820e+00,2.683633958068015080e+00
6.228372179981662704e+00,2.241461361596040369e+00,2.471740328899807881e+00
6.378624773606557774e+00,2.311417788419584340e+00,2.290902938952663170e+00
6.529864286085600433e+00,2.379214683857084012e+00,2.136234089308025386e+00
6.681997502941249500e+00,2.444981723910814253e+00,2.002974907749170974e+00
6.834943511494729229e+00,2.508836116687882978e+00,1.891047450576861300e+00
6.988631527006088362e+00,2.570884044307852445e+00,1.783200642584407802e+00
7.142999040326471594e+00,2.631221885854066134e+00,1.699073517213102846e+00
7.297990783850948127e+00,2.689937469362468470e+00,1.623705300717869893e+00
7.453557981391516485e+00,2.747111165485204509e+00,1.559266789013973753e+00
7.609673878111905765e+00,2.802822489939748696e+00,1.503178716230598511e+00
7.766282723603324278e+00,2.857132825748527782e+00,1.454614168461890733e+00
7.923332551895503784e+00,2.910098813757085789e+00,1.412479083579111006e+00
8.080808636511472187e+00,2.961783832373380054e+00,1.375977449340276326e+00
8.238682456560903589e+00,3.012241033439631455e+00,1.344348528482258276e+00
8.396928144193530841e+00,3.061519683914488255e+00,1.317026901183448340e+00
8.555522239275141771e+00,3.109665562081338486e+00,1.293437756069541811e+00
8.714443241367254345e+00,3.156721233979363994e+00,1.273507129350003986e+00
8.873671508059006285e+00,3.202726387547450759e+00,1.255556007010543818e+00
9.033189115238030809e+00,3.247718108479475951e+00,1.240617158033820555e+00
9.192979654440380344e+00,3.291731100678787048e+00,1.227793290241479873e+00
9.353027842679052739e+00,3.334797827166418926e+00,1.216938342534588102e+00
9.519623884022839988e+00,3.378586993721351295e+00,1.207406298565309566e+00
9.686468570547463131e+00,3.421419087033026329e+00,1.199519015292117130e+00
9.848456666998192333e+00,3.462061424929787634e+00,1.193112890157878914e+00
1.001065455858677211e+01,3.501858295452243475e+00,1.188196401542718661e+00
1.017181842263473079e+01,3.540541286658463793e+00,1.183708995602288816e+00
1.033316897090134745e+01,3.578438101973042684e+00,1.180421677689999393e+00
1.049469726906922595e+01,3.615570013710042829e+00,1.177843184544682176e+00
1.065639497550433390e+01,3.651957159411359566e+00,1.175997234831555049e+00
1.081825428521934995e+01,3.687618620877740838e+00,1.174745280915424184e+00
1.098026787978586505e+01,3.722572496377250406e+00,1.174032089251319411e+00
1.114242891232380650e+01,3.756835972966856119e+00,1.173786202738461792e+00
1.130473091555451681e+01,3.790425375830663857e+00,1.173953720399073752e+00
1.146716777303042356e+01,3.823356225849814383e+00,1.174485615898139379e+00
1.162973381798452444e+01,3.855643316845804414e+00,1.175335350225793274e+00
1.179611900319269502e+01,3.888012323950078564e+00,1.176491208258416687e+00
1.196262823211337079e+01,3.919737089917724404e+00,1.177901370771250900e+00
1.214306649886326106e+01,3.953379542147628989e+00,1.179663367077856018e+00
1.232363804711902588e+01,3.986299152340095020e+00,1.181648070159213582e+00
1.249041280311279145e+01,4.016054997344236099e+00,1.183648952588936432e+00
1.265729185452292072e+01,4.045220267033595718e+00,1.185782638651388776e+00
1.282065555409496582e+01,4.073193497076459835e+00,1.187983756154377568e+00
1.298411154328219830e+01,4.100622322907984341e+00,1.190276193340809252e+00
1.314765633153058033e+01,4.127516408043386598e+00,1.192645541169353285e+00
1.331128666622588952e+01,4.153885025495639205e+00,1.195077081301274324e+00
1.347499944024963270e+01,4.179737065053162226e+00,1.197558203166753765e+00
1.363879163691221308e+01,4.205081046310240822e+00,1.200077552151104232e+00
1.380266040491123647e+01,4.229925150591486549e+00,1.202624827344868530e+00
1.396660301502201662e+01,4.254277232579988244e+00,1.205190944126183217e+00
1.413061683342489872e+01,4.278144833770512356e+00,1.207767510563769742e+00
1.429469939180285110e+01,4.301535208781687381e+00,1.210347730441676317e+00
1.446016046278479372e+01,4.324636632460647334e+00,1.212943970615646849e+00
1.462568660433280243e+01,4.347267116411539511e+00,1.215532994794306765e+00
1.480785765566118428e+01,4.371627202878662466e+00,1.218360589089463319e+00
1.499010187346562084e+01,4.395433748782041405e+00,1.221164097487355660e+00
1.517735699871988508e+01,4.419317549159174519e+00,1.224011676365320378e+00
1.536468357470962331e+01,4.442634336936889916e+00,1.226819877358166000e+00
1.553286587202450875e+01,4.463084736253324358e+00,1.229307760973474384e+00
1.570110164223182991e+01,4.483090485620571108e+00,1.231756685935741835e+00
1.586573344279225495e+01,4.502236622689028245e+00,1.234114151530593784e+00
1.603041303969491693e+01,4.520967213363102033e+00,1.236430768203521158e+00
1.619513885422992772e+01,4.539286933196470919e+00,1.238703195640677990e+00
1.635990935558996284e+01,4.557200288589058346e+00,1.240931680972912288e+00
1.652472307660483608e+01,4.574711625372192003e+00,1.243113561543715440e+00
1.668957858220840151e+01,4.591825131892219858e+00,1.245250146792277190e+00
1.685447448768668721e+01,4.608544847148347223e+00,1.247344782547494146e+00
1.701940946204828364e+01,4.624874666841080284e+00,1.249390248935280834e+00
1.718438219423891766e+01,4.640818345483363139e+00,1.251387417764203924e+00
1.734939144775150410e+01,4.656379506898009168e+00,1.253335245463473413e+00
1.751574809645632769e+01,4.671680818418372461e+00,1.255246166955283682e+00
1.768213940606937840e+01,4.686600503736279677e+00,1.257108550408059244e+00
1.786521531183640121e+01,4.702575929975520985e+00,1.259094673605943848e+00
1.804833022786109353e+01,4.718097829669936516e+00,1.261019896125526119e+00
1.824559261999393200e+01,4.734312805533837931e+00,1.263023471845885704e+00
1.844289678563568557e+01,4.750011322555861781e+00,1.264951840227614976e+00
1.862136016968000618e+01,4.763767218609484821e+00,1.266635976058149593e+00
1.879985507385079302e+01,4.777107890898995457e+00,1.268262311094832118e+00
1.896536044702040513e+01,4.789107571380102790e+00,1.269719291215102963e+00
1.913089094416670832e+01,4.800755555677717723e+00,1.271128391187375417e+00
1.929624768568253756e+01,4.812040887408672418e+00,1.272487643584868655e+00
1.946162769560771011e+01,4.822979951571633173e+00,1.273799053346796883e+00
1.962703010442282903e+01,4.833574908936033587e+00,1.275063439381456609e+00
1.979245406752952974e+01,4.843827835955463179e+00,1.276281031283935663e+00
1.995789875174300576e+01,4.853740726121758442e+00,1.277452808031034337e+00
2.012336334878842692e+01,4.863315492896805203e+00,1.278578980035598889e+00
2.028884706960372952e+01,4.872553971308239973e+00,1.279660372632967391e+00
2.045434912745670175e+01,4.881457918912399663e+00,1.280697466949342278e+00
2.061986875214508430e+01,4.890029018432211494e+00,1.281690670319519221e+00
2.078540519730996650e+01,4.898268879783816310e+00,1.282641923339483903e+00
2.095788711157134188e+01,4.906502946869760073e+00,1.283586410510949349e+00
2.113038566291119835e+01,4.914380795050782957e+00,1.284487946532991254e+00
2.132436241412692368e+01,4.922815182004542045e+00,1.285446665062629501e+00
2.151835805501566767e+01,4.930803321233046432e+00,1.286348096022727816e+00
2.171627219922699936e+01,4.938494334164324151e+00,1.287212287397973220e+00
2.191420369531722656e+01,4.945725044038013607e+00,1.288017199223306264e+00
2.209011315531674313e+01,4.951765979165698717e+00,1.288686979573208546e+00
2.226603463618096512e+01,4.957446089882883378e+00,1.289314968557093932e+00
2.243170000189583035e+01,4.962465894144968637e+00,1.289867430930762282e+00
2.259737469885822136e+01,4.967167666727469566e+00,1.290383898789271289e+00
2.276305808915087781e+01,4.971552240796034638e+00,1.290863774523885565e+00
2.292874955091848577e+01,4.975620391001537968e+00,1.291307499665129033e+00
2.309444846534771756e+01,4.979372833797271802e+00,1.291715695646721951e+00
2.326015421486893686e+01,4.982810228067293679e+00,1.292088497582461804e+00
2.342586619283109783e+01,4.985933175921814176e+00,1.292426498822697667e+00
2.359158378913858201e+01,4.988742222940478754e+00,1.292729774544454591e+00
2.375730639643607489e+01,4.991237858812789696e+00,1.292998761723834100e+00
2.392303342135591393e+01,4.993420517915036605e+00,1.293233621804857902e+00
2.408876427168604906e+01,4.995290579456923119e+00,1.293433859789015594e+00
2.425449835144220856e+01,4.996848367787182887e+00,1.293601506768384368e+00
2.442980158530310320e+01,4.998156540936143699e+00,1.293740324186556157e+00
2.460510707509421024e+01,4.999115905839219387e+00,1.293843522688929548e+00
2.480255304267456040e+01,4.999778990007988533e+00,1.293914324440770258e+00
2.500000000000000355e+01,4.999999999999997335e+00,1.293935384274330413e+00
2.519744695732545026e+01,4.999778990007989421e+00,1.293914004536322215e+00
2.539489292490578620e+01,4.999115905839218499e+00,1.293843106484273253e+00
2.557019841469698207e+01,4.998156540936142811e+00,1.293739677902944640e+00
2.574550164855781631e+01,4.996848367787182887e+00,1.293600648397928987e+00
2.591123572831397581e+01,4.995290579456924007e+00,1.293432685201363119e+00
2.607696657864411804e+01,4.993420517915034829e+00,1.293232094725697001e+00
2.624269360356396419e+01,4.991237858812787920e+00,1.292996867028878505e+00
2.640841621086146773e+01,4.988742222940477866e+00,1.292727508324379659e+00
2.657413380716894835e+01,4.985933175921813287e+00,1.292423780836659430e+00
2.673984578513109867e+01,4.982810228067291902e+00,1.292085297545721767e+00
2.690555153465233218e+01,4.979372833797269138e+00,1.291712070962181658e+00
2.707125044908157108e+01,4.975620391001535303e+00,1.291303450921375884e+00
2.723694191084916838e+01,4.971552240796032862e+00,1.290859311431453937e+00
2.740262530114182127e+01,4.967167666727467790e+00,1.290379020556351009e+00
2.756829999810420517e+01,4.962465894144965972e+00,1.289862271760835233e+00
2.773396536381906330e+01,4.957446089882882490e+00,1.289309533748338676e+00
2.790988684468326042e+01,4.951765979165698717e+00,1.288681539510900365e+00
2.808579630468276278e+01,4.945725044038013607e+00,1.288011774424886013e+00
2.828372780077304327e+01,4.938494334164320598e+00,1.287207127418074748e+00
2.848164194498443180e+01,4.930803321233041991e+00,1.286343152654562338e+00
2.867563758587317935e+01,4.922815182004537604e+00,1.285442245894161006e+00
2.886961433708891533e+01,4.914380795050775852e+00,1.284484075158641492e+00
2.904211288842875760e+01,4.906502946869752968e+00,1.283583166039471202e+00
2.921459480269011877e+01,4.898268879783811869e+00,1.282639374162220847e+00
2.938013124785499386e+01,4.890029018432206165e+00,1.281688865823286561e+00
2.954565087254337641e+01,4.881457918912394334e+00,1.280696480401357196e+00
2.971115293039634153e+01,4.872553971308232867e+00,1.279659943045167836e+00
2.987663665121164414e+01,4.863315492896798986e+00,1.278579111649120081e+00
3.004210124825704753e+01,4.853740726121754001e+00,1.277453011368178792e+00
3.020754593247051645e+01,4.843827835955456962e+00,1.276281280355797465e+00
3.037296989557721005e+01,4.833574908936027370e+00,1.275063155125918835e+00
3.053837230439232542e+01,4.822979951571629620e+00,1.273798191354669651e+00
3.070375231431750507e+01,4.812040887408668866e+00,1.272485698319048897e+00
3.086910905583334497e+01,4.800755555677712394e+00,1.271125245448794683e+00
3.103463955297966237e+01,4.789107571380094797e+00,1.269714658089609483e+00
3.120014492614929580e+01,4.777107890898988352e+00,1.268256093094682457e+00
3.137863983032006132e+01,4.763767218609478604e+00,1.266628221121432585e+00
3.155710321436436416e+01,4.750011322555855564e+00,1.264942457722331826e+00
3.175440738000616037e+01,4.734312805533827273e+00,1.263012846294037761e+00
3.195166977213902371e+01,4.718097829669923193e+00,1.261007864999794226e+00
3.213478468816369826e+01,4.702575929975510327e+00,1.259081905691440850e+00
3.231786059393069621e+01,4.686600503736269019e+00,1.257095014010652934e+00
3.248425190354377889e+01,4.671680818418358250e+00,1.255232971124100816e+00
3.265060855224862735e+01,4.656379506897994069e+00,1.253322852284942890e+00
3.281561780576121379e+01,4.640818345483348928e+00,1.251376821806850170e+00
3.298059053795183360e+01,4.624874666841063409e+00,1.249381859742160872e+00
3.314552551231342647e+01,4.608544847148332124e+00,1.247338073965887251e+00
3.331042141779170862e+01,4.591825131892206535e+00,1.245246066628008519e+00
3.347527692339527050e+01,4.574711625372177792e+00,1.243106777222581893e+00
3.364009064441014374e+01,4.557200288589043247e+00,1.240921022607745616e+00
3.380486114577017531e+01,4.539286933196454932e+00,1.238690269012949319e+00
3.396958696030517899e+01,4.520967213363086934e+00,1.236415579123239405e+00
3.413426655720783032e+01,4.502236622689014922e+00,1.234098835150316820e+00
3.429889835776823759e+01,4.483090485620557786e+00,1.231741715070289178e+00
3.446713412797558362e+01,4.463084736253308371e+00,1.229293333970153723e+00
3.463531642529049748e+01,4.442634336936871264e+00,1.226808040712758174e+00
3.482264300128024814e+01,4.419317549159155867e+00,1.224000752125592673e+00
3.500989812653450173e+01,4.395433748782021866e+00,1.221153357177012344e+00
3.519214234433891875e+01,4.371627202878642926e+00,1.218350172506875939e+00
3.537431339566729349e+01,4.347267116411522636e+00,1.215522629127054888e+00
3.553983953721527911e+01,4.324636632460633123e+00,1.212933835225616708e+00
3.570530060819719864e+01,4.301535208781674946e+00,1.210337730413607149e+00
3.586938316657516168e+01,4.278144833770497257e+00,1.207757699368390281e+00
3.603339698497805443e+01,4.254277232579973145e+00,1.205181358886009191e+00
3.619733959508883459e+01,4.229925150591472338e+00,1.202615515463635321e+00
3.636120836308784732e+01,4.205081046310225723e+00,1.200068620520168494e+00
3.652500055975042415e+01,4.179737065053147127e+00,1.197549828100300306e+00
3.668871333377417443e+01,4.153885025495624994e+00,1.195069373847279293e+00
3.685234366846948006e+01,4.127516408043373275e+00,1.192638749897673378e+00
3.701588845671785322e+01,4.100622322907969242e+00,1.190270417246924062e+00
3.717934444590508747e+01,4.073193497076444736e+00,1.187979013151242436e+00
3.734270814547713968e+01,4.045220267033580619e+00,1.185778975615662700e+00
3.750958719688728848e+01,4.016054997344217448e+00,1.183645500620807978e+00
3.767636195288108070e+01,3.986299152340069707e+00,1.181645289487445183e+00
3.785693350113685796e+01,3.953379542147601899e+00,1.179660057440180099e+00
3.803737176788675356e+01,3.919737089917696871e+00,1.177898398464371388e+00
3.820388099680742755e+01,3.888012323950050142e+00,1.176496832833731521e+00
3.837026618201558392e+01,3.855643316845775548e+00,1.175349099245709850e+00
3.853283222696968835e+01,3.823356225849785073e+00,1.174506373193237918e+00
3.869526908444559155e+01,3.790425375830635879e+00,1.173981472676714155e+00
3.885757108767629120e+01,3.756835972966829917e+00,1.173818805814190069e+00
3.901973212021422910e+01,3.722572496377222873e+00,1.174068827834559015e+00
3.918174571478073176e+01,3.687618620877713749e+00,1.174786366403020477e+00
3.934360502449575847e+01,3.651957159411333365e+00,1.176036718003038661e+00
3.950530273093086464e+01,3.615570013710017072e+00,1.177891161150746768e+00
3.966683102909873782e+01,3.578438101973014707e+00,1.180431807003579969e+00
3.982818157736535625e+01,3.540541286658434483e+00,1.183750075944983715e+00
3.998934544141333447e+01,3.501858295452211056e+00,1.187950495039381771e+00
4.015154333300191780e+01,3.462061424929754327e+00,1.193199620202415989e+00
4.031353142945264523e+01,3.421419087032989470e+00,1.199601535184242618e+00
4.048037611597727192e+01,3.378586993721312215e+00,1.207582630125529688e+00
4.064697215732108049e+01,3.334797827166376738e+00,1.217176564927977100e+00
4.080702034555974933e+01,3.291731100678745303e+00,1.228129751747867759e+00
4.096681088476209709e+01,3.247718108479430210e+00,1.241002968096936998e+00
4.112632849194110918e+01,3.202726387547407683e+00,1.256069623319469475e+00
4.128555675863287178e+01,3.156721233979319141e+00,1.273638475729869324e+00
4.144447776072497902e+01,3.109665562081294521e+00,1.294060277297029993e+00
4.160307185580660416e+01,3.061519683914435408e+00,1.317745480581573592e+00
4.176131754343921898e+01,3.012241033439582161e+00,1.345151456121071787e+00
4.191919136348867170e+01,2.961783832373324987e+00,1.376829867883012870e+00
4.207666744810462234e+01,2.910098813757036940e+00,1.413395254284394609e+00
4.223371727639680984e+01,2.857132825748470939e+00,1.455585281765369610e+00
4.239032612188817950e+01,2.802822489939704731e+00,1.504223388527541339e+00
4.254644201860859454e+01,2.747111165485155659e+00,1.560313711040202334e+00
4.270200921614911493e+01,2.689937469362436495e+00,1.624973956716697199e+00
4.285700095967360568e+01,2.631221885854023057e+00,1.699591462540235076e+00
4.301136847299392230e+01,2.570884044307831573e+00,1.785715407997615189e+00
4.316505648850534271e+01,2.508836116687843010e+00,1.885296877032848872e+00
4.331800249705874961e+01,2.444981723910804927e+00,2.000556035313299397e+00
4.347013571391446618e+01,2.379214683857039603e+00,2.134294809487853772e+00
4.362137522639338982e+01,2.311417788419591446e+00,2.289742570827917323e+00
4.377162782001840213e+01,2.241461361595998181e+00,2.471087701872734410e+00
4.392078575573307120e+01,2.169201374322117459e+00,2.683253799275916229e+00
4.406872419404263042e+01,2.094477102218949227e+00,2.932704458459057584e+00
4.421529700850202715e+01,2.017108807368249490e+00,3.227194683911790651e+00
4.436033163039345339e+01,1.936895017992671164e+00,3.577201119135411389e+00
4.450362327886448810e+01,1.853608954511021478e+00,3.995615278202944598e+00
4.464492710721325608e+01,1.766994561925723017e+00,4.500294771969927332e+00
4.478394747571964984e+01,1.676762319223584763e+00,5.113905506279236235e+00
4.492032433633694666e+01,1.582584469077517708e+00,5.869049861015388281e+00
4.505361521845653527e+01,1.484090165978221743e+00,6.808085816155445613e+00
4.518327119458955821e+01,1.380861324700174197e+00,7.997224117497502505e+00
4.530860520373587974e+01,1.272430376650719897e+00,9.518386513435210361e+00
4.542875034934686340e+01,1.158282780770796716e+00,1.154345442244519759e+01
4.554260642316879171e+01,1.037869168885181104e+00,1.416412597080923774e+01
4.564877465668768508e+01,9.106358564838025194e-01,1.823533171896382044e+01
4.574548651111333442e+01,7.760878334562624214e-01,2.238588796036780337e+01
4.583054601171662767e+01,6.339038270938974762e-01,3.569543710030332306e+01
4.590133103995344754e+01,4.841220844437142956e-01,3.646050669118272936e+01
4.595493392284800649e+01,3.273912802762470875e-01,1.185273157091251477e+02
4.598853293011512022e+01,1.652122666570041976e-01,1.079934400342154959e+02
4.599999999999997868e+01,-3.193945220753345041e-17,1.090223400279769749e+03
