x,y,stress
4.999999999999997335e+00,7.443816617314815248e-16,8.343081670614013774e+02
5.002883029781032498e+00,2.207253758369067953e-01,1.016093385281951242e+02
5.011526750790612716e+00,4.413002973976240528e-01,9.919446372259368161e+01
5.024028812963131863e+00,6.370580777286541929e-01,4.031461534711046824e+01
5.041048898707363612e+00,8.324749068581812628e-01,3.853655792176268591e+01
5.059943671455745751e+00,1.005748428842321962e+00,2.708494248088184619e+01
5.082364889376358441e+00,1.178601035559596832e+00,2.343679802108028198e+01
5.106869689604885743e+00,1.342114870889454581e+00,1.936005698955836962e+01
5.134500493871748894e+00,1.505129615573930879e+00,1.672884248742726498e+01
5.165229996061303730e+00,1.667588762670750846e+00,1.443382119435278277e+01
5.199028236651209056e+00,1.829437352967999031e+00,1.261687168021895467e+01
5.235862751369301016e+00,1.990622088771362153e+00,1.107861708326459116e+01
5.275698724921668692e+00,2.151091424417173492e+00,9.783432782150088158e+00
5.318499156838112363e+00,2.310795669647392359e+00,8.671059053742338207e+00
5.364225033722267888e+00,2.469687079902750604e+00,7.711107695161430797e+00
5.412835497614843838e+00,2.627719906044488241e+00,6.874431247457259531e+00
5.464288016380071333e+00,2.784850436973784316e+00,6.140593652632269972e+00
5.518538898150443295e+00,2.941037994473094663e+00,5.493444890654560098e+00
5.575542483272227123e+00,3.096242109623219996e+00,4.920003006625483621e+00
5.636162766756343423e+00,3.252716359118748901e+00,4.402292889404880505e+00
5.699520868426103171e+00,3.408102255762734067e+00,3.940845372948045267e+00
5.764576361595293186e+00,3.560106279746493740e+00,3.518308048022770418e+00
5.832191685283352633e+00,3.710989095018070394e+00,3.154228382090902727e+00
5.902317267438474069e+00,3.860721729044069406e+00,2.821641556583974531e+00
5.974903184035523118e+00,4.009277304950713550e+00,2.522078852339881827e+00
6.049899263250130055e+00,4.156630928206285880e+00,2.250565562609580628e+00
6.127255175482009264e+00,4.302759571274687111e+00,2.004420228140686877e+00
6.206920602620514593e+00,4.447642123384208723e+00,1.780833701495401655e+00
6.288845324400896608e+00,4.591259285120254496e+00,1.577684918273597692e+00
6.372979320274102299e+00,4.733593508346428003e+00,1.393015332748003932e+00
6.459272876647967898e+00,4.874628954500108691e+00,1.226024800179621677e+00
6.548024581155217128e+00,5.014892304690304670e+00,1.074997652490639055e+00
6.638853504018723761e+00,5.153819600712746585e+00,9.400413126490400062e-01
6.734408754955680365e+00,5.295333281119869007e+00,8.181052854403089158e-01
6.832057967385591013e+00,5.435410313082653211e+00,7.139640957264544729e-01
6.928558082759981751e+00,5.569668932795212690e+00,6.312760801085273155e-01
7.026926490623144339e+00,5.702564825998164721e+00,5.682716134013030551e-01
7.127117539803241364e+00,5.834092102314311745e+00,5.267788541741164066e-01
7.229086364345749693e+00,5.964246018074274680e+00,5.075961585837628354e-01
7.332788908069823641e+00,6.093022900705220124e+00,5.095688147707738702e-01
7.438181909560246829e+00,6.220420035165069805e+00,5.296096668423588838e-01
7.545222922197123872e+00,6.346435606060899737e+00,5.635729110554876797e-01
7.653870451440997869e+00,6.471068778938064980e+00,6.074529125361809445e-01
7.764083866408332035e+00,6.594319517783707951e+00,6.579826528855164947e-01
7.875823346805280956e+00,6.716188464743334308e+00,7.127682490546397576e-01
7.989125859136882113e+00,6.836756760860327908e+00,7.701918687117078610e-01
8.103879427670532820e+00,6.955944853737801026e+00,8.290919516585217863e-01
8.227276974871065462e+00,7.080996369238999222e+00,8.923948342876486528e-01
8.352225229560142239e+00,7.204498523070040683e+00,9.559395157603676196e-01
8.472896310979129098e+00,7.320940611910402573e+00,1.016489198490969414e+00
8.594905754765681749e+00,7.435979625113561475e+00,1.076697086450199681e+00
8.716481823428745557e+00,7.548037667013733909e+00,1.135603881040319951e+00
8.839292347205807587e+00,7.658741453266873833e+00,1.193968761807400414e+00
8.963305642619696201e+00,7.768096510868409688e+00,1.251743825579802571e+00
9.088490550380496913e+00,7.876108418638469111e+00,1.308898464950766671e+00
9.214816869636116792e+00,7.982783178254304168e+00,1.365419674021534524e+00
9.342255176441573994e+00,8.088127034396721982e+00,1.421298254963793140e+00
9.470776901148257210e+00,8.192146522873159142e+00,1.476538677200323058e+00
9.600354086578390067e+00,8.294848261160215230e+00,1.531139857551473415e+00
9.730959472291159429e+00,8.396239013745715241e+00,1.585109284682144404e+00
9.862566753635958250e+00,8.496325880388896579e+00,1.638451177566869532e+00
9.996897939904851427e+00,8.596404906859072881e+00,1.691855563725239708e+00
1.013220510422849685e+01,8.695160444810486666e+00,1.744637938939594290e+00
1.028006397120398852e+01,8.800805173260833669e+00,1.801171336263985845e+00
1.042901024521383668e+01,8.904911219186846694e+00,1.856940343108820279e+00
1.056884194765520846e+01,9.000603237885398400e+00,1.908288425448854131e+00
1.070956853752062976e+01,9.094974312241674852e+00,1.959000980185444885e+00
1.084773185309776977e+01,9.185797293157493826e+00,2.007862866020321491e+00
1.098670398044836105e+01,9.275377803486318129e+00,2.056112524780145279e+00
1.112646438684958916e+01,9.363723434192641193e+00,2.103742322248064234e+00
1.126699310143554200e+01,9.450841779644919782e+00,2.150750074933819977e+00
1.140827069055479015e+01,9.536740421917199839e+00,2.197130058113139661e+00
1.155027821553131595e+01,9.621426905940932528e+00,2.242875522013851874e+00
1.169299723862801166e+01,9.704908744933367970e+00,2.287983243856711812e+00
1.183640983139148517e+01,9.787193426172070332e+00,2.332443509104199286e+00
1.198049852586758313e+01,9.868288383845470690e+00,2.376247861580533360e+00
1.212524631080485094e+01,9.948200999149534596e+00,2.419388202049121528e+00
1.227149463864536472e+01,1.002739878582031707e+01,2.462098693392051452e+00
1.241837665488569087e+01,1.010541506152555336e+01,2.504135684468032697e+00
1.257998243964515162e+01,1.018952828671188193e+01,2.549370589987880464e+00
1.274230896470509045e+01,1.027224205951034897e+01,2.593731731427534548e+00
1.290452735839712695e+01,1.035316648740663403e+01,2.637010609017572449e+00
1.306742062905759383e+01,1.043272374250739176e+01,2.679405017678989864e+00
1.321721925657072028e+01,1.050441183193209049e+01,2.717433545833930708e+00
1.336755481057936557e+01,1.057496702082990758e+01,2.754784482784020216e+00
1.351775248748602287e+01,1.064409468418650029e+01,2.791592589536309177e+00
1.366845597354479303e+01,1.071211260513416619e+01,2.826991170317426860e+00
1.381965259485994757e+01,1.077902727419824735e+01,2.861796766292511673e+00
1.397132992500995741e+01,1.084484505971802726e+01,2.895840523067517935e+00
1.412347579705122058e+01,1.090957221817050815e+01,2.929283208617017742e+00
1.427607846477197029e+01,1.097321496499089299e+01,2.961527239594280658e+00
1.442912642123271993e+01,1.103577939829247256e+01,2.993045323520398426e+00
1.458260837280368172e+01,1.109727149290195669e+01,3.023791979235427085e+00
1.473651333273889819e+01,1.115769714164073534e+01,3.054071896705693234e+00
1.489083052794381956e+01,1.121706212059409680e+01,3.082893149162354796e+00
1.504992683185408531e+01,1.127700441465991510e+01,3.111828139559773110e+00
1.520943671634561234e+01,1.133583732345125128e+01,3.139828919435837307e+00
1.538771158683273299e+01,1.140011634119288608e+01,3.169904454882428890e+00
1.556647201713170858e+01,1.146303242117879684e+01,3.198763338445530735e+00
1.573867590784143111e+01,1.152220801909735037e+01,3.225384924655706698e+00
1.591130232544300149e+01,1.158013947499174634e+01,3.250868284103471062e+00
1.606930493826497752e+01,1.163196177410725518e+01,3.273172856305627487e+00
1.622764069752500404e+01,1.168275709896205861e+01,3.294545986313669239e+00
1.638540103082651456e+01,1.173225124362894789e+01,3.314855505605820873e+00
1.654347341503755686e+01,1.178073954829578440e+01,3.334222551677663571e+00
1.670184953637894054e+01,1.182822663285211462e+01,3.352644177000762671e+00
1.686052110989172803e+01,1.187471697496138390e+01,3.370120632676442352e+00
1.701948002335016596e+01,1.192021495742500115e+01,3.386655032144692878e+00
1.717871842685308792e+01,1.196472489440839126e+01,3.402248452052706984e+00
1.733822858694503921e+01,1.200825099042131860e+01,3.416905184277904350e+00
1.749800286972115870e+01,1.205079733883630055e+01,3.430629152730201969e+00
1.765803381062989885e+01,1.209236794305923901e+01,3.443430437221706164e+00
1.781831406119821537e+01,1.213296670397582488e+01,3.455327615148162668e+00
1.798288808321601451e+01,1.217358448842189134e+01,3.466565049287766875e+00
1.814770893700092103e+01,1.221318878454377099e+01,3.476902578860484816e+00
1.833223589111880258e+01,1.225626531434283706e+01,3.487319953415604079e+00
1.851705162025984208e+01,1.229808554934979625e+01,3.496567455009016001e+00
1.870227567250323020e+01,1.233868256154506682e+01,3.504722798779427606e+00
1.888776885653665261e+01,1.237803160299125516e+01,3.511741626769992131e+00
1.905388705208041600e+01,1.241217065998011826e+01,3.517141214032972751e+00
1.922020584679027877e+01,1.244531865234497658e+01,3.521736559743343875e+00
1.938254548176808001e+01,1.247668531705392958e+01,3.525440077406891248e+00
1.954506318798511444e+01,1.250711590252727312e+01,3.528417439742092210e+00
1.970775287369767526e+01,1.253661321289071573e+01,3.530688189332990667e+00
1.987060853532015869e+01,1.256517996301184326e+01,3.532293432853110815e+00
2.003362424396439323e+01,1.259281877724628096e+01,3.533305460301488399e+00
2.019679415333942174e+01,1.261953219195231135e+01,3.533704185709213963e+00
2.036011249130032397e+01,1.264532265505881803e+01,3.533536799855684585e+00
2.052357354946296653e+01,1.267019252550701580e+01,3.532838249562189947e+00
2.068717170319502685e+01,1.269414407728076988e+01,3.531639917974529475e+00
2.085090136689598594e+01,1.271717949370445311e+01,3.529994111912005295e+00
2.101565572661224124e+01,1.273941964142986372e+01,3.527914090211920595e+00
2.118053192846197064e+01,1.276073774874857314e+01,3.525503088207042612e+00
2.136112610882871365e+01,1.278301635568671735e+01,3.522452967104888533e+00
2.154185256735268084e+01,1.280419516803560853e+01,3.519078676915959658e+00
2.173793645781429973e+01,1.282591722884756358e+01,3.515107167902672192e+00
2.193415867724784007e+01,1.284635203766483258e+01,3.510815163558964169e+00
2.211263455593283922e+01,1.286381236394529282e+01,3.506787548522912967e+00
2.229121092003809324e+01,1.288021312233682458e+01,3.502664664787061621e+00
2.245625980517638354e+01,1.289442381455926956e+01,3.498829869271645521e+00
2.262138382531609082e+01,1.290773307757861943e+01,3.495020842861709998e+00
2.278626139937426487e+01,1.292011920203996844e+01,3.491263662413976565e+00
2.295120381373755336e+01,1.293160966175802251e+01,3.487591795157788166e+00
2.311620612117111051e+01,1.294220549067397386e+01,3.484045348022184463e+00
2.328126338854685073e+01,1.295190764075084822e+01,3.480658416240860920e+00
2.344637071601871270e+01,1.296071698364952240e+01,3.477465083656442246e+00
2.361152322189374075e+01,1.296863431013414392e+01,3.474497064549293412e+00
2.377671604663604654e+01,1.297566033063786861e+01,3.471786145746361019e+00
2.394194434921158532e+01,1.298179567534206846e+01,3.469357781611222880e+00
2.410720329884862068e+01,1.298704089414903606e+01,3.467232004218291586e+00
2.427248808916194989e+01,1.299139645735884940e+01,3.465445795663914641e+00
2.444383102956829745e+01,1.299497251410132215e+01,3.463946825375733951e+00
2.461519124033732098e+01,1.299759351331278445e+01,3.462864040918671282e+00
2.480759185763012908e+01,1.299939839656442153e+01,3.462115349683984267e+00
2.499999999999993605e+01,1.299999999999999112e+01,3.461839668071731158e+00
2.519240814236977144e+01,1.299939839656442153e+01,3.462098969161016448e+00
2.538480875966258310e+01,1.299759351331278445e+01,3.462830900109612031e+00
2.555616897043163860e+01,1.299497251410132392e+01,3.463897364387637179e+00
2.572751191083794708e+01,1.299139645735884940e+01,3.465379354958222358e+00
2.589279670115136511e+01,1.298704089414903784e+01,3.467151569148898993e+00
2.605805565078832586e+01,1.298179567534207024e+01,3.469263598075313926e+00
2.622328395336386464e+01,1.297566033063787039e+01,3.471681612253625815e+00
2.638847677810615622e+01,1.296863431013414925e+01,3.474382064563035666e+00
2.655362928398119848e+01,1.296071698364952773e+01,3.477344164456718900e+00
2.671873661145306045e+01,1.295190764075085355e+01,3.480531979025096145e+00
2.688379387882879712e+01,1.294220549067397918e+01,3.483916624370768655e+00
2.704879618626235072e+01,1.293160966175802784e+01,3.487460991514172548e+00
2.721373860062564276e+01,1.292011920203997555e+01,3.491135533307804018e+00
2.737861617468382036e+01,1.290773307757862298e+01,3.494896217106998826e+00
2.754374019482352054e+01,1.289442381455927489e+01,3.498711174565998672e+00
2.770878907996180018e+01,1.288021312233683346e+01,3.502553061846258142e+00
2.788736544406706486e+01,1.286381236394529992e+01,3.506680492657898718e+00
2.806584132275206400e+01,1.284635203766483968e+01,3.510714238506069229e+00
2.826206354218559724e+01,1.282591722884757246e+01,3.515006865096058863e+00
2.845814743264719837e+01,1.280419516803561741e+01,3.518977855172793490e+00
2.863887389117118687e+01,1.278301635568672445e+01,3.522351978948737639e+00
2.881946807153794055e+01,1.276073774874858202e+01,3.525400221002754186e+00
2.898434427338766284e+01,1.273941964142987260e+01,3.527810505462412927e+00
2.914909863310391813e+01,1.271717949370446199e+01,3.529887655154828607e+00
2.931282829680487723e+01,1.269414407728078231e+01,3.531533257369325440e+00
2.947642645053692334e+01,1.267019252550702824e+01,3.532731980103837266e+00
2.963988750869956945e+01,1.264532265505883046e+01,3.533440118137581187e+00
2.980320584666047168e+01,1.261953219195232734e+01,3.533617170371098126e+00
2.996637575603550374e+01,1.259281877724629339e+01,3.533230689009479786e+00
3.012939146467973117e+01,1.256517996301185924e+01,3.532240000130125512e+00
3.029224712630222172e+01,1.253661321289073172e+01,3.530612607344580045e+00
3.045493681201477898e+01,1.250711590252728556e+01,3.528313602013892769e+00
3.061745451823183473e+01,1.247668531705394201e+01,3.525315543763246851e+00
3.077979415320964662e+01,1.244531865234498724e+01,3.521592306211899892e+00
3.094611294791950939e+01,1.241217065998012536e+01,3.516988547891922057e+00
3.111223114346326923e+01,1.237803160299126759e+01,3.511583942336849340e+00
3.129772432749670585e+01,1.233868256154507570e+01,3.504564830147522958e+00
3.148294837974009752e+01,1.229808554934980513e+01,3.496409441150827302e+00
3.166776410888112991e+01,1.225626531434284594e+01,3.487165590986435415e+00
3.185229106299899726e+01,1.221318878454378520e+01,3.476748688328161752e+00
3.201711191678391089e+01,1.217358448842190199e+01,3.466415334410380744e+00
3.218168593880172068e+01,1.213296670397583377e+01,3.455181545538887455e+00
3.234196618937004786e+01,1.209236794305924612e+01,3.443284684198682832e+00
3.250199713027878801e+01,1.205079733883630233e+01,3.430480788651370627e+00
3.266177141305490750e+01,1.200825099042131860e+01,3.416749554748250262e+00
3.282128157314686234e+01,1.196472489440839659e+01,3.402084106732943702e+00
3.298051997664980206e+01,1.192021495742500115e+01,3.386482094057333470e+00
3.313947889010825065e+01,1.187471697496137324e+01,3.369936718093053507e+00
3.329815046362104169e+01,1.182822663285210929e+01,3.352450162284685398e+00
3.345652658496241827e+01,1.178073954829578263e+01,3.334017854229538003e+00
3.361459896917346413e+01,1.173225124362894967e+01,3.314643782166529107e+00
3.377235930247497464e+01,1.168275709896205861e+01,3.294327502127053275e+00
3.393069506173500116e+01,1.163196177410725163e+01,3.272947265278882245e+00
3.408869767455697541e+01,1.158013947499174279e+01,3.250642723228586384e+00
3.426132409215853869e+01,1.152220801909735037e+01,3.225153652077832778e+00
3.443352798286824168e+01,1.146303242117880394e+01,3.198527777150660167e+00
3.461228841316720661e+01,1.140011634119289852e+01,3.169663718692162568e+00
3.479056328365432904e+01,1.133583732345126371e+01,3.139570737780010390e+00
3.495007316814583476e+01,1.127700441465993642e+01,3.111556097020751199e+00
3.510916947205608807e+01,1.121706212059412167e+01,3.082636468797257390e+00
3.526348666726099879e+01,1.115769714164076376e+01,3.053612343123849104e+00
3.541739162719621703e+01,1.109727149290198511e+01,3.023732860741791484e+00
3.557087357876717704e+01,1.103577939829250454e+01,2.992999999628625396e+00
3.572392153522791602e+01,1.097321496499092319e+01,2.961422698820673549e+00
3.587652420294867284e+01,1.090957221817054013e+01,2.929015467797434269e+00
3.602867007498993956e+01,1.084484505971806279e+01,2.895785630565346214e+00
3.618034740513994763e+01,1.077902727419827933e+01,2.861747809083577732e+00
3.633154402645511283e+01,1.071211260513419639e+01,2.826910432121048089e+00
3.648224751251388653e+01,1.064409468418652871e+01,2.791286874674487883e+00
3.663244518942054384e+01,1.057496702082993778e+01,2.754888288073083835e+00
3.678278074342917847e+01,1.050441183193212424e+01,2.717558225695791752e+00
3.693257937094229959e+01,1.043272374250742729e+01,2.679484745305488858e+00
3.709547264160276114e+01,1.035316648740667844e+01,2.637082322266665724e+00
3.725769103529479054e+01,1.027224205951039515e+01,2.593785191738601004e+00
3.742001756035472937e+01,1.018952828671192634e+01,2.549417841149965724e+00
3.758162334511419544e+01,1.010541506152559776e+01,2.504179583854126978e+00
3.772850536135452160e+01,1.002739878582036148e+01,2.462129883894310645e+00
3.787475368919503893e+01,9.948200999149582557e+00,2.419411684963968856e+00
3.801950147413231207e+01,9.868288383845513323e+00,2.376265361425345279e+00
3.816359016860841535e+01,9.787193426172111188e+00,2.332455967058227220e+00
3.830700276137189064e+01,9.704908744933407050e+00,2.287992683075458000e+00
3.844972178446857924e+01,9.621426905940976937e+00,2.242881626177097854e+00
3.859172930944510682e+01,9.536740421917247801e+00,2.197133474202941805e+00
3.873300689856436207e+01,9.450841779644964191e+00,2.150749854210337375e+00
3.887353561315031669e+01,9.363723434192682049e+00,2.103740164421444625e+00
3.901329601955155368e+01,9.275377803486351880e+00,2.056107431493825022e+00
3.915226814690215207e+01,9.185797293157525800e+00,2.007856623963669485e+00
3.929043146247929030e+01,9.094974312241708603e+00,1.958992234697233492e+00
3.943115805234469207e+01,9.000603237885448138e+00,1.908282636995581427e+00
3.957098975478604785e+01,8.904911219186907090e+00,1.856934712950750299e+00
3.971993602879591378e+01,8.800805173260883407e+00,1.801171072419761821e+00
3.986779489577142499e+01,8.695160444810525746e+00,1.744642780089258993e+00
4.000310206009506686e+01,8.596404906859117290e+00,1.691860395688735474e+00
4.013743324636395471e+01,8.496325880388942764e+00,1.638456830301019851e+00
4.026904052770875353e+01,8.396239013745763202e+00,1.585114278236950280e+00
4.039964591342152289e+01,8.294848261160266745e+00,1.531143290376878907e+00
4.052922309885165220e+01,8.192146522873207104e+00,1.476541065024133292e+00
4.065774482355833896e+01,8.088127034396769943e+00,1.421300104072671822e+00
4.078518313036379794e+01,7.982783178254349465e+00,1.365420069524406088e+00
4.091150944961943026e+01,7.876108418638509079e+00,1.308897453878134387e+00
4.103669435738022742e+01,7.768096510868454985e+00,1.251742296950609123e+00
4.116070765279410892e+01,7.658741453266922683e+00,1.193967387072218056e+00
4.128351817657117095e+01,7.548037667013787200e+00,1.135601520953911203e+00
4.140509424523423121e+01,7.435979625113619207e+00,1.076693201250040977e+00
4.152710368902077676e+01,7.320940611910467410e+00,1.016483725344516476e+00
4.164777477043976006e+01,7.204498523070108185e+00,9.559327578476439768e-01
4.177272302512884750e+01,7.080996369239060506e+00,8.923859906526926400e-01
4.189612057232938014e+01,6.955944853737861422e+00,8.290815817287868761e-01
4.201087414086303085e+01,6.836756760860385640e+00,7.701775346403482159e-01
4.212417665319464533e+01,6.716188464743390263e+00,7.127534977260610027e-01
4.223591613359160135e+01,6.594319517783755913e+00,6.579718609606676205e-01
4.234612954855893463e+01,6.471068778938114718e+00,6.074545158360910024e-01
4.245477707780280952e+01,6.346435606060948587e+00,5.635973674092030761e-01
4.256181809043969366e+01,6.220420035165119543e+00,5.296814840116033096e-01
4.266721109193012040e+01,6.093022900705253875e+00,5.097141964423285154e-01
4.277091363565420323e+01,5.964246018074298661e+00,5.078508717544275575e-01
4.287288246019671334e+01,5.834092102314333950e+00,5.271610272309421585e-01
4.297307350937681036e+01,5.702564825998183373e+00,5.688067265138756490e-01
4.307144191723998006e+01,5.569668932795226901e+00,6.319492498243796108e-01
4.316794203261437701e+01,5.435410313082662981e+00,7.147819725233136579e-01
4.326559124504429832e+01,5.295333281119862789e+00,8.190019538232465868e-01
4.336114649598126647e+01,5.153819600712726157e+00,9.410163717616657486e-01
4.345197541884477488e+01,5.014892304690270919e+00,1.075894700931375514e+00
4.354072712335203477e+01,4.874628954500058953e+00,1.226799469813023347e+00
4.362702067972590214e+01,4.733593508346378265e+00,1.393587600832685958e+00
4.371115467559911139e+01,4.591259285120204758e+00,1.577841165776695087e+00
4.379307939737949340e+01,4.447642123384154544e+00,1.780906343782083345e+00
4.387274482451800139e+01,4.302759571274629380e+00,2.004624686737493278e+00
4.395010073674988149e+01,4.156630928206221043e+00,2.251074092658798431e+00
4.402509681596448843e+01,4.009277304950639831e+00,2.522945746740583584e+00
4.409768273256155169e+01,3.860721729043969930e+00,2.823193127574647132e+00
4.416780831471668023e+01,3.710989095017951378e+00,3.155502444282725527e+00
4.423542363840473257e+01,3.560106279746376057e+00,3.523910390788073776e+00
4.430047913157392969e+01,3.408102255762611943e+00,3.933483632556262322e+00
4.436383723324368589e+01,3.252716359118618783e+00,4.397007175511016719e+00
4.442445751672780574e+01,3.096242109623084993e+00,4.916558820847886757e+00
4.448146110184958246e+01,2.941037994472948114e+00,5.491631043333833340e+00
4.453571198361996153e+01,2.784850436973626664e+00,6.139869685466858407e+00
4.458716450238518547e+01,2.627719906044331921e+00,6.874100135186855809e+00
4.463577496627775787e+01,2.469687079902594284e+00,7.710911083862711735e+00
4.468150084316190629e+01,2.310795669647225381e+00,8.670427537391512729e+00
4.472430127507835351e+01,2.151091424416992304e+00,9.781287071704561242e+00
4.476413724863072474e+01,1.990622088771164755e+00,1.107549020832650655e+01
4.480097176334881226e+01,1.829437352967780095e+00,1.261368210328409312e+01
4.483477000393870782e+01,1.667588762670558777e+00,1.443221331952479503e+01
4.486549950612825910e+01,1.505129615573767010e+00,1.672825181963545660e+01
4.489313031039511515e+01,1.342114870889282052e+00,1.936437814322643902e+01
4.491763511062364245e+01,1.178601035559412979e+00,2.343501340180068127e+01
4.494005632854424448e+01,1.005748428842197173e+00,2.710327387078339001e+01
4.495895110129261951e+01,8.324749068581170919e-01,3.852089180864911810e+01
4.497597118703684771e+01,6.370580777285959062e-01,4.036477247888480946e+01
4.498847324920937041e+01,4.413002973975738152e-01,9.916421912569158792e+01
4.499711697021894707e+01,2.207253758368813712e-01,1.015044179690075623e+02
4.499999999999997868e+01,-4.250850944224393626e-17,8.341167887252527180e+02
