x,y,stress
7.999999999999995559e+00,-3.403755706223929143e-13,7.958808975363675700e+02
8.002660612186721423e+00,2.122978412364906753e-01,1.158763599385430751e+02
8.010638266319778822e+00,4.244624323894951590e-01,9.882050906006229241e+01
8.022169444109520597e+00,6.126431041862935301e-01,4.521355680255553011e+01
8.037869266787629030e+00,8.005219371679971330e-01,4.091191753290568300e+01
8.055504116192556907e+00,9.689014417100734189e-01,2.985966348258208569e+01
8.076467704483581755e+00,1.136899000569418616e+00,2.573832329709832223e+01
8.100262093446696454e+00,1.301364271273295126e+00,2.150895883478084158e+01
8.127221817133408521e+00,1.465340425291964177e+00,1.869890139378776794e+01
8.157322109462624482e+00,1.628769264372271541e+00,1.631408199981331109e+01
8.190535648296995319e+00,1.791593964742453693e+00,1.442611990095380392e+01
8.226832681892274124e+00,1.953759191812354024e+00,1.284129966056302763e+01
8.266181156579120781e+00,2.115211177332965597e+00,1.151018707626104032e+01
8.308546862157792035e+00,2.275897837357315989e+00,1.036980120694735241e+01
8.353893579093037758e+00,2.435768856421611339e+00,9.384018504281206319e+00
8.402183216729762094e+00,2.594775717634752343e+00,8.522694598000372324e+00
8.453375988980281974e+00,2.752871839664922327e+00,7.764344781253615047e+00
8.507459790480824680e+00,2.910095130958286536e+00,7.091975525731441188e+00
8.564365572801742488e+00,3.066319221093077196e+00,6.492775365528178355e+00
8.624017092377188831e+00,3.221421846738092842e+00,5.956414722784524329e+00
8.686398481938391924e+00,3.375446859267919653e+00,5.474161253229782531e+00
8.751463685657197900e+00,3.528357558428038665e+00,5.015574203701625322e+00
8.819165821350784640e+00,3.680119206340054294e+00,4.625275399317777314e+00
8.889457331626010372e+00,3.830699047208530050e+00,4.263860280142859338e+00
8.962290134396466712e+00,3.980066319980973599e+00,3.936645569298597547e+00
9.037615737408646766e+00,4.128192197185966528e+00,3.638281853283712231e+00
9.115385333549255620e+00,4.275049700581786460e+00,3.366556649680514823e+00
9.195549933471109938e+00,4.420613700220846987e+00,3.119078465981155457e+00
9.278060504442775525e+00,4.564860922062874415e+00,2.894055997245136069e+00
9.363205458345349896e+00,4.708328235897861980e+00,2.689172300830872775e+00
9.450615967377220983e+00,4.850426619008738172e+00,2.504100289186449224e+00
9.540001312114270604e+00,4.990764980840839193e+00,2.338112260780826901e+00
9.631542598010936373e+00,5.129706703604916207e+00,2.189888124974828987e+00
9.725073049020986460e+00,5.267065313061714882e+00,2.058830071437332432e+00
9.820658359489593536e+00,5.403002042609558409e+00,1.944163128837504750e+00
9.918251403270692990e+00,5.537504632745132938e+00,1.845292803010750493e+00
1.001780563231278620e+01,5.670562203306487525e+00,1.761716543381925293e+00
1.011927508550934895e+01,5.802165133038583278e+00,1.692828855831892687e+00
1.022261440921151454e+01,5.932304970661600230e+00,1.638014995662124607e+00
1.032777894033776533e+01,6.060974433003016415e+00,1.596490633885389476e+00
1.043472470194936186e+01,6.188167297447778381e+00,1.567423149145832806e+00
1.054340843815595186e+01,6.313878353300188095e+00,1.549818837154742113e+00
1.065378767547534089e+01,6.438103387064234795e+00,1.542628824128721599e+00
1.076786763129568492e+01,6.563051337595131152e+00,1.544849733896189292e+00
1.088361871170046591e+01,6.686452818134717369e+00,1.555579413534232236e+00
1.099889360850996844e+01,6.806148973688914694e+00,1.573236076770376801e+00
1.111570047464540600e+01,6.924350654325888144e+00,1.596915648963024958e+00
1.123400079428690468e+01,7.041057614859090208e+00,1.625663219200515153e+00
1.135375690864225007e+01,7.156270298902618343e+00,1.658634285031754585e+00
1.147493196424384365e+01,7.269989739895585501e+00,1.695048965994331525e+00
1.159748988735731778e+01,7.382217497232673509e+00,1.734259626830080503e+00
1.172139533240451037e+01,7.492955576114661120e+00,1.775669695864642517e+00
1.184661393668524809e+01,7.602206620561335448e+00,1.818807680560696083e+00
1.197311221774868883e+01,7.709973776438320492e+00,1.863235700580664123e+00
1.210085712301766314e+01,7.816260284569541916e+00,1.908613655179426161e+00
1.222983077397378970e+01,7.921081333500120891e+00,1.954634912342134490e+00
1.235998785886669360e+01,8.024429266938437166e+00,2.001043660761171683e+00
1.249655956662548029e+01,8.130342318279177860e+00,2.049475055412012470e+00
1.263434435802708400e+01,8.234672396354486779e+00,2.097878309737235103e+00
1.276804885488780350e+01,8.333579351707147254e+00,2.144280849675484379e+00
1.290281794435655094e+01,8.431030760540489055e+00,2.190365136434305082e+00
1.303851569548564804e+01,8.526956365751519940e+00,2.235985428550776977e+00
1.317522166530745764e+01,8.621439618442403585e+00,2.281081760090200916e+00
1.331290949897450737e+01,8.714486179637308538e+00,2.325572148765195468e+00
1.345155354353017607e+01,8.806101879391661669e+00,2.369400558240597920e+00
1.359112876659242275e+01,8.896292652251487354e+00,2.412480317083264492e+00
1.373161072483800815e+01,8.985064510910902413e+00,2.454796968986218353e+00
1.387297562286554609e+01,9.072423577485961843e+00,2.496144912180677800e+00
1.401520018758538733e+01,9.158375999434717585e+00,2.536979194777852609e+00
1.415826169948853597e+01,9.242927967043709003e+00,2.576900930824726821e+00
1.430213809161334026e+01,9.326085766603886995e+00,2.615432559260208567e+00
1.445332136411463253e+01,9.411494489539308006e+00,2.654888389074129496e+00
1.460534677849305218e+01,9.495395087589963978e+00,2.693224798823997901e+00
1.475548083837104762e+01,9.576350467011211620e+00,2.729844438738159518e+00
1.490638331943025108e+01,9.655864333541851252e+00,2.765380498579217416e+00
1.505412078370005879e+01,9.731951811641293304e+00,2.798954988374324770e+00
1.520254857278766281e+01,9.806683716950578500e+00,2.831489552085542538e+00
1.535164813479295454e+01,9.880066280450670035e+00,2.862956230999699869e+00
1.550140129963071800e+01,9.952105665290043035e+00,2.893357854899096360e+00
1.565179029333042671e+01,1.002280797602921147e+01,2.922667998437249448e+00
1.580279786378237539e+01,1.009217931695307691e+01,2.950966319745856659e+00
1.595440712970307118e+01,1.016022571915982553e+01,2.978834964332858881e+00
1.610660154025555002e+01,1.022695312475659613e+01,3.004648320151826812e+00
1.625936496042984558e+01,1.029236742619153056e+01,3.029666166000497540e+00
1.641268158747010730e+01,1.035647443007038682e+01,3.053646356994248467e+00
1.656751822527845874e+01,1.041967598423204500e+01,3.077201975216731444e+00
1.672288411974277622e+01,1.048156509706682193e+01,3.098946586836827777e+00
1.689050195313487635e+01,1.054664871838365592e+01,3.121399449120587644e+00
1.705869591423643428e+01,1.061022867390206237e+01,3.142552495998655271e+00
1.721712536982166952e+01,1.066856265207374754e+01,3.161346489606622789e+00
1.737603249612125467e+01,1.072558258682904331e+01,3.179077334316823933e+00
1.753290012116806551e+01,1.078043023734196559e+01,3.195499742684930755e+00
1.769020359091199524e+01,1.083401509502646221e+01,3.210912472036166587e+00
1.784792988604855069e+01,1.088634213119499705e+01,3.225321792845092794e+00
1.800606634352213220e+01,1.093741624968670045e+01,3.238748746805826251e+00
1.816460052230514322e+01,1.098724224212264211e+01,3.251214980786214070e+00
1.832352016905355541e+01,1.103582477992284616e+01,3.262735666766516385e+00
1.848281328600141293e+01,1.108316843762142412e+01,3.273333854375074736e+00
1.864246809533604221e+01,1.112927768288991892e+01,3.283026780661697952e+00
1.880247303740053866e+01,1.117415687736830066e+01,3.291844218902825858e+00
1.896281675007769607e+01,1.121781027219977922e+01,3.299812534782710749e+00
1.912564918930220159e+01,1.126080386536217226e+01,3.307029487054065520e+00
1.928880668622217343e+01,1.130254694852180641e+01,3.313449904031577464e+00
1.946593903154771965e+01,1.134636816189069286e+01,3.319490812966869431e+00
1.964342577197069062e+01,1.138873118234041648e+01,3.324578647301964729e+00
1.980897890663377581e+01,1.142686617548024053e+01,3.328570409045771061e+00
1.997481634781089710e+01,1.146374520070236436e+01,3.331862915246774026e+00
2.013729819439857849e+01,1.149860754102858884e+01,3.334437322857645380e+00
2.030003182761928215e+01,1.153227501687215018e+01,3.336406457883896337e+00
2.046300745506379215e+01,1.156475085342159836e+01,3.337801869178064429e+00
2.062621542139412512e+01,1.159603816400891141e+01,3.338658330485346770e+00
2.078964620465391278e+01,1.162613995038767634e+01,3.339019314158269136e+00
2.095329039828859763e+01,1.165505910045090410e+01,3.338919309493661558e+00
2.111713872271806380e+01,1.168279839139480281e+01,3.338396505959044358e+00
2.128118200232450263e+01,1.170936048664957596e+01,3.337491339082485187e+00
2.144541115264842901e+01,1.173474793512777481e+01,3.336245611979993253e+00
2.160981723221058459e+01,1.175896318007613495e+01,3.334706529801885644e+00
2.177581260638746485e+01,1.178220237983818386e+01,3.332875939256354947e+00
2.194196995613495105e+01,1.180425369406148661e+01,3.330856856896248885e+00
2.212357737420436976e+01,1.182697810026295038e+01,3.328438727765099525e+00
2.230535580433277332e+01,1.184829138731939224e+01,3.325808268603482443e+00
2.247782960987172274e+01,1.186719571112493377e+01,3.323230911018688172e+00
2.265043727299772058e+01,1.188483607118168450e+01,3.320596194131527845e+00
2.281587268311500338e+01,1.190054819073527348e+01,3.318068040321478840e+00
2.298141383489885925e+01,1.191510405258353167e+01,3.315574591206616351e+00
2.314705247725294157e+01,1.192850505731986566e+01,3.313138084924939886e+00
2.331278040916378202e+01,1.194075249428882834e+01,3.310787926020918537e+00
2.347858947746122027e+01,1.195184754190310805e+01,3.308566061306012163e+00
2.364447157359918705e+01,1.196179126780364932e+01,3.306489505620477942e+00
2.381041862609565385e+01,1.197058462874635509e+01,3.304589387665204825e+00
2.397642259994421821e+01,1.197822847090949239e+01,3.302883234074998953e+00
2.414247548861721526e+01,1.198472352977155886e+01,3.301402871810514839e+00
2.430856931283744515e+01,1.199007043032757736e+01,3.300157406496882828e+00
2.447488210098620698e+01,1.199427374500555565e+01,3.299157414039058267e+00
2.464121997268685504e+01,1.199732725028118629e+01,3.298445157054246568e+00
2.482060500843867601e+01,1.199933183130110237e+01,3.297984637388417628e+00
2.499999999999985789e+01,1.199999999999999467e+01,3.297816769821070526e+00
2.517939499156102201e+01,1.199933183130110947e+01,3.297989910020019177e+00
2.535878002731282876e+01,1.199732725028119340e+01,3.298455950320107188e+00
2.552511789901351591e+01,1.199427374500556098e+01,3.299173989931841522e+00
2.569143068716223866e+01,1.199007043032758624e+01,3.300179119295756802e+00
2.585752451138246499e+01,1.198472352977156952e+01,3.301426906400179551e+00
2.602357740005546205e+01,1.197822847090950482e+01,3.302909189414739100e+00
2.618958137390403706e+01,1.197058462874636930e+01,3.304610913621644386e+00
2.635552842640050741e+01,1.196179126780366708e+01,3.306505958303236348e+00
2.652141052253845643e+01,1.195184754190312582e+01,3.308574050919021570e+00
2.668721959083588047e+01,1.194075249428884966e+01,3.310786843747754560e+00
2.685294752274671382e+01,1.192850505731988697e+01,3.313123729103325754e+00
2.701858616510079614e+01,1.191510405258356009e+01,3.315547192112773267e+00
2.718412731688464490e+01,1.190054819073530723e+01,3.318031169485970100e+00
2.734956272700193836e+01,1.188483607118171648e+01,3.320549348812225077e+00
2.752217039012792554e+01,1.186719571112496396e+01,3.323169819903583289e+00
2.769464419566687852e+01,1.184829138731942955e+01,3.325733393734243482e+00
2.787642262579529984e+01,1.182697810026298946e+01,3.328347764138025688e+00
2.805803004386475052e+01,1.180425369406152214e+01,3.330747638864907323e+00
2.822418739361222251e+01,1.178220237983821939e+01,3.332748460591532513e+00
2.839018276778910277e+01,1.175896318007617758e+01,3.334560446076616280e+00
2.855458884735126190e+01,1.173474793512781922e+01,3.336085744566152478e+00
2.871881799767520604e+01,1.170936048664961682e+01,3.337316108785437496e+00
2.888286127728164843e+01,1.168279839139484189e+01,3.338208951057306084e+00
2.904670960171112526e+01,1.165505910045094673e+01,3.338719765958091390e+00
2.921035379534580301e+01,1.162613995038772430e+01,3.338813488193290713e+00
2.937378457860558711e+01,1.159603816400896115e+01,3.338445057698638418e+00
2.953699254493592363e+01,1.156475085342164988e+01,3.337585731252597832e+00
2.969996817238043718e+01,1.153227501687220347e+01,3.336187693246189134e+00
2.986270180560111953e+01,1.149860754102864924e+01,3.334220656189299969e+00
3.002518365218879381e+01,1.146374520070242831e+01,3.331649019297223902e+00
3.019102109336590800e+01,1.142686617548030981e+01,3.328361049811214389e+00
3.035657422802898253e+01,1.138873118234048754e+01,3.324377244794219699e+00
3.053406096845193218e+01,1.134636816189077457e+01,3.319292938121031433e+00
3.071119331377747130e+01,1.130254694852188990e+01,3.313254048958868214e+00
3.087435081069743958e+01,1.126080386536225930e+01,3.306843977652812683e+00
3.103718324992194511e+01,1.121781027219986804e+01,3.299634962198263466e+00
3.119752696259909897e+01,1.117415687736839303e+01,3.291670596261650594e+00
3.135753190466359897e+01,1.112927768289001307e+01,3.282854795185255803e+00
3.151718671399822469e+01,1.108316843762151827e+01,3.273156559390521636e+00
3.167647983094609287e+01,1.103582477992294564e+01,3.262551810124777241e+00
3.183539947769449796e+01,1.098724224212274869e+01,3.251022455637105235e+00
3.199393365647749476e+01,1.093741624968680881e+01,3.238544849467858810e+00
3.215207011395106917e+01,1.088634213119510719e+01,3.225107034208086976e+00
3.230979640908762462e+01,1.083401509502657944e+01,3.210685397951548836e+00
3.246709987883155435e+01,1.078043023734208461e+01,3.195270173855805584e+00
3.262396750387836875e+01,1.072558258682916410e+01,3.178846061467612394e+00
3.278287463017796455e+01,1.066856265207387011e+01,3.161115470170046571e+00
3.294130408576320690e+01,1.061022867390218316e+01,3.142327624404063435e+00
3.310949804686474351e+01,1.054664871838378915e+01,3.121154209026628656e+00
3.327711588025682943e+01,1.048156509706696404e+01,3.098700528946883193e+00
3.343248177472116112e+01,1.041967598423218178e+01,3.076690930466116303e+00
3.358731841252953387e+01,1.035647443007052360e+01,3.053624970128368865e+00
3.374063503956980270e+01,1.029236742619166911e+01,3.029623032210741140e+00
3.389339845974409826e+01,1.022695312475673646e+01,3.004547854145730224e+00
3.404559287029657355e+01,1.016022571915996942e+01,2.978398239388262869e+00
3.419720213621727112e+01,1.009217931695322612e+01,2.951169802335309456e+00
3.434820970666923046e+01,1.002280797602935714e+01,2.922868611506552305e+00
3.449859870036893028e+01,9.952105665290192249e+00,2.893490982885600804e+00
3.464835186520669907e+01,9.880066280450819249e+00,2.863047725551452150e+00
3.479745142721200324e+01,9.806683716950731267e+00,2.831539209144255054e+00
3.494587921629960903e+01,9.731951811641447847e+00,2.798976094997131181e+00
3.509361668056941852e+01,9.655864333542007572e+00,2.765369567578228605e+00
3.524451916162860954e+01,9.576350467011380374e+00,2.729807812072425843e+00
3.539465322150658011e+01,9.495395087590148719e+00,2.693165215563246395e+00
3.554667863588501575e+01,9.411494489539487418e+00,2.654788420032283103e+00
3.569786190838632223e+01,9.326085766604062854e+00,2.615321337814410452e+00
3.584173830051112475e+01,9.242927967043884863e+00,2.576559060731463902e+00
3.598479981241429471e+01,9.158375999434893444e+00,2.536873176738384306e+00
3.612702437713413417e+01,9.072423577486141255e+00,2.496281015664270964e+00
3.626838927516167388e+01,8.985064510911083602e+00,2.454815336782983248e+00
3.640887123340726816e+01,8.896292652251668542e+00,2.412520139537536412e+00
3.654844645646952728e+01,8.806101879391837528e+00,2.369436605925460793e+00
3.668709050102519598e+01,8.714486179637487950e+00,2.325619581863004992e+00
3.682477833469225459e+01,8.621439618442582997e+00,2.281125671716323744e+00
3.696148430451406597e+01,8.526956365751702904e+00,2.236028788269828205e+00
3.709718205564316662e+01,8.431030760540672020e+00,2.190408335708422083e+00
3.723195114511191406e+01,8.333579351707339100e+00,2.144323665670562651e+00
3.736565564197263001e+01,8.234672396354678625e+00,2.097920579063013768e+00
3.750344043337424438e+01,8.130342318279367930e+00,2.049518650068532288e+00
3.764001214113303462e+01,8.024429266938634342e+00,2.001089770408857493e+00
3.777016922602594207e+01,7.921081333500313626e+00,1.954673606668219765e+00
3.789914287698206152e+01,7.816260284569741756e+00,1.908642230102738147e+00
3.802688778225104471e+01,7.709973776438524773e+00,1.863253998513690668e+00
3.815338606331448545e+01,7.602206620561543282e+00,1.818810461006151513e+00
3.827860466759523206e+01,7.492955576114866290e+00,1.775665800414089723e+00
3.840251011264242464e+01,7.382217497232873349e+00,1.734244444905471028e+00
3.852506803575590055e+01,7.269989739895792447e+00,1.695029890555721952e+00
3.864624309135749769e+01,7.156270298902829730e+00,1.658610807981200530e+00
3.876599920571285196e+01,7.041057614859302483e+00,1.625640240019342375e+00
3.888429952535435064e+01,6.924350654326104859e+00,1.596892991808296580e+00
3.900110639148979175e+01,6.806148973689135850e+00,1.573211284522374243e+00
3.911638128829929428e+01,6.686452818134939413e+00,1.555555167378871229e+00
3.923213236870407883e+01,6.563051337595354084e+00,1.544830272728831000e+00
3.934621232452443707e+01,6.438103387064453287e+00,1.542618262788888028e+00
3.945659156184382965e+01,6.313878353300406587e+00,1.549818193426540480e+00
3.956527529805043031e+01,6.188167297447995985e+00,1.567440381615761158e+00
3.967222105966202861e+01,6.060974433003227801e+00,1.596537607363462952e+00
3.977738559078829184e+01,5.932304970661807175e+00,1.638104751019634264e+00
3.988072491449045742e+01,5.802165133038792000e+00,1.692974248399450099e+00
3.998219436768702906e+01,5.670562203306695359e+00,1.761929732698135798e+00
4.008174859672912760e+01,5.537504632745339883e+00,1.845579676556930115e+00
4.017934164051023060e+01,5.403002042609765354e+00,1.944542730235907069e+00
4.027492695097883058e+01,5.267065313061926268e+00,2.059317149915323775e+00
4.036845740198889132e+01,5.129706703605134699e+00,2.190500140848996136e+00
4.045999868788556597e+01,4.990764980841055021e+00,2.338847920012454562e+00
4.054938403262261204e+01,4.850426619008953999e+00,2.504991831641922406e+00
4.063679454165448135e+01,4.708328235898092906e+00,2.690251149924601126e+00
4.072193949555705217e+01,4.564860922063121329e+00,2.895364777782977850e+00
4.080445006652872308e+01,4.420613700221101006e+00,3.120618343742714185e+00
4.088461466645057385e+01,4.275049700582047585e+00,3.368406335813178831e+00
4.096238426259117915e+01,4.128192197186232093e+00,3.640516845526013956e+00
4.103770986560336809e+01,3.980066319981243161e+00,3.939300661094716105e+00
4.111054266837383153e+01,3.830699047208803609e+00,4.267326180103175659e+00
4.118083417864905726e+01,3.680119206340330962e+00,4.627974192681869603e+00
4.124853631434266532e+01,3.528357558428306007e+00,5.024931268333438616e+00
4.131360151806147485e+01,3.375446859268173672e+00,5.463060017884278530e+00
4.137598290762267794e+01,3.221421846738365069e+00,5.947804758807469838e+00
4.143563442719812429e+01,3.066319221093364522e+00,6.486312429747821184e+00
4.149254020951904209e+01,2.910095130958584519e+00,7.087076099401357965e+00
4.154662401101958835e+01,2.752871839665227416e+00,7.760781315994652374e+00
4.159781678327011889e+01,2.594775717635050771e+00,8.519952326913839968e+00
4.164610642090685388e+01,2.435768856421901774e+00,9.382384978270653875e+00
4.169145313784209606e+01,2.275897837357616194e+00,1.036935415012664663e+01
4.173381884342077086e+01,2.115211177333274239e+00,1.151125623302244882e+01
4.177316731810763173e+01,1.953759191812657114e+00,1.284420459860707631e+01
4.180946435170291409e+01,1.791593964742749900e+00,1.443057544159919203e+01
4.184267789053728848e+01,1.628769264372583736e+00,1.632261216737693488e+01
4.187277818286650444e+01,1.465340425292295246e+00,1.870595059539465765e+01
4.189973790655322716e+01,1.301364271273622863e+00,2.153074235148434923e+01
4.192353229551633831e+01,1.136899000569749685e+00,2.573716105035335033e+01
4.194449588380736316e+01,9.689014417104306887e-01,2.992279802421952439e+01
4.196213073321231235e+01,8.005219371683821583e-01,4.086417234868149961e+01
4.197783055589042789e+01,6.126431041866395866e-01,4.537960759486880136e+01
4.198936173368017677e+01,4.244624323898003038e-01,9.865385817694334492e+01
4.199733938781324838e+01,2.122978412368156098e-01,1.155970358001009402e+02
4.199999999999997868e+01,-4.116329476087281385e-17,7.953078233272010493e+02
