x,y,stress
8.999999999999994671e+00,3.280997723566414301e-16,1.216719077059288338e+03
9.006006319561523199e+00,1.643878488727247289e-01,1.593147559031468177e+02
9.023912150191963022e+00,3.279089321210759134e-01,1.423842818462573803e+02
9.053386940992497856e+00,4.897350609740496741e-01,5.725338096975200131e+01
9.093920242393846110e+00,6.491537845299005793e-01,5.224868509367804847e+01
9.144862056368676662e+00,8.055608207155496858e-01,3.529870214793096039e+01
9.205473085698935520e+00,9.584841220383445437e-01,2.951656022707194538e+01
9.274971289873743530e+00,1.107582168166221237e+00,2.369066540249875530e+01
9.352570646192114978e+00,1.252632175899534461e+00,1.992644271389653809e+01
9.437510067298349625e+00,1.393512669541431492e+00,1.666700027210753277e+01
9.529072621197117954e+00,1.530184090019216958e+00,1.449634510810867738e+01
9.626596520027563386e+00,1.662670052288563793e+00,1.264561681466324217e+01
9.729479837919287277e+00,1.791040749359237294e+00,1.115922343851844722e+01
9.837180798144405713e+00,1.915399047304482183e+00,9.926331733467183227e+00
9.949215414991440909e+00,2.035869556161062910e+00,8.897745896180602188e+00
1.006515335186240456e+01,2.152590011073579834e+00,8.030233930452988389e+00
1.018461300355440180e+01,2.265704820352394844e+00,7.293258684892772514e+00
1.030725660679811639e+01,2.375360578659922783e+00,6.662496723717708846e+00
1.043278517272052319e+01,2.481702633724356399e+00,6.119878994648351167e+00
1.056093394818833353e+01,2.584872893280914408e+00,5.650430891484353069e+00
1.069146837570663067e+01,2.685008452062378037e+00,5.242941370770261678e+00
1.082418020694960781e+01,2.782240550445156391e+00,4.887643162470696190e+00
1.095888417787208091e+01,2.876694061294314597e+00,4.577279617898217801e+00
1.109541502915446820e+01,2.968487228099184083e+00,4.304974633308239262e+00
1.123362545070883556e+01,3.057731966664735790e+00,4.065919054195950011e+00
1.137338365001112983e+01,3.144533803016217988e+00,3.855536907126624335e+00
1.151457087774180188e+01,3.228991745927035417e+00,3.670866806566710050e+00
1.165708048023222432e+01,3.311199009141650329e+00,3.508605277062295080e+00
1.180081633291743337e+01,3.391243214846667353e+00,3.365818281891503894e+00
1.194569145759242268e+01,3.469206628315358198e+00,3.240444914915727281e+00
1.209162712807818174e+01,3.545166577968553945e+00,3.130311806393906604e+00
1.223855186069694057e+01,3.619195724904972877e+00,3.033081716607039624e+00
1.238640045740354800e+01,3.691362297671873627e+00,2.949371902954398994e+00
1.253511334985910963e+01,3.761730417956474337e+00,2.870167207262942277e+00
1.268463634546833596e+01,3.830360546243014142e+00,2.804680483826285098e+00
1.283491978374004105e+01,3.897309588813411718e+00,2.745991131435886246e+00
1.298591783835173707e+01,3.962631047356834468e+00,2.694850528383420318e+00
1.313758844114873092e+01,4.026375401795729836e+00,2.649775679031755260e+00
1.328989286456954666e+01,4.088590293981737567e+00,2.610490214511186569e+00
1.344279527387649864e+01,4.149320671556929518e+00,2.576270340875872034e+00
1.359626262387596896e+01,4.208609042611953122e+00,2.547020326474368268e+00
1.375026428740108031e+01,4.266495593520827079e+00,2.519777283755108677e+00
1.390477175508588381e+01,4.323018317209307071e+00,2.497286289109182267e+00
1.405975852994881237e+01,4.378213193602695341e+00,2.477458244557992462e+00
1.421519999909852316e+01,4.432114338243724916e+00,2.460397666659685179e+00
1.437107319101612468e+01,4.484754093738331449e+00,2.445573706393075142e+00
1.452735662931449134e+01,4.536163142379270319e+00,2.432785234090300452e+00
1.468403026417426993e+01,4.586370630203125742e+00,2.421748587244251905e+00
1.484107526376005026e+01,4.635404233031334975e+00,2.412271244677066662e+00
1.499862434037036607e+01,4.683335423730331293e+00,2.404072467379986922e+00
1.515651120897778448e+01,4.730141970301306564e+00,2.397094602998607993e+00
1.531568272482079784e+01,4.776122234327156768e+00,2.391002633073590733e+00
1.547516536915381025e+01,4.821011510978689962e+00,2.386284971395884469e+00
1.563382744827492310e+01,4.864529309164012716e+00,2.381833839737678371e+00
1.579276937215616528e+01,4.907013694529573478e+00,2.378179705061165716e+00
1.595197880199073204e+01,4.948484319092333550e+00,2.375107492877619020e+00
1.611144410326576804e+01,4.988959947091427871e+00,2.372571810345917687e+00
1.627115420777625232e+01,5.028458480582357559e+00,2.370454887396242771e+00
1.643109868149520736e+01,5.066997033104799542e+00,2.368703199966188500e+00
1.659126761460717603e+01,5.104591953938405702e+00,2.367250079207698477e+00
1.675165154751852015e+01,5.141258859489718169e+00,2.366048420201793956e+00
1.691224150375641599e+01,5.177012686141312159e+00,2.365050943566343822e+00
1.707302893850722114e+01,5.211867719614030392e+00,2.364221617470209758e+00
1.723674024137882199e+01,5.246406778217290068e+00,2.363512968221658017e+00
1.740063919434031803e+01,5.280044149478993809e+00,2.362911148524858174e+00
1.756506789059684692e+01,5.312861841731778334e+00,2.362388351347133320e+00
1.772966971852308760e+01,5.344799865266469219e+00,2.361921421435335677e+00
1.789134082951500204e+01,5.375294589573839765e+00,2.361500230088413144e+00
1.805316525573458719e+01,5.404964996595146509e+00,2.361099501119575894e+00
1.821513682285637614e+01,5.433821579076167474e+00,2.360702969713751820e+00
1.837724954005857469e+01,5.461874373652712222e+00,2.360301436529109953e+00
1.853949768335127146e+01,5.489132997838185979e+00,2.359883162069493778e+00
1.870187575740666475e+01,5.515606663175924851e+00,2.359444702546832140e+00
1.886437845585915341e+01,5.541304187649092050e+00,2.358992603956756806e+00
1.902700070035366053e+01,5.566234019595600380e+00,2.358508359191115566e+00
1.918973758502812998e+01,5.590404245253766113e+00,2.357993902919936158e+00
1.935258436878608634e+01,5.613822603342137008e+00,2.357444856867756400e+00
1.951678772484588364e+01,5.636667688435240464e+00,2.356852086841631611e+00
1.968109350741287145e+01,5.658764086999293674e+00,2.356225338726321006e+00
1.985411386606749318e+01,5.681217275853785331e+00,2.355524583925173943e+00
2.002723789339705363e+01,5.702856648864950806e+00,2.354776751862240225e+00
2.019081059952383583e+01,5.722550343532822659e+00,2.354040990728548888e+00
2.035446760316651194e+01,5.741530799182790190e+00,2.353278158531469710e+00
2.051797456320420565e+01,5.759778413510200146e+00,2.352490673521784537e+00
2.068155815970233036e+01,5.777325750087169531e+00,2.351679472406873028e+00
2.084521483572919465e+01,5.794177899717520397e+00,2.350850078116888842e+00
2.100894112890265575e+01,5.810339708478372778e+00,2.350004503499050657e+00
2.117273366416560521e+01,5.825815784548033172e+00,2.349147942482397333e+00
2.133658915020446400e+01,5.840610504945098036e+00,2.348283555174456527e+00
2.150050437262854430e+01,5.854728021525198223e+00,2.347414692599441910e+00
2.166447619075998787e+01,5.868172266906683809e+00,2.346547203553772221e+00
2.182850153379603242e+01,5.880946959926222739e+00,2.345681985034187900e+00
2.199257739103761011e+01,5.893055610287092350e+00,2.344830424149761949e+00
2.216258874120986633e+01,5.904899814106207678e+00,2.343961093989741951e+00
2.233264791549973438e+01,5.916036331071629739e+00,2.343112591106007336e+00
2.250660917981641163e+01,5.926696777031999375e+00,2.342273813018917572e+00
2.268061384637656985e+01,5.936623660109519918e+00,2.341460967325736942e+00
2.284490569377739178e+01,5.945323946154001504e+00,2.340729703028097131e+00
2.300923061064640862e+01,5.953375532977215556e+00,2.340039038912491431e+00
2.317358593892983976e+01,5.960780550158841784e+00,2.339390027700869901e+00
2.333796904464930932e+01,5.967540948135461321e+00,2.338784758057313340e+00
2.350237733051845268e+01,5.973658501416203137e+00,2.338227896279015727e+00
2.366680822521682970e+01,5.979134810458641702e+00,2.337720578232933999e+00
2.383125917970609109e+01,5.983971303687571464e+00,2.337267723131014829e+00
2.399572767384998428e+01,5.988169239548461142e+00,2.336869473328897939e+00
2.416021120571651082e+01,5.991729707778674197e+00,2.336529694323974393e+00
2.432470728457018083e+01,5.994653630705530034e+00,2.336248668684419272e+00
2.448921343513074333e+01,5.996941764566256161e+00,2.336028896790346199e+00
2.465372719440007643e+01,5.998594700397694268e+00,2.335874247623882738e+00
2.482686217125959161e+01,5.999648700171860582e+00,2.335779119629627587e+00
2.499999999999995381e+01,5.999999999999995559e+00,2.335749144830149504e+00
2.517313782874034445e+01,5.999648700171858806e+00,2.335790824646785335e+00
2.534627280559985252e+01,5.998594700397695156e+00,2.335897551390651472e+00
2.551078656486917495e+01,5.996941764566257937e+00,2.336060394263090867e+00
2.567529271542973035e+01,5.994653630705530922e+00,2.336287454114315487e+00
2.583978879428341457e+01,5.991729707778673308e+00,2.336569930875814549e+00
2.600427232614994466e+01,5.988169239548462031e+00,2.336910345428239832e+00
2.616874082029382720e+01,5.983971303687575016e+00,2.337305386281945285e+00
2.633319177478308504e+01,5.979134810458644367e+00,2.337754529444261653e+00
2.649762266948146916e+01,5.973658501416203137e+00,2.338256364324580172e+00
2.666203095535062317e+01,5.967540948135463097e+00,2.338807584430530717e+00
2.682641406107008919e+01,5.960780550158844449e+00,2.339407124499514268e+00
2.699076938935350611e+01,5.953375532977218221e+00,2.340050165412285832e+00
2.715509430622253007e+01,5.945323946154002392e+00,2.340734615552855669e+00
2.731938615362335909e+01,5.936623660109522582e+00,2.341459549215830105e+00
2.749339082018350311e+01,5.926696777032003816e+00,2.342266261673432215e+00
2.766735208450017680e+01,5.916036331071633292e+00,2.343098574053906979e+00
2.783741125879005551e+01,5.904899814106209455e+00,2.343941883404983884e+00
2.800742260896231883e+01,5.893055610287096791e+00,2.344805702339804121e+00
2.817149846620388587e+01,5.880946959926228068e+00,2.345654813996801646e+00
2.833552380923992331e+01,5.868172266906688250e+00,2.346517937680049126e+00
2.849949562737137398e+01,5.854728021525200887e+00,2.347387941992015392e+00
2.866341084979545784e+01,5.840610504945102477e+00,2.348259656649942961e+00
2.882726633583432374e+01,5.825815784548038501e+00,2.349129332897668121e+00
2.899105887109728030e+01,5.810339708478375442e+00,2.349991650505395935e+00
2.915478516427072009e+01,5.794177899717523950e+00,2.350843742214883125e+00
2.931844184029757017e+01,5.777325750087176637e+00,2.351679842629127215e+00
2.948202543679569132e+01,5.759778413510209916e+00,2.352497655311593938e+00
2.964553239683338148e+01,5.741530799182799072e+00,2.353292165572920425e+00
2.980918940047605048e+01,5.722550343532831540e+00,2.354062129422848315e+00
2.997276210660281848e+01,5.702856648864963240e+00,2.354805438812979546e+00
3.014588613393240024e+01,5.681217275853797766e+00,2.355560468899692061e+00
3.031890649258703618e+01,5.658764086999301668e+00,2.356269420865283237e+00
3.048321227515403820e+01,5.636667688435244905e+00,2.356904011383215369e+00
3.064741563121386392e+01,5.613822603342142337e+00,2.357506122741261922e+00
3.081026241497182028e+01,5.590404245253772331e+00,2.358062742507985199e+00
3.097299929964628973e+01,5.566234019595603044e+00,2.358586030678987644e+00
3.113562154414080396e+01,5.541304187649092938e+00,2.359072397546083444e+00
3.129812424259329617e+01,5.515606663175928404e+00,2.359529871959119784e+00
3.146050231664868946e+01,5.489132997838190420e+00,2.359959653779513999e+00
3.162275045994138623e+01,5.461874373652713111e+00,2.360368282005735896e+00
3.178486317714358478e+01,5.433821579076167474e+00,2.360793740925972273e+00
3.194683474426536662e+01,5.404964996595147397e+00,2.361106268862795954e+00
3.210865917048495533e+01,5.375294589573842430e+00,2.361506131063924041e+00
3.227033028147687332e+01,5.344799865266469219e+00,2.361934695418576702e+00
3.243493210940314242e+01,5.312861841731772117e+00,2.362409705253999181e+00
3.259936080565970684e+01,5.280044149478983151e+00,2.362936507891427507e+00
3.276325975862120288e+01,5.246406778217278521e+00,2.363543869294399080e+00
3.292697106149280728e+01,5.211867719614016181e+00,2.364257379519560942e+00
3.308775849624360887e+01,5.177012686141296172e+00,2.365091800944029377e+00
3.324834845248152249e+01,5.141258859489701294e+00,2.366093673479018555e+00
3.340873238539285239e+01,5.104591953938391491e+00,2.367300311058941009e+00
3.356890131850481396e+01,5.066997033104784443e+00,2.368756001931370925e+00
3.372884579222375834e+01,5.028458480582343348e+00,2.370510097719693121e+00
3.388855589673425328e+01,4.988959947091415437e+00,2.372619901200597958e+00
3.404802119800928040e+01,4.948484319092322892e+00,2.375148590214930966e+00
3.420723062784384183e+01,4.907013694529561043e+00,2.378170653942135448e+00
3.436617255172508578e+01,4.864529309164001170e+00,2.381767770233761627e+00
3.452483463084620752e+01,4.821011510978675751e+00,2.386034847128963854e+00
3.468431727517921814e+01,4.776122234327143445e+00,2.391116931305097726e+00
3.484348879102222440e+01,4.730141970301293242e+00,2.397110857172406462e+00
3.500137565962963038e+01,4.683335423730319746e+00,2.404107257584075619e+00
3.515892473623995329e+01,4.635404233031326093e+00,2.412294558843069314e+00
3.531596973582572474e+01,4.586370630203119525e+00,2.421836861235469041e+00
3.547264337068548912e+01,4.536163142379264102e+00,2.432937087846707591e+00
3.562892680898386288e+01,4.484754093738323455e+00,2.445813255938860120e+00
3.578480000090146973e+01,4.432114338243717810e+00,2.460717563326786372e+00
3.594024147005118408e+01,4.378213193602688236e+00,2.477927344366278817e+00
3.609522824491411086e+01,4.323018317209294636e+00,2.497763222455123611e+00
3.624973571259890548e+01,4.266495593520817309e+00,2.520573794334026729e+00
3.640373737612402749e+01,4.208609042611944240e+00,2.546771296595156109e+00
3.655720472612348004e+01,4.149320671556925966e+00,2.576801869295671121e+00
3.671010713543043380e+01,4.088590293981731350e+00,2.611186690609119676e+00
3.686241155885123533e+01,4.026375401795729836e+00,2.650486892314762866e+00
3.701408216164823983e+01,3.962631047356834468e+00,2.695371128524128412e+00
3.716508021625991631e+01,3.897309588813417047e+00,2.746557737605006988e+00
3.731536365453162318e+01,3.830360546243016362e+00,2.804893669211507401e+00
3.746488665014084063e+01,3.761730417956479666e+00,2.871283355793631920e+00
3.761359954259642535e+01,3.691362297671874959e+00,2.946818994356326105e+00
3.776144813930300614e+01,3.619195724904984424e+00,3.032671920750519945e+00
3.790837287192177030e+01,3.545166577968560606e+00,3.130234686401140554e+00
3.805430854240750449e+01,3.469206628315376850e+00,3.240999958501099343e+00
3.819918366708252222e+01,3.391243214846678011e+00,3.366796796132846215e+00
3.834291951976769752e+01,3.311199009141676974e+00,3.509605000885382076e+00
3.848542912225813240e+01,3.228991745927052737e+00,3.671820484998872924e+00
3.862661634998877247e+01,3.144533803016255291e+00,3.856052241630846922e+00
3.876637454929110049e+01,3.057731966664759771e+00,4.065568914146546753e+00
3.890458497084542699e+01,2.968487228099235598e+00,4.303977938045071561e+00
3.904111582212784270e+01,2.876694061294340798e+00,4.575790147580545586e+00
3.917581979305027318e+01,2.782240550445217231e+00,4.886046545126872864e+00
3.930853162429330894e+01,2.685008452062402906e+00,5.241258154079083020e+00
3.943906605181153679e+01,2.584872893280991679e+00,5.648850263637556601e+00
3.956721482727940042e+01,2.481702633724389262e+00,6.118468540972597403e+00
3.969274339320173794e+01,2.375360578660020927e+00,6.661380594235262187e+00
3.981538699644553247e+01,2.265704820352427262e+00,7.292574117574495141e+00
3.993484664813744445e+01,2.152590011073698406e+00,8.030122518921746888e+00
4.005078458500850047e+01,2.035869556161089999e+00,8.898462284154426527e+00
4.016281920185542731e+01,1.915399047304628510e+00,9.928209560952248935e+00
4.027052016208065055e+01,1.791040749359277706e+00,1.116228629268395167e+01
4.037340347997228207e+01,1.662670052288728995e+00,1.265408321747748310e+01
4.047092737880282698e+01,1.530184090019249821e+00,1.449678200058723831e+01
4.056248993270151004e+01,1.393512669541600912e+00,1.674147196372700819e+01
4.064742935380782995e+01,1.252632175899582201e+00,1.979641951187704052e+01
4.072502871012616055e+01,1.107582168166354908e+00,2.352920464713090709e+01
4.079452691430102362e+01,9.584841220383613081e-01,2.907602365420507340e+01
4.085513794363126294e+01,8.055608207156172984e-01,3.492201812676600525e+01
4.090607975760612192e+01,6.491537845299203413e-01,5.131901419400598030e+01
4.094661305900746839e+01,4.897350609740787064e-01,5.877372320919045734e+01
4.097608784980799612e+01,3.279089321210932328e-01,1.412335596718228601e+02
4.099399368043844305e+01,1.643878488727320286e-01,1.620316879969615513e+02
4.099999999999997868e+01,-3.211535354067030149e-17,1.216967981016892963e+03
