x,y,stress
2.999999999999998668e+00,6.853697468581287090e-16,9.424200042720149213e+02
3.003398904647818668e+00,2.109296437918455613e-01,1.372600427698066881e+02
3.013584675730262674e+00,4.216406639967345549e-01,1.129690213165364412e+02
3.028318262034988440e+00,6.086651008267351948e-01,4.991995597534207008e+01
3.048356618963391274e+00,7.951958196616849550e-01,4.418648529278688386e+01
3.070799167314194111e+00,9.619428954648029384e-01,3.093146490020830797e+01
3.097424382293132439e+00,1.128073495579037688e+00,2.583418250976005481e+01
3.127468161952047243e+00,1.289899207314921137e+00,2.074957236559118101e+01
3.161410802771320139e+00,1.450952344675169092e+00,1.724443715260532173e+01
3.199192011831018423e+00,1.611148551532021855e+00,1.420003389652285541e+01
3.240746290922641659e+00,1.770407827284453006e+00,1.203422156848507996e+01
3.286003499268729033e+00,1.928654767731452058e+00,1.016034878313656975e+01
3.334889421300724965e+00,2.085818724757406262e+00,8.627382962144567458e+00
3.387326341217905323e+00,2.241833929539029935e+00,7.338196315414545978e+00
3.443233615698913397e+00,2.396639572153048903e+00,6.256651977138125709e+00
3.502528218493039081e+00,2.550179789674266395e+00,5.345257223893110421e+00
3.565125265603230620e+00,2.702403619959941050e+00,4.561682190810515181e+00
3.631199351048204349e+00,2.853846060401639129e+00,3.867580776175272295e+00
3.700426452961336210e+00,3.003873534707528936e+00,3.312336563230629416e+00
3.772447875825177821e+00,3.151907607295076463e+00,2.826944150030440639e+00
3.847423670759740677e+00,3.298467621780348136e+00,2.411247274888555392e+00
3.925251025042785002e+00,3.443497169035040439e+00,2.051313193032926474e+00
4.005857626951116579e+00,3.587000746181066457e+00,1.739223742848378107e+00
4.089157739669432523e+00,3.728957861516268846e+00,1.467224561011723827e+00
4.175066811260529143e+00,3.869351576834495265e+00,1.229217466143485149e+00
4.263501676459196865e+00,4.008168252931151088e+00,1.019940688636839621e+00
4.354380746758284459e+00,4.145397331549258269e+00,8.349306530565497875e-01
4.447624173627873212e+00,4.281031122506293585e+00,6.704787537967343836e-01
4.543153938178627449e+00,4.415064530013293798e+00,5.235838659002184370e-01
4.640893940322862399e+00,4.547494829577784614e+00,3.917844143786737843e-01
4.740770199552908792e+00,4.678321628247166686e+00,2.734999176420079836e-01
4.845615477014256989e+00,4.811168344889414250e+00,1.661878637873981657e-01
4.952567321733138961e+00,4.942325169970744447e+00,8.413526942671306630e-02
5.058625053468408517e+00,5.068372478033288608e+00,8.479774274164364467e-02
5.166543497172797039e+00,5.192830494117166573e+00,1.523012971721318665e-01
5.276167168936571450e+00,5.315605486515813105e+00,2.283301903086515094e-01
5.387524010161738097e+00,5.436810774959526249e+00,3.029890610491721703e-01
5.500554963790549756e+00,5.556456417355478905e+00,3.748841150660789934e-01
5.615203082500115350e+00,5.674553424612336805e+00,4.439317419448408075e-01
5.731413485757543391e+00,5.791113636143174759e+00,5.103624101350744402e-01
5.849133148428411921e+00,5.906149448312157269e+00,5.744358088593169986e-01
5.968310980269156296e+00,6.019673853789227813e+00,6.364334041941224207e-01
6.088897885818480127e+00,6.131700454272486667e+00,6.965855412123471702e-01
6.210846573810127502e+00,6.242243244123527823e+00,7.551199903844814099e-01
6.334111451278030991e+00,6.351316495743056123e+00,8.122167428622167895e-01
6.463584798766746964e+00,6.463148692477299839e+00,8.702023254667110574e-01
6.594385474611917708e+00,6.573425551956982638e+00,9.269375507785605484e-01
6.727785968990031229e+00,6.683236088628953908e+00,9.831199804226431471e-01
6.862448899593879936e+00,6.791494828630835201e+00,1.038258442372035129e+00
6.991864047053089060e+00,6.893195484209400981e+00,1.089929133830228380e+00
7.122349687910958238e+00,6.993519015991883414e+00,1.140828078164667803e+00
7.253871089990053811e+00,7.092480428189936070e+00,1.191003196270085107e+00
7.386395229633294868e+00,7.190094984234121078e+00,1.240497897664431637e+00
7.519890326864840269e+00,7.286377853638937196e+00,1.289357984678209279e+00
7.654325443437649312e+00,7.381343844143064992e+00,1.337610661832707715e+00
7.789671028042964629e+00,7.475007814127088146e+00,1.385286196302803363e+00
7.925898545257568095e+00,7.567384420167495129e+00,1.432403023413848508e+00
8.062980430532958209e+00,7.658488107773377962e+00,1.478981607598696124e+00
8.200890420006681225e+00,7.748333344383315335e+00,1.525036667071295149e+00
8.339606147471256392e+00,7.836936258571487457e+00,1.570577724866198954e+00
8.479100099702103321e+00,7.924308867032713088e+00,1.615625383991550423e+00
8.628324008065773043e+00,8.015922227349328466e+00,1.662991774094348063e+00
8.778374613663892490e+00,8.106175236993035327e+00,1.709800246642143140e+00
8.935750073547302108e+00,8.198888996907401250e+00,1.758038400221966002e+00
9.093967823100642889e+00,8.290157987283174990e+00,1.805656059960726312e+00
9.238744958032151899e+00,8.372022585128224392e+00,1.848497256277608969e+00
9.384177608634921341e+00,8.452716946692040878e+00,1.890853114992686379e+00
9.528728161039357047e+00,8.531434784168716590e+00,1.932273355860128605e+00
9.673883754943579660e+00,8.609031290159618877e+00,1.973205718068639758e+00
9.819627062669464834e+00,8.685518482936039675e+00,2.013652257042775506e+00
9.965941171474241855e+00,8.760908055626149604e+00,2.053598302903863804e+00
1.011280976608229132e+01,8.835211489519592121e+00,2.093039190193726196e+00
1.026021721823779664e+01,8.908440109658842587e+00,2.131971686191259874e+00
1.040814839960693661e+01,8.980605000601295629e+00,2.170388622432464221e+00
1.055658860595591797e+01,9.051716983778948844e+00,2.208286525418004409e+00
1.070552372568008792e+01,9.121786711283789373e+00,2.245658692177245452e+00
1.085493997645822084e+01,9.190824552032028194e+00,2.282504369925607346e+00
1.100714230635575852e+01,9.259883086723865731e+00,2.319356663931214424e+00
1.115981361668131377e+01,9.327898557553032433e+00,2.355672964415659987e+00
1.132977199687040404e+01,9.402169253975314334e+00,2.395273953587989446e+00
1.150027474646229209e+01,9.475181609652643999e+00,2.434255270967306650e+00
1.167289671228597925e+01,9.547609906664179746e+00,2.473187061622602378e+00
1.184603988153045329e+01,9.618783275257699827e+00,2.510837663551586996e+00
1.200186707664071228e+01,9.681603692989302345e+00,2.544163689090916503e+00
1.215809021124956679e+01,9.743432925997739247e+00,2.576861683050715168e+00
1.231150812555630303e+01,9.803051583532942814e+00,2.608302026660067607e+00
1.246528588508406976e+01,9.861735851285363452e+00,2.639146847229310922e+00
1.261941393269475675e+01,9.919493784855282215e+00,2.669387535225568264e+00
1.277388304728299495e+01,9.976333280810008475e+00,2.699017975289900839e+00
1.292868426448028885e+01,1.003226205340137867e+01,2.728030148295298662e+00
1.308380883469689238e+01,1.008728762699228731e+01,2.756419441883500188e+00
1.323924832008970398e+01,1.014141737744368577e+01,2.784182113545132786e+00
1.339499442755777636e+01,1.019465847979932072e+01,2.811311378940604122e+00
1.355103904214009702e+01,1.024701792842230219e+01,2.837800288507273283e+00
1.370737445589295156e+01,1.029850261904870123e+01,2.863648676787816427e+00
1.386506569101881858e+01,1.034946262255221328e+01,2.889013208253975673e+00
1.402303648026655658e+01,1.039954933381149615e+01,2.913742829565341363e+00
1.419667742478558026e+01,1.045350823633068238e+01,2.940081471415904257e+00
1.437063665084680864e+01,1.050643205296044336e+01,2.965626131356001061e+00
1.456047196335373251e+01,1.056291077049366756e+01,2.992517900371460371e+00
1.475066252936816014e+01,1.061818140211380879e+01,3.018401735491321514e+00
1.492465569837481709e+01,1.066761056662191010e+01,3.041215070001364484e+00
1.509892759297105691e+01,1.071604788182277090e+01,3.063207229992342739e+00
1.525856469219380607e+01,1.075948928600628030e+01,3.082623227479861061e+00
1.541842225017529522e+01,1.080211229789876271e+01,3.101366989777885941e+00
1.557767389905625954e+01,1.084371004430071928e+01,3.119336655965812000e+00
1.573713232664766792e+01,1.088450797195383224e+01,3.136630821196473295e+00
1.589679204295037884e+01,1.092451098667862297e+01,3.153253630764648818e+00
1.605664765649907721e+01,1.096372386477967709e+01,3.169206210408705982e+00
1.621669390269058297e+01,1.100215126373200647e+01,3.184491639741969582e+00
1.637692564301223896e+01,1.103979772497762291e+01,3.199114280641698116e+00
1.653733785863069627e+01,1.107666767524176343e+01,3.213080632353447985e+00
1.669792560927450609e+01,1.111276542011797552e+01,3.226395594878747275e+00
1.685868405834603223e+01,1.114809515307144849e+01,3.239063905400973109e+00
1.701960849530959408e+01,1.118266096289846878e+01,3.251101275884524355e+00
1.718457823969353626e+01,1.121727216641504832e+01,3.262759986331623896e+00
1.734971234373302096e+01,1.125109050947833289e+01,3.273798737521541824e+00
1.753430443432022301e+01,1.128792305337958091e+01,3.285328474466875370e+00
1.771908902112337358e+01,1.132377739425673013e+01,3.296077837577580993e+00
1.791806029779032272e+01,1.136125818094817319e+01,3.306776120531075946e+00
1.811723917395630323e+01,1.139761963071193840e+01,3.316557013379218155e+00
1.829757628855999485e+01,1.142955086502655959e+01,3.324699183070573216e+00
1.847807155298693971e+01,1.146057567675336308e+01,3.332159254727986131e+00
1.864196798489764362e+01,1.148794389252625869e+01,3.338373794008268280e+00
1.880598620804984833e+01,1.151457249656784576e+01,3.344077127081359180e+00
1.896857010153083678e+01,1.154022312461532884e+01,3.349224619437935146e+00
1.913126595432904864e+01,1.156515376880997437e+01,3.353889979452212788e+00
1.929407009992089073e+01,1.158936713562246901e+01,3.358092977046652106e+00
1.945697893330787664e+01,1.161286584469447369e+01,3.361849526582583181e+00
1.961998889995627593e+01,1.163565242865015392e+01,3.365177575278953892e+00
1.978309649694216787e+01,1.165772933471987116e+01,3.368096755621902805e+00
1.994629827737141525e+01,1.167909892664910920e+01,3.370631111873263475e+00
2.010959082777809570e+01,1.169976348302894031e+01,3.372797836638246061e+00
2.027297077634054290e+01,1.171972519981904171e+01,3.374616770562749668e+00
2.043643481554328289e+01,1.173898619422742406e+01,3.376116162807546228e+00
2.060270504662591762e+01,1.175785185001291033e+01,3.377319559322181863e+00
2.076905540601358169e+01,1.177599739852360550e+01,3.378261063444429446e+00
2.095395535130330700e+01,1.179531452613586850e+01,3.378962620633176428e+00
2.113894549535426748e+01,1.181374787174544139e+01,3.379376437580158488e+00
2.134346146250554455e+01,1.183309203957290201e+01,3.379513716279022972e+00
2.154807608340398417e+01,1.185136319733933519e+01,3.379317605150439885e+00
2.173824104430474691e+01,1.186737782400427932e+01,3.378933127759533583e+00
2.192848133983886427e+01,1.188247123208134504e+01,3.378353219248384498e+00
2.209819431296586245e+01,1.189515591912271297e+01,3.377718190151283384e+00
2.226796023893129828e+01,1.190711104804996445e+01,3.376998425753553246e+00
2.243219584689656898e+01,1.191798063276798203e+01,3.376227834311744669e+00
2.259647504982912025e+01,1.192817015793008828e+01,3.375408343104318032e+00
2.276079495677883457e+01,1.193768066814219786e+01,3.374553814555488529e+00
2.292515270449763420e+01,1.194651313740757281e+01,3.373679946890459025e+00
2.308954544552807775e+01,1.195466846885574164e+01,3.372802197361460141e+00
2.325397034330037727e+01,1.196214749500587082e+01,3.371937288990757953e+00
2.341842457928245125e+01,1.196895097856037360e+01,3.371100404681696805e+00
2.358290534731716903e+01,1.197507961250719610e+01,3.370304462393039380e+00
2.374740985370198842e+01,1.198053402047757210e+01,3.369561704680882119e+00
2.391193531621010138e+01,1.198531475701110161e+01,3.368885204062621597e+00
2.407678635297132885e+01,1.198942935119051612e+01,3.368281774395409656e+00
2.424165286079595560e+01,1.199286866136973551e+01,3.367780789454831059e+00
2.442003842394429469e+01,1.199582957990698873e+01,3.367334269263337454e+00
2.459843534646280361e+01,1.199800081482070624e+01,3.367017973007289111e+00
2.479921518487081755e+01,1.199950022254317972e+01,3.366807910356391709e+00
2.499999999999982947e+01,1.199999999999999467e+01,3.366728168308891433e+00
2.520078481512886626e+01,1.199950022254318149e+01,3.366825910099793262e+00
2.540156465353688731e+01,1.199800081482070802e+01,3.367054446454288197e+00
2.557996157605546017e+01,1.199582957990699050e+01,3.367387365366550700e+00
2.575834713920377794e+01,1.199286866136973906e+01,3.367849940590673441e+00
2.592321364702848641e+01,1.198942935119052144e+01,3.368356445054189852e+00
2.608806468378962862e+01,1.198531475701110338e+01,3.368962784992669324e+00
2.625259014629775223e+01,1.198053402047758098e+01,3.369629619033903012e+00
2.641709465268257162e+01,1.197507961250720321e+01,3.370361048190906761e+00
2.658157542071728585e+01,1.196895097856038426e+01,3.371139066508752169e+00
2.674602965669935628e+01,1.196214749500587970e+01,3.371957342969039928e+00
2.691045455447165935e+01,1.195466846885575229e+01,3.372804985105788411e+00
2.707484729550209934e+01,1.194651313740758525e+01,3.373665411129159519e+00
2.723920504322090252e+01,1.193768066814221207e+01,3.374525919350960468e+00
2.740352495017062040e+01,1.192817015793010249e+01,3.375366976069936520e+00
2.756780415310317167e+01,1.191798063276799802e+01,3.376175145700809122e+00
2.773203976106843527e+01,1.190711104804998044e+01,3.376933889126826571e+00
2.790180568703385688e+01,1.189515591912273251e+01,3.377643104233213567e+00
2.807151866016084085e+01,1.188247123208136813e+01,3.378267974686706587e+00
2.826175895569495466e+01,1.186737782400430241e+01,3.378836855965381858e+00
2.845192391659569964e+01,1.185136319733936006e+01,3.379209887556638758e+00
2.865653853749414637e+01,1.183309203957292866e+01,3.379395868917008272e+00
2.886105450464541633e+01,1.181374787174546981e+01,3.379247005160890271e+00
2.904604464869639457e+01,1.179531452613589515e+01,3.378830573045540575e+00
2.923094459398614475e+01,1.177599739852363392e+01,3.378125158738958689e+00
2.939729495337381948e+01,1.175785185001293875e+01,3.377188899675240830e+00
2.956356518445645065e+01,1.173898619422744893e+01,3.375991443722966778e+00
2.972702922365919065e+01,1.171972519981906657e+01,3.374499430042279258e+00
2.989040917222163429e+01,1.169976348302897051e+01,3.372687645838743364e+00
3.005370172262831474e+01,1.167909892664913940e+01,3.370526760662594157e+00
3.021690350305757278e+01,1.165772933471990136e+01,3.367998343804436079e+00
3.038001110004347183e+01,1.163565242865018412e+01,3.365081947073483182e+00
3.054302106669187822e+01,1.161286584469450567e+01,3.361757789899299187e+00
3.070592990007887124e+01,1.158936713562250098e+01,3.358008006046267813e+00
3.086873404567071688e+01,1.156515376881000634e+01,3.353812895227790136e+00
3.103142989846893229e+01,1.154022312461536082e+01,3.349154389151135280e+00
3.119401379194992430e+01,1.151457249656787951e+01,3.344016241838657422e+00
3.135803201510210414e+01,1.148794389252629600e+01,3.338319588826033524e+00
3.152192844701277252e+01,1.146057567675340749e+01,3.332112795938990235e+00
3.170242371143970317e+01,1.142955086502660933e+01,3.324645316947401952e+00
3.188276082604336281e+01,1.139761963071199524e+01,3.316498864042252581e+00
3.208193970220931135e+01,1.136125818094823536e+01,3.306704105543054162e+00
3.228091097887622851e+01,1.132377739425679941e+01,3.295992428563448762e+00
3.246569556567940396e+01,1.128792305337965018e+01,3.285230225824756545e+00
3.265028765626661311e+01,1.125109050947839862e+01,3.273685516998228628e+00
3.281542176030614399e+01,1.121727216641511227e+01,3.262639525276444630e+00
3.298039150469013947e+01,1.118266096289852207e+01,3.250971620710977561e+00
3.314131594165372263e+01,1.114809515307149468e+01,3.238925915253798138e+00
3.330207439072525943e+01,1.111276542011801993e+01,3.226249990279880020e+00
3.346266214136905859e+01,1.107666767524181317e+01,3.212928412004989465e+00
3.362307435698750879e+01,1.103979772497767442e+01,3.198954073643981211e+00
3.378330609730918610e+01,1.100215126373205443e+01,3.184324167479338996e+00
3.394335234350070607e+01,1.096372386477972150e+01,3.169031448847077215e+00
3.410320795704942753e+01,1.092451098667866383e+01,3.153074990306611980e+00
3.426286767335215444e+01,1.088450797195386777e+01,3.136447842271029351e+00
3.442232610094357170e+01,1.084371004430075480e+01,3.119151840586724678e+00
3.458157774982454669e+01,1.080211229789879646e+01,3.101181761136181159e+00
3.474143530780602163e+01,1.075948928600631938e+01,3.082439045379069764e+00
3.490107240702877078e+01,1.071604788182281176e+01,3.063028252060501888e+00
3.507534430162498040e+01,1.066761056662195806e+01,3.041034580335598925e+00
3.524933747063161604e+01,1.061818140211386741e+01,3.018225356932962455e+00
3.543952803664605966e+01,1.056291077049372085e+01,2.992340279280137683e+00
3.562936334915299597e+01,1.050643205296049665e+01,2.965446375540500501e+00
3.580332257521425987e+01,1.045350823633072146e+01,2.939904191625789309e+00
3.597696351973333151e+01,1.039954933381152102e+01,2.913563537257167102e+00
3.613493430898107306e+01,1.034946262255223992e+01,2.888837551050904562e+00
3.629262554410694008e+01,1.029850261904872255e+01,2.863472957988321355e+00
3.644896095785981771e+01,1.024701792842232173e+01,2.837623331647861846e+00
3.660500557244215258e+01,1.019465847979933670e+01,2.811131916902666283e+00
3.676075167991022141e+01,1.014141737744370175e+01,2.784001044291004145e+00
3.691619116530302591e+01,1.008728762699230330e+01,2.756234971681637447e+00
3.707131573551963299e+01,1.003226205340139465e+01,2.727840835455435098e+00
3.722611695271693577e+01,9.976333280810022686e+00,2.698822658201153857e+00
3.738058606730517397e+01,9.919493784855299978e+00,2.669188408605866591e+00
3.753471411491585741e+01,9.861735851285381216e+00,2.638941795951399438e+00
3.768849187444364190e+01,9.803051583532955249e+00,2.608090895964956690e+00
3.784190978875039235e+01,9.743432925997746352e+00,2.576643484227603143e+00
3.799813292335925752e+01,9.681603692989300569e+00,2.543931489750772990e+00
3.815396011846954138e+01,9.618783275257690946e+00,2.510623365463995782e+00
3.832710328771398878e+01,9.547609906664179746e+00,2.472814663573298155e+00
3.849972525353766173e+01,9.475181609652651105e+00,2.434245053663944613e+00
3.867022800312954445e+01,9.402169253975324992e+00,2.395322207250187407e+00
3.884018638331862405e+01,9.327898557553050196e+00,2.355680973186427885e+00
3.899285769364417575e+01,9.259883086723881718e+00,2.319348546763866370e+00
3.914506002354171699e+01,9.190824552032044181e+00,2.282477730816894201e+00
3.929447627431984813e+01,9.121786711283805360e+00,2.245622087906679720e+00
3.944341139404401986e+01,9.051716983778966608e+00,2.208240614020207992e+00
3.959185160039299234e+01,8.980605000601316945e+00,2.170335864062317377e+00
3.973978278176212342e+01,8.908440109658867456e+00,2.131912564068712879e+00
3.988719023391763585e+01,8.835211489519615213e+00,2.092977675506054069e+00
4.003405882852568709e+01,8.760908055626172697e+00,2.053534168203976940e+00
4.018037293733046766e+01,8.685518482936062767e+00,2.013588196874097846e+00
4.032611624505634751e+01,8.609031290159643746e+00,1.973142640398647396e+00
4.047127183896056124e+01,8.531434784168746788e+00,1.932202512589957566e+00
4.061582239136499339e+01,8.452716946692072852e+00,1.890771001996747414e+00
4.076125504196777172e+01,8.372022585128252814e+00,1.848405541672968999e+00
4.090603217689929494e+01,8.290157987283194529e+00,1.805554415867754114e+00
4.106424992645263927e+01,8.198888996907417237e+00,1.757935866019129545e+00
4.122162538633605067e+01,8.106175236993051314e+00,1.709694235387544836e+00
4.137167599193416834e+01,8.015922227349348006e+00,1.662885310494351954e+00
4.152089990029782740e+01,7.924308867032737957e+00,1.615518753875870184e+00
4.166039385252867788e+01,7.836936258571513214e+00,1.570472968293560756e+00
4.179910957999324950e+01,7.748333344383338428e+00,1.524934537308654248e+00
4.193701956946697607e+01,7.658488107773406384e+00,1.478885509318312419e+00
4.207410145474236174e+01,7.567384420167525327e+00,1.432311558697695775e+00
4.221032897195696876e+01,7.475007814127115680e+00,1.385201974800434055e+00
4.234567455656229384e+01,7.381343844143090749e+00,1.337534423465866373e+00
4.248010967313509667e+01,7.286377853638970059e+00,1.289290093235226031e+00
4.261360477036662786e+01,7.190094984234158382e+00,1.240438733686195505e+00
4.274612891000986536e+01,7.092480428189974262e+00,1.190951181043653717e+00
4.287765031208896715e+01,6.993519015991921606e+00,1.140785266267542397e+00
4.300813595294683722e+01,6.893195484209437396e+00,1.089892410255023592e+00
4.313755110040604990e+01,6.791494828630869840e+00,1.038226956729821460e+00
4.327221403100990216e+01,6.683236088628985883e+00,9.830924293530451941e-01
4.340561452538801746e+01,6.573425551957015500e+00,9.269168927970591332e-01
4.353641520123317576e+01,6.463148692477346025e+00,8.701830352082049469e-01
4.366588854872188108e+01,6.351316495743112078e+00,8.122008871842351097e-01
4.378915342618977746e+01,6.242243244123587331e+00,7.551020381250190816e-01
4.391110211418142484e+01,6.131700454272552392e+00,6.965657232452142633e-01
4.403168901973075577e+01,6.019673853789291762e+00,6.364060342994236619e-01
4.415086685157150015e+01,5.906149448312214112e+00,5.743997811498294803e-01
4.426858651424237934e+01,5.791113636143223609e+00,5.103134512215282692e-01
4.438479691749981981e+01,5.674553424612376773e+00,4.438662009306346690e-01
4.449944503620938718e+01,5.556456417355524202e+00,3.747955483370536411e-01
4.461247598983818818e+01,5.436810774959579540e+00,3.028743158651251433e-01
4.472383283106335483e+01,5.315605486515864619e+00,2.281913864951650439e-01
4.483345650282713279e+01,5.192830494117218976e+00,1.521615592832701036e-01
4.494137494653153198e+01,5.068372478033328576e+00,8.482007014742024009e-02
4.504743267826681574e+01,4.942325169970771093e+00,8.469006836080016087e-02
4.515438452298570837e+01,4.811168344889428461e+00,1.669517013202679034e-01
4.525922980044706634e+01,4.678321628247167574e+00,2.744584955204739107e-01
4.535910605967712428e+01,4.547494829577771291e+00,3.930207853261962758e-01
4.545684606182137344e+01,4.415064530013264488e+00,5.251847689395303664e-01
4.555237582637212057e+01,4.281031122506273157e+00,6.725473509111328241e-01
4.564561925324169778e+01,4.145397331549244946e+00,8.375975236373589539e-01
4.573649832354078626e+01,4.008168252931135989e+00,1.023265755162839019e+00
4.582493318873945753e+01,3.869351576834473505e+00,1.233380190705092971e+00
4.591084226033056126e+01,3.728957861516227545e+00,1.472261616288227160e+00
4.599414237304889497e+01,3.587000746181008282e+00,1.745339900336442041e+00
4.607474897495722388e+01,3.443497169034989813e+00,2.058686555589721134e+00
4.615257632924026154e+01,3.298467621780299286e+00,2.420059518447629454e+00
4.622755212417484216e+01,3.151907607295003189e+00,2.838276787335836548e+00
4.629957354703868333e+01,3.003873534707435233e+00,3.324304205926986278e+00
4.636880064895182585e+01,2.853846060401517892e+00,3.892823035182741975e+00
4.643487473439681423e+01,2.702403619959786951e+00,4.558694455344810770e+00
4.649747178150700222e+01,2.550179789674104303e+00,5.337503743412119306e+00
4.655676638430112035e+01,2.396639572152878817e+00,6.255906339437888874e+00
4.661267365878212843e+01,2.241833929538867842e+00,7.342620464833587768e+00
4.666511057869930568e+01,2.085818724757249054e+00,8.637485645321079986e+00
4.671399650073130516e+01,1.928654767731264874e+00,1.018625438893485047e+01
4.675925370907739165e+01,1.770407827284234070e+00,1.206621238603776547e+01
4.680080798816901932e+01,1.611148551531803585e+00,1.433949030837233884e+01
4.683858919722870695e+01,1.450952344674941497e+00,1.723168970399845179e+01
4.687253183804796919e+01,1.289899207314714413e+00,2.066872113781304066e+01
4.690257561770688000e+01,1.128073495578849839e+00,2.579942479531195332e+01
4.692920083268580811e+01,9.619428954646299657e-01,3.089225475958380684e+01
4.695164338103661095e+01,7.951958196615315222e-01,4.416181820235438948e+01
4.697168173796499957e+01,6.086651008266119600e-01,4.974326302876438177e+01
4.698641532426972134e+01,4.216406639966416292e-01,1.132639466807422792e+02
4.699660109535215469e+01,2.109296437917990152e-01,1.357860644500255773e+02
4.699999999999997868e+01,-4.095286264975177765e-17,9.417754516158233855e+02
