x,y,stress
4.999999999999997335e+00,6.851663256994955073e-16,9.414034848248278422e+02
5.003124377798028100e+00,2.121026309748940408e-01,1.171753509940795368e+02
5.012489608125552110e+00,4.240214623058178867e-01,1.121272967283699558e+02
5.026026385783609385e+00,6.119935466093733289e-01,4.606524195427176238e+01
5.044443880949860848e+00,7.995503690191499979e-01,4.370080033051044666e+01
5.065095917108334511e+00,9.673963583388739407e-01,3.073582585747740126e+01
5.089616866174470289e+00,1.134720955627129380e+00,2.649643780364022305e+01
5.117369576710366630e+00,1.298138159949058013e+00,2.175886586349808738e+01
5.148762639759614679e+00,1.460895306400403326e+00,1.869282117296907586e+01
5.183751172330254953e+00,1.622917639301491244e+00,1.605572053224819484e+01
5.222286104248350824e+00,1.784133375284827183e+00,1.397617861050842336e+01
5.264314527239630337e+00,1.944473916332938090e+00,1.222752028127212931e+01
5.309780051053246019e+00,2.103874000589337712e+00,1.076109134119941046e+01
5.358623170028971039e+00,2.262271831656805343e+00,9.507684034113294658e+00
5.410781636496518665e+00,2.419609184664358370e+00,8.430977224146822380e+00
5.466190822987701203e+00,2.575831448869522422e+00,7.499666146187716542e+00
5.524784085499548247e+00,2.730887663396614595e+00,6.675772864654143213e+00
5.586628777680460622e+00,2.885059167918335721e+00,5.932163165062432242e+00
5.651532527568902786e+00,3.037968125010424014e+00,5.310114817955973621e+00
5.719275777776050340e+00,3.189251079478827133e+00,4.749251552009495114e+00
5.789922859142689227e+00,3.339200060977498996e+00,4.251640611418059379e+00
5.863402015910637921e+00,3.487781864498542994e+00,3.806899937603898998e+00
5.939641328973041645e+00,3.634966552727922906e+00,3.408841186586449634e+00
6.018568970023891573e+00,3.780727361174526013e+00,3.051806691471008914e+00
6.100113441439856565e+00,3.925040599341715897e+00,2.731089903047087653e+00
6.184203731399652959e+00,4.067885431064781621e+00,2.442709061241164825e+00
6.270769564833197585e+00,4.209243854935444062e+00,2.183302006767937176e+00
6.359741525697546471e+00,4.349100486770848484e+00,1.949914129384271222e+00
6.451051141119099164e+00,4.487442327542888520e+00,1.740310343049778830e+00
6.544669033410440484e+00,4.624313268898483820e+00,1.552350895126873631e+00
6.640492870188064778e+00,4.759649069221231876e+00,1.385240425479491888e+00
6.740026117383922433e+00,4.895549751582999320e+00,1.235719870831438971e+00
6.841702212094337376e+00,5.029854840894171453e+00,1.106207182130975797e+00
6.943781634580443729e+00,5.160452712941261844e+00,9.980497064000114493e-01
7.047812498897211064e+00,5.289501584562538383e+00,9.091948546301167333e-01
7.153735890258004382e+00,5.417001812545432671e+00,8.398877726310658431e-01
7.261494345245329107e+00,5.542955003339388398e+00,7.902525845616370503e-01
7.371031967740624857e+00,5.667364025923137483e+00,7.597981886999941592e-01
7.482294466805703870e+00,5.790232933727779141e+00,7.473508372906650932e-01
7.595229042110559270e+00,5.911566733551011588e+00,7.508642548935827721e-01
7.709784515751494816e+00,6.031371441303475578e+00,7.678174986470565067e-01
7.825911227294349182e+00,6.149653887642887007e+00,7.954885125461512718e-01
7.943560983017486699e+00,6.266421602604181018e+00,8.313493907140918626e-01
8.063355759189034799e+00,6.382321636338436299e+00,8.734811588677194871e-01
8.184597447210249399e+00,6.496707267189088419e+00,9.199393733693295161e-01
8.312410508178219359e+00,6.614285184574229426e+00,9.714743345557721454e-01
8.441697296321976296e+00,6.730240721282773286e+00,1.025110498745448018e+00
8.566429726116492560e+00,6.839414923748935671e+00,1.077499844400344742e+00
8.692422370592334246e+00,6.947132377456427754e+00,1.130497990464950586e+00
8.819634596191120224e+00,7.053401955348986618e+00,1.183729191028626726e+00
8.948031792411839547e+00,7.158236793968780987e+00,1.236916767875145595e+00
9.077575288010343968e+00,7.261645878502174689e+00,1.289857881294916186e+00
9.208233406621099348e+00,7.363643040621075109e+00,1.342408608764576350e+00
9.339979213245696243e+00,7.464244745788573887e+00,1.394472161863015369e+00
9.472774052126341715e+00,7.563457646534714307e+00,1.445973009067594406e+00
9.606583198953956071e+00,7.661290942663542936e+00,1.496859566789391360e+00
9.741379935301310411e+00,7.757759015309953377e+00,1.547100462335315063e+00
9.877135442402613208e+00,7.852873889610307856e+00,1.596664361087856809e+00
1.001382117988148224e+01,7.946647090044655748e+00,1.645526140371326385e+00
1.015909071598935576e+01,8.044194688379686653e+00,1.696318567935016564e+00
1.030533552565727540e+01,8.140274009831383495e+00,1.746304752112040282e+00
1.045282378383944000e+01,8.235088286651825129e+00,1.795567692691987238e+00
1.060123220713608028e+01,8.328455737829580485e+00,1.844043375501529303e+00
1.074235641539441666e+01,8.415405860038353225e+00,1.888970860996364465e+00
1.088425508495952876e+01,8.501086305741358373e+00,1.933639813502020743e+00
1.102690608463750799e+01,8.585508296873600287e+00,1.977611268250414112e+00
1.117028797837803999e+01,8.668682918623900946e+00,2.020184868040085568e+00
1.131437994982565165e+01,8.750621085569623148e+00,2.062351691378442986e+00
1.145916200483112135e+01,8.831333664848854070e+00,2.103751059608834684e+00
1.160461478491123621e+01,8.910831374129870142e+00,2.144451828596185994e+00
1.175071939345905747e+01,8.989124697504738748e+00,2.184422131428211067e+00
1.189745755326312526e+01,9.066223983297842182e+00,2.223659430629778555e+00
1.204481164967303819e+01,9.142139472285405688e+00,2.262162836771241192e+00
1.219276465159123646e+01,9.216881261195068120e+00,2.299926587636757169e+00
1.234129988764059149e+01,9.290459198959254650e+00,2.336964531236114251e+00
1.249964743813844770e+01,9.367327628438008702e+00,2.375473524890911570e+00
1.265861473641724011e+01,9.442906095016299517e+00,2.413144045356421241e+00
1.282610746178838212e+01,9.520855138510780691e+00,2.451771400313562665e+00
1.299424278701152957e+01,9.597408282833395532e+00,2.489443015648359570e+00
1.314759064270321609e+01,9.665781979423229586e+00,2.522854316500057870e+00
1.330143890192956846e+01,9.733022170143078355e+00,2.555554037427109293e+00
1.345380343906023590e+01,9.798302107580237674e+00,2.587495749899090036e+00
1.360662935507330573e+01,9.862494508238576429e+00,2.618042004124316424e+00
1.375990417951469880e+01,9.925607716440900674e+00,2.648011577132916461e+00
1.391361567413489908e+01,9.987649860128081869e+00,2.677254026996479741e+00
1.406775197138975564e+01,1.004862891616269316e+01,2.705982979920459552e+00
1.422230158590922500e+01,1.010855271946314815e+01,2.733545554580695036e+00
1.437725326642439683e+01,1.016742891100553159e+01,2.760480791698985747e+00
1.453259616739316229e+01,1.022526500985895836e+01,2.786637943125652050e+00
1.468831973254670764e+01,1.028206837276688823e+01,2.812044217690347736e+00
1.484441358560672342e+01,1.033784616101074327e+01,2.836682759215468863e+00
1.500329389313577799e+01,1.039344563293011170e+01,2.860902699950291783e+00
1.516253542069893356e+01,1.044800194459968523e+01,2.884355306082125203e+00
1.533973494213893396e+01,1.050735649172866815e+01,2.909422304383754376e+00
1.551735406120149818e+01,1.056544335841045879e+01,2.933487465129320348e+00
1.569345790389752437e+01,1.062166553403231717e+01,2.956343517309405033e+00
1.586994751046560737e+01,1.067666478605583968e+01,2.978215809438603312e+00
1.603014654949096851e+01,1.072543810142507859e+01,2.997224935862819795e+00
1.619064383092067416e+01,1.077322086467502693e+01,3.015467767194233151e+00
1.634979832969321834e+01,1.081954915801429173e+01,3.032762676907834187e+00
1.650922889547660333e+01,1.086491832358681542e+01,3.049302741701870989e+00
1.666892775720223696e+01,1.090933383404790646e+01,3.065092709526576975e+00
1.682888733927808289e+01,1.095280103164867569e+01,3.080137561248712963e+00
1.698910024850424350e+01,1.099532512760466574e+01,3.094446830925310366e+00
1.714955920212029383e+01,1.103691118657909875e+01,3.108026751757524409e+00
1.731025706190105140e+01,1.107756414003297785e+01,3.120884926229333889e+00
1.747118691145323766e+01,1.111728880851719303e+01,3.133032183738187815e+00
1.763234197559026839e+01,1.115608988332051155e+01,3.144475789943831590e+00
1.779371555096144064e+01,1.119397191341108133e+01,3.155239521596788776e+00
1.795833282359468441e+01,1.123162376576178367e+01,3.165489649115848625e+00
1.812316332012626674e+01,1.126833094207848696e+01,3.175087469131797402e+00
1.830695516902509468e+01,1.130810038514876226e+01,3.184954644080080666e+00
1.849099420184784037e+01,1.134670981681754753e+01,3.193997629977598507e+00
1.867837612936699188e+01,1.138478571558408348e+01,3.202420599604571372e+00
1.886599547886557815e+01,1.142167395229319027e+01,3.209997628942117487e+00
1.903372706978009177e+01,1.145361477595457167e+01,3.216135037229068239e+00
1.920163469725064331e+01,1.148461690844383298e+01,3.221692090388717844e+00
1.936480235782481785e+01,1.151381939723323633e+01,3.226533764736760457e+00
1.952812469569764531e+01,1.154214403980038739e+01,3.230858922763169883e+00
1.969159636619600207e+01,1.156959404256786250e+01,3.234683218620276524e+00
1.985521200302046196e+01,1.159617248611836615e+01,3.238030444027061527e+00
2.001896634562773869e+01,1.162188234944081167e+01,3.240914516805484702e+00
2.018285426396299442e+01,1.164672651455338404e+01,3.243367455675612021e+00
2.034687067716954445e+01,1.167070775496522650e+01,3.245408228087811153e+00
2.051101056939708300e+01,1.169382874002764972e+01,3.247070602565339748e+00
2.067526899687075215e+01,1.171609203745882510e+01,3.248416242913654717e+00
2.083964107523983955e+01,1.173750011297893359e+01,3.249426210854794661e+00
2.100482109044294532e+01,1.175814085529795072e+01,3.250122810721768563e+00
2.117010603902247112e+01,1.177792377327856244e+01,3.250565347710200559e+00
2.135061448935971740e+01,1.179853866977187415e+01,3.250722683902130594e+00
2.153123613224032695e+01,1.181813706988968882e+01,3.250617579028603377e+00
2.172794544812757422e+01,1.183831564216148813e+01,3.250230262344542709e+00
2.192477396922782162e+01,1.185729625797879372e+01,3.249551589732560863e+00
2.210428745413864604e+01,1.187355656855294228e+01,3.248781666031458570e+00
2.228388793443136251e+01,1.188882604334918902e+01,3.247876017069242227e+00
2.244951779354281740e+01,1.190202565050319983e+01,3.246953268420704752e+00
2.261521236673889845e+01,1.191438641558716860e+01,3.245978929455713757e+00
2.278057351758981497e+01,1.192588330448119827e+01,3.244959382467456077e+00
2.294599043023435314e+01,1.193654791333875664e+01,3.243915425363920857e+00
2.311145883276648050e+01,1.194638139410754896e+01,3.242864231990488122e+00
2.327697447644113282e+01,1.195538480753585731e+01,3.241827893255595949e+00
2.344253313622014900e+01,1.196355912379597264e+01,3.240822029935234827e+00
2.360813061277791647e+01,1.197090522304846161e+01,3.239865874936556089e+00
2.377376272490190345e+01,1.197742389549011044e+01,3.238975173476289271e+00
2.393942530823480297e+01,1.198311584173111832e+01,3.238164552234340743e+00
2.410511421474485871e+01,1.198798167312935270e+01,3.237448642385060804e+00
2.427082530853972031e+01,1.199202191196130052e+01,3.236846162691257245e+00
2.444254739583340452e+01,1.199533779323778404e+01,3.236337403502340226e+00
2.461428429865623713e+01,1.199776814341672271e+01,3.235981062303014966e+00
2.480713892062988180e+01,1.199944205609006609e+01,3.235739927670080451e+00
2.500000000000018829e+01,1.199999999999999112e+01,3.235643431854439811e+00
2.519286107937048413e+01,1.199944205609006076e+01,3.235741726325060963e+00
2.538571570134410393e+01,1.199776814341671916e+01,3.235984358438462660e+00
2.555745260416696496e+01,1.199533779323777871e+01,3.236339202509131763e+00
2.572917469146057456e+01,1.199202191196129341e+01,3.236845911742743720e+00
2.589488578525553919e+01,1.198798167312933849e+01,3.237441553487866663e+00
2.606057469176551322e+01,1.198311584173110766e+01,3.238149647114433538e+00
2.622623727509841274e+01,1.197742389549009623e+01,3.238947773050675050e+00
2.639186938722238196e+01,1.197090522304844384e+01,3.239825688443079166e+00
2.655746686378015298e+01,1.196355912379595487e+01,3.240769709606190041e+00
2.672302552355917626e+01,1.195538480753583954e+01,3.241763618615727260e+00
2.688854116723382504e+01,1.194638139410752942e+01,3.242791791307076732e+00
2.705400956976594884e+01,1.193654791333873888e+01,3.243835246734247502e+00
2.721942648241049767e+01,1.192588330448117695e+01,3.244876838577753553e+00
2.738478763326140708e+01,1.191438641558714551e+01,3.245894818437851548e+00
2.755048220645748103e+01,1.190202565050317851e+01,3.246870139248671627e+00
2.771611206556893947e+01,1.188882604334916415e+01,3.247794623538610370e+00
2.789571254586169502e+01,1.187355656855291031e+01,3.248701800405891849e+00
2.807522603077254075e+01,1.185729625797875819e+01,3.249473559874922923e+00
2.827205455187278105e+01,1.183831564216145438e+01,3.250151633187692735e+00
2.846876386776001411e+01,1.181813706988964796e+01,3.250536677248203166e+00
2.864938551064061656e+01,1.179853866977182975e+01,3.250641159717436945e+00
2.882989396097784862e+01,1.177792377327852336e+01,3.250482607280309466e+00
2.899517890955736732e+01,1.175814085529791164e+01,3.250047524748548966e+00
2.916035892476045177e+01,1.173750011297889273e+01,3.249358547795863306e+00
2.932473100312953562e+01,1.171609203745878425e+01,3.248359558268727465e+00
2.948898943060319411e+01,1.169382874002760708e+01,3.247032134279394189e+00
2.965312932283072556e+01,1.167070775496518387e+01,3.245348587290888709e+00
2.981714573603726492e+01,1.164672651455334140e+01,3.243282966375395038e+00
2.998103365437251711e+01,1.162188234944076726e+01,3.240813613614926592e+00
3.014478799697978317e+01,1.159617248611832352e+01,3.237913781967377336e+00
3.030840363380424662e+01,1.156959404256782165e+01,3.234561643019980171e+00
3.047187530430260338e+01,1.154214403980034120e+01,3.230732577442562814e+00
3.063519764217544505e+01,1.151381939723318482e+01,3.226406519994756472e+00
3.079836530274961959e+01,1.148461690844378147e+01,3.221566141204515787e+00
3.096627293022018179e+01,1.145361477595452016e+01,3.216017478309836530e+00
3.113400452113470607e+01,1.142167395229312987e+01,3.209892719734143807e+00
3.132162387063327813e+01,1.138478571558401953e+01,3.202325933654901480e+00
3.150900579815241187e+01,1.134670981681749069e+01,3.193923906025736059e+00
3.169304483097515757e+01,1.130810038514870364e+01,3.184875571412978612e+00
3.187683667987397840e+01,1.126833094207842478e+01,3.174992948412250104e+00
3.204166717640552520e+01,1.123162376576172328e+01,3.165381738642831788e+00
3.220628444903875476e+01,1.119397191341102804e+01,3.155115386395696220e+00
3.236765802440992701e+01,1.115608988332045648e+01,3.144341361951860758e+00
3.252881308854694709e+01,1.111728880851713619e+01,3.132886072757165241e+00
3.268974293809915821e+01,1.107756414003291745e+01,3.120730354179262367e+00
3.285044079787991933e+01,1.103691118657903480e+01,3.107863739411756310e+00
3.301089975149596967e+01,1.099532512760460357e+01,3.094278396479214877e+00
3.317111266072211606e+01,1.095280103164860996e+01,3.079963230420194265e+00
3.333107224279796554e+01,1.090933383404784074e+01,3.064914383359238048e+00
3.349077110452360984e+01,1.086491832358674792e+01,3.049121031352098665e+00
3.365020167030699128e+01,1.081954915801422423e+01,3.032580284225626865e+00
3.380935616907952124e+01,1.077322086467495765e+01,3.015284964686593128e+00
3.396985345050925531e+01,1.072543810142500043e+01,2.997041285046773584e+00
3.413005248953464132e+01,1.067666478605575442e+01,2.978036572288756290e+00
3.430654209610273853e+01,1.062166553403222657e+01,2.956163969260164226e+00
3.448264593879876827e+01,1.056544335841035931e+01,2.933309291696270193e+00
3.466026505786133782e+01,1.050735649172856689e+01,2.909248451714963490e+00
3.483746457930132578e+01,1.044800194459958753e+01,2.884181885494951025e+00
3.499670610686447247e+01,1.039344563293001400e+01,2.860743934897915786e+00
3.515558641439352527e+01,1.033784616101064557e+01,2.836538066705585948e+00
3.531168026745353927e+01,1.028206837276678876e+01,2.811912269472181869e+00
3.546740383260707574e+01,1.022526500985886067e+01,2.786520152693434227e+00
3.562274673357584476e+01,1.016742891100543034e+01,2.760352448395709146e+00
3.577769841409102014e+01,1.010855271946303979e+01,2.733411294404533898e+00
3.593224802861049483e+01,1.004862891616258480e+01,2.705699350403504955e+00
3.608638432586535316e+01,9.987649860127969959e+00,2.677211434404867418e+00
3.624009582048554279e+01,9.925607716440788764e+00,2.647965935507764268e+00
3.639337064492693230e+01,9.862494508238462743e+00,2.617960054882762400e+00
3.654619656094000391e+01,9.798302107580118658e+00,2.587195718514746723e+00
3.669856109807069089e+01,9.733022170142957563e+00,2.555674195971127993e+00
3.685240935729704148e+01,9.665781979423103465e+00,2.522971602159938431e+00
3.700575721298872622e+01,9.597408282833264082e+00,2.489510215802084314e+00
3.717389253821190920e+01,9.520855138510635030e+00,2.451820259301799698e+00
3.734138526358307075e+01,9.442906095016139645e+00,2.413168781591667145e+00
3.750035256186184540e+01,9.367327628437854159e+00,2.375483781899745850e+00
3.765870011235967496e+01,9.290459198959105436e+00,2.336962607579199602e+00
3.780723534840903000e+01,9.216881261194917130e+00,2.299912348237402870e+00
3.795518835032722649e+01,9.142139472285256474e+00,2.262138444526180514e+00
3.810254244673713941e+01,9.066223983297692968e+00,2.223627216311593102e+00
3.824928060654119122e+01,8.989124697504587758e+00,2.184380609134535245e+00
3.839538521508902136e+01,8.910831374129713822e+00,2.144402756360470619e+00
3.854083799516914155e+01,8.831333664848692422e+00,2.103691382171717805e+00
3.868562005017460592e+01,8.750621085569461499e+00,2.062250764826469851e+00
3.882971202162221402e+01,8.668682918623730416e+00,2.020078055781966864e+00
3.897309391536276024e+01,8.585508296873429757e+00,1.977177273464760576e+00
3.911574491504074302e+01,8.501086305741177185e+00,1.933545738205128872e+00
3.925764358460584447e+01,8.415405860038175589e+00,1.889183629967879474e+00
3.939876779286416308e+01,8.328455737829404626e+00,1.844100261100788396e+00
3.954717621616082823e+01,8.235088286651638612e+00,1.795632136914763866e+00
3.969466447434300704e+01,8.140274009831184543e+00,1.746340201076712839e+00
3.984090928401091247e+01,8.044194688379491254e+00,1.696347585424397897e+00
3.998617882011876645e+01,7.946647090044463013e+00,1.645549037351587529e+00
4.012286455759764436e+01,7.852873889610110680e+00,1.596687698645789633e+00
4.025862006469894538e+01,7.757759015309752648e+00,1.547137246863997673e+00
4.039341680104629972e+01,7.661290942663339543e+00,1.496907067171128647e+00
4.052722594787390875e+01,7.563457646534503809e+00,1.446021606587373221e+00
4.066002078675454356e+01,7.464244745788363389e+00,1.394517772757244867e+00
4.079176659337914401e+01,7.363643040620866387e+00,1.342448385091919771e+00
4.092242471198989762e+01,7.261645878501966855e+00,1.289891386573352561e+00
4.105196820758838783e+01,7.158236793968570488e+00,1.236946660190670677e+00
4.118036540380910537e+01,7.053401955348772567e+00,1.183757210897228074e+00
4.130757762940789490e+01,6.947132377456207486e+00,1.130525045463050660e+00
4.143357027388373837e+01,6.839414923748716291e+00,1.077525346673680273e+00
4.155830270367823687e+01,6.730240721282554794e+00,1.025133696158871954e+00
4.168758949182198847e+01,6.614285184574018928e+00,9.714965589490062170e-01
4.181540255278994067e+01,6.496707267188887691e+00,9.199609885768770257e-01
4.193664424081114106e+01,6.382321636338238235e+00,8.734972635027642429e-01
4.205643901698267939e+01,6.266421602603984731e+00,8.313595973908630699e-01
4.217408877270582934e+01,6.149653887642675620e+00,7.954930406368666551e-01
4.229021548424869792e+01,6.031371441303246428e+00,7.678170987403771797e-01
4.240477095788963169e+01,5.911566733550785102e+00,7.508540587388845555e-01
4.251770553319447998e+01,5.790232933727544662e+00,7.473345923878710328e-01
4.262896803225952880e+01,5.667364025922918991e+00,7.597860417840153202e-01
4.273850565475482455e+01,5.542955003339186781e+00,7.902514905541551116e-01
4.284626410974214394e+01,5.417001812545226613e+00,8.399064720591905564e-01
4.295218750110293371e+01,5.289501584562326109e+00,9.092415754336955480e-01
4.305621836541970993e+01,5.160452712941038911e+00,9.981196600796413687e-01
4.315829778790581628e+01,5.029854840893943191e+00,1.106297423424773108e+00
4.325997388261622234e+01,4.895549751582772835e+00,1.235754023531894230e+00
4.335950712981205157e+01,4.759649069221008055e+00,1.385202305923580735e+00
4.345533096658968475e+01,4.624313268898268880e+00,1.552250984732159278e+00
4.354894885888102607e+01,4.487442327542675358e+00,1.740040737437271057e+00
4.364025847430256277e+01,4.349100486770638874e+00,1.949841198460276148e+00
4.372923043516689035e+01,4.209243854935230900e+00,2.183627518821361857e+00
4.381579626860045806e+01,4.067885431064562241e+00,2.443616087689058247e+00
4.389988655856024735e+01,3.925040599341497405e+00,2.732718562725523714e+00
4.398143102997619991e+01,3.780727361174321732e+00,3.054192999592901803e+00
4.406035867102702497e+01,3.634966552727732836e+00,3.412184990549355312e+00
4.413659798408941271e+01,3.487781864498366247e+00,3.811291882801353115e+00
4.421007714085737206e+01,3.339200060977332019e+00,4.257336891701299031e+00
4.428072422222399496e+01,3.189251079478669926e+00,4.756851938870022778e+00
4.434846747243111764e+01,3.037968125010275244e+00,5.318154085800729014e+00
4.441337122231957579e+01,2.885059167918195389e+00,5.952189004273331641e+00
4.447521591450048106e+01,2.730887663396484921e+00,6.670306023546103802e+00
4.453380917701230857e+01,2.575831448869420282e+00,7.485357222931246390e+00
4.458921836350346979e+01,2.419609184664276214e+00,8.418061217811816377e+00
4.464137682997102274e+01,2.262271831656702759e+00,9.492016152545266650e+00
4.469021994894676908e+01,2.103874000589212923e+00,1.074061757539119277e+01
4.473568547276037322e+01,1.944473916332834174e+00,1.220367014765193581e+01
4.477771389575163141e+01,1.784133375284739476e+00,1.395174164900494240e+01
4.481624882766974594e+01,1.622917639301372006e+00,1.603446984080460425e+01
4.485123736024038976e+01,1.460895306400256333e+00,1.867424888467852284e+01
4.488263042328964048e+01,1.298138159948903914e+00,2.176864434713320762e+01
4.491038313382551905e+01,1.134720955626967953e+00,2.648420860874283989e+01
4.493490408289164151e+01,9.673963583387658050e-01,3.082569314776123903e+01
4.495555611905012228e+01,7.995503690190934876e-01,4.361722487936777526e+01
4.497397361421637640e+01,6.119935466092798482e-01,4.630996573329596799e+01
4.498751039187441592e+01,4.240214623056924870e-01,1.118896584288906269e+02
4.499687562220193371e+01,2.121026309748297034e-01,1.170038092593109411e+02
4.499999999999997868e+01,-4.092258581067698700e-17,9.407517950923196395e+02
