x,y,stress
9.999999999999994671e+00,3.401325717108552425e-13,8.405968481638253706e+02
1.000249953900321920e+01,2.008047211771501472e-01,1.230935416587018949e+02
1.000999446291733541e+01,4.014850974734187061e-01,1.049748138311551031e+02
1.002084477655932915e+01,5.797086005169631573e-01,4.842344438246745142e+01
1.003562284206914335e+01,7.576494918096987607e-01,4.377506982208349484e+01
1.005272535924936328e+01,9.214883576541883503e-01,3.198896611568676818e+01
1.007313975981188392e+01,1.084947613188671944e+00,2.754105291312556147e+01
1.009678629335027189e+01,1.247576792355256092e+00,2.300456577091291877e+01
1.012368677066962874e+01,1.409699525186360214e+00,2.000065777917212273e+01
1.015381575142694892e+01,1.571253433335609184e+00,1.747556171234188938e+01
1.018714508044358524e+01,1.732177595453513019e+00,1.548695867830986295e+01
1.022364401564607128e+01,1.892412643116847315e+00,1.382680050091564894e+01
1.026327936615853176e+01,2.051900864156578574e+00,1.243852694827151595e+01
1.030601564681472659e+01,2.210586330697432267e+00,1.125384822492496006e+01
1.035181522676619181e+01,2.368414964348160012e+00,1.023327890933194695e+01
1.040063849112949868e+01,2.525334624718590604e+00,9.344202750692128134e+00
1.045244400340239821e+01,2.681295174292315675e+00,8.563501454176034144e+00
1.050718866381305183e+01,2.836248514747482741e+00,7.873246200042979481e+00
1.056482787946282187e+01,2.990148645808188288e+00,7.259307580156703743e+00
1.062531572040501793e+01,3.142951673752818920e+00,6.710515053568463451e+00
1.068860507968635076e+01,3.294615828296099558e+00,6.217491780458883177e+00
1.075464783819215064e+01,3.445101486081527664e+00,5.751866155844902906e+00
1.082339499564251284e+01,3.594371115818355999e+00,5.355605811938654703e+00
1.089479682144642858e+01,3.742389277393313840e+00,4.989454545433352095e+00
1.096880303737803253e+01,3.889122681604908038e+00,4.658665392005827854e+00
1.104536292446097967e+01,4.034540092137183898e+00,4.357885775733421951e+00
1.112442541305111376e+01,4.178612218175482340e+00,4.084730971329651794e+00
1.120593924061437718e+01,4.321311745154201134e+00,3.836792275223627868e+00
1.128985309602916587e+01,4.462613333241819191e+00,3.612095058211965970e+00
1.137611569767768493e+01,4.602493507050388288e+00,3.408972601535472879e+00
1.146467585611452655e+01,4.740930540968176565e+00,3.225948006206206919e+00
1.155548261160867618e+01,4.877904475117001759e+00,3.061697418178557228e+00
1.164848531656499198e+01,5.013397045082906622e+00,2.915120634022083212e+00
1.174363367518313161e+01,5.147391561788523084e+00,2.785073428308067367e+00
1.184087788627038051e+01,5.279872948265248667e+00,2.670960745091469857e+00
1.194016865998537291e+01,5.410827601440565182e+00,2.571750425932733730e+00
1.204145723512810129e+01,5.540243275336214523e+00,2.486694372423087884e+00
1.214469548917685415e+01,5.668109094070962861e+00,2.414903978474107760e+00
1.224983596433871291e+01,5.794415458855871393e+00,2.355553586319496073e+00
1.235687657499800096e+01,5.919205290982925582e+00,2.307714749898253981e+00
1.246572810915708196e+01,6.042418724001709762e+00,2.270570425852210139e+00
1.257629912073736556e+01,6.163999578908225807e+00,2.243215477954569881e+00
1.268858981153232968e+01,6.283994016450451525e+00,2.224757878007457279e+00
1.280255651772554870e+01,6.402397839734453200e+00,2.214310218970885646e+00
1.291815639602734755e+01,6.519207746899095213e+00,2.211019923935488851e+00
1.303534743445171884e+01,6.634421273353085624e+00,2.214057400880057980e+00
1.315408846385933472e+01,6.748036740079617957e+00,2.222644052204884257e+00
1.327433911810714839e+01,6.860053159115244270e+00,2.236042830109661761e+00
1.339605995891625945e+01,6.970470297627765710e+00,2.253585609863157035e+00
1.351921227531690839e+01,7.079288445007166253e+00,2.274646934243634178e+00
1.364375835702085205e+01,7.186508614618930757e+00,2.298674406357345212e+00
1.376966146871703245e+01,7.292132464575630912e+00,2.325155419484643549e+00
1.389688528376038690e+01,7.396161789997965919e+00,2.353645772594318064e+00
1.402614329301370866e+01,7.499188325239939168e+00,2.383917951041602645e+00
1.415666658021138957e+01,7.600607157625343113e+00,2.415456430027318913e+00
1.428765784380104265e+01,7.699850731295236450e+00,2.447747126644781446e+00
1.441983309279346770e+01,7.797511926276047056e+00,2.480694242800666416e+00
1.455316025641479705e+01,7.893594664591085497e+00,2.514056323027550111e+00
1.468760796489558906e+01,7.988103107394459279e+00,2.547619791988929627e+00
1.482314557140341371e+01,8.081041656353644242e+00,2.581198106906686718e+00
1.495974327233248147e+01,8.172415017999616893e+00,2.614627463670943008e+00
1.509737191713779758e+01,8.262228056604900672e+00,2.647771500878754125e+00
1.523600307435130041e+01,8.350485827076610690e+00,2.680501673928189277e+00
1.537560899700167383e+01,8.437193539821159050e+00,2.712712597058653419e+00
1.551616258816570237e+01,8.522356528945353560e+00,2.744309256533351338e+00
1.565894024251988093e+01,8.606740747284957749e+00,2.775494317028545765e+00
1.580262960324137289e+01,8.689563014703761468e+00,2.805897879650287585e+00
1.594699775589897683e+01,8.770714197338655538e+00,2.835422741120857015e+00
1.609222406555920770e+01,8.850319486039284200e+00,2.864055358881190116e+00
1.623715924599982330e+01,8.927791129656521107e+00,2.891547314799995494e+00
1.638289187260744484e+01,9.003752094425189867e+00,2.918086592897404685e+00
1.652939911327665712e+01,9.078208191967510388e+00,2.943635161123018484e+00
1.667665861076854839e+01,9.151165211130244614e+00,2.968177103030664288e+00
1.682464853527585191e+01,9.222628943062012752e+00,2.991667516247945802e+00
1.697334760119251484e+01,9.292605185131499468e+00,3.014131429603752910e+00
1.712273501129039133e+01,9.361099710329769508e+00,3.035449191285681358e+00
1.727279039705729247e+01,9.428118238549336283e+00,3.055942331967578252e+00
1.742349385093331904e+01,9.493666450932602530e+00,3.075918717253123269e+00
1.757482594257484365e+01,9.557749994695937445e+00,3.093810227054194062e+00
1.772955122111940440e+01,9.621505892991205400e+00,3.111212013422564926e+00
1.788488897264560862e+01,9.683754690380244057e+00,3.127749757345790638e+00
1.804001367761279440e+01,9.744192444152828259e+00,3.143612748113516542e+00
1.819570702599076384e+01,9.803149891060677135e+00,3.157509703566492298e+00
1.834993817705233354e+01,9.859902638209375070e+00,3.170560907226837255e+00
1.850468872046350555e+01,9.915223468588992617e+00,3.182574761378797135e+00
1.865994193879591734e+01,9.969117495199949275e+00,3.193640959924608946e+00
1.881568144679668109e+01,1.002158973592804259e+01,3.203765854550542524e+00
1.897189117018323046e+01,1.007264510692026782e+01,3.212972708206971006e+00
1.912855536932564249e+01,1.012228843072332651e+01,3.221287254052345617e+00
1.928565859464880816e+01,1.017052442189328687e+01,3.228736094870513273e+00
1.944318567749909832e+01,1.021735768512803411e+01,3.235349027956549772e+00
1.960112173498012211e+01,1.026279271738859755e+01,3.241160394044341864e+00
1.975945213843950299e+01,1.030683389933191130e+01,3.246206741713323574e+00
1.992008230981525330e+01,1.034999233227299520e+01,3.250564930362448646e+00
2.008108705857842224e+01,1.039173170307165961e+01,3.254208176966995492e+00
2.024583512249560613e+01,1.043288558664762000e+01,3.257233350316415255e+00
2.041094355523608428e+01,1.047256900978493377e+01,3.259567389714145946e+00
2.057106373945588373e+01,1.050957814051428407e+01,3.261246176491400028e+00
2.073149435532790719e+01,1.054521755888098866e+01,3.262383126577192982e+00
2.089222238630304673e+01,1.057949079477113408e+01,3.263011163381010604e+00
2.105323498837757157e+01,1.061240124866647250e+01,3.263169171192251028e+00
2.121451950107481110e+01,1.064395219507054513e+01,3.262898977112233645e+00
2.137606344068592179e+01,1.067414678172391440e+01,3.262241140269453776e+00
2.153785448029252692e+01,1.070298802649567271e+01,3.261240220974532367e+00
2.169988045154200407e+01,1.073047881853308461e+01,3.259936669377387020e+00
2.186212933402953240e+01,1.075662191700652848e+01,3.258378740347759095e+00
2.202458923699243698e+01,1.078141994889702460e+01,3.256601977612755494e+00
2.218743151510915368e+01,1.080490104446509037e+01,3.254647115004478675e+00
2.235046183361007976e+01,1.082703891972644250e+01,3.252572502408608290e+00
2.252190151150703556e+01,1.084884886338756615e+01,3.250290498779570658e+00
2.269352265258834223e+01,1.086918163775218460e+01,3.247905245599742141e+00
2.285733230052241538e+01,1.088719655593128266e+01,3.245621784797242615e+00
2.302128370093312881e+01,1.090387219676154906e+01,3.243364868526052547e+00
2.318491179016624315e+01,1.091916969363782108e+01,3.241158125444820737e+00
2.334865865743556057e+01,1.093313855196633355e+01,3.239027121540134502e+00
2.351251334084984279e+01,1.094578019067944297e+01,3.237003078481676344e+00
2.367646493009730335e+01,1.095709589366477665e+01,3.235110389128784902e+00
2.384050258230917407e+01,1.096708681147419817e+01,3.233376226117485874e+00
2.400461550275939260e+01,1.097575396023657568e+01,3.231819101691124185e+00
2.416879294327333483e+01,1.098309822192274154e+01,3.230466609625028074e+00
2.433302419621281132e+01,1.098912034423878659e+01,3.229329558016973412e+00
2.449729858275490102e+01,1.099382094036808333e+01,3.228425503237176919e+00
2.466160545563446149e+01,1.099720048921816584e+01,3.227771210189658735e+00
2.483079693754411110e+01,1.099930014120338839e+01,3.227366912510343688e+00
2.500000000000023448e+01,1.099999999999999467e+01,3.227219376375047855e+00
2.516920306245635430e+01,1.099930014120338306e+01,3.227354742863413950e+00
2.533839454436599681e+01,1.099720048921815696e+01,3.227745883519845815e+00
2.550270141724561057e+01,1.099382094036807089e+01,3.228386575819764737e+00
2.566697580378765409e+01,1.098912034423877060e+01,3.229277320231191961e+00
2.583120705672713058e+01,1.098309822192272200e+01,3.230398703853123887e+00
2.599538449724106215e+01,1.097575396023654903e+01,3.231734304725055296e+00
2.615949741769129133e+01,1.096708681147417153e+01,3.233278161925983163e+00
2.632353506990316916e+01,1.095709589366474290e+01,3.234999254377657785e+00
2.648748665915062617e+01,1.094578019067940744e+01,3.236880552845801784e+00
2.665134134256490483e+01,1.093313855196629447e+01,3.238892118693023736e+00
2.681508820983422581e+01,1.091916969363777667e+01,3.241017840882852497e+00
2.697871629906733304e+01,1.090387219676150110e+01,3.243218959919419664e+00
2.714266769947805358e+01,1.088719655593123115e+01,3.245472845105154658e+00
2.730647734741213384e+01,1.086918163775212776e+01,3.247752034248096553e+00
2.747809848849345116e+01,1.084884886338750221e+01,3.250135354397547527e+00
2.764953816639040340e+01,1.082703891972637500e+01,3.252412718512331491e+00
2.781256848489133304e+01,1.080490104446502109e+01,3.254480013835713947e+00
2.797541076300803198e+01,1.078141994889694644e+01,3.256425401334227310e+00
2.813787066597094721e+01,1.075662191700645032e+01,3.258191622390093745e+00
2.830011954845848621e+01,1.073047881853299934e+01,3.259738283786325574e+00
2.846214551970795625e+01,1.070298802649558390e+01,3.261029073522442978e+00
2.862393655931455072e+01,1.067414678172382025e+01,3.262015923568865272e+00
2.878548049892567207e+01,1.064395219507044921e+01,3.262668765473079713e+00
2.894676501162291160e+01,1.061240124866637125e+01,3.262934150406457512e+00
2.910777761369741512e+01,1.057949079477103282e+01,3.262780014301440268e+00
2.926850564467254401e+01,1.054521755888088563e+01,3.262156180280243234e+00
2.942893626054457457e+01,1.050957814051417394e+01,3.261031114148800647e+00
2.958905644476437047e+01,1.047256900978482008e+01,3.259366260504918511e+00
2.975416487750483086e+01,1.043288558664750987e+01,3.257041183317604727e+00
2.991891294142198632e+01,1.039173170307154770e+01,3.254023048036788879e+00
3.007991769018516592e+01,1.034999233227287974e+01,3.250382771209499921e+00
3.024054786156092334e+01,1.030683389933178873e+01,3.246024300291733056e+00
3.039887826502029711e+01,1.026279271738847321e+01,3.240970473104946237e+00
3.055681432250131380e+01,1.021735768512790621e+01,3.235147483845376204e+00
3.071434140535160751e+01,1.017052442189315720e+01,3.228518701730668017e+00
3.087144463067477318e+01,1.012228843072319151e+01,3.221051284055170605e+00
3.102810882981717100e+01,1.007264510692013104e+01,3.212719971878487346e+00
3.118431855320372392e+01,1.002158973592790225e+01,3.203491314160570091e+00
3.134005806120449478e+01,9.969117495199801837e+00,3.193346168983275390e+00
3.149531127953691012e+01,9.915223468588839850e+00,3.182253308119352919e+00
3.165006182294806791e+01,9.859902638209218750e+00,3.170198168064735533e+00
3.180429297400964117e+01,9.803149891060517263e+00,3.157156322101182688e+00
3.195998632238760706e+01,9.744192444152663057e+00,3.142928382890410433e+00
3.211511102735478573e+01,9.683754690380075303e+00,3.127646295047257219e+00
3.227044877888099705e+01,9.621505892991029540e+00,3.111224647989867531e+00
3.242517405742556491e+01,9.557749994695752704e+00,3.093709547760614686e+00
3.257650614906709308e+01,9.493666450932412459e+00,3.075446923725894788e+00
3.272720960294311965e+01,9.428118238549140884e+00,3.056132594701746807e+00
3.287726498871001724e+01,9.361099710329570556e+00,3.035762476167901180e+00
3.302665239880789017e+01,9.292605185131296963e+00,3.014333771456195077e+00
3.317535146472455665e+01,9.222628943061803142e+00,2.991859084587510154e+00
3.332334138923185662e+01,9.151165211130029675e+00,2.968341166024595079e+00
3.347060088672375144e+01,9.078208191967288343e+00,2.943800837433399487e+00
3.361710812739296017e+01,9.003752094424964270e+00,2.918249401147877453e+00
3.376284075400057816e+01,8.927791129656291957e+00,2.891716749980201673e+00
3.390777593444119020e+01,8.850319486039049721e+00,2.864228958014045645e+00
3.405300224410143528e+01,8.770714197338412177e+00,2.835604891943228179e+00
3.419737039675904811e+01,8.689563014703507449e+00,2.806086962806544349e+00
3.434105975748052941e+01,8.606740747284700177e+00,2.775691688385527378e+00
3.448383741183470619e+01,8.522356528945094212e+00,2.744514986071613816e+00
3.462439100299872763e+01,8.437193539820897925e+00,2.712923686446118143e+00
3.476399692564908861e+01,8.350485827076344236e+00,2.680719464553510178e+00
3.490262808286259144e+01,8.262228056604632442e+00,2.647995090729570400e+00
3.504025672766790223e+01,8.172415017999341558e+00,2.614857883537917260e+00
3.517685442859696110e+01,8.081041656353372460e+00,2.581432755926126088e+00
3.531239203510476443e+01,7.988103107394190161e+00,2.547859083793758472e+00
3.544683974358555645e+01,7.893594664590810162e+00,2.514299424057229171e+00
3.558016690720688047e+01,7.797511926275769945e+00,2.480941671307463459e+00
3.571234215619930552e+01,7.699850731294953121e+00,2.447997077221084616e+00
3.584333341978894794e+01,7.600607157625061561e+00,2.415708235582257224e+00
3.597385670698661642e+01,7.499188325239662056e+00,2.384172253862936408e+00
3.610311471623992219e+01,7.396161789997695024e+00,2.353903250119432133e+00
3.623033853128327308e+01,7.292132464575352913e+00,2.325414638283996638e+00
3.635624164297945526e+01,7.186508614618646540e+00,2.298936241556871263e+00
3.648078772468339537e+01,7.079288445006876707e+00,2.274913857298351605e+00
3.660394004108404431e+01,6.970470297627470835e+00,2.253861629336652239e+00
3.672566088189315536e+01,6.860053159114940513e+00,2.236330355490204980e+00
3.684591153614096015e+01,6.748036740079310647e+00,2.222950380605298371e+00
3.696465256554857604e+01,6.634421273352775650e+00,2.214381677967284467e+00
3.708184360397294199e+01,6.519207746898779021e+00,2.211372685420739170e+00
3.719744348227474262e+01,6.402397839734126350e+00,2.214686186370843579e+00
3.731141018846795987e+01,6.283994016450114017e+00,2.225164378662187303e+00
3.742370087926292399e+01,6.163999578907885635e+00,2.243637185910826837e+00
3.753427189084319338e+01,6.042418724001367814e+00,2.271011474906753591e+00
3.764312342500226549e+01,5.919205290982591627e+00,2.308165292960713710e+00
3.775016403566153400e+01,5.794415458855545431e+00,2.356010204949235742e+00
3.785530451082338743e+01,5.668109094070633347e+00,2.415355137801649565e+00
3.795854276487214207e+01,5.540243275335877016e+00,2.487127386272823149e+00
3.805983134001486690e+01,5.410827601440224122e+00,2.572138530260880351e+00
3.815912211372985752e+01,5.279872948264896948e+00,2.671278387802095811e+00
3.825636632481710109e+01,5.147391561788162484e+00,2.785337328040470073e+00
3.835151468343523362e+01,5.013397045082545134e+00,2.915255938706512673e+00
3.844451738839153876e+01,4.877904475116648264e+00,3.061905438522613654e+00
3.853532414388566707e+01,4.740930540967831064e+00,3.226351895999852282e+00
3.862388430232250869e+01,4.602493507050038346e+00,3.409627651146695193e+00
3.871014690397102243e+01,4.462613333241463032e+00,3.613084864953892694e+00
3.879406075938580045e+01,4.321311745153844974e+00,3.838102059440562819e+00
3.887557458694906387e+01,4.178612218175125292e+00,4.086463386204637338e+00
3.895463707553918198e+01,4.034540092136831291e+00,4.360047410071720364e+00
3.903119696262212557e+01,3.889122681604550991e+00,4.661330011292401210e+00
3.910520317855372241e+01,3.742389277392960345e+00,4.992995938320229143e+00
3.917660500435762572e+01,3.594371115818010498e+00,5.358513564991736366e+00
3.924535216180797903e+01,3.445101486081183051e+00,5.761737975977397674e+00
3.931139492031376648e+01,3.294615828295756721e+00,6.207693110733425002e+00
3.937468427959509398e+01,3.142951673752477415e+00,6.702116997474551141e+00
3.943517212053728116e+01,2.990148645807844563e+00,7.252424484040849606e+00
3.949281133618704587e+01,2.836248514747131466e+00,7.867361542360266746e+00
3.954755599659770127e+01,2.681295174291955075e+00,8.558385930019415611e+00
3.959936150887059370e+01,2.525334624718225118e+00,9.339467275351907460e+00
3.964818477323388635e+01,2.368414964347792750e+00,1.022916165370146580e+01
3.969398435318534979e+01,2.210586330697071222e+00,1.125080684017850885e+01
3.973672063384153574e+01,2.051900864156219750e+00,1.243707781185404215e+01
3.977635598435398379e+01,1.892412643116485604e+00,1.382798208959737529e+01
3.981285491955646449e+01,1.732177595453148200e+00,1.549082404538627245e+01
3.984618424857309549e+01,1.571253433335243255e+00,1.748811299624651738e+01
3.987631322933040678e+01,1.409699525185985181e+00,2.001212942238953829e+01
3.990321370664975831e+01,1.247576792354884834e+00,2.305277856428095618e+01
3.992686024018814095e+01,1.084947613188301574e+00,2.753991820568443671e+01
3.994727464075064916e+01,9.214883576538270837e-01,3.216414196489427724e+01
3.996437715793086198e+01,7.576494918093450437e-01,4.364262858356902086e+01
3.997915522344066375e+01,5.797086005166292022e-01,4.896838941495822439e+01
3.999000553708265215e+01,4.014850974730980737e-01,1.043395303093333126e+02
3.999750046099676126e+01,2.008047211768209106e-01,1.231513613048158362e+02
3.999999999999997868e+01,-3.900372548442854266e-17,8.395067852677841529e+02
