x,y,stress
2.999999999999998668e+00,6.853697468581287090e-16,7.853500035600104638e+02
3.003398904647818668e+00,2.109296437918455613e-01,1.143833689748387314e+02
3.013584675730262674e+00,4.216406639967345549e-01,9.414085109711346888e+01
3.028318262034988440e+00,6.086651008267351948e-01,4.159996331278492931e+01
3.048356618963391274e+00,7.951958196616849550e-01,3.682207107732227769e+01
3.070799167314194111e+00,9.619428954648029384e-01,2.577622075017360359e+01
3.097424382293132439e+00,1.128073495579037688e+00,2.152848542479997107e+01
3.127468161952047243e+00,1.289899207314921137e+00,1.729131030465930507e+01
3.161410802771320139e+00,1.450952344675169092e+00,1.437036429383775982e+01
3.199192011831018423e+00,1.611148551532021855e+00,1.183336158043566577e+01
3.240746290922641659e+00,1.770407827284453006e+00,1.002851797373755893e+01
3.286003499268729033e+00,1.928654767731452058e+00,8.466957319280465910e+00
3.334889421300724965e+00,2.085818724757406262e+00,7.189485801787125929e+00
3.387326341217905323e+00,2.241833929539029935e+00,6.115163596178753380e+00
3.443233615698913397e+00,2.396639572153048903e+00,5.213876647615093951e+00
3.502528218493039081e+00,2.550179789674266395e+00,4.454381019910923278e+00
3.565125265603230620e+00,2.702403619959941050e+00,3.801401825675428281e+00
3.631199351048204349e+00,2.853846060401639129e+00,3.222983980146057359e+00
3.700426452961336210e+00,3.003873534707528936e+00,2.760280469358858291e+00
3.772447875825177821e+00,3.151907607295076463e+00,2.355786791692027649e+00
3.847423670759740677e+00,3.298467621780348136e+00,2.009372729073799935e+00
3.925251025042785002e+00,3.443497169035040439e+00,1.709427660860770137e+00
4.005857626951116579e+00,3.587000746181066457e+00,1.449353119040312166e+00
4.089157739669432523e+00,3.728957861516268846e+00,1.222687134176438262e+00
4.175066811260529143e+00,3.869351576834495265e+00,1.024347888452903144e+00
4.263501676459196865e+00,4.008168252931151088e+00,8.499505738640326102e-01
4.354380746758284459e+00,4.145397331549258269e+00,6.957755442137927293e-01
4.447624173627873212e+00,4.281031122506293585e+00,5.587322948306125969e-01
4.543153938178627449e+00,4.415064530013293798e+00,4.363198882501838072e-01
4.640893940322862399e+00,4.547494829577784614e+00,3.264870119822293471e-01
4.740770199552908792e+00,4.678321628247166686e+00,2.279165980350074394e-01
4.845615477014256989e+00,4.811168344889414250e+00,1.384898864894986426e-01
4.952567321733138961e+00,4.942325169970744447e+00,7.011272452226079144e-02
5.058625053468408517e+00,5.068372478033288608e+00,7.066478561803364589e-02
5.166543497172797039e+00,5.192830494117166573e+00,1.269177476434402430e-01
5.276167168936571450e+00,5.315605486515813105e+00,1.902751585905399223e-01
5.387524010161738097e+00,5.436810774959526249e+00,2.524908842076399318e-01
5.500554963790549756e+00,5.556456417355478905e+00,3.124034292217292008e-01
5.615203082500115350e+00,5.674553424612336805e+00,3.699431182873632040e-01
5.731413485757543391e+00,5.791113636143174759e+00,4.253020084458915551e-01
5.849133148428411921e+00,5.906149448312157269e+00,4.786965073827604833e-01
5.968310980269156296e+00,6.019673853789227813e+00,5.303611701617640950e-01
6.088897885818480127e+00,6.131700454272486667e+00,5.804879510102847195e-01
6.210846573810127502e+00,6.242243244123527823e+00,6.292666586537296602e-01
6.334111451278030991e+00,6.351316495743056123e+00,6.768472857185087177e-01
6.463584798766746964e+00,6.463148692477299839e+00,7.251686045555886251e-01
6.594385474611917708e+00,6.573425551956982638e+00,7.724479589821298120e-01
6.727785968990031229e+00,6.683236088628953908e+00,8.192666503521957022e-01
6.862448899593879936e+00,6.791494828630835201e+00,8.652153686433576851e-01
6.991864047053089060e+00,6.893195484209400981e+00,9.082742781918504704e-01
7.122349687910958238e+00,6.993519015991883414e+00,9.506900651372180988e-01
7.253871089990053811e+00,7.092480428189936070e+00,9.925026635583972245e-01
7.386395229633294868e+00,7.190094984234121078e+00,1.033748248053687258e+00
7.519890326864840269e+00,7.286377853638937196e+00,1.074464987231834368e+00
7.654325443437649312e+00,7.381343844143064992e+00,1.114675551527250841e+00
7.789671028042964629e+00,7.475007814127088146e+00,1.154405163585663807e+00
7.925898545257568095e+00,7.567384420167495129e+00,1.193669186178252462e+00
8.062980430532958209e+00,7.658488107773377962e+00,1.232484672998919617e+00
8.200890420006681225e+00,7.748333344383315335e+00,1.270863889226087950e+00
8.339606147471256392e+00,7.836936258571487457e+00,1.308814770721835830e+00
8.479100099702103321e+00,7.924308867032713088e+00,1.346354486659627092e+00
8.628324008065773043e+00,8.015922227349328466e+00,1.385826478411958051e+00
8.778374613663892490e+00,8.106175236993035327e+00,1.424833538868452099e+00
8.935750073547302108e+00,8.198888996907401250e+00,1.465032000184973038e+00
9.093967823100642889e+00,8.290157987283174990e+00,1.504713383300605445e+00
9.238744958032151899e+00,8.372022585128224392e+00,1.540414380231343694e+00
9.384177608634921341e+00,8.452716946692040878e+00,1.575710929160574425e+00
9.528728161039357047e+00,8.531434784168716590e+00,1.610227796550111723e+00
9.673883754943579660e+00,8.609031290159618877e+00,1.644338098390535352e+00
9.819627062669464834e+00,8.685518482936039675e+00,1.678043547535650326e+00
9.965941171474241855e+00,8.760908055626149604e+00,1.711331919086556574e+00
1.011280976608229132e+01,8.835211489519592121e+00,1.744199325161440051e+00
1.026021721823779664e+01,8.908440109658842587e+00,1.776643071826055964e+00
1.040814839960693661e+01,8.980605000601295629e+00,1.808657185360390551e+00
1.055658860595591797e+01,9.051716983778948844e+00,1.840238771181677224e+00
1.070552372568008792e+01,9.121786711283789373e+00,1.871382243481042540e+00
1.085493997645822084e+01,9.190824552032028194e+00,1.902086974938010044e+00
1.100714230635575852e+01,9.259883086723865731e+00,1.932797219942683498e+00
1.115981361668131377e+01,9.327898557553032433e+00,1.963060803679717248e+00
1.132977199687040404e+01,9.402169253975314334e+00,1.996061627990017184e+00
1.150027474646229209e+01,9.475181609652643999e+00,2.028546059139444857e+00
1.167289671228597925e+01,9.547609906664179746e+00,2.060989218018829394e+00
1.184603988153045329e+01,9.618783275257699827e+00,2.092364719626329084e+00
1.200186707664071228e+01,9.681603692989302345e+00,2.120136407575757165e+00
1.215809021124956679e+01,9.743432925997739247e+00,2.147384735875591311e+00
1.231150812555630303e+01,9.803051583532942814e+00,2.173585022216718343e+00
1.246528588508406976e+01,9.861735851285363452e+00,2.199289039357758657e+00
1.261941393269475675e+01,9.919493784855282215e+00,2.224489612687968076e+00
1.277388304728299495e+01,9.976333280810008475e+00,2.249181646074916774e+00
1.292868426448028885e+01,1.003226205340137867e+01,2.273358456912749404e+00
1.308380883469689238e+01,1.008728762699228731e+01,2.297016201569584748e+00
1.323924832008970398e+01,1.014141737744368577e+01,2.320151761287609915e+00
1.339499442755777636e+01,1.019465847979932072e+01,2.342759482450504915e+00
1.355103904214009702e+01,1.024701792842230219e+01,2.364833573756067508e+00
1.370737445589295156e+01,1.029850261904870123e+01,2.386373897323186277e+00
1.386506569101881858e+01,1.034946262255221328e+01,2.407511006878313875e+00
1.402303648026655658e+01,1.039954933381149615e+01,2.428119024637792389e+00
1.419667742478558026e+01,1.045350823633068238e+01,2.450067892846592432e+00
1.437063665084680864e+01,1.050643205296044336e+01,2.471355109463345023e+00
1.456047196335373251e+01,1.056291077049366756e+01,2.493764916976217716e+00
1.475066252936816014e+01,1.061818140211380879e+01,2.515334779576106072e+00
1.492465569837481709e+01,1.066761056662191010e+01,2.534345891667811657e+00
1.509892759297105691e+01,1.071604788182277090e+01,2.552672691660288873e+00
1.525856469219380607e+01,1.075948928600628030e+01,2.568852689566558212e+00
1.541842225017529522e+01,1.080211229789876271e+01,2.584472491481575318e+00
1.557767389905625954e+01,1.084371004430071928e+01,2.599447213304839188e+00
1.573713232664766792e+01,1.088450797195383224e+01,2.613859017663725748e+00
1.589679204295037884e+01,1.092451098667862297e+01,2.627711358970532096e+00
1.605664765649907721e+01,1.096372386477967709e+01,2.641005175340596089e+00
1.621669390269058297e+01,1.100215126373200647e+01,2.653743033118308947e+00
1.637692564301223896e+01,1.103979772497762291e+01,2.665928567201420130e+00
1.653733785863069627e+01,1.107666767524176343e+01,2.677567193627766517e+00
1.669792560927450609e+01,1.111276542011797552e+01,2.688662995732304495e+00
1.685868405834603223e+01,1.114809515307144849e+01,2.699219921167491876e+00
1.701960849530959408e+01,1.118266096289846878e+01,2.709251063237108070e+00
1.718457823969353626e+01,1.121727216641504832e+01,2.718966655276354061e+00
1.734971234373302096e+01,1.125109050947833289e+01,2.728165614601286926e+00
1.753430443432022301e+01,1.128792305337958091e+01,2.737773728722393773e+00
1.771908902112337358e+01,1.132377739425673013e+01,2.746731531314660746e+00
1.791806029779032272e+01,1.136125818094817319e+01,2.755646767109231288e+00
1.811723917395630323e+01,1.139761963071193840e+01,2.763797511149344910e+00
1.829757628855999485e+01,1.142955086502655959e+01,2.770582652558816861e+00
1.847807155298693971e+01,1.146057567675336308e+01,2.776799378939991403e+00
1.864196798489764362e+01,1.148794389252625869e+01,2.781978161673555938e+00
1.880598620804984833e+01,1.151457249656784576e+01,2.786730939234474125e+00
1.896857010153083678e+01,1.154022312461532884e+01,2.791020516198286394e+00
1.913126595432904864e+01,1.156515376880997437e+01,2.794908316210179766e+00
1.929407009992089073e+01,1.158936713562246901e+01,2.798410814205537278e+00
1.945697893330787664e+01,1.161286584469447369e+01,2.801541272152151318e+00
1.961998889995627593e+01,1.163565242865015392e+01,2.804314646065792616e+00
1.978309649694216787e+01,1.165772933471987116e+01,2.806747296351582932e+00
1.994629827737141525e+01,1.167909892664910920e+01,2.808859259894386007e+00
2.010959082777809570e+01,1.169976348302894031e+01,2.810664863865197649e+00
2.027297077634054290e+01,1.171972519981904171e+01,2.812180642135626130e+00
2.043643481554328289e+01,1.173898619422742406e+01,2.813430135673029131e+00
2.060270504662591762e+01,1.175785185001291033e+01,2.814432966101815481e+00
2.076905540601358169e+01,1.177599739852360550e+01,2.815217552870276307e+00
2.095395535130330700e+01,1.179531452613586850e+01,2.815802183860983021e+00
2.113894549535426748e+01,1.181374787174544139e+01,2.816147031316805549e+00
2.134346146250554455e+01,1.183309203957290201e+01,2.816261430232522400e+00
2.154807608340398417e+01,1.185136319733933519e+01,2.816098004292053147e+00
2.173824104430474691e+01,1.186737782400427932e+01,2.815777606466268068e+00
2.192848133983886427e+01,1.188247123208134504e+01,2.815294349373648863e+00
2.209819431296586245e+01,1.189515591912271297e+01,2.814765158459386019e+00
2.226796023893129828e+01,1.190711104804996445e+01,2.814165354794624374e+00
2.243219584689656898e+01,1.191798063276798203e+01,2.813523195259771459e+00
2.259647504982912025e+01,1.192817015793008828e+01,2.812840285920252814e+00
2.276079495677883457e+01,1.193768066814219786e+01,2.812128178796225786e+00
2.292515270449763420e+01,1.194651313740757281e+01,2.811399955742038159e+00
2.308954544552807775e+01,1.195466846885574164e+01,2.810668497801207533e+00
2.325397034330037727e+01,1.196214749500587082e+01,2.809947740825618379e+00
2.341842457928245125e+01,1.196895097856037360e+01,2.809250337234733497e+00
2.358290534731716903e+01,1.197507961250719610e+01,2.808587051994185124e+00
2.374740985370198842e+01,1.198053402047757210e+01,2.807968087234062882e+00
2.391193531621010138e+01,1.198531475701110161e+01,2.807404336718840376e+00
2.407678635297132885e+01,1.198942935119051612e+01,2.806901478662832350e+00
2.424165286079595560e+01,1.199286866136973551e+01,2.806483991212350038e+00
2.442003842394429469e+01,1.199582957990698873e+01,2.806111891052772478e+00
2.459843534646280361e+01,1.199800081482070624e+01,2.805848310839401893e+00
2.479921518487081755e+01,1.199950022254317972e+01,2.805673258630315914e+00
2.499999999999982947e+01,1.199999999999999467e+01,2.805606806924059171e+00
2.520078481512886626e+01,1.199950022254318149e+01,2.805688258416493053e+00
2.540156465353688731e+01,1.199800081482070802e+01,2.805878705378565208e+00
2.557996157605546017e+01,1.199582957990699050e+01,2.806156137805455586e+00
2.575834713920377794e+01,1.199286866136973906e+01,2.806541617158888169e+00
2.592321364702848641e+01,1.198942935119052144e+01,2.806963704211818733e+00
2.608806468378962862e+01,1.198531475701110338e+01,2.807468987493888957e+00
2.625259014629775223e+01,1.198053402047758098e+01,2.808024682528252658e+00
2.641709465268257162e+01,1.197507961250720321e+01,2.808634206825752155e+00
2.658157542071728585e+01,1.196895097856038426e+01,2.809282555423948669e+00
2.674602965669935628e+01,1.196214749500587970e+01,2.809964452474194463e+00
2.691045455447165935e+01,1.195466846885575229e+01,2.810670820921479685e+00
2.707484729550209934e+01,1.194651313740758525e+01,2.811387842607630638e+00
2.723920504322090252e+01,1.193768066814221207e+01,2.812104932792457657e+00
2.740352495017062040e+01,1.192817015793010249e+01,2.812805813391610066e+00
2.756780415310317167e+01,1.191798063276799802e+01,2.813479288083995833e+00
2.773203976106843527e+01,1.190711104804998044e+01,2.814111574272349259e+00
2.790180568703385688e+01,1.189515591912273251e+01,2.814702586861000722e+00
2.807151866016084085e+01,1.188247123208136813e+01,2.815223312238914755e+00
2.826175895569495466e+01,1.186737782400430241e+01,2.815697379971143111e+00
2.845192391659569964e+01,1.185136319733936006e+01,2.816008239630522603e+00
2.865653853749414637e+01,1.183309203957292866e+01,2.816163224097494755e+00
2.886105450464541633e+01,1.181374787174546981e+01,2.816039170967397975e+00
2.904604464869639457e+01,1.179531452613589515e+01,2.815692144204620107e+00
2.923094459398614475e+01,1.177599739852363392e+01,2.815104298949132389e+00
2.939729495337381948e+01,1.175785185001293875e+01,2.814324083063134196e+00
2.956356518445645065e+01,1.173898619422744893e+01,2.813326203102483714e+00
2.972702922365919065e+01,1.171972519981906657e+01,2.812082858368570637e+00
2.989040917222163429e+01,1.169976348302897051e+01,2.810573038198953988e+00
3.005370172262831474e+01,1.167909892664913940e+01,2.808772300552166090e+00
3.021690350305757278e+01,1.165772933471990136e+01,2.806665286503703172e+00
3.038001110004347183e+01,1.163565242865018412e+01,2.804234955894570280e+00
3.054302106669187822e+01,1.161286584469450567e+01,2.801464824916081842e+00
3.070592990007887124e+01,1.158936713562250098e+01,2.798340005038547407e+00
3.086873404567071688e+01,1.156515376881000634e+01,2.794844079356478606e+00
3.103142989846893229e+01,1.154022312461536082e+01,2.790961990959269556e+00
3.119401379194992430e+01,1.151457249656787951e+01,2.786680201532201195e+00
3.135803201510210414e+01,1.148794389252629600e+01,2.781932990688353868e+00
3.152192844701277252e+01,1.146057567675340749e+01,2.776760663282483943e+00
3.170242371143970317e+01,1.142955086502660933e+01,2.770537764122832591e+00
3.188276082604336281e+01,1.139761963071199524e+01,2.763749053368558695e+00
3.208193970220931135e+01,1.136125818094823536e+01,2.755586754619216538e+00
3.228091097887622851e+01,1.132377739425679941e+01,2.746660357136205821e+00
3.246569556567940396e+01,1.128792305337965018e+01,2.737691854853968376e+00
3.265028765626661311e+01,1.125109050947839862e+01,2.728071264165199405e+00
3.281542176030614399e+01,1.121727216641511227e+01,2.718866271063712148e+00
3.298039150469013947e+01,1.118266096289852207e+01,2.709143017259159070e+00
3.314131594165372263e+01,1.114809515307149468e+01,2.699104929378173257e+00
3.330207439072525943e+01,1.111276542011801993e+01,2.688541658566579784e+00
3.346266214136905859e+01,1.107666767524181317e+01,2.677440343337454287e+00
3.362307435698750879e+01,1.103979772497767442e+01,2.665795061369984342e+00
3.378330609730918610e+01,1.100215126373205443e+01,2.653603472899447091e+00
3.394335234350070607e+01,1.096372386477972150e+01,2.640859540705902564e+00
3.410320795704942753e+01,1.092451098667866383e+01,2.627562491922183163e+00
3.426286767335215444e+01,1.088450797195386777e+01,2.613706535225869043e+00
3.442232610094357170e+01,1.084371004430075480e+01,2.599293200488887123e+00
3.458157774982454669e+01,1.080211229789879646e+01,2.584318134280128021e+00
3.474143530780602163e+01,1.075948928600631938e+01,2.568699204482550957e+00
3.490107240702877078e+01,1.071604788182281176e+01,2.552523543383734772e+00
3.507534430162498040e+01,1.066761056662195806e+01,2.534195483612991406e+00
3.524933747063161604e+01,1.061818140211386741e+01,2.515187797444127238e+00
3.543952803664605966e+01,1.056291077049372085e+01,2.493616899400104447e+00
3.562936334915299597e+01,1.050643205296049665e+01,2.471205312950406352e+00
3.580332257521425987e+01,1.045350823633072146e+01,2.449920159688145027e+00
3.597696351973333151e+01,1.039954933381152102e+01,2.427969614380955043e+00
3.613493430898107306e+01,1.034946262255223992e+01,2.407364625875746178e+00
3.629262554410694008e+01,1.029850261904872255e+01,2.386227464990259950e+00
3.644896095785981771e+01,1.024701792842232173e+01,2.364686109706547246e+00
3.660500557244215258e+01,1.019465847979933670e+01,2.342609930752212577e+00
3.676075167991022141e+01,1.014141737744370175e+01,2.320000870242504121e+00
3.691619116530302591e+01,1.008728762699230330e+01,2.296862476401352549e+00
3.707131573551963299e+01,1.003226205340139465e+01,2.273200696212854588e+00
3.722611695271693577e+01,9.976333280810022686e+00,2.249018881834298877e+00
3.738058606730517397e+01,9.919493784855299978e+00,2.224323673838195514e+00
3.753471411491585741e+01,9.861735851285381216e+00,2.199118163292822281e+00
3.768849187444364190e+01,9.803051583532955249e+00,2.173409079970781033e+00
3.784190978875039235e+01,9.743432925997746352e+00,2.147202903522992035e+00
3.799813292335925752e+01,9.681603692989300569e+00,2.119942908125629799e+00
3.815396011846954138e+01,9.618783275257690946e+00,2.092186137886649533e+00
3.832710328771398878e+01,9.547609906664179746e+00,2.060678886311065661e+00
3.849972525353766173e+01,9.475181609652651105e+00,2.028537544719936747e+00
3.867022800312954445e+01,9.402169253975324992e+00,1.996101839375134857e+00
3.884018638331862405e+01,9.327898557553050196e+00,1.963067477655346504e+00
3.899285769364417575e+01,9.259883086723881718e+00,1.932790455636540061e+00
3.914506002354171699e+01,9.190824552032044181e+00,1.902064775680730735e+00
3.929447627431984813e+01,9.121786711283805360e+00,1.871351739922216373e+00
3.944341139404401986e+01,9.051716983778966608e+00,1.840200511683492079e+00
3.959185160039299234e+01,8.980605000601316945e+00,1.808613220051918047e+00
3.973978278176212342e+01,8.908440109658867456e+00,1.776593803390582371e+00
3.988719023391763585e+01,8.835211489519615213e+00,1.744148062921700548e+00
4.003405882852568709e+01,8.760908055626172697e+00,1.711278473503305309e+00
4.018037293733046766e+01,8.685518482936062767e+00,1.677990164061734957e+00
4.032611624505634751e+01,8.609031290159643746e+00,1.644285533665515331e+00
4.047127183896056124e+01,8.531434784168746788e+00,1.610168760491623718e+00
4.061582239136499339e+01,8.452716946692072852e+00,1.575642501663951256e+00
4.076125504196777172e+01,8.372022585128252814e+00,1.540337951394134208e+00
4.090603217689929494e+01,8.290157987283194529e+00,1.504628679889788767e+00
4.106424992645263927e+01,8.198888996907417237e+00,1.464946555015937957e+00
4.122162538633605067e+01,8.106175236993051314e+00,1.424745196156282701e+00
4.137167599193416834e+01,8.015922227349348006e+00,1.385737758745289483e+00
4.152089990029782740e+01,7.924308867032737957e+00,1.346265628229888378e+00
4.166039385252867788e+01,7.836936258571513214e+00,1.308727473577964151e+00
4.179910957999324950e+01,7.748333344383338428e+00,1.270778781090543985e+00
4.193701956946697607e+01,7.658488107773406384e+00,1.232404591098587687e+00
4.207410145474236174e+01,7.567384420167525327e+00,1.193592965581409482e+00
4.221032897195696876e+01,7.475007814127115680e+00,1.154334979000357420e+00
4.234567455656229384e+01,7.381343844143090749e+00,1.114612019554885869e+00
4.248010967313509667e+01,7.286377853638970059e+00,1.074408411029351251e+00
4.261360477036662786e+01,7.190094984234158382e+00,1.033698944738493442e+00
4.274612891000986536e+01,7.092480428189974262e+00,9.924593175363736197e-01
4.287765031208896715e+01,6.993519015991921606e+00,9.506543885562817042e-01
4.300813595294683722e+01,6.893195484209437396e+00,9.082436752125144785e-01
4.313755110040604990e+01,6.791494828630869840e+00,8.651891306081807009e-01
4.327221403100990216e+01,6.683236088628985883e+00,8.192436911275351452e-01
4.340561452538801746e+01,6.573425551957015500e+00,7.724307439975474088e-01
4.353641520123317576e+01,6.463148692477346025e+00,7.251525293401681616e-01
4.366588854872188108e+01,6.351316495743112078e+00,6.768340726535264640e-01
4.378915342618977746e+01,6.242243244123587331e+00,6.292516984375139399e-01
4.391110211418142484e+01,6.131700454272552392e+00,5.804714360376754811e-01
4.403168901973075577e+01,6.019673853789291762e+00,5.303383619161849971e-01
4.415086685157150015e+01,5.906149448312214112e+00,4.786664842915228091e-01
4.426858651424237934e+01,5.791113636143223609e+00,4.252612093512726510e-01
4.438479691749981981e+01,5.674553424612376773e+00,3.698885007755278176e-01
4.449944503620938718e+01,5.556456417355524202e+00,3.123296236142102944e-01
4.461247598983818818e+01,5.436810774959579540e+00,2.523952632209369717e-01
4.472383283106335483e+01,5.315605486515864619e+00,1.901594887459699401e-01
4.483345650282713279e+01,5.192830494117218976e+00,1.268012994027242490e-01
4.494137494653153198e+01,5.068372478033328576e+00,7.068339178951549284e-02
4.504743267826681574e+01,4.942325169970771093e+00,7.057505696733251677e-02
4.515438452298570837e+01,4.811168344889428461e+00,1.391264177668899427e-01
4.525922980044706634e+01,4.678321628247167574e+00,2.287154129337276021e-01
4.535910605967712428e+01,4.547494829577771291e+00,3.275173211051636835e-01
4.545684606182137344e+01,4.415064530013264488e+00,4.376539741162748243e-01
4.555237582637212057e+01,4.281031122506273157e+00,5.604561257592777235e-01
4.564561925324169778e+01,4.145397331549244946e+00,6.979979363644648327e-01
4.573649832354078626e+01,4.008168252931135989e+00,8.527214626356997007e-01
4.582493318873945753e+01,3.869351576834473505e+00,1.027816825587576810e+00
4.591084226033056126e+01,3.728957861516227545e+00,1.226884680240182490e+00
4.599414237304889497e+01,3.587000746181008282e+00,1.454449916947032406e+00
4.607474897495722388e+01,3.443497169034989813e+00,1.715572129658099243e+00
4.615257632924026154e+01,3.298467621780299286e+00,2.016716265373015737e+00
4.622755212417484216e+01,3.151907607295003189e+00,2.365230656113194385e+00
4.629957354703868333e+01,3.003873534707435233e+00,2.770253504939142353e+00
4.636880064895182585e+01,2.853846060401517892e+00,3.244019195985609727e+00
4.643487473439681423e+01,2.702403619959786951e+00,3.798912046120676678e+00
4.649747178150700222e+01,2.550179789674104303e+00,4.447919786176764312e+00
4.655676638430112035e+01,2.396639572152878817e+00,5.213255282864886375e+00
4.661267365878212843e+01,2.241833929538867842e+00,6.118850387361323584e+00
4.666511057869930568e+01,2.085818724757249054e+00,7.197904704434214374e+00
4.671399650073130516e+01,1.928654767731264874e+00,8.488545324112362067e+00
4.675925370907739165e+01,1.770407827284234070e+00,1.005517698836476370e+01
4.680080798816901932e+01,1.611148551531803585e+00,1.194957525697688361e+01
4.683858919722870695e+01,1.450952344674941497e+00,1.435974141999868792e+01
4.687253183804796919e+01,1.289899207314714413e+00,1.722393428151086070e+01
4.690257561770688000e+01,1.128073495578849839e+00,2.149952066275990248e+01
4.692920083268580811e+01,9.619428954646299657e-01,2.574354563298645360e+01
4.695164338103661095e+01,7.951958196615315222e-01,3.680151516862863303e+01
4.697168173796499957e+01,6.086651008266119600e-01,4.145271919063688415e+01
4.698641532426972134e+01,4.216406639966416292e-01,9.438662223395175488e+01
4.699660109535215469e+01,2.109296437917990152e-01,1.131550537083546004e+02
4.699999999999997868e+01,-4.095286264975177765e-17,7.848128763465172142e+02
