x,y,stress
9.999999999999994449e-01,6.257177533623850583e-16,1.190119694265241833e+03
1.004121962843618876e+00,2.038616102619621728e-01,1.093639422234160321e+02
1.016465231792767598e+00,4.073910528475591653e-01,1.161275760683127487e+02
1.034279265906867140e+00,5.877094679040216763e-01,2.892041488726373188e+01
1.058457348212356708e+00,7.672855176337597394e-01,2.801376142863800567e+01
1.086216584119159778e+00,9.315519563955206861e-01,1.383958405463986097e+01
1.119175907981009077e+00,1.094854698480048905e+00,1.026619598813178413e+01
1.157096899626537168e+00,1.256533329913964270e+00,6.475818288467774408e+00
1.199955157540947726e+00,1.416974062930068667e+00,4.483283467363851749e+00
1.247619045883701761e+00,1.576053593959350296e+00,3.074230842492860827e+00
1.299948221912379909e+00,1.733660341565340213e+00,2.173698550792753537e+00
1.356795535626040605e+00,1.889694640856483421e+00,1.573800417657047479e+00
1.418008838113159031e+00,2.044068669398023452e+00,1.152561044426720693e+00
1.483432681796407637e+00,2.196706202925791995e+00,8.530379666992252696e-01
1.552909882721940305e+00,2.347542216851060015e+00,6.623450186503421211e-01
1.626282908442777897e+00,2.496522327055867851e+00,5.186898163685671470e-01
1.703395092525865850e+00,2.643602134685299809e+00,4.140943569699109261e-01
1.784098537647717642e+00,2.788758508295526184e+00,3.364125209546868778e-01
1.868235023811460671e+00,2.931952604568649257e+00,2.789178799829031830e-01
1.955648710291242098e+00,3.073154004963428942e+00,2.371449949568587845e-01
2.046202148874896043e+00,3.212362964373989715e+00,2.081395046819244921e-01
2.139755604172086212e+00,3.349574072665506552e+00,1.900075802669172753e-01
2.236174181349495527e+00,3.484787457121424570e+00,1.812451339251393290e-01
2.335328090256906464e+00,3.618008179115384859e+00,1.804928561738273485e-01
2.437092781065919755e+00,3.749245608703070776e+00,1.863332256119614450e-01
2.541348983540866246e+00,3.878512820170965103e+00,1.974370085291843602e-01
2.647982713698346036e+00,4.005826076370220257e+00,2.126380016445692245e-01
2.756885211098909938e+00,4.131204337245566904e+00,2.310345764679641589e-01
2.867952857418755830e+00,4.254668841301543658e+00,2.519465102787440403e-01
2.983500757372807843e+00,4.378793017088741024e+00,2.753834228248286387e-01
3.101103744019238828e+00,4.500972015997550812e+00,3.005332527182921765e-01
3.218570773387374739e+00,4.619157391139792956e+00,3.266397222691290736e-01
3.337845345928452279e+00,4.735518448259711910e+00,3.539110238504074024e-01
3.458436383136637815e+00,4.849700282444451283e+00,3.820794588104637346e-01
3.580666579660269022e+00,4.962125800197963343e+00,4.110934424369550588e-01
3.704463999657092277e+00,5.072823445657848929e+00,4.408337582627868678e-01
3.829760325965841705e+00,5.181821726501161685e+00,4.711966030729503596e-01
3.956490708957213442e+00,5.289149126010332047e+00,5.020914878920981206e-01
4.084593918495362352e+00,5.394834270755503702e+00,5.334341384031987543e-01
4.214011877136070616e+00,5.498905577428207181e+00,5.651534698979130411e-01
4.344689316061985274e+00,5.601391042285205124e+00,5.971805921621846647e-01
4.476573851006933502e+00,5.702318374757235020e+00,6.294576030211818107e-01
4.609615897272697715e+00,5.801714990302666131e+00,6.619297727913239227e-01
4.748293540331403939e+00,5.902870453167474274e+00,6.956420249149989354e-01
4.888108125829274009e+00,6.002448637246337704e+00,7.294582278782348883e-01
5.034256645760181392e+00,6.104082788079566946e+00,7.645906667075631491e-01
5.181528276432385560e+00,6.204082661676670440e+00,7.997332629809196236e-01
5.319999773798078202e+00,6.295998580819971657e+00,8.325281484838203960e-01
5.459373340798564733e+00,6.386540899081686540e+00,8.652781307429536772e-01
5.599505553236743260e+00,6.475664734453541627e+00,8.979238753576104237e-01
5.740471510439070890e+00,6.563463956390028109e+00,9.304675912420858896e-01
5.882239827582282921e+00,6.649960939314607522e+00,9.628866196650878173e-01
6.024781262901258039e+00,6.735177905783351626e+00,9.951593399484355285e-01
6.168067650145357739e+00,6.819136319185582273e+00,1.027268990800665582e+00
6.312072119651130464e+00,6.901857079021827879e+00,1.059197749843439063e+00
6.456769080094592717e+00,6.983360559958204483e+00,1.090930622531523397e+00
6.602134064798932833e+00,7.063666571878310485e+00,1.122452390246776011e+00
6.748143734735855936e+00,7.142794408179132581e+00,1.153750832135983062e+00
6.894775811324662662e+00,7.220762851456175468e+00,1.184818044947652194e+00
7.048798214687903574e+00,7.301098291860114387e+00,1.217047270667311887e+00
7.203455058401549316e+00,7.380205503427079705e+00,1.248999682574169823e+00
7.373458857227710439e+00,7.465419204805156639e+00,1.283643174336828841e+00
7.544168568728796487e+00,7.549209836573076871e+00,1.317909355540654914e+00
7.701446459916884812e+00,7.624882227679520952e+00,1.349035140335599792e+00
7.859277230956554838e+00,7.699394634564968420e+00,1.379844617466966517e+00
8.009951239441912563e+00,7.769233237493322619e+00,1.408850916802835807e+00
8.161093547603158527e+00,7.838052519951541619e+00,1.437558197359372070e+00
8.312689400505098192e+00,7.905866916462939820e+00,1.465953039483488318e+00
8.464724633045390689e+00,7.972690462910918541e+00,1.494035556939120601e+00
8.617185534311056827e+00,8.038536762678342384e+00,1.521794328971811439e+00
8.770059147845225667e+00,8.103419139924572079e+00,1.549225956842081864e+00
8.923333001556867927e+00,8.167350541600230329e+00,1.576312373375753362e+00
9.076994934552937266e+00,8.230343488846726174e+00,1.603076343824580974e+00
9.231033358945319733e+00,8.292410207435780833e+00,1.629657220163628351e+00
9.385437067206320094e+00,8.353562566952771107e+00,1.655655240984641230e+00
9.540240951853181883e+00,8.413829747860141595e+00,1.681356705476261704e+00
9.695389188707308037e+00,8.473204848973663772e+00,1.706777850416248965e+00
9.861869480498171470e+00,8.535798546224730998e+00,1.733769340296942518e+00
1.002872122894365070e+01,8.597395261942123668e+00,1.760047135909587501e+00
1.021527101590436004e+01,8.664946389052419207e+00,1.788977302055522633e+00
1.040225374449081208e+01,8.731289749316168525e+00,1.817351732756805616e+00
1.057913057526800493e+01,8.792818006089936134e+00,1.843663749148503284e+00
1.075636844858940400e+01,8.853298407187761399e+00,1.869490994019407548e+00
1.091625847475691735e+01,8.906871097511537272e+00,1.892343282070626520e+00
1.107642411896478940e+01,8.959614074813902818e+00,1.914806764799606986e+00
1.123442608053111869e+01,9.010756104857268411e+00,1.936541240791188168e+00
1.139268082505209634e+01,9.061110492078610079e+00,1.957888200766972897e+00
1.155118146752765718e+01,9.110685394100206835e+00,1.978845159812295584e+00
1.170992137121212018e+01,9.159488763075009032e+00,1.999409079930913213e+00
1.186889412242573805e+01,9.207528346249398865e+00,2.019577605331322356e+00
1.202809344915259437e+01,9.254811670149793557e+00,2.039349062804150847e+00
1.218751327938015905e+01,9.301346067097359338e+00,2.058722612333526936e+00
1.234714776551448701e+01,9.347138689694514113e+00,2.077695996774081344e+00
1.250699119741522836e+01,9.392196492937637586e+00,2.096266844025167497e+00
1.266703806885194084e+01,9.436526260526312271e+00,2.114437776819364512e+00
1.282948561278089450e+01,9.480728637391219848e+00,2.132440080335093580e+00
1.299213128916781734e+01,9.524196321795335152e+00,2.150043178462537785e+00
1.317269202717348087e+01,9.571540671876066497e+00,2.169050713850525280e+00
1.335348290407166161e+01,9.617998480103381098e+00,2.187554601003776966e+00
1.355411289289049215e+01,9.668461746770448784e+00,2.207450006511084251e+00
1.375500839281379406e+01,9.717857436172709029e+00,2.226690145413253497e+00
1.394237204612955239e+01,9.762918129124383171e+00,2.244056648657585029e+00
1.412995189698781218e+01,9.807070203537957553e+00,2.260864201715716337e+00
1.429725907352610115e+01,9.845650101972770685e+00,2.275387882175192722e+00
1.446472821902054129e+01,9.883520749752024770e+00,2.289482937475360025e+00
1.462686088090418224e+01,9.919481057453056749e+00,2.302707268445175703e+00
1.478913714141272351e+01,9.954787709248824612e+00,2.315529984360818361e+00
1.495155325154949999e+01,9.989445373671109962e+00,2.327951125069100957e+00
1.511410554432753450e+01,1.002345859480050905e+01,2.339973246151411335e+00
1.527679043926725377e+01,1.005683179696137586e+01,2.351596675680987847e+00
1.543960445196815456e+01,1.008956929009844750e+01,2.362827259402992652e+00
1.560254417954413064e+01,1.012167527001083300e+01,2.373666219855039117e+00
1.576560628501092154e+01,1.015315381854473031e+01,2.384121445825215346e+00
1.592878751630682466e+01,1.018400891044985812e+01,2.394209563040119448e+00
1.609208468656371949e+01,1.021424441250617932e+01,2.403919967580273820e+00
1.625604135784852389e+01,1.024396211554044456e+01,2.413284865988083450e+00
1.642010853332111964e+01,1.027306356388088027e+01,2.422294994476395402e+00
1.659884797120151134e+01,1.030404939912301288e+01,2.431667943948338628e+00
1.677771101247995844e+01,1.033431359769838309e+01,2.440630868617099658e+00
1.697936386107845408e+01,1.036755061437438385e+01,2.450207091784345259e+00
1.718116368808514594e+01,1.039988328310117005e+01,2.459254485008754987e+00
1.738807359843731959e+01,1.043207924366193673e+01,2.468001259526054536e+00
1.759512716879295624e+01,1.046333801741358549e+01,2.476200649928862241e+00
1.777929577868126287e+01,1.049034220991567423e+01,2.483076290445248357e+00
1.796357022948511784e+01,1.051661445000226891e+01,2.489556775458487525e+00
1.813010500152732263e+01,1.053971899562695747e+01,2.495087970279606271e+00
1.829672074295435991e+01,1.056223222141248463e+01,2.500321236992636198e+00
1.846137494813118707e+01,1.058389206810544181e+01,2.505200986744661407e+00
1.862610337391351933e+01,1.060498003247664478e+01,2.509800402075466508e+00
1.879090369654084824e+01,1.062549850909119264e+01,2.514128494889475096e+00
1.895577364442094748e+01,1.064544981853760319e+01,2.518192861599801269e+00
1.912071097916534512e+01,1.066483620636488361e+01,2.522004435166514735e+00
1.928571348623087900e+01,1.068365984341349595e+01,2.525570079672778689e+00
1.945077899510327413e+01,1.070192282947713558e+01,2.528900248476845025e+00
1.961590535472794627e+01,1.071962719174999812e+01,2.532002395621158808e+00
1.978109043404072409e+01,1.073677488626697318e+01,2.534885084712651615e+00
1.994633216348578131e+01,1.075336780330514053e+01,2.537561173498234179e+00
2.011442055758756453e+01,1.076967391688032549e+01,2.540067921041626153e+00
2.028256326753432148e+01,1.078541008077974261e+01,2.542393250678789851e+00
2.046961593861543349e+01,1.080224305177795507e+01,2.544738715256319228e+00
2.065673031576531926e+01,1.081837565326183359e+01,2.546878661624248696e+00
2.086756221875519302e+01,1.083571111053510272e+01,2.549032085735690067e+00
2.107846484431469136e+01,1.085216384310936633e+01,2.550929198991266578e+00
2.128743429557971467e+01,1.086759322822632257e+01,2.552597103447953764e+00
2.149646551211736778e+01,1.088216197572429245e+01,2.554044932012763613e+00
2.168205327336697152e+01,1.089437440613673402e+01,2.555182264956099569e+00
2.186768418850837747e+01,1.090591234884095861e+01,2.556185689228969604e+00
2.203546411118508175e+01,1.091575972398611150e+01,2.556987710963603444e+00
2.220327532492211375e+01,1.092505864322147069e+01,2.557704365319369622e+00
2.236912261248334843e+01,1.093370938955612282e+01,2.558327294745881719e+00
2.253499687363935422e+01,1.094182651809728135e+01,2.558874126217491884e+00
2.270089635332619693e+01,1.094941088067101553e+01,2.559351124118862231e+00
2.286681929862555407e+01,1.095646327132297770e+01,2.559764488654871606e+00
2.303276396933713244e+01,1.096298442727648137e+01,2.560119933480555776e+00
2.319872864016421943e+01,1.096897502935333968e+01,2.560423747877389022e+00
2.336471159204078063e+01,1.097443570196952045e+01,2.560682493717934882e+00
2.353071111456243614e+01,1.097936701356630529e+01,2.560900450610528623e+00
2.369672550623500129e+01,1.098376947689796879e+01,2.561082589421717071e+00
2.386275306880091662e+01,1.098764354914403540e+01,2.561235386087663990e+00
2.403166923243085762e+01,1.099104295981836721e+01,2.561360490682145219e+00
2.420059550294059747e+01,1.099389629004270930e+01,2.561472014361824368e+00
2.438853791342741317e+01,1.099642932956903607e+01,2.561563189548520914e+00
2.457648821078899815e+01,1.099828720641595403e+01,2.561635468315741182e+00
2.478824237354765359e+01,1.099957181960395580e+01,2.561689622005111744e+00
2.500000000000004263e+01,1.099999999999999467e+01,2.561700841271557394e+00
2.521175762645243168e+01,1.099957181960395580e+01,2.561694316125619597e+00
2.542351178921105515e+01,1.099828720641595403e+01,2.561645028649623956e+00
2.561146208657268986e+01,1.099642932956903074e+01,2.561576374802560174e+00
2.579940449705946293e+01,1.099389629004270752e+01,2.561488468625306769e+00
2.596833076756928449e+01,1.099104295981836366e+01,2.561377888403176595e+00
2.613724693119912956e+01,1.098764354914403363e+01,2.561253235355000601e+00
2.630327449376504845e+01,1.098376947689796523e+01,2.561098118548769342e+00
2.646928888543762071e+01,1.097936701356630351e+01,2.560913331125933556e+00
2.663528840795927266e+01,1.097443570196951868e+01,2.560691783826885004e+00
2.680127135983583386e+01,1.096897502935333613e+01,2.560429374636161270e+00
2.696723603066292085e+01,1.096298442727647782e+01,2.560121173319811483e+00
2.713318070137449922e+01,1.095646327132297415e+01,2.559761356659272735e+00
2.729910364667385636e+01,1.094941088067101198e+01,2.559343721871516042e+00
2.746500312636069907e+01,1.094182651809727780e+01,2.558862450572374048e+00
2.763087738751670841e+01,1.093370938955611926e+01,2.558311558281288089e+00
2.779672467507793954e+01,1.092505864322146536e+01,2.557684734957962114e+00
2.796453588881497865e+01,1.091575972398610617e+01,2.556964376502834480e+00
2.813231581149167937e+01,1.090591234884095151e+01,2.556158964191926231e+00
2.831794672663309598e+01,1.089437440613672869e+01,2.555151261485226755e+00
2.850353448788270683e+01,1.088216197572428534e+01,2.554010075412287417e+00
2.871256570442036349e+01,1.086759322822631368e+01,2.552557071967888280e+00
2.892153515568539035e+01,1.085216384310935744e+01,2.550883780902287956e+00
2.913243778124488514e+01,1.083571111053509384e+01,2.548981985067265921e+00
2.934326968423475535e+01,1.081837565326182471e+01,2.546822548371216577e+00
2.953038406138463756e+01,1.080224305177794619e+01,2.544679167985671064e+00
2.971743673246573536e+01,1.078541008077973729e+01,2.542329895121770988e+00
2.988557944241249942e+01,1.076967391688031661e+01,2.540005335127762276e+00
3.005366783651427909e+01,1.075336780330513164e+01,2.537500440777006094e+00
3.021890956595932920e+01,1.073677488626696608e+01,2.534827665761494320e+00
3.038409464527210702e+01,1.071962719174998568e+01,2.531949240328871920e+00
3.054922100489678627e+01,1.070192282947712492e+01,2.528850387965576374e+00
3.071428651376918140e+01,1.068365984341348707e+01,2.525523634001942686e+00
3.087928902083471527e+01,1.066483620636487650e+01,2.521958761158667794e+00
3.104422635557910581e+01,1.064544981853759253e+01,2.518147544731292875e+00
3.120909630345920860e+01,1.062549850909118199e+01,2.514081883453989530e+00
3.137389662608653751e+01,1.060498003247663412e+01,2.509752039295782389e+00
3.153862505186886267e+01,1.058389206810543293e+01,2.505150860508228217e+00
3.170327925704569694e+01,1.056223222141247398e+01,2.500269245141323537e+00
3.186989499847274132e+01,1.053971899562694681e+01,2.495034395540038030e+00
3.203642977051494967e+01,1.051661445000225470e+01,2.489503014502384648e+00
3.222070422131880463e+01,1.049034220991565824e+01,2.483021484654500011e+00
3.240487283120712192e+01,1.046333801741356595e+01,2.476146835207965857e+00
3.261192640156279765e+01,1.043207924366191364e+01,2.467947106962619763e+00
3.281883631191500683e+01,1.039988328310113985e+01,2.459200221078636339e+00
3.302063613892170935e+01,1.036755061437435366e+01,2.450154144833550429e+00
3.322228898752022275e+01,1.033431359769834934e+01,2.440577942886759555e+00
3.340115202879864853e+01,1.030404939912297912e+01,2.431618735192288216e+00
3.357989146667901537e+01,1.027306356388085185e+01,2.422249083979581386e+00
3.374395864215161822e+01,1.024396211554041258e+01,2.413245869041046987e+00
3.390791531343641907e+01,1.021424441250614557e+01,2.403887304593972374e+00
3.407121248369331568e+01,1.018400891044982615e+01,2.394182007985193650e+00
3.423439371498922412e+01,1.015315381854469656e+01,2.384100696838138855e+00
3.439745582045602390e+01,1.012167527001079748e+01,2.373636847239839032e+00
3.456039554803199820e+01,1.008956929009841197e+01,2.362786986944736878e+00
3.472320956073290432e+01,1.005683179696133855e+01,2.351547635537713177e+00
3.488589445567263425e+01,1.002345859480046641e+01,2.339915391797866562e+00
3.504844674845066521e+01,9.989445373671067330e+00,2.327887381186837690e+00
3.521086285858743992e+01,9.954787709248783756e+00,2.315460390016279124e+00
3.537313911909598829e+01,9.919481057453012340e+00,2.302633657753872409e+00
3.553527178097963457e+01,9.883520749751978585e+00,2.289407029567067209e+00
3.570274092647406405e+01,9.845650101972724499e+00,2.275308809648012076e+00
3.587004810301233704e+01,9.807070203537911368e+00,2.260785709856304670e+00
3.605762795387060038e+01,9.762918129124340538e+00,2.243975180897723742e+00
3.624499160718634272e+01,9.717857436172668173e+00,2.226609066053663710e+00
3.644588710710963397e+01,9.668461746770411480e+00,2.207367811405250624e+00
3.664651709592848050e+01,9.617998480103340242e+00,2.187469670859681248e+00
3.682730797282665947e+01,9.571540671876022088e+00,2.168968102077214688e+00
3.700786871083231944e+01,9.524196321795288966e+00,2.149960555406704277e+00
3.717051438721924939e+01,9.480728637391171887e+00,2.132362489020206198e+00
3.733296193114822614e+01,9.436526260526257204e+00,2.114363142651892069e+00
3.749300880258493862e+01,9.392196492937584296e+00,2.096195072184229513e+00
3.765285223448567820e+01,9.347138689694459046e+00,2.077626064209364909e+00
3.781248672062000793e+01,9.301346067097302495e+00,2.058654053745487822e+00
3.797190655084756372e+01,9.254811670149734937e+00,2.039280892323885208e+00
3.813110587757442715e+01,9.207528346249342022e+00,2.019508790720730307e+00
3.829007862878804502e+01,9.159488763074950413e+00,1.999338900631313365e+00
3.844881853247250802e+01,9.110685394100146439e+00,1.978773835449954666e+00
3.860731917494806709e+01,9.061110492078551459e+00,1.957815043026731594e+00
3.876557391946903408e+01,9.010756104857209792e+00,1.936466003499682342e+00
3.892357588103536159e+01,8.959614074813845974e+00,1.914729377026783474e+00
3.908374152524325496e+01,8.906871097511469770e+00,1.892263442248717009e+00
3.924363155141077897e+01,8.853298407187690344e+00,1.869411176067163671e+00
3.942086942473219580e+01,8.792818006089857974e+00,1.843579446335971816e+00
3.959774625550940641e+01,8.731289749316083260e+00,1.817263157963632247e+00
3.978472898409582825e+01,8.664946389052342823e+00,1.788877319291610979e+00
3.997127877105648963e+01,8.597395261942063271e+00,1.759947551196276327e+00
4.013813051950196353e+01,8.535798546224670602e+00,1.733564404773821233e+00
4.030461081129282519e+01,8.473204848973605152e+00,1.706778426551110339e+00
4.045975904814694957e+01,8.413829747860081198e+00,1.681381887286553134e+00
4.061456293279380958e+01,8.353562566952708934e+00,1.655642076490351888e+00
4.076896664105480994e+01,8.292410207435716885e+00,1.629559995520738935e+00
4.092300506544720662e+01,8.230343488846655120e+00,1.603133888855889921e+00
4.107666699844326530e+01,8.167350541600164604e+00,1.576368342254207633e+00
4.122994085215488980e+01,8.103419139924511683e+00,1.549266237919884714e+00
4.138281446568904443e+01,8.038536762678285541e+00,1.521833176232136653e+00
4.153527536695469280e+01,7.972690462910867915e+00,1.494073055389983029e+00
4.168731059949498530e+01,7.905866916462886529e+00,1.465991772248474323e+00
4.183890645239693384e+01,7.838052519951487440e+00,1.437593252957600987e+00
4.199004876055817448e+01,7.769233237493271993e+00,1.408883080464867987e+00
4.214072276904352776e+01,7.699394634564917794e+00,1.379871650181677012e+00
4.229855354008316937e+01,7.624882227679482760e+00,1.349061794655067814e+00
4.245583143127122838e+01,7.549209836573052002e+00,1.317932182938789998e+00
4.262654114277233219e+01,7.465419204805125553e+00,1.283668701755523944e+00
4.279654494159849065e+01,7.380205503427045066e+00,1.249027029850013015e+00
4.295120178531212218e+01,7.301098291860086853e+00,1.217072207755243607e+00
4.310522418867535777e+01,7.220762851456154152e+00,1.184844146749236105e+00
4.325185626526417337e+01,7.142794408179105048e+00,1.153776930988237748e+00
4.339786593520111069e+01,7.063666571878274070e+00,1.122479567510284770e+00
4.354323091990544725e+01,6.983360559958170732e+00,1.090959065561012631e+00
4.368792788034890862e+01,6.901857079021794128e+00,1.059227593678313539e+00
4.383193234985468933e+01,6.819136319185542305e+00,1.027300731594322780e+00
4.397521873709879969e+01,6.735177905783301000e+00,9.951920812528319837e-01
4.411776017241777481e+01,6.649960939314557784e+00,9.629197066070878108e-01
4.425952848956097796e+01,6.563463956389982812e+00,9.305010060103128255e-01
4.440049444676330381e+01,6.475664734453496330e+00,8.979575293299332239e-01
4.454062665920149300e+01,6.386540899081635025e+00,8.653109911945736643e-01
4.468000022620197598e+01,6.295998580819918367e+00,8.325599612745805400e-01
4.481847172356767572e+01,6.204082661676617150e+00,7.997626122662715442e-01
4.496574335423988344e+01,6.104082788079508326e+00,7.646205496019817804e-01
4.511189187417080149e+01,6.002448637246271979e+00,7.294877633840247677e-01
4.525170645966863958e+01,5.902870453167422760e+00,6.956693748480716755e-01
4.539038410272733870e+01,5.801714990302620834e+00,6.619556891688196387e-01
4.552342614899311712e+01,5.702318374757177288e+00,6.294809390448043995e-01
4.565531068393808312e+01,5.601391042285134070e+00,5.972014954093803896e-01
4.578598812286398356e+01,5.498905577428144120e+00,5.651709939137775640e-01
4.591540608150469183e+01,5.394834270755444194e+00,5.334477745151401384e-01
4.604350929104283807e+01,5.289149126010273427e+00,5.021006617432685060e-01
4.617023967403421381e+01,5.181821726501098624e+00,4.712008488908252524e-01
4.629553600034297034e+01,5.072823445657776098e+00,4.408319971556934891e-01
4.641933342033980381e+01,4.962125800197875414e+00,4.110843299990957767e-01
4.654156361686342080e+01,4.849700282444374899e+00,3.820642669461640217e-01
4.666215465407159968e+01,4.735518448259639079e+00,3.538895624084709146e-01
4.678142922661267278e+01,4.619157391139721014e+00,3.266143422657927786e-01
4.689889625598081579e+01,4.500972015997469988e+00,3.005042232178568029e-01
4.701649924262724767e+01,4.378793017088659312e+00,2.753533929371866917e-01
4.713204714258129968e+01,4.254668841301459281e+00,2.519160784479592130e-01
4.724311478890111715e+01,4.131204337245509173e+00,2.310020452418526937e-01
4.735201728630166684e+01,4.005826076370179400e+00,2.126012988485904698e-01
4.745865101645915018e+01,3.878512820170924247e+00,1.973944280241261562e-01
4.756290721893410023e+01,3.749245608703018817e+00,1.862818226714751668e-01
4.766467190974309887e+01,3.618008179115340006e+00,1.804299325861680459e-01
4.776382581865050980e+01,3.484787457121381493e+00,1.811675071621215438e-01
4.786024439582789824e+01,3.349574072665499891e+00,1.899116172197526931e-01
4.795379785112506710e+01,3.212362964374007035e+00,2.080266178501222474e-01
4.804435128970872171e+01,3.073154004963449815e+00,2.369981650877190649e-01
4.813176497618849936e+01,2.931952604568664356e+00,2.787659363333854778e-01
4.821590146235227081e+01,2.788758508295520411e+00,3.362450885178285831e-01
4.829660490747412638e+01,2.643602134685268279e+00,4.140510891269884031e-01
4.837371709155722499e+01,2.496522327055811896e+00,5.192510504994878318e-01
4.844709011727806569e+01,2.347542216850977415e+00,6.630548949160139927e-01
4.851656731820361301e+01,2.196706202925699625e+00,8.632103317773138773e-01
4.858199116188686162e+01,2.044068669397911542e+00,1.147091416972025213e+00
4.864320446437398004e+01,1.889694640856358854e+00,1.560104144172912877e+00
4.870005177808764074e+01,1.733660341565203877e+00,2.168537677046679324e+00
4.875238095411631889e+01,1.576053593959211296e+00,3.076481772046716578e+00
4.880004484245907292e+01,1.416974062929926115e+00,4.481885694109164930e+00
4.884290310037346927e+01,1.256533329913836372e+00,6.494768878108792443e+00
4.888082409201898315e+01,1.094854698479937882e+00,1.024787755622046248e+01
4.891378341588083600e+01,9.315519563954257620e-01,1.389595613210470937e+01
4.894154265178763552e+01,7.672855176336829119e-01,2.795841136841650254e+01
4.896572073409311088e+01,5.877094679039644998e-01,2.905971027963612840e+01
4.898353476820720687e+01,4.073910528475179205e-01,1.160794093993426088e+02
4.899587803715636625e+01,2.038616102619416892e-01,1.093496609418675263e+02
4.899999999999997868e+01,-3.939854944908860741e-17,1.189960279446971981e+03
