x,y,stress
-2.107111489550212185e-18,-6.661895393497056613e-17,1.541229932923088023e-05
9.522737349318065661e-03,1.655906405945297699e-01,1.728804121731768672e-05
3.762641008809448212e-02,3.290630852005625440e-01,3.652519583317746712e-05
8.297270052736030466e-02,4.884309901127283360e-01,9.669207968833118524e-05
1.437828905069479524e-01,6.425760110141830461e-01,7.497054677031127082e-04
2.180485165861297259e-01,7.907219023185939610e-01,3.681580013856139161e-03
3.038013838403832434e-01,9.325404963243548728e-01,8.555621451482631895e-03
3.992587069888881568e-01,1.068027716521376291e+00,1.719871130495341169e-02
5.028814006740202069e-01,1.197385479718244827e+00,3.234791845157256734e-02
6.133777792715303656e-01,1.320930362969983562e+00,5.394572900158232237e-02
7.296802158180882847e-01,1.439031225594624708e+00,7.975145282223262966e-02
8.509122940872119178e-01,1.552070239130561635e+00,1.089365641844172866e-01
9.763556131467218124e-01,1.660420367721123780e+00,1.407550634039752557e-01
1.105420088863105166e+00,1.764433430347794873e+00,1.734647885206090645e-01
1.237618974274687700e+00,1.864434682182023684e+00,2.060059669173153196e-01
1.372548617700536822e+00,1.960721288658724415e+00,2.384988199740523673e-01
1.509872367568113605e+00,2.053562967034285425e+00,2.703695821775841668e-01
1.649307613780283122e+00,2.143203562157942610e+00,3.013995628671696236e-01
1.790615497152137747e+00,2.229863119014348971e+00,3.314219902104192927e-01
1.933592894353302283e+00,2.313740202016317582e+00,3.603617244133855424e-01
2.078066229912332918e+00,2.395014248184665018e+00,3.881743610174568926e-01
2.223885697995234612e+00,2.473847278349250445e+00,4.148651262355461111e-01
2.370922402925492278e+00,2.550386479199071132e+00,4.404420282813829024e-01
2.519064686948579546e+00,2.624765652995118437e+00,4.649393425799752122e-01
2.668213475793157929e+00,2.697105762239554227e+00,4.883934934670657313e-01
2.818282314497681629e+00,2.767517419997714168e+00,5.108438026637979190e-01
2.969195132642995727e+00,2.836101811507280690e+00,5.323240855934864291e-01
3.120884174115649667e+00,2.902951453783910285e+00,5.529439409813065032e-01
3.273289634850462537e+00,2.968151489805202825e+00,5.725368176524546771e-01
3.426357954829170271e+00,3.031780171620928499e+00,5.919580209022492490e-01
3.580040997524883917e+00,3.093909585740930446e+00,6.100143422326774756e-01
3.734295629772476754e+00,3.154606393189766766e+00,6.275268387973341744e-01
3.889082760628377766e+00,3.213932230585198280e+00,6.443246296662057393e-01
4.049889575930689212e+00,3.273980680674798638e+00,6.610529675740086653e-01
4.211194047218146608e+00,3.332679329085938669e+00,6.771301041037409707e-01
4.368544710191471836e+00,3.388533581238170722e+00,6.921917695130734849e-01
4.526308759662225789e+00,3.443209389353226069e+00,7.067160334189307447e-01
4.683320636435454709e+00,3.496368728145697879e+00,7.206316683609006457e-01
4.840693489220360135e+00,3.548449801512710611e+00,7.340747078252300994e-01
4.998406981772351543e+00,3.599490177765674037e+00,7.470707119825992226e-01
5.156442353789615574e+00,3.649525101795007220e+00,7.596444940319571071e-01
5.314782106263405304e+00,3.698587638142981415e+00,7.718185689920807890e-01
5.473410438288900615e+00,3.746709020606772800e+00,7.836145497407551730e-01
5.632312755901518919e+00,3.793918685334678464e+00,7.950526045856074475e-01
5.791475075074651535e+00,3.840244268794739124e+00,8.061516143265763379e-01
5.950884579165312438e+00,3.885711931806339337e+00,8.169281722085627306e-01
6.110529385025009752e+00,3.930346426644014901e+00,8.274011388937660971e-01
6.274151437243978613e+00,3.975189744758397481e+00,8.378175824524142223e-01
6.437997212689798410e+00,4.019208656610895325e+00,8.479500718490764477e-01
6.618175799834266293e+00,4.066626593464659933e+00,8.587610071382776322e-01
6.798598870890258716e+00,4.113105666474562661e+00,8.692481648078052014e-01
6.966855656054174339e+00,4.155575605383189597e+00,8.787515232804468113e-01
7.135305162168958937e+00,4.197274624447100422e+00,8.880095112466076523e-01
7.296387448007316756e+00,4.236405210821337697e+00,8.966333427246852006e-01
7.457630940619966786e+00,4.274866147189586130e+00,9.050529760772243471e-01
7.619029083647030909e+00,4.312672786136431569e+00,9.132743457495968720e-01
7.780575726188769359e+00,4.349839794093623091e+00,9.213062440146666532e-01
7.942265060018326217e+00,4.386381184315620629e+00,9.291539811465614473e-01
8.104091543649193596e+00,4.422310344179127384e+00,9.368270911930453027e-01
8.266049936897513106e+00,4.457640084220584775e+00,9.443308049549153926e-01
8.428135301142964053e+00,4.492382675507495371e+00,9.516732347928287261e-01
8.590342924901621657e+00,4.526549868214641670e+00,9.588677907020671798e-01
8.752668355967490044e+00,4.560152930796510518e+00,9.659111805360914849e-01
8.915195491642840864e+00,4.593220447817515151e+00,9.728128468206973523e-01
9.077832271737385383e+00,4.625744427698633920e+00,9.795759151946489274e-01
9.252533919397063045e+00,4.660064073971404319e+00,9.866796016706337324e-01
9.427352948490645090e+00,4.693780718717601275e+00,9.936328415452065910e-01
9.622028432420153266e+00,4.730606330152852479e+00,1.001195484441489203e+00
9.816838322952605722e+00,4.766714198034701866e+00,1.008576599180174505e+00
9.999916636315642648e+00,4.799984994471662603e+00,1.015355260796920067e+00
1.018310460686225127e+01,4.832646644267262204e+00,1.021987125182220568e+00
1.034853921030397039e+01,4.861612750058643684e+00,1.027851812412420518e+00
1.051405709332755833e+01,4.890099138752348473e+00,1.033606279515148385e+00
1.067750144238791776e+01,4.917751886774147430e+00,1.039178017127510900e+00
1.084102183078939774e+01,4.944951387318168301e+00,1.044645434351542779e+00
1.100461584474019006e+01,4.971704255803039096e+00,1.050010240693887154e+00
1.116828124455716065e+01,4.998016890844911408e+00,1.055274932392465725e+00
1.133201589052001168e+01,5.023895472445752297e+00,1.060440307673170768e+00
1.149581762645212812e+01,5.049345954190979313e+00,1.065509639920618312e+00
1.165968439231794740e+01,5.074374091301922185e+00,1.070483808981534279e+00
1.182361427273788479e+01,5.098985456733996280e+00,1.075365722075251274e+00
1.198760540742381586e+01,5.123185435771830498e+00,1.080162049627612531e+00
1.215165596945483450e+01,5.146979231233659746e+00,1.084869604937026777e+00
1.231826673113157966e+01,5.170725455748261368e+00,1.089558638855461448e+00
1.248493518741343955e+01,5.194063303198876547e+00,1.094161694105213467e+00
1.267004776371751085e+01,5.219502198889961697e+00,1.099166272856420656e+00
1.285522712851043359e+01,5.244450279432154360e+00,1.104066036144118579e+00
1.306148666891673393e+01,5.271658316692033885e+00,1.109397404029495160e+00
1.326782348240176646e+01,5.298274017792131474e+00,1.114597403661111708e+00
1.346190385630668729e+01,5.322766821214697686e+00,1.119374312723137033e+00
1.365604793424374641e+01,5.346749450658582425e+00,1.124040692466661717e+00
1.382858657146924131e+01,5.367633786661428097e+00,1.128097191880138794e+00
1.400117239920553835e+01,5.388124496065480606e+00,1.132071209057313954e+00
1.416582605378751225e+01,5.407305324690377724e+00,1.135784414948302512e+00
1.433052021766374473e+01,5.426135161202738644e+00,1.139424046044313243e+00
1.449525377526651759e+01,5.444617311531395387e+00,1.142990463620217945e+00
1.466002561784362435e+01,5.462754978499194003e+00,1.146484373822969971e+00
1.482483466763965296e+01,5.480551268115825714e+00,1.149906681369255779e+00
1.498967990343012424e+01,5.498009195526906367e+00,1.153258016605946290e+00
1.515456032766177863e+01,5.515131684476885177e+00,1.156539584760163164e+00
1.531947495363310274e+01,5.531921569040524567e+00,1.159751736807407729e+00
1.548442283261009322e+01,5.548381599302212308e+00,1.162895097642828057e+00
1.564940303417580658e+01,5.564514442037562958e+00,1.165970621367067528e+00
1.581447925028695956e+01,5.580328808668860496e+00,1.168979813698913794e+00
1.597958602981237597e+01,5.595820832733223504e+00,1.171924215296612504e+00
1.615658011905694380e+01,5.612070034222490733e+00,1.175004808154596070e+00
1.633360730167268926e+01,5.627954648508338487e+00,1.178012810612739436e+00
1.653304542324596582e+01,5.645413641111036718e+00,1.181309708303104333e+00
1.673252286373800501e+01,5.662417516905633441e+00,1.184513691548638725e+00
1.694791665242932410e+01,5.680267928257735299e+00,1.187869260827682183e+00
1.716335302926103168e+01,5.697596786465852325e+00,1.191114505123361811e+00
1.735851777103774651e+01,5.712845732403468269e+00,1.193965292682455548e+00
1.755371496567205369e+01,5.727673483815439504e+00,1.196730199237899139e+00
1.772715056762797659e+01,5.740495281883003287e+00,1.199116351969348848e+00
1.790061010880317127e+01,5.752989049072806615e+00,1.201437519523047781e+00
1.806597048620385948e+01,5.764594341219848594e+00,1.203589288778953881e+00
1.823135127711102044e+01,5.775905013177524694e+00,1.205682860663697786e+00
1.839675183933436031e+01,5.786922649454641743e+00,1.207717972475108814e+00
1.856217156126621148e+01,5.797648784086661955e+00,1.209695343043080573e+00
1.872760984687391073e+01,5.808084900703264886e+00,1.211615612498202044e+00
1.889306608446759128e+01,5.818232431719792430e+00,1.213479179131350394e+00
1.905853967291607631e+01,5.828092761175407865e+00,1.215286518230428436e+00
1.922403004796720083e+01,5.837667227251063018e+00,1.217038146850828451e+00
1.938953664818690115e+01,5.846957121129809920e+00,1.218734572952335338e+00
1.955505890851280171e+01,5.855963687642663729e+00,1.220376361644041729e+00
1.972065184589894216e+01,5.864691008459411492e+00,1.221963799641869963e+00
1.988625936215226275e+01,5.873137170650475802e+00,1.223498929370333554e+00
2.006365648030186222e+01,5.881873232989533129e+00,1.225082347895899648e+00
2.024106906633620540e+01,5.890289330655359201e+00,1.226607096034418642e+00
2.044092084067827741e+01,5.899387452932429277e+00,1.228250307670732955e+00
2.064079053846311496e+01,5.908082943674515697e+00,1.229818478655947178e+00
2.086131191725721479e+01,5.917210882750142176e+00,1.231461399630182196e+00
2.108185287604787206e+01,5.925852840851496772e+00,1.233009784325221236e+00
2.128593139474718754e+01,5.933417901781346870e+00,1.234364118458891824e+00
2.149002480257286507e+01,5.940570028956352999e+00,1.235641223099117170e+00
2.167123063100031999e+01,5.946574758843053310e+00,1.236712235842309715e+00
2.185244688991679496e+01,5.952256007813022443e+00,1.237724705058609098e+00
2.201875319832260303e+01,5.957185648310055370e+00,1.238601969245340273e+00
2.218506732079586641e+01,5.961844217275822366e+00,1.239431161371495449e+00
2.235077676521346390e+01,5.966216648440663128e+00,1.240208391941958421e+00
2.251649306320781108e+01,5.970321124846342364e+00,1.240937218368759032e+00
2.268221576136524931e+01,5.974158155795058711e+00,1.241617684404692223e+00
2.284794442568585637e+01,5.977728216636452707e+00,1.242250123224540204e+00
2.301367862339954584e+01,5.981031748586385532e+00,1.242834735873386665e+00
2.317941791195808676e+01,5.984069158822978629e+00,1.243371728157293798e+00
2.334516185451605708e+01,5.986840821086329534e+00,1.243861116626610253e+00
2.351091002285485843e+01,5.989347075925888220e+00,1.244303296797698355e+00
2.367666198737077821e+01,5.991588230732264542e+00,1.244698218595680084e+00
2.384241732107083678e+01,5.993564559998256769e+00,1.245046828209480205e+00
2.401343091710577227e+01,5.995326250606665575e+00,1.245356665207296487e+00
2.418444718044225539e+01,5.996806543425778457e+00,1.245618678186761308e+00
2.437621482833216291e+01,5.998131991098007099e+00,1.245852318648297929e+00
2.456798459303635696e+01,5.999104074012817200e+00,1.246024655178212370e+00
2.478399183198690992e+01,5.999776030082274225e+00,1.246144396289741385e+00
2.500000000000034461e+01,5.999999999999995559e+00,1.246182942551816941e+00
2.521600816801375800e+01,5.999776030082271561e+00,1.246144463767412391e+00
2.543201540696426477e+01,5.999104074012814536e+00,1.246024824230243855e+00
2.562378517166849079e+01,5.998131991098003546e+00,1.245853145080255686e+00
2.581555281955828107e+01,5.996806543425772240e+00,1.245620121328067320e+00
2.598656908289485656e+01,5.995326250606657581e+00,1.245358712089353892e+00
2.615758267892966060e+01,5.993564559998250552e+00,1.245049380324231736e+00
2.632333801262971207e+01,5.991588230732260101e+00,1.244700993012697543e+00
2.648908997714563185e+01,5.989347075925882002e+00,1.244306230498704702e+00
2.665483814548445096e+01,5.986840821086322428e+00,1.243863727037836320e+00
2.682058208804241772e+01,5.984069158822968859e+00,1.243373964144607324e+00
2.698632137660095509e+01,5.981031748586375762e+00,1.242836592639115167e+00
2.715205557431464811e+01,5.977728216636442049e+00,1.242251600750241991e+00
2.731778423863525873e+01,5.974158155795047165e+00,1.241618931103916523e+00
2.748350693679268986e+01,5.970321124846330818e+00,1.240938265484494263e+00
2.764922323478702992e+01,5.966216648440651582e+00,1.240209715946056779e+00
2.781493267920462387e+01,5.961844217275809044e+00,1.239432863642080829e+00
2.798124680167790146e+01,5.957185648310040271e+00,1.238604443490764373e+00
2.814755311008372018e+01,5.952256007813005567e+00,1.237728048585160723e+00
2.832876936900023068e+01,5.946574758843034658e+00,1.236716667919112833e+00
2.850997519742771402e+01,5.940570028956330795e+00,1.235646811697368896e+00
2.871406860525343063e+01,5.933417901781321113e+00,1.234370564630965728e+00
2.891814712395278875e+01,5.925852840851470127e+00,1.233017080768536999e+00
2.913868808274343536e+01,5.917210882750114642e+00,1.231468800032142541e+00
2.935920946153752453e+01,5.908082943674488163e+00,1.229825983864159644e+00
2.955907915932231589e+01,5.899387452932402631e+00,1.228257280520591799e+00
2.975893093366434528e+01,5.890289330655332556e+00,1.226613346509965563e+00
2.993634351969865648e+01,5.881873232989507372e+00,1.225087445524616792e+00
3.011374063784821331e+01,5.873137170650448269e+00,1.223502644718442944e+00
3.027934815410152325e+01,5.864691008459383958e+00,1.221966303695367850e+00
3.044494109148768146e+01,5.855963687642637083e+00,1.220377599434129712e+00
3.061046335181358202e+01,5.846957121129781498e+00,1.218734872520454315e+00
3.077596995203328589e+01,5.837667227251033708e+00,1.217037539131353929e+00
3.094146032708441041e+01,5.828092761175377667e+00,1.215285381845104817e+00
3.110693391553289544e+01,5.818232431719761344e+00,1.213477560312127057e+00
3.127239015312656534e+01,5.808084900703234688e+00,1.211613852080941633e+00
3.143782843873425747e+01,5.797648784086631757e+00,1.209693522523059839e+00
3.160324816066612286e+01,5.786922649454608880e+00,1.207716452633655235e+00
3.176864872288946628e+01,5.775905013177490055e+00,1.205681755768371222e+00
3.193402951379660948e+01,5.764594341219813067e+00,1.203589048698923802e+00
3.209938989119729058e+01,5.752989049072773753e+00,1.201438353009677718e+00
3.227284943237255277e+01,5.740495281882963319e+00,1.199118373422691342e+00
3.244628503432853250e+01,5.727673483815392430e+00,1.196733576600762738e+00
3.264148222896285745e+01,5.712845732403420307e+00,1.193969510086456021e+00
3.283664697073959360e+01,5.697596786465801699e+00,1.191119568044395782e+00
3.305208334757130473e+01,5.680267928257680232e+00,1.187874174619608647e+00
3.326747713626263447e+01,5.662417516905578374e+00,1.184518478708400435e+00
3.346695457675460261e+01,5.645413641110985203e+00,1.181314000362852168e+00
3.366639269832779746e+01,5.627954648508289637e+00,1.178016481909992752e+00
3.384341988094354292e+01,5.612070034222440995e+00,1.175007713106577256e+00
3.402041397018812319e+01,5.595820832733175543e+00,1.171926255833760200e+00
3.418552074971352539e+01,5.580328808668812535e+00,1.168981246383631767e+00
3.435059696582466415e+01,5.564514442037512332e+00,1.165971408922431118e+00
3.451557716739037573e+01,5.548381599302160794e+00,1.162895200380697602e+00
3.468052504636738576e+01,5.531921569040473052e+00,1.159751197711651471e+00
3.484543967233870632e+01,5.515131684476834550e+00,1.156538563450174584e+00
3.501032009657036070e+01,5.498009195526853965e+00,1.153256469613575197e+00
3.517516533236082665e+01,5.480551268115771535e+00,1.149904294490522672e+00
3.533997438215686060e+01,5.462754978499138936e+00,1.146481141256048941e+00
3.550474622473396380e+01,5.444617311531339432e+00,1.142986232665425206e+00
3.566947978233672956e+01,5.426135161202683577e+00,1.139418685156216915e+00
3.583417394621296381e+01,5.407305324690319104e+00,1.135777998434451597e+00
3.599882760079493238e+01,5.388124496065421987e+00,1.132063811386060159e+00
3.617141342853124542e+01,5.367633786661368589e+00,1.128089265786571982e+00
3.634395206575673143e+01,5.346749450658519365e+00,1.124032427557743352e+00
3.653809614369382075e+01,5.322766821214629296e+00,1.119366082320428557e+00
3.673217651759876645e+01,5.298274017792059531e+00,1.114589365607615790e+00
3.693851333108383272e+01,5.271658316691957502e+00,1.109390058127555756e+00
3.714477287149013307e+01,5.244450279432073536e+00,1.104059415336576588e+00
3.732995223628302028e+01,5.219502198889884426e+00,1.099161249070123469e+00
3.751506481258705605e+01,5.194063303198804604e+00,1.094158556583395558e+00
3.768173326886888930e+01,5.170725455748192978e+00,1.089558210811654826e+00
3.784834403054559004e+01,5.146979231233593133e+00,1.084871944310663583e+00
3.801239459257661935e+01,5.123185435771762108e+00,1.080166510902670796e+00
3.817638572726256285e+01,5.098985456733927002e+00,1.075372553915671769e+00
3.834031560768249136e+01,5.074374091301852907e+00,1.070487330748695731e+00
3.850418237354831064e+01,5.049345954190906482e+00,1.065509679068163296e+00
3.866798410948041465e+01,5.023895472445681243e+00,1.060437564554634671e+00
3.883171875544326213e+01,4.998016890844840354e+00,1.055269335136123088e+00
3.899538415526022561e+01,4.971704255802967154e+00,1.050002922162010410e+00
3.915897816921101793e+01,4.944951387318094582e+00,1.044636301913970833e+00
3.932249855761250501e+01,4.917751886774071934e+00,1.039167492059601683e+00
3.948594290667287510e+01,4.890099138752270314e+00,1.033594317008711849e+00
3.965146078969647192e+01,4.861612750058562860e+00,1.027838520043307557e+00
3.981689539313819637e+01,4.832646644267176939e+00,1.021972501898416708e+00
4.000008336368485118e+01,4.799984994471566679e+00,1.015339287334492191e+00
4.018316167704794140e+01,4.766714198034597061e+00,1.008559247144558801e+00
4.037797156758036721e+01,4.730606330152751227e+00,1.001177519243252156e+00
4.057264705150983275e+01,4.693780718717503575e+00,9.936140541821865124e-01
4.074746608060339526e+01,4.660064073971307508e+00,9.866622709762636889e-01
4.092216772826305515e+01,4.625744427698541550e+00,9.795606074841081146e-01
4.108480450835759967e+01,4.593220447817421892e+00,9.728019111231488436e-01
4.124733164403293983e+01,4.560152930796414594e+00,9.659052843040726311e-01
4.140965707509880644e+01,4.526549868214544858e+00,9.588662640187505248e-01
4.157186469885747471e+01,4.492382675507396783e+00,9.516768595162587996e-01
4.173395006310291677e+01,4.457640084220486187e+00,9.443312227964494321e-01
4.189590845635122918e+01,4.422310344179027020e+00,9.368236882583041991e-01
4.205773493998209034e+01,4.386381184315520265e+00,9.291480753424473660e-01
4.221942427381166141e+01,4.349839794093520062e+00,9.212976861016055619e-01
4.238097091635339098e+01,4.312672786136328540e+00,9.132655749269542600e-01
4.254236905938045510e+01,4.274866147189480436e+00,9.050441670292460605e-01
4.270361255199309625e+01,4.236405210821232004e+00,8.966253434838857839e-01
4.286469483783145762e+01,4.197274624446992952e+00,8.880027524362530400e-01
4.303314434394623333e+01,4.155575605383083904e+00,8.787453786417968038e-01
4.320140112911013119e+01,4.113105666474453415e+00,8.692427188909173097e-01
4.338182420016608631e+01,4.066626593464562234e+00,8.587538864442217923e-01
4.356200278731051156e+01,4.019208656610804731e+00,8.479410585056441629e-01
4.372584856275627629e+01,3.975189744758321986e+00,8.378061667821935510e-01
4.388947061497517410e+01,3.930346426643953173e+00,8.273861666886973554e-01
4.404911542083490161e+01,3.885711931806271835e+00,8.169086048258338284e-01
4.420852492492559804e+01,3.840244268794660965e+00,8.061268128480632011e-01
4.436768724409871112e+01,3.793918685334603413e+00,7.950219590259041125e-01
4.452658956171131166e+01,3.746709020606695084e+00,7.835771553136934298e-01
4.468521789373681230e+01,3.698587638142907696e+00,7.717747081467863923e-01
4.484355764621059848e+01,3.649525101794933057e+00,7.595934693283385997e-01
4.500159301822785807e+01,3.599490177765599874e+00,7.470138676646258524e-01
4.515930651077987790e+01,3.548449801512626678e+00,7.340112063427093325e-01
4.531667936356473803e+01,3.496368728145623717e+00,7.205636308770879683e-01
4.547369124033795629e+01,3.443209389353155903e+00,7.066429012339455751e-01
4.563145528980869159e+01,3.388533581238103221e+00,6.921164717213668105e-01
4.578880595278202037e+01,3.332679329085864062e+00,6.770524684390112347e-01
4.595011042406942892e+01,3.273980680674738686e+00,6.609736204597370657e-01
4.611091723937175857e+01,3.213932230585139216e+00,6.442435710299597718e-01
4.626570437022763826e+01,3.154606393189713476e+00,6.274406636707418050e-01
4.641995900247525952e+01,3.093909585740865609e+00,6.099656433549373036e-01
4.657364204517094919e+01,3.031780171620872988e+00,5.917727813697729600e-01
4.672671036514968534e+01,2.968151489805130883e+00,5.728189618046004572e-01
4.687911582588446180e+01,2.902951453783855218e+00,5.530608142919728465e-01
4.703080486735714061e+01,2.836101811507207859e+00,5.324491778535811459e-01
4.718171768550238454e+01,2.767517419997671535e+00,5.109379315469169125e-01
4.733178652420694732e+01,2.697105762239494275e+00,4.884778474937198633e-01
4.748093531305146087e+01,2.624765652995089571e+00,4.650246974545295675e-01
4.762907759707463384e+01,2.550386479198997858e+00,4.405323341099211532e-01
4.777611430200477116e+01,2.473847278349237566e+00,4.149627749070802785e-01
4.792193377008775457e+01,2.395014248184603733e+00,3.882873662356745026e-01
4.806640710564663976e+01,2.313740202016339342e+00,3.605002490190669651e-01
4.820938450284794641e+01,2.229863119014282358e+00,3.315543872495286259e-01
4.835069238621958476e+01,2.143203562158010556e+00,3.018380540134237844e-01
4.849012763243195678e+01,2.053562967034223252e+00,2.702103985793545826e-01
4.862745138229922048e+01,1.960721288658875405e+00,2.381688928683385331e-01
4.876238102572535382e+01,1.864434682181968395e+00,2.057087017665343853e-01
4.889457991113649626e+01,1.764433430348077758e+00,1.729590101971536231e-01
4.902364438685331294e+01,1.660420367721075374e+00,1.404740667339718918e-01
4.914908770591220843e+01,1.552070239131057905e+00,1.090775920821499545e-01
4.927031978418190761e+01,1.439031225594600949e+00,7.975526525947604362e-02
4.938662222072770192e+01,1.320930362970774707e+00,5.396459932316899355e-02
4.949711859932596525e+01,1.197385479718240608e+00,3.235853914622859040e-02
4.960074129301029444e+01,1.068027716522436998e+00,1.718743628957917699e-02
4.969619861615957035e+01,9.325404963243688616e-01,8.569177038738351807e-03
4.978195148341328746e+01,7.907219023195755092e-01,3.677187326078699796e-03
4.985621710949303065e+01,6.425760110141848225e-01,7.482160842351002388e-04
4.991702729947250106e+01,4.884309901130807763e-01,9.709749653843909077e-05
4.996237358991188415e+01,3.290630852005169138e-01,3.646095005032053192e-05
4.999047726265064995e+01,1.655906405945158366e-01,1.735131147734159676e-05
4.999999999999997868e+01,-6.627973778083740316e-17,1.559974845966135532e-05
