x,y,stress
6.999999999999997335e+00,3.405900643881368363e-13,7.556062944643625769e+02
7.002303066465320747e+00,2.399436980205369996e-01,1.156057500952612145e+02
7.009210640014017279e+00,4.797990063958519902e-01,9.489134957642757229e+01
7.019199140089756206e+00,6.926200438728599140e-01,4.489533649108108904e+01
7.032808296794475389e+00,9.052402613328264236e-01,3.978131382741015187e+01
7.047917894399877703e+00,1.093779150021720881e+00,2.930008619503631806e+01
7.065868533768678184e+00,1.282068790387612456e+00,2.516614730261291655e+01
7.084373127783389457e+00,1.450649704900023984e+00,2.131681721874581115e+01
7.105149129412503761e+00,1.618965787726578398e+00,1.868643098155988369e+01
7.127699207186624086e+00,1.783579494537612886e+00,1.645836519287725608e+01
7.152415055771245811e+00,1.947881979822922327e+00,1.465597940432967050e+01
7.179288538170797374e+00,2.111845394013227573e+00,1.311780931199648492e+01
7.208310848153300476e+00,2.275442131039316251e+00,1.180652288160171715e+01
7.239472527105381694e+00,2.438644871382296131e+00,1.066839407346350477e+01
7.272763483423452691e+00,2.601426623209095013e+00,9.673294277679337583e+00
7.308173004467671596e+00,2.763760717873804396e+00,8.794787356619472973e+00
7.345689766965606715e+00,2.925620802564958822e+00,8.013778438880867938e+00
7.385301860172654109e+00,3.086980887844760435e+00,7.314929833534325354e+00
7.426996804314849321e+00,3.247815364513806369e+00,6.685769568104130478e+00
7.471189258049906634e+00,3.409626280117230568e+00,6.111600250458343986e+00
7.517477268833531845e+00,3.570850248330988297e+00,5.589878371713741245e+00
7.568176132398773071e+00,3.739013224781253530e+00,5.092534617696563792e+00
7.621139500429005231e+00,3.906476792212012494e+00,4.640210305659156376e+00
7.673330737022200587e+00,4.064286551729566099e+00,4.247976902011802558e+00
7.727518446576014277e+00,4.221421971674506501e+00,3.886722211775138547e+00
7.783664218838251436e+00,4.377799284639491972e+00,3.553852722923770191e+00
7.841772471603809969e+00,4.533458031663277765e+00,3.246286287454593023e+00
7.901826400922895566e+00,4.688376553289258730e+00,2.962307542668177529e+00
7.963808819772925318e+00,4.842533633706500140e+00,2.698115327705730593e+00
8.027702190308685815e+00,4.995908538435028134e+00,2.445491100629130887e+00
8.093488654211304478e+00,5.148481040472995929e+00,2.221759897938440087e+00
8.161150044170419449e+00,5.300231399892051165e+00,2.012469250752710881e+00
8.230667890654652652e+00,5.451140337280053316e+00,1.820667520746461765e+00
8.302023458503692055e+00,5.601189073885657344e+00,1.639707354217917690e+00
8.375197764884831031e+00,5.750359327136646215e+00,1.479658973178577641e+00
8.453888110480416884e+00,5.905869334558143890e+00,1.327994721638402709e+00
8.534536069225504562e+00,6.060373197641988341e+00,1.195706503431141376e+00
8.615795923612916241e+00,6.211428578709047521e+00,1.085336454487757507e+00
8.698908119930322869e+00,6.361472767847091703e+00,9.970193062564185471e-01
8.781161828920588164e+00,6.505835435097312214e+00,9.342502723376963081e-01
8.865112899052453699e+00,6.649217698329287884e+00,8.952702507051364389e-01
8.950741116582650037e+00,6.791604769301241795e+00,8.803608284351585045e-01
9.038026131905859017e+00,6.932982274479713602e+00,8.882397500069948437e-01
9.126947522865027196e+00,7.073336330609217626e+00,9.162584415642480717e-01
9.217484800230264952e+00,7.212653520850113686e+00,9.610284850873332951e-01
9.309617409733766280e+00,7.350920868761877003e+00,1.019014384760174030e+00
9.403324769021642382e+00,7.488125866041845491e+00,1.087079055135965922e+00
9.498586253588653605e+00,7.624256423788044579e+00,1.162622455229744833e+00
9.595381240027895942e+00,7.759300909048675088e+00,1.243634490516197566e+00
9.694074487822557984e+00,7.893767065419917017e+00,1.328939248777758486e+00
9.794271536635577036e+00,8.027116452411521053e+00,1.417088498230435700e+00
9.903610273555441879e+00,8.169175517154037891e+00,1.514029914468195903e+00
1.001463610924574787e+01,8.309919986481292042e+00,1.612609701797556694e+00
1.012106795225712652e+01,8.441686455992357452e+00,1.706777983272263599e+00
1.022896132816988768e+01,8.572258897621255258e+00,1.801578343854148390e+00
1.033619623565879309e+01,8.699172181277297966e+00,1.894985319265151569e+00
1.044479636849740878e+01,8.824919233400235541e+00,1.988626638307014582e+00
1.055474150855166648e+01,8.949492036921233407e+00,2.082383569298422277e+00
1.066601151296960204e+01,9.072882904785254610e+00,2.176171931350304511e+00
1.077858630027844811e+01,9.195084449999336940e+00,2.269928858270394034e+00
1.089244598770474859e+01,9.316089717905471801e+00,2.363600703441251394e+00
1.100757080270784449e+01,9.435892069011384109e+00,2.457151980872631647e+00
1.112394100831929933e+01,9.554485089162358946e+00,2.550547148025855027e+00
1.124153708089010628e+01,9.671862759496045570e+00,2.643771324679266677e+00
1.136033953479726755e+01,9.788019263719009544e+00,2.736792940399193075e+00
1.148159214719560417e+01,9.904146477515407554e+00,2.830564106619490428e+00
1.160403706309782734e+01,1.001901584325829297e+01,2.924100554060801382e+00
1.173800151988188745e+01,1.014202602462975911e+01,3.025104273206399963e+00
1.187331736873138333e+01,1.026354806185567448e+01,3.125747328504699940e+00
1.200102634308329463e+01,1.037580933479092060e+01,3.219535588479054411e+00
1.212987521396346757e+01,1.048676043584401718e+01,3.312984551516386045e+00
1.225686294644710195e+01,1.059390738278267108e+01,3.403946758186554788e+00
1.238490207679011235e+01,1.069979570118519163e+01,3.494537682422711899e+00
1.251397456454427726e+01,1.080442196076939965e+01,3.584727169503679090e+00
1.264406251376303203e+01,1.090778292589630638e+01,3.674490697033005571e+00
1.277514819992086714e+01,1.100987556904727960e+01,3.763800234645168885e+00
1.290721406929636395e+01,1.111069706140889046e+01,3.852623448215364288e+00
1.304024273564619207e+01,1.121024476197678688e+01,3.940932508647230215e+00
1.317421697361511512e+01,1.130851620500830634e+01,4.028690316504005331e+00
1.330911979030124748e+01,1.140550914405189431e+01,4.115865051331353719e+00
1.344493423874392413e+01,1.150122141016889721e+01,4.202415759124809469e+00
1.358273097674111796e+01,1.159639455614369297e+01,4.288979075212797198e+00
1.372141992798501242e+01,1.169026279166965843e+01,4.374848187533570965e+00
1.387393331027459809e+01,1.179131742756622359e+01,4.467772384550341869e+00
1.402746988722799593e+01,1.189081061285444463e+01,4.559682302632906747e+00
1.417457464372789033e+01,1.198407988679903369e+01,4.646234838784162768e+00
1.432256916636313271e+01,1.207593080127954721e+01,4.731787958314271236e+00
1.446455421993469237e+01,1.216222470898062546e+01,4.812397305862933017e+00
1.460731696271050417e+01,1.224722585613311487e+01,4.891994861056422117e+00
1.475084202541445322e+01,1.233093334790794238e+01,4.970496952981174665e+00
1.489511424924021021e+01,1.241334642308463465e+01,5.047848598902369588e+00
1.504011862467842775e+01,1.249446441288885623e+01,5.123985948812677549e+00
1.518584026805516096e+01,1.257428672474198095e+01,5.198837268039037340e+00
1.533226446723700853e+01,1.265281286437678787e+01,5.272340982707900636e+00
1.547937666210277641e+01,1.273004242098976668e+01,5.344418304233896855e+00
1.562716245997011200e+01,1.280597507156235970e+01,5.414998160544173267e+00
1.577560758767313054e+01,1.288061055271445099e+01,5.483997087374996582e+00
1.592478069411416364e+01,1.295398894351328778e+01,5.551374033789042706e+00
1.607458574648122962e+01,1.302606842501806916e+01,5.617044207526549648e+00
1.623612203086756267e+01,1.310201540217072136e+01,5.685526298759654651e+00
1.639835395283818897e+01,1.317646484791859685e+01,5.751778216859603887e+00
1.656573303928332663e+01,1.325139250637045407e+01,5.817472356116784482e+00
1.673381067492642416e+01,1.332473978383712598e+01,5.880553475422155785e+00
1.688773921858848936e+01,1.339027489693682504e+01,5.935790790494786862e+00
1.704222096312652113e+01,1.345449513897309757e+01,5.988820435336084103e+00
1.719617811885667180e+01,1.351697400101146229e+01,6.039114268467133506e+00
1.735065502679719174e+01,1.357815651558641079e+01,6.086979010339019780e+00
1.750563899874856943e+01,1.363804302266787616e+01,6.132270073874610539e+00
1.766111741714641781e+01,1.369663387364980700e+01,6.174985677052643673e+00
1.781707778306702394e+01,1.375392944926938021e+01,6.216186010536232764e+00
1.797350776286671703e+01,1.380993017425186586e+01,6.253078200159052358e+00
1.813039511968339212e+01,1.386463648971352924e+01,6.287682543782278088e+00
1.828772771099400174e+01,1.391804885147744208e+01,6.319392786151750485e+00
1.844549351556972994e+01,1.397016773803600920e+01,6.348263696759704366e+00
1.860368060745507179e+01,1.402099364020673455e+01,6.374218799889664666e+00
1.876629175281019002e+01,1.407176254184139275e+01,6.397678656940963826e+00
1.892932070476887674e+01,1.412117334828301018e+01,6.418066324260228050e+00
1.910936817920575237e+01,1.417402888971797736e+01,6.436729658741526805e+00
1.928989081820177631e+01,1.422523806508327127e+01,6.451347298693514531e+00
1.945884381884274816e+01,1.427156234575964611e+01,6.461568346248898642e+00
1.962818339994792183e+01,1.431645290913872692e+01,6.468401611142510887e+00
1.978913308370349355e+01,1.435770374854574172e+01,6.471829381536080561e+00
1.995040752265324357e+01,1.439766608721133245e+01,6.472325397696797822e+00
2.011199566784311088e+01,1.443634046928135461e+01,6.469920644935568177e+00
2.027388653298553223e+01,1.447372743151325025e+01,6.464684227032829078e+00
2.043606921286715661e+01,1.450982750706924840e+01,6.456713771650225198e+00
2.059853287917379561e+01,1.454464122357167710e+01,6.446108008573214754e+00
2.076126676490235212e+01,1.457816909899674052e+01,6.432998032825137713e+00
2.092426018434350965e+01,1.461041164515984470e+01,6.417518296977072545e+00
2.108750252079253329e+01,1.464136936416038814e+01,6.399828239333815283e+00
2.125098319828408577e+01,1.467104274252826812e+01,6.380102745660638952e+00
2.141471027967524421e+01,1.469943540160389972e+01,6.358502417929687844e+00
2.157865479674393683e+01,1.472654436817702717e+01,6.335355508839960237e+00
2.175388953496674560e+01,1.475406645567025876e+01,6.309005421381812972e+00
2.192934761327002136e+01,1.478012681121054328e+01,6.281337186009461782e+00
2.211575073987108553e+01,1.480618081817348219e+01,6.250867557938009078e+00
2.230237634603876629e+01,1.483059025717126467e+01,6.219407826041252640e+00
2.247128818315008303e+01,1.485124425547035543e+01,6.190689886617608551e+00
2.264035888334421642e+01,1.487055474663369736e+01,6.161999118789852403e+00
2.280558036699489932e+01,1.488811332523089348e+01,6.134262876031149503e+00
2.297093288569679714e+01,1.490439175222946666e+01,6.107078470083186161e+00
2.313640640850345420e+01,1.491939032223885775e+01,6.080731255738569097e+00
2.330199092927641757e+01,1.493310930811640702e+01,6.055477699945681636e+00
2.346767647389021860e+01,1.494554896140881972e+01,6.031611606743290999e+00
2.363345309163141295e+01,1.495670951137974214e+01,6.009372866818586623e+00
2.379931085545459624e+01,1.496659116485620622e+01,5.989020745252267020e+00
2.396523985971840531e+01,1.497519410586693134e+01,5.970771689857952147e+00
2.413123021357254672e+01,1.498251849513548351e+01,5.954839512456211459e+00
2.429727204729933021e+01,1.498856447022596150e+01,5.941415253067328095e+00
2.446459997099801953e+01,1.499336304115888474e+01,5.930553825655395350e+00
2.463196006914224157e+01,1.499686417706524821e+01,5.922609647030688151e+00
2.481597335491472833e+01,1.499921604881721926e+01,5.917238401374516066e+00
2.499999999999997868e+01,1.499999999999999467e+01,5.915376176771278693e+00
2.518402664508523969e+01,1.499921604881722281e+01,5.917215335636692330e+00
2.536803993085774422e+01,1.499686417706524821e+01,5.922563114663730310e+00
2.553540002900199823e+01,1.499336304115888119e+01,5.930496305928754985e+00
2.570272795270068755e+01,1.498856447022595972e+01,5.941347627748722715e+00
2.586876978642750657e+01,1.498251849513547995e+01,5.954771132774759224e+00
2.603476014028160535e+01,1.497519410586692956e+01,5.970703550533659865e+00
2.620068914454548548e+01,1.496659116485619911e+01,5.988960268836164502e+00
2.636654690836860482e+01,1.495670951137974036e+01,6.009320577020659471e+00
2.653232352610979206e+01,1.494554896140881795e+01,6.031563309144112317e+00
2.669800907072358243e+01,1.493310930811640347e+01,6.055433144030062387e+00
2.686359359149656001e+01,1.491939032223885420e+01,6.080679661860401097e+00
2.702906711430322062e+01,1.490439175222946311e+01,6.107020333918748101e+00
2.719441963300511134e+01,1.488811332523089348e+01,6.134183739816388758e+00
2.735964111665578713e+01,1.487055474663369203e+01,6.161897966127717119e+00
2.752871181684990987e+01,1.485124425547035010e+01,6.190550895869788128e+00
2.769762365396122306e+01,1.483059025717126289e+01,6.219234438325248249e+00
2.788424926012889671e+01,1.480618081817348219e+01,6.250642946013099888e+00
2.807065238672994312e+01,1.478012681121054328e+01,6.281059449969409236e+00
2.824611046503325085e+01,1.475406645567025521e+01,6.308676092951136738e+00
2.842134520325607738e+01,1.472654436817702006e+01,6.334968614136313292e+00
2.858528972032476645e+01,1.469943540160389617e+01,6.358064189962079560e+00
2.874901680171592488e+01,1.467104274252825924e+01,6.379604682450106701e+00
2.891249747920747382e+01,1.464136936416037749e+01,6.399283057237764361e+00
2.907573981565650101e+01,1.461041164515983759e+01,6.416923496187478371e+00
2.923873323509766564e+01,1.457816909899673163e+01,6.432365094121437643e+00
2.940146712082621505e+01,1.454464122357166644e+01,6.445431171825585004e+00
2.956393078713286116e+01,1.450982750706923774e+01,6.456014369080309123e+00
2.972611346701448909e+01,1.447372743151323959e+01,6.463959750883024213e+00
2.988800433215691754e+01,1.443634046928134573e+01,6.469185828893866841e+00
3.004959247734679550e+01,1.439766608721131647e+01,6.471578411785015028e+00
3.021086691629652776e+01,1.435770374854572573e+01,6.471088230490008364e+00
3.037181660005210304e+01,1.431645290913871449e+01,6.467680144373130879e+00
3.054115618115725184e+01,1.427156234575964255e+01,6.460860567951240085e+00
3.071010918179819882e+01,1.422523806508326949e+01,6.450669808034712460e+00
3.089063182079425118e+01,1.417402888971797026e+01,6.436081755544705629e+00
3.107067929523114813e+01,1.412117334828299597e+01,6.417428614897882966e+00
3.123370824718984196e+01,1.407176254184137854e+01,6.397106138542729248e+00
3.139631939254496018e+01,1.402099364020671324e+01,6.373698389275983978e+00
3.155450648443030914e+01,1.397016773803598433e+01,6.347808081880812026e+00
3.171227228900604445e+01,1.391804885147742077e+01,6.318992741298122162e+00
3.186960488031664340e+01,1.386463648971350970e+01,6.287269685002644160e+00
3.202649223713331139e+01,1.380993017425184277e+01,6.252690830748850459e+00
3.218292221693301514e+01,1.375392944926935002e+01,6.215326121868954168e+00
3.233888258285363548e+01,1.369663387364977503e+01,6.175226651880262096e+00
3.249436100125146965e+01,1.363804302266785307e+01,6.132470371178916579e+00
3.264934497320282247e+01,1.357815651558638770e+01,6.087124504016518500e+00
3.280382188114334951e+01,1.351697400101143565e+01,6.039271913358057020e+00
3.295777903687351085e+01,1.345449513897306915e+01,5.988989112179746499e+00
3.311226078141152129e+01,1.339027489693681083e+01,5.935975508822200375e+00
3.326618932507357584e+01,1.332473978383711533e+01,5.880710974628660104e+00
3.343426696071666981e+01,1.325139250637044164e+01,5.817631331904324021e+00
3.360164604716181458e+01,1.317646484791857908e+01,5.751929986082753743e+00
3.376387796913244443e+01,1.310201540217070182e+01,5.685663006634847250e+00
3.392541425351877393e+01,1.302606842501804785e+01,5.617183501115881938e+00
3.407521930588584524e+01,1.295398894351327179e+01,5.551488413845220293e+00
3.422439241232687834e+01,1.288061055271443500e+01,5.484101607253636601e+00
3.437283754002989156e+01,1.280597507156234727e+01,5.415092328731735627e+00
3.452062333789721293e+01,1.273004242098975425e+01,5.344506752813598105e+00
3.466773553276298259e+01,1.265281286437677011e+01,5.272425606225151995e+00
3.481415973194484792e+01,1.257428672474196141e+01,5.198916526049020881e+00
3.495988137532156514e+01,1.249446441288884380e+01,5.124058164592409703e+00
3.510488575075977735e+01,1.241334642308462044e+01,5.047913147087197849e+00
3.524915797458554323e+01,1.233093334790792461e+01,4.970554713303352301e+00
3.539268303728950116e+01,1.224722585613309533e+01,4.892043197046824332e+00
3.553544578006530941e+01,1.216222470898061125e+01,4.812440078728569937e+00
3.567743083363686196e+01,1.207593080127952589e+01,4.731820328738090886e+00
3.582542535627208480e+01,1.198407988679903369e+01,4.646272403784855065e+00
3.597253011277195611e+01,1.189081061285446062e+01,4.559715442449800982e+00
3.612606668972534862e+01,1.179131742756623957e+01,4.467810317148647847e+00
3.627858007201493251e+01,1.169026279166967086e+01,4.374890956349549498e+00
3.641726902325882520e+01,1.159639455614371251e+01,4.289014043807701348e+00
3.655506576125601725e+01,1.150122141016891852e+01,4.202446270842036924e+00
3.669088020969868325e+01,1.140550914405192628e+01,4.115889853213089644e+00
3.682578302638480494e+01,1.130851620500833654e+01,4.028709778058274793e+00
3.695975726435373332e+01,1.121024476197681530e+01,3.940949074664098273e+00
3.709278593070357033e+01,1.111069706140891888e+01,3.852636256384026847e+00
3.722485180007907246e+01,1.100987556904730802e+01,3.763812042460540574e+00
3.735593748623689692e+01,1.090778292589633480e+01,3.674501760384115467e+00
3.748602543545565879e+01,1.080442196076941563e+01,3.584741138736520671e+00
3.761509792320983081e+01,1.069979570118521295e+01,3.494553906104179042e+00
3.774313705355283588e+01,1.059390738278269772e+01,3.403968780922412396e+00
3.787012478603647025e+01,1.048676043584404027e+01,3.313012111919184211e+00
3.799897365691666096e+01,1.037580933479092948e+01,3.219571356258742689e+00
3.812668263126857937e+01,1.026354806185568336e+01,3.125789098718366521e+00
3.826199848011807347e+01,1.014202602462976621e+01,3.025153321741584911e+00
3.839596293690213713e+01,1.001901584325829475e+01,2.924159208167147472e+00
3.851840785280436563e+01,9.904146477515409330e+00,2.830623543419446886e+00
3.863966046520270936e+01,9.788019263719007768e+00,2.736852525316436413e+00
3.875846291910986707e+01,9.671862759496043793e+00,2.643825778479922839e+00
3.887605899168067936e+01,9.554485089162353617e+00,2.550595515745152753e+00
3.899242919729213241e+01,9.435892069011382333e+00,2.457186110635332543e+00
3.910755401229523187e+01,9.316089717905462919e+00,2.363620964571441441e+00
3.922141369972153058e+01,9.195084449999328058e+00,2.269932320814736837e+00
3.933398848703036776e+01,9.072882904785245728e+00,2.176157188503172968e+00
3.944525849144831398e+01,8.949492036921222748e+00,2.082347680736349016e+00
3.955520363150257168e+01,8.824919233400226659e+00,1.988569734105730680e+00
3.966380376434118205e+01,8.699172181277292637e+00,1.894909789769807507e+00
3.977103867183008390e+01,8.572258897621242824e+00,1.801482149262408683e+00
3.987893204774283618e+01,8.441686455992357452e+00,1.706662448330520609e+00
3.998536389075421482e+01,8.309919986481308030e+00,1.612473213177137321e+00
4.009638972644452082e+01,8.169175517154055655e+00,1.513883016258182668e+00
4.020572846336438033e+01,8.027116452411529934e+00,1.416932340561815273e+00
4.030592551217741004e+01,7.893767065419916129e+00,1.328768574227726207e+00
4.040461875997208807e+01,7.759300909048667094e+00,1.243455151808566361e+00
4.050141374641132330e+01,7.624256423788034809e+00,1.162445565156505989e+00
4.059667523097833453e+01,7.488125866041829504e+00,1.086913827461708948e+00
4.069038259026620352e+01,7.350920868761873450e+00,1.018870760666892750e+00
4.078251519976969774e+01,7.212653520850125233e+00,9.609186544010036579e-01
4.087305247713494083e+01,7.073336330609233613e+00,9.162005989575008336e-01
4.096197386809409835e+01,6.932982274479729590e+00,8.882522776976462531e-01
4.104925888341732332e+01,6.791604769301247124e+00,8.804470866301699061e-01
4.113488710094751610e+01,6.649217698329291437e+00,8.954327906691122996e-01
4.121883817107937631e+01,6.505835435097319319e+00,9.344446264763649479e-01
4.130109188006964160e+01,6.361472767847105914e+00,9.972466764495290237e-01
4.138420407638707843e+01,6.211428578709004000e+00,1.085611294902494528e+00
4.146546393077452564e+01,6.060373197641883536e+00,1.196004127736892464e+00
4.154611188951960088e+01,5.905869334558050632e+00,1.328597215624883754e+00
4.162480223511516897e+01,5.750359327136560061e+00,1.480410046346981590e+00
4.169797654149631683e+01,5.601189073885570302e+00,1.642000705136240635e+00
4.176933210934536334e+01,5.451140337279968051e+00,1.819471643862554888e+00
4.183884995582959476e+01,5.300231399891958795e+00,2.012919384399828981e+00
4.190651134578870796e+01,5.148481040472891124e+00,2.222715899230031766e+00
4.197229780969132662e+01,4.995908538434918000e+00,2.449510826566525523e+00
4.203619118022709955e+01,4.842533633706376683e+00,2.694373121486950851e+00
4.209817359907712842e+01,4.688376553289130833e+00,2.958555564571220931e+00
4.215822752839621046e+01,4.533458031663141874e+00,3.243735214889265528e+00
4.221633578116177432e+01,4.377799284639335653e+00,3.551789000585650502e+00
4.227248155342402214e+01,4.221421971674332418e+00,3.885104486739662910e+00
4.232666926297783760e+01,4.064286551729389352e+00,4.246504602829459074e+00
4.237886049957101875e+01,3.906476792211830862e+00,4.638921061911047694e+00
4.243182386760126690e+01,3.739013224781044809e+00,5.091250778069273508e+00
4.248252273116650457e+01,3.570850248330758259e+00,5.588488930347691230e+00
4.252881074195013866e+01,3.409626280116982322e+00,6.110773217810709923e+00
4.257300319568518887e+01,3.247815364513531478e+00,6.685855674619236133e+00
4.261469813982738941e+01,3.086980887844483323e+00,7.315972613904910382e+00
4.265431023303443681e+01,2.925620802564680378e+00,8.015967361211522757e+00
4.269182699553236660e+01,2.763760717873519290e+00,8.798072282113919229e+00
4.272723651657656774e+01,2.601426623208801470e+00,9.677910895652750867e+00
4.276052747289464406e+01,2.438644871381991042e+00,1.067463904654935902e+01
4.279168915184673239e+01,2.275442131038995619e+00,1.181479929656962291e+01
4.282071146182922661e+01,2.111845394012908717e+00,1.312961372045792530e+01
4.284758494422876396e+01,1.947881979822608356e+00,1.467212914840683879e+01
4.287230079281339812e+01,1.783579494537283594e+00,1.648396409676318797e+01
4.289485087058751844e+01,1.618965787726240668e+00,1.871810982209159135e+01
4.291562687221662742e+01,1.450649704899634518e+00,2.137896104579642653e+01
4.293413146623134224e+01,1.282068790387167034e+00,2.521022119783585325e+01
4.295208210560013384e+01,1.093779150021263025e+00,2.946982651148141841e+01
4.296719170320553616e+01,9.052402613323532465e-01,3.976563767441033548e+01
4.298080085991023935e+01,6.926200438724245956e-01,4.542925993022709719e+01
4.299078935998596052e+01,4.797990063954422624e-01,9.427399940393173949e+01
4.299769693353464817e+01,2.399436980201254122e-01,1.175732447297640135e+02
4.299999999999997868e+01,-4.617467877155382668e-17,7.560149634688272045e+02
