x,y,stress
1.999999999999998890e+00,4.481916679582023500e-16,1.265169833144781478e+03
2.005605109079001469e+00,1.766064822540711621e-01,1.342156628853390998e+02
2.022339197158020685e+00,3.525083165183449108e-01,1.405066556510309113e+02
2.048010803932962975e+00,5.166349685433243577e-01,4.670945770241750949e+01
2.083000809022677036e+00,6.790317207772207375e-01,4.601133517316041122e+01
2.126909463790012556e+00,8.392438272449105341e-01,2.795295897600043133e+01
2.179272754840985371e+00,9.968969929815246767e-01,2.257989098109843340e+01
2.239582045331188098e+00,1.151686500547586922e+00,1.663985621370297707e+01
2.307306143660613262e+00,1.303380304000624657e+00,1.289741655575457280e+01
2.381909405250154155e+00,1.451813664149210092e+00,9.687933880180917612e+00
2.462866031482742191e+00,1.596881364634200606e+00,7.702815967821300625e+00
2.549670605111314714e+00,1.738528941584102316e+00,6.062349050257757277e+00
2.641845174504679594e+00,1.876743760865132726e+00,4.817335096043072085e+00
2.738943405727204183e+00,2.011546534988000179e+00,3.842191100764351663e+00
2.840552552675218667e+00,2.142983841501791886e+00,3.078182486286491937e+00
2.946293709433783992e+00,2.271121607921138263e+00,2.474251667566744306e+00
3.055820910757751196e+00,2.396039683940695664e+00,1.994326503487526603e+00
3.168819532892916957e+00,2.517827476821425492e+00,1.610590877545564403e+00
3.285004224571780096e+00,2.636580439248679131e+00,1.303083352880656021e+00
3.404116634194225721e+00,2.752397334716201627e+00,1.056646924353368933e+00
3.525923066252611537e+00,2.865378127702233879e+00,8.607716633876364432e-01
3.650212144856210816e+00,2.975622362371536322e+00,7.079900203195608199e-01
3.776792827367747574e+00,3.083228167253581731e+00,5.939201660749175993e-01
3.905492238591106169e+00,3.188291288030155268e+00,5.154470068399841232e-01
4.036153722198606353e+00,3.290904447420524459e+00,4.698170823563880827e-01
4.168635355641982621e+00,3.391157134888046709e+00,4.524377262034884328e-01
4.302808192787271224e+00,3.489135197859018156e+00,4.569908563339148966e-01
4.438555051609839097e+00,3.584920851764370475e+00,4.765285084770999324e-01
4.575769292777768449e+00,3.678592646451874337e+00,5.052297005258675755e-01
4.714353639923140271e+00,3.770225435450814455e+00,5.389497053112100033e-01
4.854219302611195275e+00,3.859890515782260501e+00,5.750300611853039756e-01
4.995285073543978882e+00,3.947655705363377621e+00,6.118640579303188387e-01
5.137476481932897521e+00,4.033585422001120691e+00,6.485276675657728473e-01
5.280724762022967589e+00,4.117740626495164591e+00,6.844668067910169018e-01
5.424967564892914318e+00,4.200179744674890081e+00,7.194310702733529572e-01
5.570850145345922932e+00,4.281344041750038798e+00,7.534648265275716295e-01
5.717624419774662847e+00,4.360884625861610964e+00,7.863459103760297442e-01
5.868644187131452306e+00,4.440626666195580441e+00,8.187846235419966590e-01
6.020495495703211297e+00,4.518773726911418542e+00,8.500416596447802897e-01
6.168975536635989521e+00,4.593313363622257839e+00,8.793684845472633516e-01
6.318160354186241001e+00,4.666432338389615353e+00,9.076887306967440505e-01
6.468013555196599818e+00,4.738171147070732836e+00,9.350408308903295218e-01
6.618501634984094828e+00,4.808568506622161287e+00,9.614880630921341931e-01
6.769593358119396775e+00,4.877661265751886965e+00,9.870736432057736209e-01
6.921259280964247473e+00,4.945484388341294668e+00,1.011875688676979079e+00
7.073472070663129330e+00,5.012071282764305913e+00,1.036256720034238743e+00
7.226206103606290121e+00,5.077453783733083981e+00,1.059457456186845281e+00
7.379437300422902801e+00,5.141662234003449683e+00,1.082114579615337968e+00
7.533143293475608182e+00,5.204725690906254698e+00,1.104105651291773293e+00
7.687776202187415642e+00,5.266860056679349533e+00,1.125791004218592795e+00
7.842845583876022708e+00,5.327897003849905389e+00,1.146632911932778054e+00
8.011417649826402254e+00,5.392853294812663734e+00,1.168696370000405604e+00
8.180458003752479001e+00,5.456581058110583804e+00,1.190129885438244273e+00
8.344055737436255171e+00,5.516959472981914914e+00,1.210279385179856781e+00
8.508052250900682623e+00,5.576246239647641545e+00,1.229914935364547102e+00
8.664651492898055807e+00,5.631737117420385630e+00,1.248170591882819203e+00
8.821583659008533473e+00,5.686279387397005891e+00,1.266006244055375651e+00
8.978835805503818435e+00,5.739892416904696759e+00,1.283433545706878842e+00
9.136395517585398807e+00,5.792594741478444220e+00,1.300456565308454993e+00
9.294251081747168186e+00,5.844404180439502383e+00,1.317067898430372974e+00
9.452391400798513033e+00,5.895337858452635693e+00,1.333315357395538525e+00
9.610806004027033111e+00,5.945412255214378661e+00,1.349365329742665764e+00
9.769484773956772727e+00,5.994643163315700463e+00,1.364879544472280992e+00
9.928418106416911471e+00,6.043045782211162731e+00,1.380116811429643375e+00
1.008759696229769887e+01,6.090634770794737918e+00,1.395016662320145207e+00
1.024708122096329888e+01,6.137444158104213621e+00,1.409609865578749677e+00
1.040679426226824056e+01,6.183466913308036439e+00,1.423893252368369611e+00
1.057831618230952131e+01,6.231962599047319529e+00,1.438888436612043797e+00
1.075008284112196222e+01,6.279584212839131041e+00,1.453515035487089602e+00
1.093653786785407966e+01,6.330234424518753400e+00,1.469195032298713288e+00
1.112325933328650684e+01,6.379893448927131949e+00,1.484308486991584575e+00
1.129307010127873490e+01,6.424151714259514812e+00,1.497771739291871240e+00
1.146308495126124782e+01,6.467619445248549148e+00,1.510932233782035006e+00
1.162422951148590933e+01,6.508055338035338089e+00,1.523131417518763131e+00
1.178554508641173726e+01,6.547803511357747297e+00,1.535079423315886871e+00
1.194702622932051206e+01,6.586873589302144616e+00,1.546778948541964738e+00
1.210866772417977089e+01,6.625274875758722537e+00,1.558233288156390950e+00
1.227046453949773763e+01,6.663016359321813908e+00,1.569446515517427532e+00
1.243241185830950535e+01,6.700106735494618881e+00,1.580422252846062747e+00
1.259450503735863691e+01,6.736554411283413479e+00,1.591162603980204038e+00
1.275673960248128225e+01,6.772367517730565112e+00,1.601673801815546083e+00
1.291911126815883826e+01,6.807553926808387779e+00,1.611954620221227152e+00
1.308161586029528323e+01,6.842121246582065552e+00,1.622013620106935283e+00
1.324425707456584611e+01,6.876078438097060541e+00,1.631848865067350829e+00
1.340702336047494470e+01,6.909430985119064061e+00,1.641474396175465866e+00
1.358060046907548468e+01,6.944313760764197596e+00,1.651503714686697100e+00
1.375431101000691747e+01,6.978525887556306095e+00,1.661301766299512428e+00
1.394964258848434291e+01,7.016175541063542909e+00,1.672025692247593343e+00
1.414513158862208009e+01,7.052999098425775770e+00,1.682447921016146708e+00
1.433447836117756147e+01,7.087861436358144474e+00,1.692264776125773418e+00
1.452396262347455114e+01,7.121968597550893953e+00,1.701808978575667153e+00
1.469295292795934138e+01,7.151737261932319178e+00,1.710098346954930015e+00
1.486204559345382137e+01,7.180918891241630853e+00,1.718185896897589160e+00
1.502586051766792608e+01,7.208619428658609607e+00,1.725824343686729323e+00
1.518976582222808247e+01,7.235780076533923300e+00,1.733275816142842762e+00
1.535375886961198155e+01,7.262405728085131074e+00,1.740542605130183107e+00
1.551783712920809144e+01,7.288501131650791720e+00,1.747625749985337817e+00
1.568199812495714163e+01,7.314070887301926227e+00,1.754528169863966314e+00
1.584623945530381128e+01,7.339119455094716749e+00,1.761251640535089535e+00
1.601055878906909768e+01,7.363651159089983800e+00,1.767798120873054213e+00
1.617495384537788894e+01,7.387670188879881472e+00,1.774170507138827624e+00
1.633942241269501139e+01,7.411180606769065982e+00,1.780368791924627825e+00
1.650396233348262598e+01,7.434186349599650967e+00,1.786398964038349302e+00
1.666919087911788111e+01,7.456774953369653680e+00,1.792280728197038320e+00
1.683448713065365610e+01,7.478862661978636694e+00,1.798005788899273982e+00
1.701475356155781427e+01,7.502374383612873565e+00,1.804062510642470585e+00
1.719509550608500348e+01,7.525299711898808752e+00,1.809932038482709338e+00
1.739805492896808659e+01,7.550393721849911977e+00,1.816304259863215309e+00
1.760110333934289528e+01,7.574757229087404120e+00,1.822434646044868600e+00
1.779922048225542497e+01,7.597820993660930000e+00,1.828195602716298218e+00
1.799741608257138736e+01,7.620200541977983910e+00,1.833734875161441735e+00
1.817339113552452190e+01,7.639494724225065703e+00,1.838478580276984742e+00
1.834942367978532829e+01,7.658257144140362627e+00,1.843060573444200267e+00
1.851468629450647185e+01,7.675385397988014446e+00,1.847214167758326253e+00
1.867999623994196057e+01,7.692050662818208373e+00,1.851230198253643211e+00
1.884534460833656055e+01,7.708254712692724553e+00,1.855107187214740438e+00
1.901073722693328349e+01,7.724000698464926096e+00,1.858849003677288447e+00
1.917617259104723004e+01,7.739290935791326653e+00,1.862457266602884021e+00
1.934164924442603706e+01,7.754127661154701201e+00,1.865935322084317782e+00
1.950716576109518030e+01,7.768513031784811673e+00,1.869286176748633288e+00
1.967272071167070990e+01,7.782449124497802018e+00,1.872511409181592867e+00
1.983831269463780700e+01,7.795937940195811322e+00,1.875613927386032165e+00
2.000394035266699433e+01,7.808981406606804399e+00,1.878595292725570909e+00
2.016960233992451279e+01,7.821581377014958036e+00,1.881457532661127141e+00
2.033529733150952978e+01,7.833739632472021874e+00,1.884206253696091071e+00
2.051036438402313422e+01,7.846105196154769423e+00,1.886980923297125301e+00
2.068546529482639329e+01,7.857981695608065031e+00,1.889635405354516351e+00
2.088276239852038429e+01,7.870777553760125222e+00,1.892471646462319468e+00
2.108009847728688868e+01,7.882957594540322077e+00,1.895152231000475807e+00
2.129116001308856454e+01,7.895303619592374034e+00,1.897852132593408570e+00
2.150226126132250570e+01,7.906950917548192237e+00,1.900370749693879979e+00
2.169233821817540075e+01,7.916840931419909744e+00,1.902500118513238192e+00
2.188244360564259594e+01,7.926168510180740867e+00,1.904496129162806639e+00
2.205249780150313654e+01,7.934036030458273991e+00,1.906171631982539250e+00
2.222257211042919423e+01,7.941456066388571600e+00,1.907747696038104346e+00
2.238857290717182380e+01,7.948267125343395634e+00,1.909186543680298387e+00
2.255459057009707280e+01,7.954653885539685554e+00,1.910530614040766961e+00
2.272062398549981665e+01,7.960617201970741519e+00,1.911779112111321455e+00
2.288667204245684061e+01,7.966157870764435600e+00,1.912934342059996240e+00
2.305273363728774427e+01,7.971276629925286628e+00,1.913996541852565292e+00
2.321880768171310905e+01,7.975974160058671991e+00,1.914967723064673111e+00
2.338489309230775248e+01,7.980251084464514477e+00,1.915848830036332995e+00
2.355098878813376118e+01,7.984107969523389414e+00,1.916640871239162491e+00
2.371709369493614972e+01,7.987545325198995627e+00,1.917344732381666583e+00
2.388320674527815868e+01,7.990563605362074995e+00,1.917961746194159822e+00
2.405053035588622379e+01,7.993180514168743755e+00,1.918494756561531345e+00
2.421786006597292840e+01,7.995373006913393255e+00,1.918945133202369924e+00
2.440174207002272766e+01,7.997293208992958036e+00,1.919336956872406130e+00
2.458562870666446187e+01,7.998701568968242803e+00,1.919627244020029488e+00
2.479281333610469673e+01,7.999675408812411348e+00,1.919829108619809155e+00
2.499999999999964118e+01,7.999999999999993783e+00,1.919892183232109639e+00
2.520718666389463181e+01,7.999675408812414013e+00,1.919826652281848789e+00
2.541437129333490574e+01,7.998701568968247244e+00,1.919622291232985001e+00
2.559825792997672522e+01,7.997293208992961588e+00,1.919329320498760261e+00
2.578213993402649251e+01,7.995373006913399472e+00,1.918934755112058577e+00
2.594946964411333212e+01,7.993180514168748196e+00,1.918481469002185635e+00
2.611679325472130486e+01,7.990563605362082988e+00,1.917945479673509146e+00
2.628290630506329606e+01,7.987545325199004509e+00,1.917325008398721886e+00
2.644901121186568815e+01,7.984107969523400072e+00,1.916617589910920572e+00
2.661510690769170751e+01,7.980251084464526024e+00,1.915821888750729896e+00
2.678119231828635449e+01,7.975974160058686202e+00,1.914937072140251884e+00
2.694726636271170506e+01,7.971276629925302615e+00,1.913962289538909234e+00
2.711332795754260161e+01,7.966157870764452475e+00,1.912896450602109999e+00
2.727937601449963267e+01,7.960617201970761059e+00,1.911738566137811235e+00
2.744540942990238719e+01,7.954653885539705982e+00,1.910487521375846987e+00
2.761142709282763974e+01,7.948267125343416950e+00,1.909142081545275982e+00
2.777742788957026221e+01,7.941456066388593804e+00,1.907702102478822770e+00
2.794750219849630213e+01,7.934036030458298860e+00,1.906125710820243180e+00
2.811755639435682852e+01,7.926168510180767512e+00,1.904450313231900838e+00
2.830766178182398818e+01,7.916840931419938165e+00,1.902453897888009449e+00
2.849773873867685126e+01,7.906950917548224211e+00,1.900324214079730289e+00
2.870883998691078531e+01,7.895303619592408673e+00,1.897804584955119944e+00
2.891990152271245407e+01,7.882957594540362045e+00,1.895103754920393513e+00
2.911723760147900109e+01,7.870777553760164302e+00,1.892422580902946905e+00
2.931453470517303472e+01,7.857981695608100559e+00,1.889585875799325132e+00
2.948963561597635064e+01,7.846105196154801398e+00,1.886930990127452468e+00
2.966470266849001192e+01,7.833739632472053849e+00,1.884155838514127712e+00
2.983039766007503601e+01,7.821581377014991787e+00,1.881405994718408525e+00
2.999605964733255092e+01,7.808981406606837261e+00,1.878542397414693976e+00
3.016168730536174536e+01,7.795937940195843296e+00,1.875558039283017342e+00
3.032727928832884601e+01,7.782449124497836657e+00,1.872452146218248625e+00
3.049283423890435074e+01,7.768513031784850753e+00,1.869221995896166666e+00
3.065835075557347622e+01,7.754127661154741169e+00,1.865865712504156892e+00
3.082382740895229034e+01,7.739290935791367509e+00,1.862381586157179525e+00
3.098926277306624399e+01,7.724000698464968728e+00,1.858766946575451939e+00
3.115465539166296693e+01,7.708254712692768074e+00,1.855020417572439406e+00
3.132000376005757403e+01,7.692050662818251894e+00,1.851139003785171155e+00
3.148531370549307340e+01,7.675385397988057079e+00,1.847120571234938557e+00
3.165057632021423117e+01,7.658257144140406147e+00,1.842965310695850123e+00
3.182660886447500914e+01,7.639494724225114552e+00,1.838382932732296027e+00
3.200258391742811881e+01,7.620200541978034536e+00,1.833639318982949851e+00
3.220077951774405278e+01,7.597820993660985067e+00,1.828099867005079426e+00
3.239889666065656115e+01,7.574757229087463628e+00,1.822338865676355946e+00
3.260194507103139472e+01,7.550393721849972373e+00,1.816210162391339811e+00
3.280490449391449914e+01,7.525299711898865596e+00,1.809839661400317157e+00
3.298524643844173454e+01,7.502374383612925968e+00,1.803972730260293256e+00
3.316551286934593890e+01,7.478862661978686432e+00,1.797920924511041019e+00
3.333080912088171743e+01,7.456774953369703418e+00,1.792192438329957671e+00
3.349603766651699033e+01,7.434186349599699817e+00,1.786305153581356997e+00
3.366057758730460847e+01,7.411180606769116608e+00,1.780270742974414011e+00
3.382504615462172382e+01,7.387670188879932986e+00,1.774068063747163748e+00
3.398944121093051507e+01,7.363651159090037090e+00,1.767693659720582566e+00
3.415376054469580680e+01,7.339119455094768263e+00,1.761145370956198608e+00
3.431800187504247646e+01,7.314070887301977741e+00,1.754420910502506370e+00
3.448216287079153375e+01,7.288501131650845899e+00,1.747517781396738634e+00
3.464624113038765074e+01,7.262405728085186141e+00,1.740433943894706292e+00
3.481023417777154094e+01,7.235780076533978367e+00,1.733166539274452633e+00
3.497413948233172221e+01,7.208619428658662009e+00,1.725713858178602234e+00
3.513795440654583757e+01,7.180918891241685031e+00,1.718074335233287897e+00
3.530704707204031223e+01,7.151737261932375134e+00,1.709984833467269816e+00
3.547603737652510603e+01,7.121968597550948132e+00,1.701693599310029281e+00
3.566552163882208504e+01,7.087861436358200429e+00,1.692146949060139072e+00
3.585486841137758773e+01,7.052999098425833502e+00,1.682327975319955149e+00
3.605035741151530004e+01,7.016175541063606858e+00,1.671904944833739082e+00
3.624568898999271482e+01,6.978525887556370044e+00,1.661179879416038174e+00
3.641939953092416715e+01,6.944313760764258880e+00,1.651381382832838307e+00
3.659297663952473556e+01,6.909430985119123569e+00,1.641351250856617927e+00
3.675574292543381461e+01,6.876078438097124490e+00,1.631714010452428809e+00
3.691838413970437216e+01,6.842121246582130389e+00,1.621866540118176880e+00
3.708088873184082246e+01,6.807553926808452616e+00,1.611800167048168531e+00
3.724326039751838380e+01,6.772367517730632613e+00,1.601512259182999554e+00
3.740549496264102913e+01,6.736554411283482757e+00,1.590999925361221035e+00
3.756758814169015182e+01,6.700106735494688159e+00,1.580258962814729884e+00
3.772953546050191420e+01,6.663016359321884963e+00,1.569286212267312797e+00
3.789133227581989161e+01,6.625274875758796256e+00,1.558077331192103010e+00
3.805297377067913800e+01,6.586873589302221887e+00,1.546627745490454675e+00
3.821445491358790747e+01,6.547803511357824569e+00,1.534933483009132127e+00
3.837577048851373718e+01,6.508055338035416248e+00,1.522988411236875894e+00
3.853691504873840046e+01,6.467619445248629972e+00,1.510792416582360298e+00
3.870692989872087963e+01,6.424151714259608070e+00,1.497629512495616932e+00
3.887674066671306861e+01,6.379893448927233202e+00,1.484174555894942404e+00
3.906346213214551710e+01,6.330234424518851100e+00,1.469018626284083417e+00
3.924991715887765764e+01,6.279584212839226964e+00,1.453475957990525647e+00
3.942168381769012342e+01,6.231962599047411899e+00,1.438796476841011085e+00
3.959320573773142371e+01,6.183466913308119928e+00,1.423785786467580472e+00
3.975291877903637783e+01,6.137444158104297998e+00,1.409473273607058097e+00
3.991240303770199915e+01,6.090634770794819630e+00,1.394861287686672391e+00
4.007158189358278122e+01,6.043045782211248884e+00,1.379939586034267363e+00
4.023051522604291108e+01,5.994643163315785728e+00,1.364694254537823781e+00
4.038919399597265425e+01,5.945412255214463926e+00,1.349115909912672828e+00
4.054760859920117610e+01,5.895337858452726287e+00,1.333192959899828667e+00
4.070574891825251740e+01,5.844404180439596530e+00,1.316915210467197062e+00
4.086360448241428855e+01,5.792594741478537479e+00,1.300268874396764307e+00
4.102116419449586004e+01,5.739892416904791794e+00,1.283242263124801497e+00
4.117841634099115566e+01,5.686279387397103591e+00,1.265819401588605286e+00
4.133534850710162800e+01,5.631737117420487770e+00,1.247985440887744213e+00
4.149194774909899763e+01,5.576246239647742797e+00,1.229727053329625619e+00
4.165594426256341620e+01,5.516959472982020607e+00,1.210085878526069081e+00
4.181954199624718882e+01,5.456581058110696603e+00,1.189927860415819438e+00
4.198858235017328155e+01,5.392853294812772980e+00,1.168483081277145175e+00
4.215715441612367442e+01,5.327897003850010194e+00,1.146415824457637678e+00
4.231222379781228682e+01,5.266860056679456115e+00,1.125484375135978210e+00
4.246685670652410494e+01,5.204725690906362168e+00,1.103988482542722194e+00
4.262056269957680144e+01,5.141662234003562482e+00,1.081951680401316951e+00
4.277379389639339990e+01,5.077453783733198556e+00,1.059278922044578186e+00
4.292652792933655803e+01,5.012071282764422264e+00,1.035934408241603766e+00
4.307874071903545854e+01,4.945484388341413684e+00,1.011876370055938335e+00
4.323040664188030036e+01,4.877661265752011310e+00,9.870644672324108138e-01
4.338149836501559520e+01,4.808568506622288297e+00,9.614495652075345511e-01
4.353198644480310264e+01,4.738171147070856293e+00,9.349860040641178038e-01
4.368183964581348988e+01,4.666432338389735257e+00,9.076177038301891375e-01
4.383102446336372537e+01,4.593313363622386625e+00,8.792932980796087650e-01
4.397950450429647873e+01,4.518773726911553545e+00,8.499589058423927534e-01
4.413135581286822884e+01,4.440626666195726102e+00,8.187055647691209304e-01
4.428237558022504317e+01,4.360884625861757513e+00,7.862663463844680178e-01
4.442914985465376532e+01,4.281344041750198670e+00,7.533869264529869936e-01
4.457503243510675617e+01,4.200179744675050841e+00,7.193522064445019293e-01
4.471927523797669579e+01,4.117740626495336009e+00,6.843783716840723397e-01
4.486252351806680139e+01,4.033585422001288556e+00,6.484345557030056773e-01
4.500471492645569072e+01,3.947655705363567247e+00,6.117999178167774499e-01
4.514578069738846722e+01,3.859890515782449683e+00,5.749926781355290117e-01
4.528564636007651956e+01,3.770225435451008522e+00,5.389495310649839999e-01
4.542423070722194467e+01,3.678592646452053749e+00,5.052720871536613423e-01
4.556144494838984826e+01,3.584920851764572536e+00,4.766143666180913119e-01
4.569719180721241969e+01,3.489135197859212223e+00,4.571341368446239506e-01
4.583136464435769852e+01,3.391157134888255875e+00,4.526490083730465575e-01
4.596384627780112453e+01,3.290904447420715417e+00,4.701216457429355788e-01
4.609450776140860029e+01,3.188291288030372428e+00,5.158897252930796373e-01
4.622320717263198731e+01,3.083228167253772245e+00,5.945686825039714352e-01
4.634978785514351074e+01,2.975622362371748597e+00,7.089521923207948717e-01
4.647407693374717041e+01,2.865378127702409738e+00,8.622136607363547478e-01
4.659588336580553403e+01,2.752397334716410793e+00,1.058780317922423997e+00
4.671499577542802228e+01,2.636580439248836338e+00,1.306278145470005647e+00
4.683118046710685434e+01,2.517827476821622223e+00,1.615175665955670192e+00
4.694417908924209826e+01,2.396039683940833331e+00,2.001044574285502531e+00
4.705370629056604770e+01,2.271121607921311458e+00,2.484025920519662201e+00
4.715944744732466631e+01,2.142983841501886921e+00,3.092802515604909708e+00
4.726105659427262395e+01,2.011546534988174706e+00,3.864036456888171767e+00
4.735815482549521249e+01,1.876743760865257959e+00,4.850990715436091172e+00
4.745032939488854140e+01,1.738528941584294385e+00,6.118283418375898286e+00
4.753713396851714634e+01,1.596881364634336720e+00,7.777325019954331786e+00
4.761809059474970951e+01,1.451813664149392391e+00,9.911928020104118886e+00
4.769269385633931080e+01,1.303380304000739898e+00,1.286054007561582146e+01
4.776041795466872486e+01,1.151686500547738801e+00,1.647453841250182904e+01
4.782072724515894180e+01,9.968969929816402509e-01,2.254087151346779194e+01
4.787309053620992216e+01,8.392438272450151171e-01,2.787224966679835347e+01
4.791699919097728610e+01,6.790317207772859076e-01,4.604234726729931282e+01
4.795198919606701082e+01,5.166349685433699879e-01,4.655641925189078734e+01
4.797766080284193890e+01,3.525083165183628409e-01,1.405179140358216614e+02
4.799439489092096522e+01,1.766064822540800439e-01,1.344591059696090838e+02
4.799999999999997868e+01,-3.421851000803225713e-17,1.265592117789446320e+03
