x,y,stress
9.999999999999994449e-01,1.122995356522107465e-13,1.429525122787464170e+03
1.007004376576481564e+00,1.691065662154764004e-01,1.309490750963661014e+02
1.027840918452805896e+00,3.370724129893789556e-01,1.404918415097275215e+02
1.061174758532046569e+00,4.994782987729330936e-01,3.598678017293020304e+01
1.106571014130131703e+00,6.589376360993621784e-01,3.261570769605472719e+01
1.163137704175354559e+00,8.147892947259203211e-01,1.648166195401868350e+01
1.229894376236877251e+00,9.665605663055850671e-01,1.148295258638534300e+01
1.305840456192096655e+00,1.113952993189200935e+00,7.296824778044983084e+00
1.390006071733782322e+00,1.256815550319525743e+00,4.875194441984628924e+00
1.481484749028324943e+00,1.395113358534408432e+00,3.274202730563849695e+00
1.579450797889402791e+00,1.528897500438721746e+00,2.231545697633762426e+00
1.683165486327516946e+00,1.658278990335822378e+00,1.530816083815524253e+00
1.791975870845330165e+00,1.783407896128224257e+00,1.048161891617879204e+00
1.905309361646646771e+00,1.904457468503415907e+00,7.056191410342883552e-01
2.022666125758304734e+00,2.021612510245033523e+00,4.549598497706356937e-01
2.143610878476133852e+00,2.135061287480990000e+00,2.658552774895198145e-01
2.267764861663677411e+00,2.244990099564435404e+00,1.218217530706934837e-01
2.394798248626435200e+00,2.351579638717604226e+00,4.457723204182262311e-02
2.524423358548430141e+00,2.455002785228957762e+00,1.136769360650500965e-01
2.656388695387060128e+00,2.555423378826403358e+00,1.931595514158797045e-01
2.790474100262289259e+00,2.652995884548074113e+00,2.634800842627998962e-01
2.926486147989758368e+00,2.747865119882490603e+00,3.256501320560311052e-01
3.064254211465891498e+00,2.840166325070031306e+00,3.811135887992714855e-01
3.203627602144694553e+00,2.930025764370082886e+00,4.311941094769089489e-01
3.344472603311535952e+00,3.017561022291157080e+00,4.768437301239558668e-01
3.486670266986513500e+00,3.102881598133723884e+00,5.188226249346735708e-01
3.630114587014313443e+00,3.186089522994736356e+00,5.577099405111712871e-01
3.774710547970715258e+00,3.267279729940878230e+00,5.939685300053548778e-01
3.920373064780081851e+00,3.346540783791398965e+00,6.279548084075744496e-01
4.067025713767944417e+00,3.423955332638739968e+00,6.599691816104701347e-01
4.214599056134904487e+00,3.499600243176550496e+00,6.902412364931141964e-01
4.363030277458080697e+00,3.573547333278683791e+00,7.189703550140710275e-01
4.512262760411290152e+00,3.645863932556574039e+00,7.463161432351241853e-01
4.662301500508168495e+00,3.716639332729413159e+00,7.724252460758904704e-01
4.813043237064182911e+00,3.785904975823664476e+00,7.974109580871476810e-01
4.969872022369824727e+00,3.856115427777083493e+00,8.222044320062088518e-01
5.127365000595887956e+00,3.924823184897968442e+00,8.459761024683888353e-01
5.279956766006486113e+00,3.989760080423830679e+00,8.680346501302727003e-01
5.433096790098479012e+00,4.053393348638866023e+00,8.892903225497131858e-01
5.586752075590728062e+00,4.115765008848920381e+00,9.098342999551426447e-01
5.740896986250707990e+00,4.176916684993217110e+00,9.295584503025965395e-01
5.895505505795246570e+00,4.236886676346391489e+00,9.490458253433280422e-01
6.050553506739913878e+00,4.295711161040483894e+00,9.675760433887503620e-01
6.206018539506879428e+00,4.353424335099889575e+00,9.856327572259375724e-01
6.361879861537869552e+00,4.410058619443081973e+00,1.003137488535846833e+00
6.518118093675643543e+00,4.465644709511230381e+00,1.020157310577289200e+00
6.674715174363352155e+00,4.520211721263049043e+00,1.036700719319565867e+00
6.831654310968862553e+00,4.573787318648674827e+00,1.052794894091204636e+00
6.988919648924459160e+00,4.626397732631714277e+00,1.068469732257322002e+00
7.155340602035047404e+00,4.680937706086743866e+00,1.084576194472625321e+00
7.322092608688741677e+00,4.734457012114547503e+00,1.100255380411468975e+00
7.496336420902975028e+00,4.789214282610105400e+00,1.116175198533889690e+00
7.670907572973058031e+00,4.842918876208003098e+00,1.131665338176655711e+00
7.830832162143406272e+00,4.891134999503497838e+00,1.145492540350139477e+00
7.991006996851831801e+00,4.938513203694249398e+00,1.159003178945795298e+00
8.150265706164189439e+00,4.984739952179038092e+00,1.172111504683902350e+00
8.309751495310210956e+00,5.030177100533482992e+00,1.184928517868489628e+00
8.469455430949084374e+00,5.074841560929999495e+00,1.197463284811883799e+00
8.629369017683297116e+00,5.118749511735122049e+00,1.209727501274273198e+00
8.789484216031398844e+00,5.161916452569886182e+00,1.221729875576193836e+00
8.949793425531050062e+00,5.204357245130505127e+00,1.233480636437288780e+00
9.110289433466379094e+00,5.246086141558177651e+00,1.244985730417797365e+00
9.270965365933072633e+00,5.287116811130746719e+00,1.256255299046423302e+00
9.431814684935213577e+00,5.327462376326140614e+00,1.267294960766565115e+00
9.592831196364747015e+00,5.367135448495478300e+00,1.278115950126106792e+00
9.757827367389507955e+00,5.407064003980130984e+00,1.288975932043858963e+00
9.922986507834604453e+00,5.446313027791786610e+00,1.299621453495859669e+00
1.010769535292602761e+01,5.489374814610007647e+00,1.311257554565159245e+00
1.029259281287531635e+01,5.531619419203782861e+00,1.322629613308598850e+00
1.047879370815689448e+01,5.573310939893625360e+00,1.333817057607470158e+00
1.066517117308445783e+01,5.614205915368057020e+00,1.344749456682745148e+00
1.083179772700260024e+01,5.650073772444278219e+00,1.354313726992178113e+00
1.099855532044382223e+01,5.685327392938570590e+00,1.363694939562536845e+00
1.116092308942336331e+01,5.719046753516998649e+00,1.372653283071274544e+00
1.132340697474690394e+01,5.752202078011669606e+00,1.381437520155536891e+00
1.148600327870829396e+01,5.784801497457000785e+00,1.390053504978200127e+00
1.164870850382492051e+01,5.816852873366220145e+00,1.398502659280262073e+00
1.181151929147715229e+01,5.848363798581994288e+00,1.406788002788066816e+00
1.197443235911919324e+01,5.879341598213868814e+00,1.414912178741251303e+00
1.213744456598725030e+01,5.909793354754769190e+00,1.422879627286444792e+00
1.230055290831637471e+01,5.939725918245137848e+00,1.430689597013514724e+00
1.246375446510021234e+01,5.969145906960873660e+00,1.438350647771280633e+00
1.262704645926251779e+01,5.998059728706435223e+00,1.445851084049903923e+00
1.279128505258766779e+01,6.026621595878649984e+00,1.453259934282635113e+00
1.295560967126101737e+01,6.054684311840014210e+00,1.460429869483996113e+00
1.313551232953379611e+01,6.084826113013282800e+00,1.468235059094973316e+00
1.331551171929172916e+01,6.114384784862970434e+00,1.475828835417503093e+00
1.351672981078946023e+01,6.146728858811508545e+00,1.484120352614974214e+00
1.371806063067228898e+01,6.178363675527092980e+00,1.492193649203191530e+00
1.390906474494609313e+01,6.207713420286578021e+00,1.499663795364005070e+00
1.410016335559153866e+01,6.236441473187956497e+00,1.506948820316842408e+00
1.427035829839988246e+01,6.261498403327794726e+00,1.513286220612312327e+00
1.444062348251244998e+01,6.286073508731683468e+00,1.519485378899448236e+00
1.460481933080802186e+01,6.309311725631761902e+00,1.525330011040575418e+00
1.476907671357899865e+01,6.332110932835192330e+00,1.531047753671019418e+00
1.493339390479785678e+01,6.354475217164035072e+00,1.536639204473377651e+00
1.509776917810418162e+01,6.376408533494029029e+00,1.542105682644432596e+00
1.526220085373374857e+01,6.397914715830840926e+00,1.547447402612846412e+00
1.542668735408827274e+01,6.418997488493639381e+00,1.552667204201184425e+00
1.559122713655749237e+01,6.439660460958804400e+00,1.557764804444039530e+00
1.575581866478003334e+01,6.459907128223476569e+00,1.562743447762808380e+00
1.592046044543551453e+01,6.479740879214774374e+00,1.567601708699988716e+00
1.608515105612062612e+01,6.499165003403376772e+00,1.572344264221711585e+00
1.625024463011985176e+01,6.518223288537156712e+00,1.576979975251319166e+00
1.641538446414505259e+01,6.536876487816852155e+00,1.581506803564230790e+00
1.659442618744982667e+01,6.556640256260192423e+00,1.586290151220941969e+00
1.677351902182505938e+01,6.575935390406677961e+00,1.590946164236441973e+00
1.697531353524409425e+01,6.597113208891461689e+00,1.596033090860141002e+00
1.717716859929429418e+01,6.617705907960426792e+00,1.600955723750896675e+00
1.738479967082273348e+01,6.638276460309873173e+00,1.605852366630206030e+00
1.759249014917809006e+01,6.658238304063310409e+00,1.610575592283558510e+00
1.777727983083001817e+01,6.675486789695693091e+00,1.614642412437442331e+00
1.796211319803188999e+01,6.692260678125010465e+00,1.618580883373506030e+00
1.812924577952616190e+01,6.707019033472687575e+00,1.622033543631171248e+00
1.829641174804123338e+01,6.721394288800796701e+00,1.625386036416568203e+00
1.846166587354111144e+01,6.735228069285574826e+00,1.628600171660890883e+00
1.862695056641570446e+01,6.748691720557956408e+00,1.631716797240214900e+00
1.879226483902292699e+01,6.761787185731060745e+00,1.634736894218000280e+00
1.895760772102974556e+01,6.774516342131022384e+00,1.637661611252295923e+00
1.912297826335066375e+01,6.786881003061955298e+00,1.640492343666350106e+00
1.928837552826864510e+01,6.798882918457445079e+00,1.643230020565386695e+00
1.945379859084325957e+01,6.810523776373528015e+00,1.645875821525569771e+00
1.961924655445855592e+01,6.821805205343118850e+00,1.648430806821308492e+00
1.978471853168761285e+01,6.832728774210409028e+00,1.650895689173293990e+00
1.995021364814343556e+01,6.843295993595050142e+00,1.653272717980811324e+00
2.011854854314272600e+01,6.853679079927079698e+00,1.655597832278108195e+00
2.028690559120129677e+01,6.863696555468102645e+00,1.657837407617243741e+00
2.047415736398688679e+01,6.874409150528389745e+00,1.660219177420399150e+00
2.066143426018344442e+01,6.884673184612989161e+00,1.662495839607693870e+00
2.087235631411683201e+01,6.895696791512874846e+00,1.664929613867742519e+00
2.108330709870202213e+01,6.906156210917852256e+00,1.667225539507537269e+00
2.129195223106811596e+01,6.915947340283971734e+00,1.669369056855426248e+00
2.150062233700881009e+01,6.925190962396128747e+00,1.671380735473090517e+00
2.168589106199914340e+01,6.932939869570480695e+00,1.673062864906002867e+00
2.187117722084323646e+01,6.940260078181762715e+00,1.674647859357413227e+00
2.203877846843392163e+01,6.946512812321791408e+00,1.675997933157916231e+00
2.220639236874832889e+01,6.952416654147038244e+00,1.677271976825484456e+00
2.237213344866060538e+01,6.957911857498438657e+00,1.678455036356510943e+00
2.253788544025702478e+01,6.963067451796262297e+00,1.679562750198136722e+00
2.270364761915276475e+01,6.967884104326767414e+00,1.680595371373927227e+00
2.286941928338096375e+01,6.972362437476178343e+00,1.681553362969459675e+00
2.303519973231387752e+01,6.976503028457094580e+00,1.682437113918784366e+00
2.320098826045648011e+01,6.980306409584104976e+00,1.683247227300749937e+00
2.336678417248206685e+01,6.983773069013128776e+00,1.683983823702070781e+00
2.353258677471142946e+01,6.986903450842837593e+00,1.684647721399613607e+00
2.369839537567248655e+01,6.989697955430561827e+00,1.685238894903040574e+00
2.386420929192822982e+01,6.992156939741460242e+00,1.685758827788723657e+00
2.403293018382705526e+01,6.994314906507415053e+00,1.686213390371944953e+00
2.420165515449023630e+01,6.996126114316508549e+00,1.686597571123914729e+00
2.438937069979742489e+01,6.997733941376049316e+00,1.686937040232898921e+00
2.457708942710327449e+01,6.998913133097985906e+00,1.687187517436889994e+00
2.478854401519971518e+01,6.999728297301142987e+00,1.687361754368295719e+00
2.499999999999994671e+01,6.999999999999997335e+00,1.687416673019424884e+00
2.521145598480019601e+01,6.999728297301142987e+00,1.687359680665188488e+00
2.542291057289662248e+01,6.998913133097986794e+00,1.687183348661038584e+00
2.561062930020253958e+01,6.997733941376049316e+00,1.686930848470696631e+00
2.579834484550967133e+01,6.996126114316509437e+00,1.686589391282512729e+00
2.596706981617297316e+01,6.994314906507414165e+00,1.686202959959922199e+00
2.613579070807168137e+01,6.992156939741461130e+00,1.685746146235981513e+00
2.630160462432743174e+01,6.989697955430564491e+00,1.685224044655865505e+00
2.646741322528848883e+01,6.986903450842838481e+00,1.684630731520275759e+00
2.663321582751784788e+01,6.983773069013129664e+00,1.683964377883426344e+00
2.679901173954343108e+01,6.980306409584106753e+00,1.683225315789780741e+00
2.696480026768603366e+01,6.976503028457096356e+00,1.682412926131716224e+00
2.713058071661894743e+01,6.972362437476180119e+00,1.681526901691412945e+00
2.729635238084714643e+01,6.967884104326767414e+00,1.680566438431695175e+00
2.746211455974287929e+01,6.963067451796265850e+00,1.679531334424814837e+00
2.762786655133930225e+01,6.957911857498441321e+00,1.678421343704152191e+00
2.779360763125157874e+01,6.952416654147040909e+00,1.677235985773451565e+00
2.796122153156598245e+01,6.946512812321793184e+00,1.675959404195139335e+00
2.812882277915666762e+01,6.940260078181765380e+00,1.674606813620140855e+00
2.831410893800076423e+01,6.932939869570484248e+00,1.673019434098484082e+00
2.849937766299109398e+01,6.925190962396132299e+00,1.671334933111316978e+00
2.870804776893178811e+01,6.915947340283976175e+00,1.669320759237782337e+00
2.891669290129787839e+01,6.906156210917856697e+00,1.667174752391347159e+00
2.912764368588306141e+01,6.895696791512880175e+00,1.664876601425459235e+00
2.933856573981643479e+01,6.884673184612993602e+00,1.662440514144986281e+00
2.952584263601301373e+01,6.874409150528394186e+00,1.660161589459410170e+00
2.971309440879861796e+01,6.863696555468106197e+00,1.657777443404327755e+00
2.988145145685718163e+01,6.853679079927084139e+00,1.655535532562308898e+00
3.004978635185647562e+01,6.843295993595054583e+00,1.653207986707427635e+00
3.021528146831230544e+01,6.832728774210410805e+00,1.650828475888924229e+00
3.038075344554137303e+01,6.821805205343123291e+00,1.648361032142541038e+00
3.054620140915665871e+01,6.810523776373532456e+00,1.645803879972624229e+00
3.071162447173125898e+01,6.798882918457450408e+00,1.643156004725597752e+00
3.087702173664922967e+01,6.786881003061961515e+00,1.640416780675555852e+00
3.104239227897012654e+01,6.774516342131029489e+00,1.637584591230266451e+00
3.120773516097694866e+01,6.761787185731068739e+00,1.634658932057126979e+00
3.137304943358416409e+01,6.748691720557964402e+00,1.631638077961603095e+00
3.153833412645876066e+01,6.735228069285582819e+00,1.628520957110269007e+00
3.170358825195863872e+01,6.721394288800802919e+00,1.625306484648324945e+00
3.187075422047371376e+01,6.707019033472697345e+00,1.621953602258020988e+00
3.203788680196796435e+01,6.692260678125021123e+00,1.618500799112238431e+00
3.222272016916980419e+01,6.675486789695705525e+00,1.614561836978814835e+00
3.240750985082170388e+01,6.658238304063326396e+00,1.610494761185680579e+00
3.261520032917707113e+01,6.638276460309890048e+00,1.605771008754889984e+00
3.282283140070551752e+01,6.617705907960442779e+00,1.600874162802509382e+00
3.302468646475570324e+01,6.597113208891479452e+00,1.595952432991226022e+00
3.322648097817471324e+01,6.575935390406697501e+00,1.590866526709584727e+00
3.340557381254997438e+01,6.556640256260211075e+00,1.586210919671652730e+00
3.358461553585475912e+01,6.536876487816869918e+00,1.581428781694337538e+00
3.374975536987996350e+01,6.518223288537173588e+00,1.576895511299309938e+00
3.391484894387919269e+01,6.499165003403393648e+00,1.572252270279699049e+00
3.407953955456428474e+01,6.479740879214796578e+00,1.567502832457974060e+00
3.424418133521973573e+01,6.459907128223501438e+00,1.562637600765880208e+00
3.440877286344227315e+01,6.439660460958831045e+00,1.557654308820464406e+00
3.457331264591148567e+01,6.418997488493666026e+00,1.552552016748693697e+00
3.473779914626600629e+01,6.397914715830868460e+00,1.547329198064321343e+00
3.490223082189557147e+01,6.376408533494058339e+00,1.541984573166852002e+00
3.506660609520188387e+01,6.354475217164066159e+00,1.536516664838847301e+00
3.523092328642071891e+01,6.332110932835226969e+00,1.530924027953597388e+00
3.539518066919171702e+01,6.309311725631794765e+00,1.525205552295312295e+00
3.555937651748731554e+01,6.286073508731714554e+00,1.519360592848225222e+00
3.572964170159985997e+01,6.261498403327829365e+00,1.513161336681977609e+00
3.589983664440818245e+01,6.236441473187994688e+00,1.506824247332409605e+00
3.609093525505358002e+01,6.207713420286623318e+00,1.499538631765875873e+00
3.628193936932733976e+01,6.178363675527145382e+00,1.492068284310461568e+00
3.648327018921021647e+01,6.146728858811553842e+00,1.483994393735342143e+00
3.668448828070800261e+01,6.114384784863010402e+00,1.475705429568212379e+00
3.686448767046594099e+01,6.084826113013322768e+00,1.468106188458916161e+00
3.704439032873872861e+01,6.054684311840052402e+00,1.460338950549945780e+00
3.720871494741207641e+01,6.026621595878689064e+00,1.453084473510921404e+00
3.737295354073721398e+01,5.998059728706476079e+00,1.445687566287574111e+00
3.753624553489949989e+01,5.969145906960919845e+00,1.438179669188507814e+00
3.769944709168332508e+01,5.939725918245187586e+00,1.430522367674132100e+00
3.786255543401244950e+01,5.909793354754819816e+00,1.422712135654381482e+00
3.802556764088051011e+01,5.879341598213918552e+00,1.414747089808387148e+00
3.818848070852256171e+01,5.848363798582044026e+00,1.406624830545430083e+00
3.835129149617480238e+01,5.816852873366268994e+00,1.398342519780220394e+00
3.851399672129142715e+01,5.784801497457052299e+00,1.389897490967344940e+00
3.867659302525280651e+01,5.752202078011724673e+00,1.381286694430104101e+00
3.883907691057636669e+01,5.719046753517049275e+00,1.372507959138685951e+00
3.900144467955592376e+01,5.685327392938618551e+00,1.363558304065553006e+00
3.916820227299712798e+01,5.650073772444329734e+00,1.354177247377563953e+00
3.933482882691526328e+01,5.614205915368112976e+00,1.344611160198502020e+00
3.952120629184280176e+01,5.573310939893685756e+00,1.333675339580451036e+00
3.970740718712436035e+01,5.531619419203849475e+00,1.322484820963071961e+00
3.989230464707367929e+01,5.489374814610068931e+00,1.311112252984860227e+00
4.007701349216512909e+01,5.446313027791844341e+00,1.299475557522633773e+00
4.024217263261023447e+01,5.407064003980184275e+00,1.288831309634507205e+00
4.040716880363500962e+01,5.367135448495530703e+00,1.277973767667930360e+00
4.056818531506454661e+01,5.327462376326192128e+00,1.267146415159854822e+00
4.072903463406669289e+01,5.287116811130800009e+00,1.256099245231441230e+00
4.088971056653338820e+01,5.246086141558230054e+00,1.244822735540304315e+00
4.105020657446871013e+01,5.204357245130558418e+00,1.233310555273969600e+00
4.121051578396836845e+01,5.161916452569943026e+00,1.221554758860146084e+00
4.137063098231644886e+01,5.118749511735182445e+00,1.209546954814787023e+00
4.153054456905066871e+01,5.074841560930060780e+00,1.197279064739948495e+00
4.169024850468955634e+01,5.030177100533540724e+00,1.184740815536078795e+00
4.184973429383558141e+01,4.984739952179096711e+00,1.171923063371909324e+00
4.200899300314794260e+01,4.938513203694308906e+00,1.158814246608530052e+00
4.216916783785636369e+01,4.891134999503560010e+00,1.145303927192012017e+00
4.232909242702670127e+01,4.842918876208069712e+00,1.131479218786938024e+00
4.250366357909679493e+01,4.789214282610167572e+00,1.115982380885252701e+00
4.267790739131105937e+01,4.734457012114601682e+00,1.100054632922996545e+00
4.284465939796476874e+01,4.680937706086795380e+00,1.084370164317036700e+00
4.301108035107537830e+01,4.626397732631760462e+00,1.068257585530369314e+00
4.316834568903097846e+01,4.573787318648721012e+00,1.052582833029068299e+00
4.332528482563649419e+01,4.520211721263093452e+00,1.036489083099609187e+00
4.348188190632421879e+01,4.465644709511270349e+00,1.019946019877831622e+00
4.363812013846200699e+01,4.410058619443119277e+00,1.002929910641320088e+00
4.379398146049299356e+01,4.353424335099928655e+00,9.854133195266425727e-01
4.394944649325996266e+01,4.295711161040522086e+00,9.673648572865453099e-01
4.410449449420461576e+01,4.236886676346435010e+00,9.487527721992822238e-01
4.425910301374915434e+01,4.176916684993261519e+00,9.295382328209208511e-01
4.441324792440912717e+01,4.115765008848969231e+00,9.096827781517988765e-01
4.456690320990139043e+01,4.053393348638911320e+00,8.891377600691438010e-01
4.472004323399336556e+01,3.989760080423882194e+00,8.678537205371945618e-01
4.487263499940397082e+01,3.924823184898016848e+00,8.457771917770846581e-01
4.503012797763004471e+01,3.856115427777127902e+00,8.219993839674777369e-01
4.518695676293573626e+01,3.785904975823690233e+00,7.971974029012101060e-01
4.533769849949172226e+01,3.716639332729453127e+00,7.722060932552998747e-01
4.548773723958861126e+01,3.645863932556610898e+00,7.460915174244698855e-01
4.563696972254180650e+01,3.573547333278726867e+00,7.187431835372566358e-01
4.578540094386500670e+01,3.499600243176579806e+00,6.900110815636186778e-01
4.593297428623194634e+01,3.423955332638785709e+00,6.597390761209147581e-01
4.607962693521982800e+01,3.346540783791432716e+00,6.277240831228410034e-01
4.622528945202916617e+01,3.267279729940932853e+00,5.937392099970524306e-01
4.636988541298558886e+01,3.186089522994779433e+00,5.574820262328108456e-01
4.651332973301335727e+01,3.102881598133790497e+00,5.186053710912390535e-01
4.665552739668837745e+01,3.017561022291197492e+00,4.766369246765349565e-01
4.679637239785515845e+01,2.930025764370162822e+00,4.310194253365561279e-01
4.693574578853399970e+01,2.840166325070086373e+00,3.809776769446330258e-01
4.707351385201007332e+01,2.747865119882588747e+00,3.255808020372543132e-01
4.720952589973762059e+01,2.652995884548119854e+00,2.635209396737347443e-01
4.734361130461275025e+01,2.555423378826526370e+00,1.933396483573222857e-01
4.747557664145145395e+01,2.455002785229028373e+00,1.139814998819923542e-01
4.760520175137332188e+01,2.351579638717786747e+00,4.440980677397219495e-02
4.773223513833617204e+01,2.244990099564540653e+00,1.207738881867575081e-01
4.785638912152357705e+01,2.135061287481231584e+00,2.642141298156958085e-01
4.797733387424155183e+01,2.021612510245149874e+00,4.521965132328215065e-01
4.809469063835307168e+01,1.904457468503683693e+00,7.016263187778420951e-01
4.820802412915458746e+01,1.783407896128290204e+00,1.041847957444363981e+00
4.831683451367220528e+01,1.658278990336120362e+00,1.522992852308487244e+00
4.842054920211050018e+01,1.528897500438811674e+00,2.223543354440852937e+00
4.851851525097141149e+01,1.395113358534752379e+00,3.262780736582969965e+00
4.860999392826612819e+01,1.256815550319629438e+00,4.909196621044340070e+00
4.869415954380770728e+01,1.113952993189508911e+00,7.255065036611477503e+00
4.877010562376305813e+01,9.665605663056580088e-01,1.187254833675086374e+01
4.883686229582453819e+01,8.147892947261393681e-01,1.629103020712221195e+01
4.889342898586981079e+01,6.589376360994722015e-01,3.447225367999939039e+01
4.893882524146789592e+01,4.994782987730593815e-01,3.405652799949214682e+01
4.897215908154715436e+01,3.370724129894608900e-01,1.433933390311968878e+02
4.899299562342348935e+01,1.691065662155173399e-01,1.291838290286559072e+02
4.899999999999997868e+01,-3.301803147360848614e-17,1.432562300751625344e+03
