x,y,stress
9.999999999999994449e-01,7.438642670450046949e-16,1.027681923357860796e+03
1.003522840253821657e+00,2.227323333686582751e-01,9.620294203227044250e+01
1.014080389668321702e+00,4.452422395709412228e-01,9.729964300069600824e+01
1.029327682034213653e+00,6.424789198549399893e-01,2.400954915094365560e+01
1.050060351021492311e+00,8.392147111976264728e-01,2.204159075176528759e+01
1.073027216238674031e+00,1.013361692199699515e+00,1.079870765765657126e+01
1.100236996963942504e+00,1.186896410477572106e+00,7.876188275547288065e+00
1.129914315693216098e+00,1.350805182098601565e+00,5.034463773749561000e+00
1.163314308547416021e+00,1.513996147483161581e+00,3.512368877219839813e+00
1.200383985939175391e+00,1.676392928061606113e+00,2.438313429263169851e+00
1.241065836211311613e+00,1.837922764445963031e+00,1.739469522099083232e+00
1.285298270466170178e+00,1.998516723233115133e+00,1.267501099635687689e+00
1.333016077196133908e+00,2.158109853141576995e+00,9.416172719447915007e-01
1.384150878385170147e+00,2.316641289881228083e+00,7.141824156690094183e-01
1.438631587909553700e+00,2.474054334946861999e+00,5.508822387778865570e-01
1.496384858482037172e+00,2.630296482753853748e+00,4.334984004671976199e-01
1.557335502911846747e+00,2.785319381187715049e+00,3.441518887656245251e-01
1.621418474589684466e+00,2.939105787544252557e+00,2.752490130976676941e-01
1.688545648843599478e+00,3.091588113820622041e+00,2.315017891400963368e-01
1.760321834966726895e+00,3.246267524120331593e+00,1.970480029918351417e-01
1.835120683470534475e+00,3.399508210030088851e+00,1.725166490736343150e-01
1.911026076288865783e+00,3.547783651935437987e+00,1.559372622937419128e-01
1.989657067553298075e+00,3.694631983480299198e+00,1.450405748188103305e-01
2.070935898935884811e+00,3.840031576957679160e+00,1.388003078192182882e-01
2.154785604193892201e+00,3.983964011794881799e+00,1.363716220167543736e-01
2.241130198015353958e+00,4.126413870032870079e+00,1.371883149776276789e-01
2.329894837547099584e+00,4.267368532571505391e+00,1.408264940601737791e-01
2.421005988194250946e+00,4.406818023101149784e+00,1.469925756407564066e-01
2.514391555602531358e+00,4.544754832650370169e+00,1.554845702749860781e-01
2.609980986524190971e+00,4.681173732759603467e+00,1.661425071404926401e-01
2.707705340758715717e+00,4.816071582602370782e+00,1.788464723388290267e-01
2.807656423936788936e+00,4.949656419706955468e+00,1.935253171718730458e-01
2.909615911532237309e+00,5.081714788304419805e+00,2.100889524945792342e-01
3.019892023668371284e+00,5.220128346912791706e+00,2.296104629870440728e-01
3.132281749793198511e+00,5.356831349155458888e+00,2.510794343588210742e-01
3.240837580881984703e+00,5.484996231564073454e+00,2.731863506686854626e-01
3.351172997788121055e+00,5.611632405316750116e+00,2.968909289961019216e-01
3.462300098087885747e+00,5.735722705850649028e+00,3.219175895213848282e-01
3.575066476763674839e+00,5.858325298671116066e+00,3.483785553395101209e-01
3.689419398667366234e+00,5.979449339915649198e+00,3.762054537054004277e-01
3.805308051117725743e+00,6.099104927706697765e+00,4.053276919527761812e-01
3.922683357704942253e+00,6.217302834701761149e+00,4.356776442380163594e-01
4.041497690567493528e+00,6.334054177699067090e+00,4.671797835807159349e-01
4.161705130251409201e+00,6.449370650513524872e+00,4.997679915615338975e-01
4.283261427429011725e+00,6.563264446581954736e+00,5.333692517485307816e-01
4.406123777718986112e+00,6.675748020651164794e+00,5.679195893431601139e-01
4.530251018606808344e+00,6.786834253715919196e+00,6.033481737443897597e-01
4.658620638530631908e+00,6.899147023402448120e+00,6.404645449305369498e-01
4.788233622335842377e+00,7.010022646456583573e+00,6.783696365873168599e-01
4.930526112823852891e+00,7.128963422943080275e+00,7.203859926169668970e-01
5.074192648708088171e+00,7.246240888057180918e+00,7.631700595526232922e-01
5.207968075761807647e+00,7.353022198528118558e+00,8.032823438605208866e-01
5.342838255558196359e+00,7.458417442941970066e+00,8.439248719692632461e-01
5.475109352941946561e+00,7.559669011237525993e+00,8.839352541812921515e-01
5.608354349615679801e+00,7.659635515189518351e+00,9.243507765238089258e-01
5.742545603553682376e+00,7.758331775703115163e+00,9.651232208559892278e-01
5.877653118056415771e+00,7.855770018021165590e+00,1.006213075302424542e+00
6.013648347001748995e+00,7.951962786568695485e+00,1.047579813682299132e+00
6.150506192780041737e+00,8.046924291947883390e+00,1.089170889349115212e+00
6.288201658707168740e+00,8.140667999894922957e+00,1.130950201171148528e+00
6.426709849772533012e+00,8.233206699877332113e+00,1.172881519749704449e+00
6.566006989969982222e+00,8.324553227536799938e+00,1.214930776555825043e+00
6.706070401659071756e+00,8.414720446890827432e+00,1.257065618081982583e+00
6.847787164890863032e+00,8.504290338081233358e+00,1.299526699486468484e+00
6.990236131825455779e+00,8.592691148377415544e+00,1.342018389782859478e+00
7.147375062977727289e+00,8.688370190531411907e+00,1.388637244558513562e+00
7.305343935988651616e+00,8.782672710490111001e+00,1.435209625479113571e+00
7.471163260047059218e+00,8.879697519516392745e+00,1.483763062952076828e+00
7.637831581839571449e+00,8.975256614008243261e+00,1.532179545914476471e+00
7.787791811680006226e+00,9.059605983185264222e+00,1.575408916848135776e+00
7.938392602349796157e+00,9.142806300358840232e+00,1.618495417653863511e+00
8.084791821693018576e+00,9.222274397492759235e+00,1.660036911304627827e+00
8.231758705317622216e+00,9.300687715040583115e+00,1.701394387554318710e+00
8.379277902598145644e+00,9.378056898508559058e+00,1.742541157910881156e+00
8.527334624613981617e+00,9.454392435948713924e+00,1.783459913502842831e+00
8.675914579532634008e+00,9.529704633035837702e+00,1.824129792326141253e+00
8.825003827103154563e+00,9.604003550525934685e+00,1.864532693894084492e+00
8.974588936515027981e+00,9.677299095336890034e+00,1.904650562214811105e+00
9.124656865916147552e+00,9.749600969700640718e+00,1.944465822655534692e+00
9.275194972008179661e+00,9.820918686390839980e+00,1.983961444165150745e+00
9.426191049849920844e+00,9.891261596463676753e+00,2.023119688528063786e+00
9.578279249797285289e+00,9.960932315869465370e+00,2.062086975300842173e+00
9.730805736299899422e+00,1.002963823195637794e+01,2.100690841822961730e+00
9.897828525308851155e+00,1.010356324921445825e+01,2.142390805513578300e+00
1.006534612722778910e+01,1.017636006602423926e+01,2.183615583873813826e+00
1.025113154123175896e+01,1.025555223796360238e+01,2.228615794204206857e+00
1.043748709960800980e+01,1.033339330009312818e+01,2.272951747173797887e+00
1.061080418005975012e+01,1.040438662644312551e+01,2.313439890407946731e+00
1.078458329400104709e+01,1.047424137159774737e+01,2.353412183637770827e+00
1.094165431947292255e+01,1.053625791140985513e+01,2.389192856855996361e+00
1.109908121179876339e+01,1.059736546848239591e+01,2.424012110886314630e+00
1.125470978215753881e+01,1.065675992294221608e+01,2.457986297296740563e+00
1.141066756047451669e+01,1.071528449892584156e+01,2.491410668434367093e+00
1.156694646224081069e+01,1.077294622072079555e+01,2.524295143192140323e+00
1.172353854810633855e+01,1.082975193625473942e+01,2.556625265873440522e+00
1.188043615060281510e+01,1.088570836960578347e+01,2.588384290022556211e+00
1.203763176050034822e+01,1.094082208488185337e+01,2.619561020512112481e+00
1.219511805784950376e+01,1.099509950324164365e+01,2.650141749884240561e+00
1.235288797243203796e+01,1.104854692826374318e+01,2.680114215043729153e+00
1.251093464824211843e+01,1.110117053716751023e+01,2.709466747571490419e+00
1.266925128242085741e+01,1.115297633223371676e+01,2.738194592908132829e+00
1.283046307728272417e+01,1.120480898072394460e+01,2.766723425511429024e+00
1.299194033619186506e+01,1.125580861045118297e+01,2.794605016503316719e+00
1.317182365533415833e+01,1.131155438779191513e+01,2.824774937398126795e+00
1.335201839242124144e+01,1.136628517163951635e+01,2.854105154013725887e+00
1.355207453595158107e+01,1.142576473205441978e+01,2.885570147734795032e+00
1.375249136689362572e+01,1.148401741685522737e+01,2.915883111019466956e+00
1.393934771695594321e+01,1.153714360165174035e+01,2.943119919954558572e+00
1.412649841876608825e+01,1.158922338319414891e+01,2.969349008382418109e+00
1.429325457550016765e+01,1.163468733226916818e+01,2.991858983581729969e+00
1.446023135932948200e+01,1.167933418041898896e+01,3.013575664897644835e+00
1.462135887970573123e+01,1.172159418343440862e+01,3.033751852572107666e+00
1.478268117529305137e+01,1.176310446328804282e+01,3.053178204505552884e+00
1.494419344860580701e+01,1.180386938732898017e+01,3.071847053287075191e+00
1.510589096750838323e+01,1.184389321157811281e+01,3.089753817865628527e+00
1.526776910687767597e+01,1.188318009422726895e+01,3.106899075507101315e+00
1.542982335828008189e+01,1.192173410021740310e+01,3.123278985818712439e+00
1.559204928482020236e+01,1.195955919272743451e+01,3.138890592624104414e+00
1.575444255929997261e+01,1.199665924462374100e+01,3.153736078638513796e+00
1.591699895224554417e+01,1.203303803757718704e+01,3.167814066377020676e+00
1.607971427371498407e+01,1.206869925135214672e+01,3.181132407092571501e+00
1.624304207567677238e+01,1.210374362836948592e+01,3.193709674013320843e+00
1.640652154536927654e+01,1.213807353894483754e+01,3.205555705471197392e+00
1.658438494053433843e+01,1.217458250737824699e+01,3.217541934934952330e+00
1.676241784377184629e+01,1.221025572158880834e+01,3.228683249952144507e+00
1.696326061524501938e+01,1.224946346546098752e+01,3.240183720694140401e+00
1.716430559797496613e+01,1.228762080004726087e+01,3.250568680722094594e+00
1.737197154021537315e+01,1.232590061273308457e+01,3.260168051132326550e+00
1.757983841402483449e+01,1.236307387896914101e+01,3.268591880311818798e+00
1.776490616101868270e+01,1.239521549558676305e+01,3.275181588980029979e+00
1.795012240696019390e+01,1.242649004458410289e+01,3.280913810589047408e+00
1.811699787621476077e+01,1.245390832912827683e+01,3.285381353238409297e+00
1.828398637638087365e+01,1.248062958942138323e+01,3.289208345609627493e+00
1.844857829881346234e+01,1.250627131947169879e+01,3.292358559379067628e+00
1.861327340405818020e+01,1.253124173958500442e+01,3.294912413300331799e+00
1.877806854582096818e+01,1.255554320625172693e+01,3.296896169279246003e+00
1.894296062154566940e+01,1.257917800461612323e+01,3.298324862049289763e+00
1.910794657460587231e+01,1.260214834990797428e+01,3.299223319547446298e+00
1.927302338467289999e+01,1.262445638717066920e+01,3.299613998745647425e+00
1.943818807613973121e+01,1.264610419348097814e+01,3.299519888953728941e+00
1.960343770684766085e+01,1.266709377742936660e+01,3.298969371726478972e+00
1.976876937269982548e+01,1.268742708072609737e+01,3.297975152540807198e+00
1.993418020715926886e+01,1.270710597902913896e+01,3.296586879270863690e+00
2.010216229227495432e+01,1.272641407761176424e+01,3.294775413348976389e+00
2.027022010127860696e+01,1.274505158443114006e+01,3.292652206295453077e+00
2.045694489110349323e+01,1.276496601875226311e+01,3.289921824629182368e+00
2.064375558240840292e+01,1.278405784446220572e+01,3.286854622990727837e+00
2.085438764052331706e+01,1.280459097286694536e+01,3.283002132911033932e+00
2.106511839932028707e+01,1.282408510431199566e+01,3.278792716279710806e+00
2.127527771605345563e+01,1.284248652344227182e+01,3.274342523471571287e+00
2.148552442734935042e+01,1.285986097434097708e+01,3.269653729879742343e+00
2.167214473400506591e+01,1.287441942505264514e+01,3.265396890034565569e+00
2.185882608697404450e+01,1.288817297182265342e+01,3.261075736892468324e+00
2.202724320543068259e+01,1.289988824105185827e+01,3.257165809498227649e+00
2.219570443553839922e+01,1.291095112520135224e+01,3.253283367529920866e+00
2.236196442614900803e+01,1.292122835071327636e+01,3.249496652018737386e+00
2.252826234968477337e+01,1.293087234257170870e+01,3.245782416418546479e+00
2.269459573550282627e+01,1.293988395835996208e+01,3.242166108724353624e+00
2.286096213677696554e+01,1.294826399884958690e+01,3.238674745475471184e+00
2.302735911960131787e+01,1.295601320767224429e+01,3.235334024881189929e+00
2.319378425335442984e+01,1.296313227124681511e+01,3.232168592079002867e+00
2.336023512035183458e+01,1.296962181959643701e+01,3.229199642335376819e+00
2.352670931869253934e+01,1.297548242667517826e+01,3.226450158946703617e+00
2.369320445511789686e+01,1.298071461029189777e+01,3.223938953273649322e+00
2.385971814041621286e+01,1.298531883221868100e+01,3.221689867158473497e+00
2.402906349909577699e+01,1.298935733635229361e+01,3.219675646566567906e+00
2.419842308258521868e+01,1.299274725443032885e+01,3.217981417197019134e+00
2.438683660643906492e+01,1.299575659779649328e+01,3.216448109375815712e+00
2.457526123155889053e+01,1.299796404258746385e+01,3.215324657497272476e+00
2.478762817585135281e+01,1.299949102884549923e+01,3.214546476262726937e+00
2.499999999999988631e+01,1.299999999999999289e+01,3.214266572970747582e+00
2.521237182414844469e+01,1.299949102884549923e+01,3.214534344142228495e+00
2.542473876844090697e+01,1.299796404258746563e+01,3.215300186879381794e+00
2.561316339356077521e+01,1.299575659779649683e+01,3.216411777781374326e+00
2.580157691741458592e+01,1.299274725443033063e+01,3.217933049133343548e+00
2.597093650090410222e+01,1.298935733635229361e+01,3.219617735276900206e+00
2.614028185958360950e+01,1.298531883221868455e+01,3.221622670912028585e+00
2.630679554488204985e+01,1.298071461029189777e+01,3.223862957890405223e+00
2.647329068130728658e+01,1.297548242667518181e+01,3.226365545635833332e+00
2.663976487964798068e+01,1.296962181959644056e+01,3.229108729258948873e+00
2.680621574664539253e+01,1.296313227124682044e+01,3.232071327861737231e+00
2.697264088039850805e+01,1.295601320767225140e+01,3.235229702597039569e+00
2.713903786322285328e+01,1.294826399884959578e+01,3.238563280852657211e+00
2.730540426449701030e+01,1.293988395835997096e+01,3.242048720515656957e+00
2.747173765031505965e+01,1.293087234257171758e+01,3.245658950331256509e+00
2.763803557385082144e+01,1.292122835071328346e+01,3.249366590584348291e+00
2.780429556446142669e+01,1.291095112520136290e+01,3.253146777558850289e+00
2.797275679456913977e+01,1.289988824105186893e+01,3.257023120017318973e+00
2.814117391302578142e+01,1.288817297182266408e+01,3.260927675872753451e+00
2.832785526599474579e+01,1.287441942505265935e+01,3.265241441754480167e+00
2.851447557265043997e+01,1.285986097434099307e+01,3.269492061598281651e+00
2.872472228394633831e+01,1.284248652344228780e+01,3.274173926753704666e+00
2.893488160067949266e+01,1.282408510431201165e+01,3.278617752785093931e+00
2.914561235947647688e+01,1.280459097286696313e+01,3.282830310931352358e+00
2.935624441759139458e+01,1.278405784446222171e+01,3.286686004269637085e+00
2.954305510889630781e+01,1.276496601875227732e+01,3.289762886272024733e+00
2.972977989872121540e+01,1.274505158443115604e+01,3.292512923295118910e+00
2.989783770772487159e+01,1.272641407761178023e+01,3.294620982251961205e+00
3.006581979284055350e+01,1.270710597902915495e+01,3.296410268621771777e+00
3.023123062729999688e+01,1.268742708072611336e+01,3.297784792809882237e+00
3.039656229315217217e+01,1.266709377742938258e+01,3.298765282787398778e+00
3.056181192386009471e+01,1.264610419348100123e+01,3.299312705640708998e+00
3.072697661532692592e+01,1.262445638717069230e+01,3.299404404102785460e+00
3.089205342539396426e+01,1.260214834990799559e+01,3.299012013147665012e+00
3.105703937845416007e+01,1.257917800461614277e+01,3.298112148083206741e+00
3.122193145417885773e+01,1.255554320625174647e+01,3.296680502344218500e+00
3.138672659594164571e+01,1.253124173958502752e+01,3.294693224934543530e+00
3.155142170118636713e+01,1.250627131947172366e+01,3.292131994671919859e+00
3.171601362361895227e+01,1.248062958942140810e+01,3.288974496425728145e+00
3.188300212378505805e+01,1.245390832912830525e+01,3.285141642765486480e+00
3.204987759303961070e+01,1.242649004458412776e+01,3.280670069634981534e+00
3.223509383898110769e+01,1.239521549558678792e+01,3.274929869059814092e+00
3.242016158597494524e+01,1.236307387896917476e+01,3.268337997063735845e+00
3.262802845978438171e+01,1.232590061273312187e+01,3.259917228378526932e+00
3.283569440202477807e+01,1.228762080004730350e+01,3.250322537459293226e+00
3.303673938475473193e+01,1.224946346546103015e+01,3.239943362492973211e+00
3.323758215622792278e+01,1.221025572158884742e+01,3.228454883571850065e+00
3.341561505946540223e+01,1.217458250737829140e+01,3.217305268115159045e+00
3.359347845463044280e+01,1.213807353894488550e+01,3.205302350849966508e+00
3.375695792432295406e+01,1.210374362836953210e+01,3.193444930087258271e+00
3.392028572628475303e+01,1.206869925135219468e+01,3.180855083618520318e+00
3.408300104775420181e+01,1.203303803757724033e+01,3.167530165678364096e+00
3.424555744069979113e+01,1.199665924462378896e+01,3.153444695665803543e+00
3.440795071517957382e+01,1.195955919272747892e+01,3.138592710249004103e+00
3.457017664171970495e+01,1.192173410021744573e+01,3.122974651376937860e+00
3.473223089312211442e+01,1.188318009422731514e+01,3.106590425883588136e+00
3.489410903249140006e+01,1.184389321157815722e+01,3.089440468102074178e+00
3.505580655139397095e+01,1.180386938732902458e+01,3.071528206696055197e+00
3.521731882470673014e+01,1.176310446328809256e+01,3.052854926720202311e+00
3.537864112029405561e+01,1.172159418343446013e+01,3.033425804948952642e+00
3.553976864067031016e+01,1.167933418041904048e+01,3.013248968844252307e+00
3.570674542449965116e+01,1.163468733226920726e+01,2.991525563981502600e+00
3.587350158123375365e+01,1.158922338319418621e+01,2.969018277775788306e+00
3.606065228304388626e+01,1.153714360165178299e+01,2.942792499787594274e+00
3.624750863310618598e+01,1.148401741685527178e+01,2.915568553581820765e+00
3.644792546404825373e+01,1.142576473205445531e+01,2.885260265413098324e+00
3.664798160757862178e+01,1.136628517163955010e+01,2.853810174138743605e+00
3.682817634466569956e+01,1.131155438779195066e+01,2.824491584905887809e+00
3.700805966380799106e+01,1.125580861045121850e+01,2.794318689862026250e+00
3.716953692271712129e+01,1.120480898072398723e+01,2.766433887400186364e+00
3.733074871757897739e+01,1.115297633223376117e+01,2.737896388365738343e+00
3.748906535175772348e+01,1.110117053716755464e+01,2.709166212039816113e+00
3.764711202756780040e+01,1.104854692826378226e+01,2.679806759065295640e+00
3.780488194215033104e+01,1.099509950324168273e+01,2.649826738107984525e+00
3.796236823949949013e+01,1.094082208488190133e+01,2.619237071582786847e+00
3.811956384939701081e+01,1.088570836960584032e+01,2.588051411554786352e+00
3.827646145189348204e+01,1.082975193625479449e+01,2.556280703934941556e+00
3.843305353775902944e+01,1.077294622072084351e+01,2.523940675712731174e+00
3.858933243952532877e+01,1.071528449892588775e+01,2.491041990636068348e+00
3.874529021784228888e+01,1.065675992294227292e+01,2.457599161114789155e+00
3.890091878820106075e+01,1.059736546848245453e+01,2.423626468527761535e+00
3.905834568052689093e+01,1.053625791140991552e+01,2.388656971567834741e+00
3.921541670599876994e+01,1.047424137159780955e+01,2.353182924880084848e+00
3.938919581994006336e+01,1.040438662644319123e+01,2.313258051363225931e+00
3.956251290039180901e+01,1.033339330009318857e+01,2.272731868949128931e+00
3.974886845876807939e+01,1.025555223796365389e+01,2.228403586533076908e+00
3.993465387277206702e+01,1.017636006602428900e+01,2.183407253858238750e+00
4.010217147469101207e+01,1.010356324921450621e+01,2.142175759222779696e+00
4.026919426369997268e+01,1.002963823195641702e+01,2.100470504481389167e+00
4.042172075020257438e+01,9.960932315869511555e+00,2.061854471869411842e+00
4.057380895014993172e+01,9.891261596463730044e+00,2.022880242361034142e+00
4.072480502799167112e+01,9.820918686390896823e+00,1.983716350549572960e+00
4.087534313408369258e+01,9.749600969700701114e+00,1.944217043875076767e+00
4.102541106348482458e+01,9.677299095336943324e+00,1.904399933503905018e+00
4.117499617289671932e+01,9.604003550525984423e+00,1.864280262691671242e+00
4.132408542046722033e+01,9.529704633035894545e+00,1.823877143108953547e+00
4.147266537538586562e+01,9.454392435948779649e+00,1.783207206156656399e+00
4.162072209740170337e+01,9.378056898508621231e+00,1.742289886736214211e+00
4.176824129468223390e+01,9.300687715040645287e+00,1.701143614039946961e+00
4.191520817830685530e+01,9.222274397492814302e+00,1.659787658318966352e+00
4.206160739765007861e+01,9.142806300358891747e+00,1.618245693003193209e+00
4.221220818831986321e+01,9.059605983185315736e+00,1.575161170685689394e+00
4.236216841816030154e+01,8.975256614008301881e+00,1.531928604167529295e+00
4.252883673995284397e+01,8.879697519516433601e+00,1.483514350029372375e+00
4.269465606401128355e+01,8.782672710490132317e+00,1.434961311165103170e+00
4.285262493702223452e+01,8.688370190531419013e+00,1.388385273002585851e+00
4.300976386817452379e+01,8.592691148377411992e+00,1.341765361951026136e+00
4.315221283510911121e+01,8.504290338081235134e+00,1.299266020809917599e+00
4.329392959834089538e+01,8.414720446890830985e+00,1.256799289627985816e+00
4.343399301002997959e+01,8.324553227536807043e+00,1.214659039996614620e+00
4.357329015022741459e+01,8.233206699877351653e+00,1.172604901457449555e+00
4.371179834129276287e+01,8.140667999894956708e+00,1.130672211023944440e+00
4.384949380721987922e+01,8.046924291947920693e+00,1.088893395184071133e+00
4.398635165299817373e+01,7.951962786568734565e+00,1.047307236626280558e+00
4.412234688194350696e+01,7.855770018021203782e+00,1.005950354977865224e+00
4.425745439644624213e+01,7.758331775703152466e+00,9.648635900351443251e-01
4.439164565038423405e+01,7.659635515189554766e+00,9.240890563971455585e-01
4.452489064705798683e+01,7.559669011237557079e+00,8.836711659605986924e-01
4.465716174444174413e+01,7.458417442941997599e+00,8.436566106467846549e-01
4.479203192423815238e+01,7.353022198528132769e+00,8.030133276471896897e-01
4.492580735129188696e+01,7.246240888057172036e+00,7.629009048705582829e-01
4.506947388717613734e+01,7.128963422943071393e+00,7.201215833083756124e-01
4.521176637766413364e+01,7.010022646456581796e+00,6.781109209448373809e-01
4.534137936146931480e+01,6.899147023402472101e+00,6.402114618975938143e-01
4.546974898139310284e+01,6.786834253715959164e+00,6.031024595442345815e-01
4.559387622228093306e+01,6.675748020651197656e+00,5.676814764800149904e-01
4.571673857257093943e+01,6.563264446581982270e+00,5.331404642275104910e-01
4.583829486974853040e+01,6.449370650513554182e+00,4.995447419255577559e-01
4.595850230943243986e+01,6.334054177699097288e+00,4.669619172718218469e-01
4.607731664229498847e+01,6.217302834701791348e+00,4.354616877007951858e-01
4.619469194888221608e+01,6.099104927706734181e+00,4.051134528868660101e-01
4.631058060133256049e+01,5.979449339915703376e+00,3.759881803642728393e-01
4.642493352323624833e+01,5.858325298671176462e+00,3.481570370240383294e-01
4.653769990191204897e+01,5.735722705850694325e+00,3.216946419561824699e-01
4.664882700221183143e+01,5.611632405316778538e+00,2.966679828331036939e-01
4.675916241911795623e+01,5.484996231564116087e+00,2.729693938502255057e-01
4.686771825020672821e+01,5.356831349155513067e+00,2.508717476149284198e-01
4.698010797633154567e+01,5.220128346912867201e+00,2.294236581179418810e-01
4.709038408846766544e+01,5.081714788304514840e+00,2.099273682924203133e-01
4.719234357606311647e+01,4.949656419707050503e+00,1.933943704567337996e-01
4.729229465924117903e+01,4.816071582602460488e+00,1.787518311240308411e-01
4.739001901347570112e+01,4.681173732759699391e+00,1.660927322186410426e-01
4.748560844439737849e+01,4.544754832650462539e+00,1.554923072411968921e-01
4.757899401180566912e+01,4.406818023101242154e+00,1.470645669804405697e-01
4.767010516245280627e+01,4.267368532571596873e+00,1.409631082020399162e-01
4.775886980198454523e+01,4.126413870032974884e+00,1.373940653021472613e-01
4.784521439580601765e+01,3.983964011795001259e+00,1.366524026969522798e-01
4.792906410106404280e+01,3.840031576957771531e+00,1.391482197542991961e-01
4.801034293244664042e+01,3.694631983480355597e+00,1.454784127624311751e-01
4.808897392371107316e+01,3.547783651935483284e+00,1.564570119771679646e-01
4.816487931652942933e+01,3.399508210030119493e+00,1.732212997832129897e-01
4.823967816503324002e+01,3.246267524120345804e+00,1.979541161653234072e-01
4.831145435115637099e+01,3.091588113820619821e+00,2.327373176697093704e-01
4.837858152541030421e+01,2.939105787544227244e+00,2.793377058505334687e-01
4.844266449708815259e+01,2.785319381187671528e+00,3.428231537823376307e-01
4.850361514151796172e+01,2.630296482753798237e+00,4.291002760301453334e-01
4.856136841209043808e+01,2.474054334946791389e+00,5.473907905758148562e-01
4.861584912161482208e+01,2.316641289881162358e+00,7.103598833591405759e-01
4.866698392280386543e+01,2.158109853141515710e+00,9.387988459044976919e-01
4.871470172953382871e+01,1.998516723233042303e+00,1.264419174805353485e+00
4.875893416378867329e+01,1.837922764445881096e+00,1.736326629778011110e+00
4.879961601406080973e+01,1.676392928061540388e+00,2.439751700066915774e+00
4.883668569145257266e+01,1.513996147483110288e+00,3.485336764765913919e+00
4.887008568430677258e+01,1.350805182098547164e+00,5.111539249312782474e+00
4.889976300303603551e+01,1.186896410477510155e+00,7.530302618484905786e+00
4.892697278376130043e+01,1.013361692199629127e+00,1.167883330109951778e+01
4.894993964897849281e+01,8.392147111975495344e-01,1.859327778056056601e+01
4.897067231796577147e+01,6.424789198548989111e-01,2.975140588848081435e+01
4.898591961033164210e+01,4.452422395709290659e-01,7.120627250566151645e+01
4.899647715974614215e+01,2.227323333686487550e-01,9.490876965039805668e+01
4.899999999999997868e+01,-2.299799821414423512e-17,7.404038609158812960e+02
