x,y,stress
3.999999999999997780e+00,3.405908856854839796e-13,8.435694801552157287e+02
4.002652777075476287e+00,2.384148330629812240e-01,1.043335701804769826e+02
4.010607867320552522e+00,4.767116853252618136e-01,9.973833244440011470e+01
4.022122141264174111e+00,6.883285522906851250e-01,4.090222610925890478e+01
4.037806925893495880e+00,8.996772448147472012e-01,3.838798400074550443e+01
4.055233546255103683e+00,1.087207196820208832e+00,2.685939290893885456e+01
4.075928933178070146e+00,1.274404621010847505e+00,2.297750011604210130e+01
4.097230773115282609e+00,1.441767383301382432e+00,1.896019384246351080e+01
4.121130601682410521e+00,1.608778952611591651e+00,1.631272552020465838e+01
4.146976721607321004e+00,1.771575476456538567e+00,1.403637875849605798e+01
4.175274861088173139e+00,1.933963743087890874e+00,1.221487255895505974e+01
4.206009335380624492e+00,2.095908579916736958e+00,1.066372147464515940e+01
4.239163271404277289e+00,2.257375477230024519e+00,9.352942356076766828e+00
4.274718655069645656e+00,2.418330632418746351e+00,8.226239261595599928e+00
4.312656379600518619e+00,2.578740984880124820e+00,7.252293711495036099e+00
4.352956296269166359e+00,2.738574250709200797e+00,6.403955726608103305e+00
4.395597269077797797e+00,2.897798962580658166e+00,5.661066151022601467e+00
4.440557226109263844e+00,3.056384487639225878e+00,5.006996227940962996e+00
4.487813216193853094e+00,3.214301059189444310e+00,4.430206156802560358e+00
4.537629451625022625e+00,3.372411444276634196e+00,3.917060208645605002e+00
4.589718882960529989e+00,3.529787581299036692e+00,3.461469445666042866e+00
4.647451688225165078e+00,3.695955954387323494e+00,3.033337284375106968e+00
4.707683804232480895e+00,3.861234827534179459e+00,2.654563517938941075e+00
4.766662968103585030e+00,4.016043879959455332e+00,2.336297028643536944e+00
4.827802521129684443e+00,4.170012533227517082e+00,2.050772273464759099e+00
4.890753016891282279e+00,4.322354432832530513e+00,1.795397165381711346e+00
4.955786562357978653e+00,4.473818830905063493e+00,1.565246719005332743e+00
5.022874727359493363e+00,4.624384451107735217e+00,1.358395657279001689e+00
5.091988767178372122e+00,4.774030981590685840e+00,1.168282661183896787e+00
5.163099664856290794e+00,4.922739048702473141e+00,9.858379047505679837e-01
5.236178154382258754e+00,5.070490157377565588e+00,8.313142412006381265e-01
5.311194780979671570e+00,5.217266713807047651e+00,6.867354056967772680e-01
5.388119979775670920e+00,5.363052077681264684e+00,5.553944256507971078e-01
5.466924084230016412e+00,5.507830477211269837e+00,4.354903558273542918e-01
5.547577352062378786e+00,5.651586969017568407e+00,3.278811631664909632e-01
5.632134266146322510e+00,5.797861011078484950e+00,2.338911873590673596e-01
5.718570652780262442e+00,5.943032377575007352e+00,1.687311634035078001e-01
5.811876368249884628e+00,6.095159985706991357e+00,1.586439004692056232e-01
5.907205810364504650e+00,6.246027718585417610e+00,2.077018113722076953e-01
5.997409056503157920e+00,6.384832850405583571e+00,2.764750890168928277e-01
6.089291713994414046e+00,6.522532065987610039e+00,3.521286847400468822e-01
6.182423041671825992e+00,6.658537461884912467e+00,4.291573454707754975e-01
6.277161345827599881e+00,6.793428424596541504e+00,5.062128301571721112e-01
6.373477953497949322e+00,6.927197082071780088e+00,5.827219979066543543e-01
6.471344369462735280e+00,7.059836115811917168e+00,6.585077131761941649e-01
6.570732373874329291e+00,7.191338851128709742e+00,7.336028359533687260e-01
6.671614060908001242e+00,7.321699258678830091e+00,8.080804041969631424e-01
6.773961815802088005e+00,7.450911877769428315e+00,8.820753925520524730e-01
6.877748303988554746e+00,7.578971763574955389e+00,9.556854891636282767e-01
6.982946509468122009e+00,7.705874499079770068e+00,1.029036084618414559e+00
7.089529780169910644e+00,7.831616212656012266e+00,1.102230933656531464e+00
7.200387192204181552e+00,7.959520800509945815e+00,1.177311081764294887e+00
7.312649136851516296e+00,8.086194440686673701e+00,1.252418575276315060e+00
7.435860865562724520e+00,8.222077561145622937e+00,1.333887628198668462e+00
7.560654791666769903e+00,8.356509093935880372e+00,1.415500422014172699e+00
7.676959113144657287e+00,8.479033397943290140e+00,1.490916982748041963e+00
7.794550234799399568e+00,8.600323272790939555e+00,1.566576141136936329e+00
7.910504257511092874e+00,8.717479955188247587e+00,1.640667137527148212e+00
8.027635161902429317e+00,8.833460037027958123e+00,1.715036669097487199e+00
8.145919557247953691e+00,8.948263211635866909e+00,1.789698956037621969e+00
8.265334718546137438e+00,9.061889751943516202e+00,1.864657380862559721e+00
8.385858273693612475e+00,9.174340178081790143e+00,1.939917911982999676e+00
8.507468010733774122e+00,9.285615070432321261e+00,2.015477787100133700e+00
8.630142232767919808e+00,9.395715390228641439e+00,2.091330803136253191e+00
8.753859570047209715e+00,9.504642290294558649e+00,2.167469439276663579e+00
8.878597163789633484e+00,9.612395552698874468e+00,2.243878626423394529e+00
9.004336278574573527e+00,9.718978438776645135e+00,2.320552687150005955e+00
9.131711051339058471e+00,9.824931994410874836e+00,2.397869412801605815e+00
9.260057077023565952e+00,9.929706943839413213e+00,2.475434023915698223e+00
9.401463483090623185e+00,1.004290943216027365e+01,2.560471022390498064e+00
9.543981772741805258e+00,1.015470888454857601e+01,2.645736237614826791e+00
9.689968583945244518e+00,1.026692077815974891e+01,2.732631424095960604e+00
9.837053076555086761e+00,1.037768997822144179e+01,2.819689208742060416e+00
9.971160182898621827e+00,1.047674718154807749e+01,2.898653065622374569e+00
1.010612851741054108e+01,1.057462770754207249e+01,2.977727931333210787e+00
1.024039765129990265e+01,1.067024612181582732e+01,3.055978626433092149e+00
1.037547422176281131e+01,1.076472048040557361e+01,3.134280488561271394e+00
1.051134162827694496e+01,1.085805396993541727e+01,3.212636200813410614e+00
1.064798355950741104e+01,1.095024983621029513e+01,3.290963698681240501e+00
1.078538398723803837e+01,1.104131137789983441e+01,3.369241521103661263e+00
1.092352726765238380e+01,1.113124200982820433e+01,3.447434104153378698e+00
1.106239804635742274e+01,1.122004519484646323e+01,3.525506567284704129e+00
1.120198120151416532e+01,1.130772440605002060e+01,3.603437797697210065e+00
1.134226192685854961e+01,1.139428317822775760e+01,3.681192848304668530e+00
1.148322570134744502e+01,1.147972508557813143e+01,3.758744988391510500e+00
1.162696977930832887e+01,1.156529958311401174e+01,3.837213382935408923e+00
1.177138809475984793e+01,1.164973125424758749e+01,3.915402817565444060e+00
1.193235866437746928e+01,1.174205658384114592e+01,4.001718371687294606e+00
1.209412208809506417e+01,1.183298561793201031e+01,4.087547186210088057e+00
1.225924910840166149e+01,1.192393551314116174e+01,4.174198407234177566e+00
1.242515578362644568e+01,1.201345531642597209e+01,4.260206749178606422e+00
1.257441481550265294e+01,1.209243381300210807e+01,4.336677947415434886e+00
1.272427104589201896e+01,1.217027322327735916e+01,4.412568421174879241e+00
1.287111466514158842e+01,1.224516023790491737e+01,4.486005017069666145e+00
1.301850303935479758e+01,1.231896933184772891e+01,4.558772707688214965e+00
1.316642453627763487e+01,1.239170418153398323e+01,4.630798659285967567e+00
1.331486767784668146e+01,1.246336841925019279e+01,4.702042913866929297e+00
1.346382122007988613e+01,1.253396567286798557e+01,4.772422004971514475e+00
1.361327412625240818e+01,1.260349955199775529e+01,4.841912722741225750e+00
1.376321556988860806e+01,1.267197364891430666e+01,4.910382055066329521e+00
1.391363488722360309e+01,1.273939151676626480e+01,4.977936546342276891e+00
1.406452160358474401e+01,1.280575668224509123e+01,5.044712088489810675e+00
1.421586545535293489e+01,1.287107265488075747e+01,5.109760859753182061e+00
1.436846509129448179e+01,1.293568205180522490e+01,5.174069148284100805e+00
1.452150645038545385e+01,1.299923806500820511e+01,5.237241718504264121e+00
1.468940466081903651e+01,1.306755648644217338e+01,5.305187188424850930e+00
1.485780680300135081e+01,1.313462314187035140e+01,5.370697602706711038e+00
1.504093620879327808e+01,1.320592493037390192e+01,5.439941045584684609e+00
1.522462761336398707e+01,1.327576614305166736e+01,5.506852641708388063e+00
1.539215543693530641e+01,1.333801768407922950e+01,5.565729467374406880e+00
1.556012406951684390e+01,1.339906984315619631e+01,5.622532535821695987e+00
1.571572105217599358e+01,1.345442352754919213e+01,5.673154310308104797e+00
1.587167632411488150e+01,1.350875957062213040e+01,5.721896658306762973e+00
1.602768479328435447e+01,1.356198091889826962e+01,5.768586702223563734e+00
1.618403342552669244e+01,1.361419452371215577e+01,5.813265997617237169e+00
1.634071405453055092e+01,1.366540333930227469e+01,5.855873084455167188e+00
1.649771860308500138e+01,1.371561026058415500e+01,5.896350085101127902e+00
1.665503908686034862e+01,1.376481812592826692e+01,5.934636895217649588e+00
1.681266772802796083e+01,1.381302975285389678e+01,5.970678227304754948e+00
1.697059685204316537e+01,1.386024790483415181e+01,6.004427696816101445e+00
1.712881882649695342e+01,1.390647527442190245e+01,6.035836037187048753e+00
1.728732613439339616e+01,1.395171450664369850e+01,6.064849102813811399e+00
1.744611141476867289e+01,1.399596821030372418e+01,6.091470017315921304e+00
1.761069163772988588e+01,1.404072287820296516e+01,6.116369140066755250e+00
1.777555370021448056e+01,1.408442792701873536e+01,6.138702610920598879e+00
1.796081357007969714e+01,1.413220837207864911e+01,6.160441056799651705e+00
1.814640728460536678e+01,1.417867518658489523e+01,6.178721057389878979e+00
1.833714779598387068e+01,1.422498521407066718e+01,6.193929225217956969e+00
1.852821690474997141e+01,1.426992026149431680e+01,6.205375837195615141e+00
1.869851505640507128e+01,1.430875441151336602e+01,6.212592793219927856e+00
1.886905663977556458e+01,1.434650518336739466e+01,6.216975194664575710e+00
1.903021381092171183e+01,1.438113937853471391e+01,6.218548526837446744e+00
1.919157443568991894e+01,1.441481296755975983e+01,6.217668585214331856e+00
1.935313217410711317e+01,1.444752792491757809e+01,6.214353240558838642e+00
1.951488070205771308e+01,1.447928615980852918e+01,6.208650753131368383e+00
1.967681376304146923e+01,1.451008952782291317e+01,6.200631145289153601e+00
1.983892521562405875e+01,1.453993983983284899e+01,6.190367404834139720e+00
2.000120899019732690e+01,1.456883885320904071e+01,6.177941532471411534e+00
2.016365900612593620e+01,1.459678825784542155e+01,6.163447611706198259e+00
2.032626923748542325e+01,1.462378968931475498e+01,6.146994208533620885e+00
2.048903378925500718e+01,1.464984474121108882e+01,6.128701885187052945e+00
2.065194680903122304e+01,1.467495494984056315e+01,6.108682809456796647e+00
2.081500244029772517e+01,1.469912178803316927e+01,6.087148191330959079e+00
2.098721729687174431e+01,1.472360271908080698e+01,6.062803856469991537e+00
2.115957778998413730e+01,1.474703632018949406e+01,6.037154716764364437e+00
2.135372279270028528e+01,1.477215842572981686e+01,6.006756767400769803e+00
2.154803435117127108e+01,1.479595803119454800e+01,5.975015811524611031e+00
2.174263460732260356e+01,1.481845186456886587e+01,5.942365854429167094e+00
2.193738295777844272e+01,1.483962526434102003e+01,5.908962682640332531e+00
2.211053830358676819e+01,1.485733192024211213e+01,5.879081752480941780e+00
2.228379683486115326e+01,1.487399868634087419e+01,5.849237377697010132e+00
2.244796554005286637e+01,1.488882473869624512e+01,5.821223030486954997e+00
2.261221564429910558e+01,1.490272002755636116e+01,5.793669567125104614e+00
2.277654176940152553e+01,1.491568537317076171e+01,5.766760309151246489e+00
2.294093856503433315e+01,1.492772154120492090e+01,5.740700147635615203e+00
2.310540070205469476e+01,1.493882924237263587e+01,5.715708530479967742e+00
2.326992287539205506e+01,1.494900913279887256e+01,5.691976450207125282e+00
2.343449979807479266e+01,1.495826181374892094e+01,5.669696318798608026e+00
2.359912620279315476e+01,1.496658783185813135e+01,5.649053196648477382e+00
2.376379683770015561e+01,1.497398767900452299e+01,5.630230906225550669e+00
2.392850646611089971e+01,1.498046179240448517e+01,5.613383856761863910e+00
2.409324986418214465e+01,1.498601055459544007e+01,5.598643215756380798e+00
2.425802181895602416e+01,1.499063429344547593e+01,5.586194481169006743e+00
2.443253322038392739e+01,1.499452249401379333e+01,5.575555758398452078e+00
2.460706464044138997e+01,1.499737395045546506e+01,5.567726837065737122e+00
2.480352793250492738e+01,1.499934350139375283e+01,5.562282327574052054e+00
2.500000000000023448e+01,1.499999999999999112e+01,5.560401217778375482e+00
2.519647206749554869e+01,1.499934350139374573e+01,5.562249231538459959e+00
2.539293535955908965e+01,1.499737395045545796e+01,5.567659740955902770e+00
2.556746677961656999e+01,1.499452249401378445e+01,5.575456457651133846e+00
2.574197818104443769e+01,1.499063429344546527e+01,5.586061616113152439e+00
2.590675013581837760e+01,1.498601055459542408e+01,5.598483836593783458e+00
2.607149353388956925e+01,1.498046179240446563e+01,5.613198061613155154e+00
2.623620316230039151e+01,1.497398767900450345e+01,5.630021475735939696e+00
2.640087379720730709e+01,1.496658783185810826e+01,5.648819649394942743e+00
2.656550020192567985e+01,1.495826181374888897e+01,5.669448866590745872e+00
2.673007712460841745e+01,1.494900913279884236e+01,5.691715088358723307e+00
2.689459929794577775e+01,1.493882924237260568e+01,5.715435640904176218e+00
2.705906143496612515e+01,1.492772154120488537e+01,5.740416288027115677e+00
2.722345823059893988e+01,1.491568537317072085e+01,5.766475839473383047e+00
2.738778435570135983e+01,1.490272002755632208e+01,5.793386485359836691e+00
2.755203445994760258e+01,1.488882473869620249e+01,5.820944027292244805e+00
2.771620316513930860e+01,1.487399868634082623e+01,5.848967238915377287e+00
2.788946169641370787e+01,1.485733192024206240e+01,5.878811485864505748e+00
2.806261704222203335e+01,1.483962526434096674e+01,5.908702413856717683e+00
2.825736539267786895e+01,1.481845186456881436e+01,5.942098309194534522e+00
2.845196564882919077e+01,1.479595803119448760e+01,5.974744795619287174e+00
2.864627720730019078e+01,1.477215842572975291e+01,6.006481736343863176e+00
2.884042221001633166e+01,1.474703632018942834e+01,6.036868225588805537e+00
2.901278270312872465e+01,1.472360271908073770e+01,6.062511285652772308e+00
2.918499755970272957e+01,1.469912178803309821e+01,6.086837001875940345e+00
2.934805319096924237e+01,1.467495494984048499e+01,6.108360795361145179e+00
2.951096621074546178e+01,1.464984474121101066e+01,6.128361135854768271e+00
2.967373076251505282e+01,1.462378968931467504e+01,6.146628680345544993e+00
2.983634099387453276e+01,1.459678825784533451e+01,6.163053650174254550e+00
2.999879100980314561e+01,1.456883885320895544e+01,6.177530947838845599e+00
3.016107478437641021e+01,1.453993983983276017e+01,6.189938763459499782e+00
3.032318623695899618e+01,1.451008952782282613e+01,6.200187103959787116e+00
3.048511929794273811e+01,1.447928615980843681e+01,6.208191262532015919e+00
3.064686782589335223e+01,1.444752792491748217e+01,6.213888946234407129e+00
3.080842556431055357e+01,1.441481296755966035e+01,6.217203358389498113e+00
3.096978618907875358e+01,1.438113937853461088e+01,6.218079908979339265e+00
3.113094336022489017e+01,1.434650518336728808e+01,6.216516685826632305e+00
3.130148494359540834e+01,1.430875441151324701e+01,6.212128722847873874e+00
3.147178309525054019e+01,1.426992026149419424e+01,6.204932888175920702e+00
3.166285220401665157e+01,1.422498521407054106e+01,6.193484052913906801e+00
3.185359271539516257e+01,1.417867518658475667e+01,6.178277121027189622e+00
3.203918642992083221e+01,1.413220837207850522e+01,6.160011420861596143e+00
3.222444629978604524e+01,1.408442792701859148e+01,6.138269781128673053e+00
3.238930836227063281e+01,1.404072287820282128e+01,6.115960965139657368e+00
3.255388858523181739e+01,1.399596821030357674e+01,6.091070158923722389e+00
3.271267386560710833e+01,1.395171450664354040e+01,6.064470462239244242e+00
3.287118117350355817e+01,1.390647527442174436e+01,6.035469915247420936e+00
3.302940314795734622e+01,1.386024790483399372e+01,6.004075761745577999e+00
3.318733227197254365e+01,1.381302975285373158e+01,5.970333168522306444e+00
3.334496091314016297e+01,1.376481812592809284e+01,5.934297707059323912e+00
3.350228139691551377e+01,1.371561026058398092e+01,5.896011444903410670e+00
3.365928594546995356e+01,1.366540333930210416e+01,5.855535194097638119e+00
3.381596657447380494e+01,1.361419452371197814e+01,5.812922625723847325e+00
3.397231520671614646e+01,1.356198091889809021e+01,5.768239844215265144e+00
3.412832367588563187e+01,1.350875957062194566e+01,5.721544477683922381e+00
3.428427894782451091e+01,1.345442352754900561e+01,5.672801281199144618e+00
3.443987593048365170e+01,1.339906984315600269e+01,5.622204830245670415e+00
3.460784456306517853e+01,1.333801768407903410e+01,5.565408990627071617e+00
3.477537238663649788e+01,1.327576614305147551e+01,5.506573471840146894e+00
3.495906379120721397e+01,1.320592493037370296e+01,5.439663620121898191e+00
3.514219319699913768e+01,1.313462314187014357e+01,5.370420692609326530e+00
3.531059533918143245e+01,1.306755648644197443e+01,5.304659031440326800e+00
3.547849354961500268e+01,1.299923806500800794e+01,5.237189970067730016e+00
3.563153490870597295e+01,1.293568205180502240e+01,5.174046598574681077e+00
3.578413454464751453e+01,1.287107265488054786e+01,5.109648934953093580e+00
3.593547839641571784e+01,1.280575668224487274e+01,5.044368387931396747e+00
3.608636511277686054e+01,1.273939151676604631e+01,4.977939075615662290e+00
3.623678443011184669e+01,1.267197364891408995e+01,4.910427382479690017e+00
3.638672587374804124e+01,1.260349955199752969e+01,4.841890426581134221e+00
3.653617877992055440e+01,1.253396567286775820e+01,4.772394384683083857e+00
3.668513232215376263e+01,1.246336841924997074e+01,4.701994266027499592e+00
3.683357546372279501e+01,1.239170418153376296e+01,4.630751366772213551e+00
3.698149696064562875e+01,1.231896933184749976e+01,4.558720677116980369e+00
3.712888533485883613e+01,1.224516023790467933e+01,4.485956668210691056e+00
3.727572895410840914e+01,1.217027322327712291e+01,4.412518754343881078e+00
3.742558518449778404e+01,1.209243381300186648e+01,4.336631464699511440e+00
3.757484421637398952e+01,1.201345531642571984e+01,4.260158575157952043e+00
3.774075089159878615e+01,1.192393551314090061e+01,4.174156200777081160e+00
3.790587791190539946e+01,1.183298561793173675e+01,4.087506212111114756e+00
3.806764133562298014e+01,1.174205658384087236e+01,4.001684286313735406e+00
3.822861190524059083e+01,1.164973125424731215e+01,3.915379636055894341e+00
3.837303022069209391e+01,1.156529958311373818e+01,3.837201351377336422e+00
3.851677429865296887e+01,1.147972508557786497e+01,3.758750209085640392e+00
3.865773807314185717e+01,1.139428317822749470e+01,3.681196195645693336e+00
3.879801879848622548e+01,1.130772440604975060e+01,3.603434131320781830e+00
3.893760195364298937e+01,1.122004519484618434e+01,3.525499034436813339e+00
3.907647273234802299e+01,1.113124200982792722e+01,3.447421820085699196e+00
3.921461601276236308e+01,1.104131137789955552e+01,3.369239046457028319e+00
3.935201644049299574e+01,1.095024983621000914e+01,3.290979498593149977e+00
3.948865837172346716e+01,1.085805396993511707e+01,3.212675763355295366e+00
3.962452577823760436e+01,1.076472048040526630e+01,3.134356388888093203e+00
3.975960234870050414e+01,1.067024612181552712e+01,3.056050616930650943e+00
3.989387148258984439e+01,1.057462770754176695e+01,2.977787479420354266e+00
4.002883981710179739e+01,1.047674718154774531e+01,2.898694337374871921e+00
4.016294692344535378e+01,1.037768997822109185e+01,2.819706344971108170e+00
4.031003141605519602e+01,1.026692077815939008e+01,2.732635136491428529e+00
4.045601822725863883e+01,1.015470888454821008e+01,2.645727899262998228e+00
4.059853651690979603e+01,1.004290943215992193e+01,2.560445077463195052e+00
4.073994292297683018e+01,9.929706943839075706e+00,2.475392956778310172e+00
4.086828894866133766e+01,9.824931994410524894e+00,2.397807519121765374e+00
4.099566372142582793e+01,9.718978438776277429e+00,2.320471370651937093e+00
4.112140283621077685e+01,9.612395552698492551e+00,2.243783945760625009e+00
4.124614042995320773e+01,9.504642290294173179e+00,2.167363153683518728e+00
4.136985776723248165e+01,9.395715390228259523e+00,2.091222509662160611e+00
4.149253198926660957e+01,9.285615070431946450e+00,2.015368642250308540e+00
4.161414172630676234e+01,9.174340178081410002e+00,1.939814810030289882e+00
4.173466528145423382e+01,9.061889751943139615e+00,1.864561033320145889e+00
4.185408044275241224e+01,8.948263211635484993e+00,1.789609863213578178e+00
4.197236483809791707e+01,8.833460037027581535e+00,1.714954159190675620e+00
4.208949574248924819e+01,8.717479955187874552e+00,1.640590373122117196e+00
4.220544976520093883e+01,8.600323272790570073e+00,1.566504055666205986e+00
4.232304088685568644e+01,8.479033397942906447e+00,1.490848145037218186e+00
4.243934520833357027e+01,8.356509093935480692e+00,1.415435211858676601e+00
4.256413913443761032e+01,8.222077561145212599e+00,1.333824107338021037e+00
4.268735086314883631e+01,8.086194440686254481e+00,1.252355234819224172e+00
4.279961280779615151e+01,7.959520800509539029e+00,1.177246441292904677e+00
4.291047021983038690e+01,7.831616212655616138e+00,1.102166270261953018e+00
4.301705349053217020e+01,7.705874499079375717e+00,1.028968443723343507e+00
4.312225169601173747e+01,7.578971763574567255e+00,9.556146263744590419e-01
4.322603818419819532e+01,7.450911877769050840e+00,8.819996362388150546e-01
4.332838593909225722e+01,7.321699258678452615e+00,8.079998358130947578e-01
4.342926762612594160e+01,7.191338851128328713e+00,7.335058723658203217e-01
4.352865563053752140e+01,7.059836115811539692e+00,6.583893744747204568e-01
4.362652204650230914e+01,6.927197082071402612e+00,5.825787553621324388e-01
4.372283865417262660e+01,6.793428424596171133e+00,5.060395303410706314e-01
4.381757695832842359e+01,6.658537461884522557e+00,4.289482945047084494e-01
4.391070828600583553e+01,6.522532065987205918e+00,3.518815219765529800e-01
4.400259094349707567e+01,6.384832850405187443e+00,2.762724458106687875e-01
4.409279418963571118e+01,6.246027718585015265e+00,2.076074699533398127e-01
4.418812363175036495e+01,6.095159985706558814e+00,1.587888122320419426e-01
4.428142934721999069e+01,5.943032377574543723e+00,1.691367119345717207e-01
4.436786573385391108e+01,5.797861011078037308e+00,2.343318173814609995e-01
4.445242264793782994e+01,5.651586969017124318e+00,3.284290175494957165e-01
4.453307591577019764e+01,5.507830477210811537e+00,4.362905856051396136e-01
4.461188002022455379e+01,5.363052077680801055e+00,5.564462924714074221e-01
4.468880521902054426e+01,5.217266713806571587e+00,6.883332344237925726e-01
4.476382184561796151e+01,5.070490157377069096e+00,8.325472532337094833e-01
4.483690033514393036e+01,4.922739048701964215e+00,9.902551779418643507e-01
4.490801123282184193e+01,4.774030981590168032e+00,1.163095375221101513e+00
4.497712527264071269e+01,4.624384451107225402e+00,1.352950370082663722e+00
4.504421343764220609e+01,4.473818830904556343e+00,1.562166178725382881e+00
4.510924698310891046e+01,4.322354432832026028e+00,1.793286580829129395e+00
4.517219747887049408e+01,4.170012533227009932e+00,2.049443521973232762e+00
4.523333703189658905e+01,4.016043879958951734e+00,2.335514766950447907e+00
4.529231619576767542e+01,3.861234827533673641e+00,2.654323964918676726e+00
4.535254831177497437e+01,3.695955954386816344e+00,3.033452069115983640e+00
4.541028111703962367e+01,3.529787581298525545e+00,3.461968062843161054e+00
4.546237054837511238e+01,3.372411444276123049e+00,3.917741287031887509e+00
4.551218678380626415e+01,3.214301059188926057e+00,4.430983871260353979e+00
4.555944277389085073e+01,3.056384487638701852e+00,5.007676871985638378e+00
4.560440273092232388e+01,2.897798962580131921e+00,5.661219534072193582e+00
4.564704370373094378e+01,2.738574250708686542e+00,6.404537911717299359e+00
4.568734362039956665e+01,2.578740984879623888e+00,7.254096669202773739e+00
4.572528134493042984e+01,2.418330632418264958e+00,8.229366537853165298e+00
4.576083672859579821e+01,2.257375477229575100e+00,9.357834842617078763e+00
4.579399066461943590e+01,2.095908579916295089e+00,1.066931868128046546e+01
4.582472513891188015e+01,1.933963743087450560e+00,1.222044792065335095e+01
4.585302327839272607e+01,1.771575476456126896e+00,1.403984305066479976e+01
4.587886939831762589e+01,1.608778952611203739e+00,1.631381844806944414e+01
4.590276922688475025e+01,1.441767383300952332e+00,1.894750631024224319e+01
4.592407106682194495e+01,1.274404621010366778e+00,2.297681512905734991e+01
4.594476645374491852e+01,1.087207196819732324e+00,2.680946787040547363e+01
4.596219307410651567e+01,8.996772448142703604e-01,3.842294614832074728e+01
4.597787785873583033e+01,6.883285522902070630e-01,4.076451715220623839e+01
4.598939213267942705e+01,4.767116853247829189e-01,9.982503558948639011e+01
4.599734722292449618e+01,2.384148330625714129e-01,1.045156951112016230e+02
4.599999999999997868e+01,-4.577777815254127973e-17,8.440530779459884343e+02
