x,y,stress
3.999999999999997780e+00,7.437168223331420778e-16,8.007370294827870794e+02
4.003043966189392400e+00,2.213364176078695122e-01,1.025581124565693614e+02
4.012169311608038136e+00,4.425056111750808596e-01,9.606680190573057132e+01
4.025362108983391529e+00,6.387195641242606747e-01,3.963419387494119661e+01
4.043317248629660021e+00,8.345551884222984773e-01,3.722627539480777870e+01
4.063238414407845944e+00,1.008119438790334943e+00,2.594821315412900020e+01
4.086868381398056194e+00,1.181217786624669586e+00,2.228662832140573968e+01
4.112686708109564826e+00,1.344936116501667556e+00,1.821861606739314610e+01
4.141786001206328116e+00,1.508103270242801441e+00,1.559923170866531983e+01
4.174133329486324762e+00,1.670657727766757583e+00,1.331094483559957276e+01
4.209692653493864789e+00,1.832539935924544006e+00,1.150345832899630416e+01
4.248425030324278318e+00,1.993692452219238964e+00,9.976439060855833318e+00
4.290288824961206338e+00,2.154060056627971953e+00,8.695328205974201197e+00
4.335239932753080616e+00,2.313589862252677154e+00,7.599373502527499546e+00
4.383232006423740224e+00,2.472231403384538062e+00,6.659588598797628656e+00
4.434216680210927741e+00,2.629936687782421068e+00,5.846982548190965190e+00
4.488143801619927764e+00,2.786660256636316113e+00,5.140734218961738655e+00
4.544964088705069294e+00,2.942365690059092209e+00,4.524277446919572121e+00
4.604622280337509643e+00,3.097006065266013852e+00,3.984100433279697207e+00
4.668134030857765460e+00,3.253107089674696972e+00,3.501873727096287414e+00
4.734465632770029409e+00,3.408030978387434740e+00,3.075368769255367951e+00
4.802394603692634156e+00,3.559213532297651472e+00,2.686418700274377347e+00
4.872937849751417083e+00,3.709194127658440809e+00,2.361306964173072842e+00
4.946038637940724847e+00,3.857944976398995696e+00,2.065969157858711380e+00
5.021640074520033359e+00,4.005440676939387323e+00,1.803541734919671180e+00
5.099685239774314205e+00,4.151658096492709227e+00,1.568064375230312280e+00
5.180117323540472718e+00,4.296576279465766923e+00,1.356565576120064121e+00
5.262879754376403874e+00,4.440176362979966207e+00,1.165940009460160631e+00
5.347916377614638783e+00,4.582441588325400161e+00,9.937055827881901005e-01
5.435171528201739655e+00,4.723357140607970628e+00,8.377385715665385257e-01
5.524590077389004428e+00,4.862909977358049751e+00,6.966933046572156840e-01
5.616446164124554663e+00,5.001576866292672285e+00,5.689182585839324124e-01
5.710371958418918759e+00,5.138850346770701627e+00,4.544813619057300746e-01
5.809889916797367881e+00,5.279705953229364646e+00,3.509441227400790786e-01
5.911517064245662034e+00,5.419047503290904011e+00,2.666856650891880065e-01
6.011117177514397447e+00,5.551526036243613405e+00,2.124105741986659357e-01
6.112562186048223545e+00,5.682597272596865423e+00,1.963637538144368533e-01
6.215803093225918730e+00,5.812258718063134211e+00,2.197241600084253732e-01
6.320791926067080624e+00,5.940508996663221630e+00,2.678812233257276687e-01
6.427481783855626851e+00,6.067347805403787930e+00,3.271432301422496636e-01
6.535826808059280957e+00,6.192775783344474760e+00,3.905017088019732130e-01
6.645782220980510857e+00,6.316794474455018182e+00,4.549006786001790759e-01
6.757304351832370770e+00,6.439406279853977288e+00,5.189975229236855059e-01
6.870350607414050792e+00,6.560614355880209025e+00,5.822430900560414679e-01
6.984879470719666195e+00,6.680422553291165855e+00,6.443878404572235263e-01
7.100850694082939896e+00,6.798835559069746459e+00,7.053841063295402947e-01
7.218224723337204551e+00,6.915858258426446525e+00,7.652451688856515277e-01
7.344185321574326686e+00,7.038443698916741376e+00,8.275272855104425229e-01
7.471636001699448748e+00,7.159479228768465653e+00,8.886449910426847953e-01
7.597463958871639278e+00,7.276159927010104944e+00,9.473112691376865957e-01
7.724632191657772040e+00,7.391378463825549083e+00,1.005034849303580780e+00
7.848695996084175341e+00,7.501283078928877579e+00,1.059982179496230081e+00
7.973941758250227885e+00,7.609838867442891619e+00,1.114182849652726182e+00
8.100337620470517308e+00,7.717053961922222705e+00,1.167687310444828430e+00
8.227852089137163816e+00,7.822936247105409358e+00,1.220538550361169206e+00
8.356454575084010017e+00,7.927493830874231762e+00,1.272778556325473875e+00
8.486115918051348572e+00,8.030735444845158000e+00,1.324436328300410359e+00
8.616807861190041606e+00,8.132669984231778670e+00,1.375541386769521424e+00
8.748502352883390287e+00,8.233305970120877504e+00,1.426116787065323743e+00
8.881172483946384588e+00,8.332652287381939971e+00,1.476178659964633155e+00
9.014792098962143285e+00,8.430717872095362608e+00,1.525744608602684682e+00
9.149680181387028099e+00,8.527757016026912495e+00,1.574945317533254840e+00
9.285472282814437150e+00,8.623527058527965750e+00,1.623681706887478038e+00
9.433847359401193344e+00,8.726044206252668189e+00,1.676035338067208391e+00
9.583229119230944448e+00,8.827088882310473394e+00,1.727827280790003472e+00
9.732365649683586639e+00,8.925871171023251449e+00,1.778668723454201794e+00
9.882436854251663405e+00,9.023227658875574875e+00,1.828963531592010527e+00
1.002245134717115604e+01,9.112268167938616159e+00,1.875137793013971432e+00
1.016322677736748226e+01,9.200100696664922140e+00,1.920857148667819425e+00
1.030458536868791519e+01,9.286638453343529775e+00,1.966052133308475502e+00
1.044666411806595541e+01,9.371988717965576754e+00,2.010771508399349816e+00
1.058944436232666675e+01,9.456160305992026949e+00,2.055012085127918553e+00
1.073290791140622424e+01,9.539161921633972696e+00,2.098764862846796309e+00
1.087703712917241461e+01,9.621002210373722718e+00,2.142025097008588119e+00
1.102181486562569113e+01,9.701689723435448443e+00,2.184776475081437574e+00
1.116722446258930290e+01,9.781232925619395502e+00,2.227006075987476130e+00
1.131324972427716347e+01,9.859640183350895981e+00,2.268708164347366107e+00
1.145987485808710993e+01,9.936919738233555677e+00,2.309869384475486953e+00
1.160708460722207036e+01,1.001307978163905155e+01,2.350487967200820094e+00
1.176112883531193098e+01,1.009127921680826390e+01,2.392226668653625765e+00
1.191577564057232408e+01,1.016828015769779192e+01,2.433354298782627101e+00
1.208714906318797944e+01,1.025188986897439314e+01,2.478015457671908450e+00
1.225921643060289234e+01,1.033406200551132059e+01,2.521855509513875049e+00
1.241954739771712646e+01,1.040906458734907858e+01,2.561831792329916091e+00
1.258044334603099124e+01,1.048284739966822521e+01,2.601106257826708568e+00
1.273162080935315821e+01,1.055084669242495288e+01,2.637210847909708722e+00
1.288326829593901302e+01,1.061779123094932409e+01,2.672677159274442271e+00
1.303535336068321548e+01,1.068367924817763992e+01,2.707474981967394445e+00
1.318788496687763789e+01,1.074852683014427157e+01,2.741582623749285741e+00
1.334085192847277490e+01,1.081234083238942922e+01,2.775422221176901960e+00
1.349424325074478404e+01,1.087512795191051396e+01,2.807971610137696139e+00
1.364804815996155973e+01,1.093689474642537540e+01,2.839974266573463080e+00
1.380225634190578710e+01,1.099764773318934274e+01,2.871256195944875245e+00
1.395685770086998190e+01,1.105739329309484908e+01,2.902060704613893982e+00
1.411184226595317348e+01,1.111613764060492038e+01,2.931709715458878485e+00
1.426720035618585136e+01,1.117388689258883083e+01,2.960686277023540924e+00
1.442292253787828393e+01,1.123064705450143563e+01,2.989017803547123542e+00
1.458713543132295243e+01,1.128930126834136516e+01,3.018283233514376107e+00
1.475173063290921682e+01,1.134687394108143721e+01,3.046110149890617791e+00
1.493600090353643317e+01,1.140990448223151787e+01,3.076335268309928761e+00
1.512072142263611063e+01,1.147160306056898271e+01,3.105362912164361777e+00
1.529633469489042596e+01,1.152890193073233682e+01,3.131866626008097843e+00
1.547232962657214728e+01,1.158501759752768656e+01,3.157307493537137688e+00
1.563213806515632598e+01,1.163485405222209401e+01,3.179468416724595237e+00
1.579224293040502936e+01,1.168372983958435540e+01,3.200767899291803165e+00
1.595104949404591999e+01,1.173118096476669514e+01,3.220987530627707596e+00
1.611013157568079990e+01,1.177770006097666489e+01,3.240338284074705033e+00
1.626948188062194944e+01,1.182329180339216634e+01,3.258817879960014263e+00
1.642909331668376538e+01,1.186796077631498214e+01,3.276421646669415821e+00
1.658895893603232707e+01,1.191171145814831078e+01,3.293147756668834525e+00
1.674907187209063508e+01,1.195454820701676191e+01,3.308996010673468380e+00
1.690942538007763929e+01,1.199647527524047064e+01,3.323969888046393706e+00
1.707001292375570145e+01,1.203749683375851376e+01,3.338071090497279680e+00
1.723082807065113187e+01,1.207761694603338398e+01,3.351299252746376300e+00
1.739186446973153366e+01,1.211683956536366580e+01,3.363672947400328184e+00
1.755619345936774778e+01,1.215589092908281188e+01,3.375383473897336284e+00
1.772073930728041091e+01,1.219401822394984336e+01,3.386255403339310632e+00
1.790426190558474318e+01,1.223540220984106597e+01,3.397291360268401395e+00
1.808803707102131497e+01,1.227564979702283132e+01,3.407262163004380895e+00
1.828251931330393987e+01,1.231695470605109932e+01,3.416662360792376951e+00
1.847726445392083505e+01,1.235700180195754427e+01,3.424859435314568046e+00
1.865193425251574766e+01,1.239181285146691636e+01,3.431284868411891953e+00
1.882680057354265557e+01,1.242562288452338137e+01,3.436838391842468976e+00
1.898979820453588374e+01,1.245620838655447749e+01,3.441259679680175321e+00
1.915295518016038656e+01,1.248593215656039312e+01,3.444982065099137181e+00
1.931616956064418744e+01,1.251478020419844306e+01,3.448017157720076664e+00
1.947953277625022750e+01,1.254277313452397991e+01,3.450388522809952896e+00
1.964303977579290006e+01,1.256991361176660149e+01,3.452128822410822639e+00
1.980668557968179755e+01,1.259620421364993170e+01,3.453263622587219306e+00
1.997046527113629466e+01,1.262164743115505949e+01,3.453823095001963051e+00
2.013437400095380880e+01,1.264624567044273640e+01,3.453839360726876251e+00
2.029840698261430276e+01,1.267000125313498593e+01,3.453347511331697817e+00
2.046255948033666883e+01,1.269291641567364692e+01,3.452383266001011197e+00
2.062682681429228282e+01,1.271499331120327447e+01,3.450978784697604329e+00
2.079120436554030604e+01,1.273623401114779696e+01,3.449193468420325814e+00
2.096330094408555311e+01,1.275756458391289172e+01,3.446917565317832555e+00
2.113550799276633185e+01,1.277798414524358606e+01,3.444328920641276603e+00
2.132940232586179619e+01,1.279987372818679781e+01,3.441017388212177064e+00
2.152342281974776483e+01,1.282061535003771446e+01,3.437352772808591972e+00
2.172052974647702328e+01,1.284050225163200842e+01,3.433384404761344655e+00
2.191775196665117775e+01,1.285921123162439805e+01,3.429161633578703849e+00
2.209303892491399424e+01,1.287484483010128322e+01,3.425312884822091952e+00
2.226840600207858856e+01,1.288955250485502368e+01,3.421412704085474044e+00
2.243363909520668287e+01,1.290255918631652676e+01,3.417728186294524129e+00
2.259893459904682445e+01,1.291474710818200933e+01,3.414076989559417630e+00
2.276428836499827568e+01,1.292611739394516768e+01,3.410479576238958366e+00
2.292969625777160303e+01,1.293667108975980540e+01,3.406973389712764533e+00
2.309515416715271741e+01,1.294640916584609514e+01,3.403594390329060637e+00
2.326065801559698443e+01,1.295533251725168533e+01,3.400373069594796238e+00
2.342620374511382408e+01,1.296344196334558418e+01,3.397337607399641524e+00
2.359178730719742489e+01,1.297073824774858508e+01,3.394518238693068124e+00
2.375740467086653496e+01,1.297722203914693750e+01,3.391942181238453813e+00
2.392305182728607704e+01,1.298289393168287376e+01,3.389633359460434203e+00
2.408872477924684574e+01,1.298775444472586216e+01,3.387607314681035486e+00
2.425441953650730298e+01,1.299180402300664383e+01,3.385905350781115875e+00
2.442972623515267472e+01,1.299520573935478218e+01,3.384447727094742842e+00
2.460504818370814206e+01,1.299770066946470770e+01,3.383390555767826768e+00
2.480252074513930793e+01,1.299942518601148223e+01,3.382664741704374034e+00
2.500000000000024514e+01,1.299999999999999289e+01,3.382402989053341802e+00
2.519747925486115747e+01,1.299942518601147690e+01,3.382668775972429209e+00
2.539495181629229847e+01,1.299770066946470060e+01,3.383398184894735206e+00
2.557027376484775871e+01,1.299520573935477685e+01,3.384450461164820290e+00
2.574558046349307716e+01,1.299180402300663495e+01,3.385902230213003072e+00
2.591127522075361966e+01,1.298775444472584972e+01,3.387595764311766899e+00
2.607694817271431731e+01,1.298289393168285955e+01,3.389612887808317598e+00
2.624259532913384518e+01,1.297722203914692329e+01,3.391911904968436531e+00
2.640821269280295880e+01,1.297073824774856732e+01,3.394477823974178854e+00
2.657379625488656316e+01,1.296344196334556642e+01,3.397290381750147414e+00
2.673934198440340282e+01,1.295533251725166224e+01,3.400318904260856812e+00
2.690484583284766273e+01,1.294640916584607382e+01,3.403534399225593976e+00
2.707030374222878422e+01,1.293667108975978053e+01,3.406907429843859081e+00
2.723571163500210446e+01,1.292611739394513926e+01,3.410411469117714756e+00
2.740106540095356635e+01,1.291474710818197913e+01,3.414007174033326208e+00
2.756636090479370438e+01,1.290255918631649301e+01,3.417660095079513294e+00
2.773159399792179869e+01,1.288955250485498993e+01,3.421347558861719929e+00
2.790696107508641433e+01,1.287484483010124414e+01,3.425249484459752747e+00
2.808224803334926634e+01,1.285921123162435542e+01,3.429102146078927937e+00
2.827947025352343147e+01,1.284050225163196224e+01,3.433325669555741033e+00
2.847657718025271834e+01,1.282061535003765940e+01,3.437294896725517468e+00
2.867059767413866211e+01,1.279987372818674629e+01,3.440959675724477140e+00
2.886449200723409803e+01,1.277798414524353277e+01,3.444270086690548904e+00
2.903669905591485190e+01,1.275756458391283843e+01,3.446859905048407668e+00
2.920879563446008120e+01,1.273623401114774545e+01,3.449134963358085226e+00
2.937317318570810087e+01,1.271499331120321941e+01,3.450917187243563333e+00
2.953744051966371487e+01,1.269291641567359008e+01,3.452317917686096305e+00
2.970159301738607027e+01,1.267000125313492909e+01,3.453273048813793267e+00
2.986562599904656778e+01,1.264624567044267600e+01,3.453754987789758868e+00
3.002953472886407837e+01,1.262164743115499554e+01,3.453729273049661597e+00
3.019331442031858259e+01,1.259620421364986953e+01,3.453160398849922874e+00
3.035696022420746942e+01,1.256991361176653577e+01,3.452017044201576290e+00
3.052046722375014198e+01,1.254277313452391418e+01,3.450267673282603198e+00
3.068383043935618915e+01,1.251478020419837556e+01,3.447888611015227589e+00
3.084704481983999003e+01,1.248593215656032029e+01,3.444846511835764957e+00
3.101020179546450350e+01,1.245620838655440288e+01,3.441114985547458982e+00
3.117319942645773523e+01,1.242562288452330144e+01,3.436686942353058161e+00
3.134806574748465735e+01,1.239181285146682931e+01,3.431122805337242010e+00
3.152273554607959127e+01,1.235700180195745368e+01,3.424693510501466420e+00
3.171748068669652554e+01,1.231695470605099629e+01,3.416487044049593358e+00
3.191196292897918596e+01,1.227564979702271586e+01,3.407076631541579026e+00
3.209573809441570091e+01,1.223540220984095583e+01,3.397103348208730722e+00
3.227926069271999410e+01,1.219401822394974388e+01,3.386059983021592057e+00
3.244380654063262881e+01,1.215589092908271773e+01,3.375191299495894359e+00
3.260813553026881095e+01,1.211683956536357520e+01,3.363479800035150458e+00
3.276917192934921275e+01,1.207761694603329339e+01,3.351108467508815192e+00
3.292998707624465027e+01,1.203749683375841784e+01,3.337880689096705211e+00
3.309057461992270532e+01,1.199647527524037294e+01,3.323781610380313278e+00
3.325092812790971664e+01,1.195454820701666243e+01,3.308808080728561141e+00
3.341104106396802109e+01,1.191171145814820775e+01,3.292961961843936525e+00
3.357090668331657923e+01,1.186796077631487734e+01,3.276236564119203720e+00
3.373051811937840228e+01,1.182329180339205799e+01,3.258634281425837109e+00
3.388986842431955182e+01,1.177770006097655298e+01,3.240155214426876817e+00
3.404895050595443706e+01,1.173118096476657968e+01,3.220804839680700304e+00
3.420775706959533125e+01,1.168372983958423816e+01,3.200585334365918744e+00
3.436786193484404350e+01,1.163485405222197322e+01,3.179283563743727559e+00
3.452767037342821510e+01,1.158501759752756399e+01,3.157125907631181505e+00
3.470366530510993641e+01,1.152890193073220715e+01,3.131677173978986595e+00
3.487927857736426773e+01,1.147160306056884949e+01,3.105165978645024971e+00
3.506399909646389546e+01,1.140990448223139886e+01,3.076118845669544299e+00
3.524826936709106207e+01,1.134687394108133063e+01,3.045894411605865937e+00
3.541286456867729981e+01,1.128930126834125858e+01,3.017869369807469671e+00
3.557707746212197009e+01,1.123064705450133438e+01,2.988984367714085266e+00
3.573279964381439555e+01,1.117388689258873136e+01,2.960704810220796013e+00
3.588815773404706277e+01,1.111613764060481913e+01,2.931663584341566597e+00
3.604314229913024548e+01,1.105739329309474428e+01,2.901854480643167200e+00
3.619774365809444561e+01,1.099764773318924149e+01,2.871292489738850762e+00
3.635195184003865876e+01,1.093689474642527593e+01,2.839991368590736975e+00
3.650575674925543979e+01,1.087512795191040915e+01,2.807960548574377491e+00
3.665914807152744004e+01,1.081234083238932264e+01,2.775214213912029493e+00
3.681211503312258060e+01,1.074852683014416854e+01,2.741764421959128839e+00
3.696464663931700301e+01,1.068367924817753867e+01,2.707625802892629885e+00
3.711673170406119482e+01,1.061779123094921928e+01,2.672808644669841804e+00
3.726837919064706739e+01,1.055084669242484274e+01,2.637319112802474663e+00
3.741955665396923791e+01,1.048284739966810974e+01,2.601189373701281227e+00
3.758045260228313111e+01,1.040906458734894535e+01,2.561910301312476435e+00
3.774078356939739365e+01,1.033406200551117138e+01,2.521918058416351194e+00
3.791285093681229768e+01,1.025188986897424215e+01,2.478075239526141171e+00
3.808422435942794948e+01,1.016828015769764448e+01,2.433410970007980012e+00
3.823887116468833369e+01,1.009127921680812001e+01,2.392269361811499184e+00
3.839291539277817122e+01,1.001307978163891299e+01,2.350524080785429959e+00
3.854012514191312277e+01,9.936919738233415345e+00,2.309894072274670140e+00
3.868675027572307812e+01,9.859640183350753873e+00,2.268726383777179390e+00
3.883277553741093158e+01,9.781232925619255170e+00,2.227023234700348464e+00
3.897818513437452737e+01,9.701689723435311663e+00,2.184793014021083835e+00
3.912296287082781276e+01,9.621002210373580610e+00,2.142050429793750155e+00
3.926709208859399780e+01,9.539161921633828811e+00,2.098799954349755303e+00
3.941055563767356062e+01,9.456160305991879511e+00,2.055053162383196685e+00
3.955333588193425953e+01,9.371988717965431093e+00,2.010814952995731097e+00
3.969541463131228909e+01,9.286638453343389443e+00,1.966096092143593266e+00
3.983677322263272202e+01,9.200100696664781807e+00,1.920900149175911009e+00
3.997754865282904291e+01,9.112268167938472274e+00,1.875178747554990588e+00
4.011756314574854088e+01,9.023227658875425661e+00,1.828999838132687739e+00
4.026763435031664784e+01,8.925871171023073813e+00,1.778703318948407164e+00
4.041677088076932733e+01,8.827088882310272666e+00,1.727856970736703746e+00
4.056615264059906423e+01,8.726044206252474567e+00,1.676059208587000526e+00
4.071452771718578845e+01,8.623527058527788114e+00,1.623700656650870044e+00
4.085031981861321526e+01,8.527757016026720649e+00,1.574956758844040738e+00
4.098520790103810185e+01,8.430717872095163656e+00,1.525749916090448188e+00
4.111882751605386233e+01,8.332652287381739242e+00,1.476184144312003399e+00
4.125149764711685663e+01,8.233305970120674999e+00,1.426122926864230811e+00
4.138319213881019465e+01,8.132669984231572613e+00,1.375554204529882973e+00
4.151388408194888768e+01,8.030735444844950166e+00,1.324455139806563597e+00
4.164354542491621203e+01,7.927493830874027481e+00,1.272807164629177645e+00
4.177214791086304757e+01,7.822936247105213958e+00,1.220578000414806130e+00
4.189966237952969408e+01,7.717053961922021088e+00,1.167737496925904006e+00
4.202605824174998617e+01,7.609838867442688226e+00,1.114244187472248404e+00
4.215130400391604582e+01,7.501283078928669745e+00,1.060055259591139887e+00
4.227536780834243757e+01,7.391378463825328815e+00,1.005121507976539430e+00
4.240253604112857033e+01,7.276159927009879347e+00,9.474060447844361299e-01
4.252836399830078307e+01,7.159479228768224957e+00,8.887499602076718297e-01
4.265581467842586250e+01,7.038443698916529989e+00,8.276391410196949350e-01
4.278177527666295532e+01,6.915858258426266225e+00,7.653686679846289920e-01
4.289914930591721998e+01,6.798835559069561718e+00,7.055043597489981666e-01
4.301512052928050167e+01,6.680422553290965126e+00,6.445045089253305104e-01
4.312964939258611707e+01,6.560614355880002968e+00,5.823497653725495660e-01
4.324269564816780331e+01,6.439406279853762349e+00,5.190945349030767764e-01
4.335421777901965612e+01,6.316794474454791697e+00,4.549735688955592883e-01
4.346417319194089401e+01,6.192775783344243834e+00,3.905566730190631608e-01
4.357251821614454457e+01,6.067347805403560557e+00,3.271893869224911100e-01
4.367920807393308280e+01,5.940508996662992480e+00,2.679526266612491381e-01
4.378419690677423404e+01,5.812258718062898843e+00,2.198758749689433412e-01
4.388743781395194077e+01,5.682597272596624727e+00,1.967048215140380363e-01
4.398888282248575621e+01,5.551526036243379814e+00,2.129851848748207654e-01
4.408848293575447741e+01,5.419047503290681966e+00,2.674713509390672650e-01
4.419011008320274669e+01,5.279705953229150595e+00,3.518915153671813290e-01
4.428962804158119582e+01,5.138850346770500899e+00,4.556073898167711245e-01
4.438355383587555281e+01,5.001576866292469781e+00,5.701864021557474516e-01
4.447540992261109949e+01,4.862909977357849023e+00,6.981314966439106096e-01
4.456482847179835716e+01,4.723357140607777005e+00,8.393642664280707155e-01
4.465208362238545448e+01,4.582441588325207427e+00,9.954496347359074182e-01
4.473712024562367873e+01,4.440176362979786795e+00,1.167981729197829388e+00
4.481988267645959922e+01,4.296576279465601722e+00,1.359081504875636615e+00
4.490031476022573287e+01,4.151658096492548466e+00,1.571132133235499939e+00
4.497835992548002082e+01,4.005440676939237221e+00,1.807156813617988744e+00
4.505396136205931867e+01,3.857944976398855363e+00,2.070404482158793247e+00
4.512706215024862644e+01,3.709194127658305362e+00,2.365003659020810556e+00
4.519760539630738805e+01,3.559213532297517357e+00,2.695400217564690504e+00
4.526553436723001056e+01,3.408030978387298404e+00,3.067146283337645052e+00
4.533186596914224964e+01,3.253107089674604158e+00,3.493796405157651996e+00
4.539537771966248414e+01,3.097006065265961450e+00,3.978021784636206704e+00
4.545503591129492804e+01,2.942365690059035366e+00,4.519410079782077538e+00
4.551185619838007312e+01,2.786660256636250832e+00,5.136435473440319477e+00
4.556578331978906249e+01,2.629936687782368221e+00,5.842503257792979632e+00
4.561676799357625356e+01,2.472231403384498982e+00,6.654715174642618081e+00
4.566476006724690961e+01,2.313589862252643847e+00,7.593864272834892404e+00
4.570971117503878389e+01,2.154060056627936870e+00,8.688692101734183382e+00
4.575157496967570836e+01,1.993692452219212985e+00,9.972095933370651366e+00
4.579030734650609702e+01,1.832539935924532237e+00,1.150336929956038468e+01
4.582586667051363349e+01,1.670657727766767131e+00,1.332212319056696082e+01
4.585821399879363724e+01,1.508103270242837857e+00,1.561635425935642729e+01
4.588731329189040054e+01,1.344936116501705525e+00,1.827109751981642560e+01
4.591313161860190206e+01,1.181217786624713995e+00,2.231237566504071523e+01
4.593676158559210876e+01,1.008119438790363365e+00,2.609387096325200872e+01
4.595668275137031600e+01,8.345551884223159078e-01,3.719111491875973741e+01
4.597463789101658449e+01,6.387195641242620070e-01,3.989906538733058738e+01
4.598783068839194499e+01,4.425056111750656496e-01,9.575069913793838339e+01
4.599695603381058362e+01,2.213364176078591317e-01,1.033995848726418387e+02
4.599999999999997868e+01,-4.280323470187775144e-17,8.011023161673426785e+02
