x,y,stress
6.999999999999997335e+00,1.135099158458377252e-13,1.187875021728856382e+03
7.009946226612545850e+00,1.661949877950514576e-01,1.482283498957212942e+02
7.039268765266558425e+00,3.300922890112976682e-01,1.344751475745377718e+02
7.086555501325626061e+00,4.897487855114594502e-01,5.049408956856648700e+01
7.149829187445228662e+00,6.437857003535949474e-01,4.528229010949048927e+01
7.226910713161481148e+00,7.914130783941070169e-01,2.978631915642608163e+01
7.315692967002813241e+00,9.323276974285732432e-01,2.445243523222211834e+01
7.414292044831955586e+00,1.066568127520918674e+00,1.944039541124922721e+01
7.521100792410128300e+00,1.194382507790626491e+00,1.614077208693682408e+01
7.634784395853036365e+00,1.316129960393689569e+00,1.357430671056779303e+01
7.754249416759729563e+00,1.432215509979853696e+00,1.162157724984046325e+01
7.878604910134280992e+00,1.543050684478814993e+00,1.007564370701342149e+01
8.007125246964525545e+00,1.649031880864883393e+00,8.839077292758545923e+00
8.139217590248586376e+00,1.750529384898557028e+00,7.831337029403422356e+00
8.274394874299783709e+00,1.847882780372230416e+00,7.001388016747276843e+00
8.412254755205665901e+00,1.941400547925340225e+00,6.309192869830885009e+00
8.552462674446276836e+00,2.031361291813795322e+00,5.727304455694331331e+00
8.694738445302979457e+00,2.118015858151109931e+00,5.233530339020473043e+00
8.838845893508089802e+00,2.201589947814857950e+00,4.812115602295440553e+00
8.984584569788218289e+00,2.282286672074499645e+00,4.449516342984007444e+00
9.131783305820713181e+00,2.360289055367933209e+00,4.136384073553228902e+00
9.280294972525451769e+00,2.435762262004549150e+00,3.864205939714401516e+00
9.429992494088706323e+00,2.508855708277939911e+00,3.627571017038363710e+00
9.580765462342041516e+00,2.579704833350940696e+00,3.421031745310869621e+00
9.732517335885736642e+00,2.648432641265735299e+00,3.240268422865769438e+00
9.885163429700320137e+00,2.715151182799528051e+00,3.081745566692496219e+00
1.003862904888083740e+01,2.779962741543109406e+00,2.942561011180467645e+00
1.019284809617695231e+01,2.842960937158487855e+00,2.819866049835372923e+00
1.034776169672446677e+01,2.904231596383811009e+00,2.713202404520360211e+00
1.050331722844710924e+01,2.963853595293374443e+00,2.614510227735558523e+00
1.065946773725066343e+01,3.021899676684331570e+00,2.530803745253474180e+00
1.081617098993607762e+01,3.078436985828232331e+00,2.455874629835946177e+00
1.097338873875738940e+01,3.133527581227493641e+00,2.389881445859536324e+00
1.113108645921416695e+01,3.187229015329457127e+00,2.331361488516337843e+00
1.128923278899057259e+01,3.239594721136455302e+00,2.279578048514023347e+00
1.144779912065902572e+01,3.290674385434693594e+00,2.233728786159939528e+00
1.160675949821591502e+01,3.340514358235101788e+00,2.193151588599484114e+00
1.176654642977131715e+01,3.389295360466321405e+00,2.157175006798539130e+00
1.192668368687435709e+01,3.436913817326326726e+00,2.125475452121754039e+00
1.208669288061164870e+01,3.483276838549865140e+00,2.097323248890132330e+00
1.224701179505958315e+01,3.528557348736421684e+00,2.073512724648739258e+00
1.240762337312612118e+01,3.572788650519061360e+00,2.050301567456056073e+00
1.256851182851414528e+01,3.616002049385200756e+00,2.031111735490182202e+00
1.272966249163022745e+01,3.658227002490560320e+00,2.013903042618890638e+00
1.289106182878907170e+01,3.699491293501546263e+00,1.998902490596063730e+00
1.305269716214145426e+01,3.739821112325943275e+00,1.985698859471204836e+00
1.321455677559989361e+01,3.779241219857973455e+00,1.974126499782368427e+00
1.337662980738214280e+01,3.817775042900192872e+00,1.963988033139647760e+00
1.353890587963044290e+01,3.855444698654755697e+00,1.955126123940762684e+00
1.370200313568297723e+01,3.892411765988981642e+00,1.947373375416184160e+00
1.386528621742404077e+01,3.928549242366711880e+00,1.940631060545064290e+00
1.403421044275632212e+01,3.965042650999775820e+00,1.934602897372792674e+00
1.420331513667568402e+01,4.000690487876917167e+00,1.929426323649895858e+00
1.436648651640391527e+01,4.034270542648240365e+00,1.925125576195639177e+00
1.452981084238408371e+01,4.067098669788440368e+00,1.921433658239138920e+00
1.469328151820739947e+01,4.099190244270799255e+00,1.918287324299729368e+00
1.485689226765810567e+01,4.130559903701159108e+00,1.915617518623644377e+00
1.502063715487839879e+01,4.161221601461106978e+00,1.913372493494287507e+00
1.518451059754878152e+01,4.191188653532988972e+00,1.911496661111261153e+00
1.534850728225657335e+01,4.220473763699159164e+00,1.909944681442970138e+00
1.551262216991689158e+01,4.249089062771907344e+00,1.908675701400921687e+00
1.567685048823239846e+01,4.277046142170457976e+00,1.907645215284256013e+00
1.584118766493113739e+01,4.304356074952885969e+00,1.906826444152785127e+00
1.600570717712660596e+01,4.331041921020439389e+00,1.906191165613999594e+00
1.617032717155948163e+01,4.357100754666958231e+00,1.905714822087858362e+00
1.634642129293202473e+01,4.384276545827331617e+00,1.905350773740821957e+00
1.652262114576612007e+01,4.410758170194829297e+00,1.905115948242317891e+00
1.669303084989249797e+01,4.435705501695852426e+00,1.904991643552937708e+00
1.686353146911149636e+01,4.460023734970658182e+00,1.904947436694117702e+00
1.702853645361151891e+01,4.482956139721148148e+00,1.904969134338334591e+00
1.719361999290352827e+01,4.505316057348837333e+00,1.905038841145000772e+00
1.735877909763618732e+01,4.527110918182889243e+00,1.905147102511871582e+00
1.752401087287319825e+01,4.548347842856843570e+00,1.905283144742967671e+00
1.768931255157107429e+01,4.569033661300886173e+00,1.905439289998221541e+00
1.785468146722908855e+01,4.589174922693986858e+00,1.905608110634754215e+00
1.802011504928332997e+01,4.608777907652387817e+00,1.905783053953390205e+00
1.818561083398708433e+01,4.627848641365255311e+00,1.905959351883468766e+00
1.835116643466273345e+01,4.646392901199621228e+00,1.906131494961706974e+00
1.851677955803761932e+01,4.664416229045935225e+00,1.906297372327809159e+00
1.868310493574996656e+01,4.681992334268849199e+00,1.906451571252927524e+00
1.884948388526814611e+01,4.699053880363298852e+00,1.906597112377795833e+00
1.903082210644882011e+01,4.717063483464303708e+00,1.906735338154012860e+00
1.921221880832134588e+01,4.734474211075967887e+00,1.906850812316575272e+00
1.938953387250123939e+01,4.750915033958311717e+00,1.906945101572022239e+00
1.956690006928175762e+01,4.766794749823690225e+00,1.907015662199027073e+00
1.973289903009551338e+01,4.781149063913445296e+00,1.907064229790194965e+00
1.989893904991786400e+01,4.795020381780814134e+00,1.907095165242748802e+00
2.006499104208887374e+01,4.808410251850723682e+00,1.907108167258358966e+00
2.023108069827863176e+01,4.821324550773804063e+00,1.907102909231431331e+00
2.039720639767452326e+01,4.833766671621454236e+00,1.907081038228314096e+00
2.056336655398219193e+01,4.845739853447541101e+00,1.907042633269876886e+00
2.072955961653062573e+01,4.857247186027846553e+00,1.906989738138460400e+00
2.089578408391910713e+01,4.868291615089582969e+00,1.906922592074867584e+00
2.106203849062186251e+01,4.878875945340253928e+00,1.906843141257560603e+00
2.122832138794271728e+01,4.889002843111240892e+00,1.906752164048703069e+00
2.139463135453456033e+01,4.898674840733845848e+00,1.906650487135755467e+00
2.156096701974011864e+01,4.907894341186487708e+00,1.906542531442044774e+00
2.173655139431195948e+01,4.917136694403881236e+00,1.906417444853401255e+00
2.191216132517893556e+01,4.925880039176860237e+00,1.906287380287597477e+00
2.210034789606183736e+01,4.934697146917923938e+00,1.906141777539689830e+00
2.228856019617553841e+01,4.942946825239762809e+00,1.905986654760569943e+00
2.245934551231620802e+01,4.949942906939512888e+00,1.905845714893045884e+00
2.263014917612582266e+01,4.956475741925089551e+00,1.905707843839457682e+00
2.279663483757245501e+01,4.962398597721647597e+00,1.905575874577844830e+00
2.296313547411816813e+01,4.967884381103554681e+00,1.905448404166354193e+00
2.312964989806345528e+01,4.972934387982091309e+00,1.905326358880300441e+00
2.329617693473909767e+01,4.977549806925409825e+00,1.905210297094336092e+00
2.346271542173119329e+01,4.981731720556932252e+00,1.905102076941526112e+00
2.362926420804511807e+01,4.985481106814913410e+00,1.905001899044324043e+00
2.379582215331417672e+01,4.988798840080278296e+00,1.904910922582852439e+00
2.396238812410291885e+01,4.991685692128128515e+00,1.904829744968310923e+00
2.412896099470522415e+01,4.994142333058173122e+00,1.904759177118381608e+00
2.429553964765504404e+01,4.996169332073429281e+00,1.904700346589550009e+00
2.446333168491363352e+01,4.997777184300873365e+00,1.904652274872766338e+00
2.463112732701439711e+01,4.998949989679345229e+00,1.904620314767363709e+00
2.481556291621254928e+01,4.999737515966105050e+00,1.904599586324773330e+00
2.499999999999992895e+01,4.999999999999997335e+00,1.904590953148932453e+00
2.518443708378732637e+01,4.999737515966105939e+00,1.904600652052011123e+00
2.536887267298545723e+01,4.998949989679346118e+00,1.904622332007862351e+00
2.553666831508623147e+01,4.997777184300873365e+00,1.904654701096788694e+00
2.570446035234482807e+01,4.996169332073430169e+00,1.904702897390489813e+00
2.587103900529464795e+01,4.994142333058174010e+00,1.904761126955634598e+00
2.603761187589694970e+01,4.991685692128131180e+00,1.904830938155845255e+00
2.620417784668569894e+01,4.988798840080280073e+00,1.904910439431353852e+00
2.637073579195475759e+01,4.985481106814915186e+00,1.904999675348660881e+00
2.653728457826868592e+01,4.981731720556934917e+00,1.905098299155573827e+00
2.670382306526076022e+01,4.977549806925413378e+00,1.905204917704595102e+00
2.687035010193642393e+01,4.972934387982093973e+00,1.905318982329960775e+00
2.703686452588171107e+01,4.967884381103557345e+00,1.905438964062306617e+00
2.720336516242741354e+01,4.962398597721652038e+00,1.905564222976434241e+00
2.736985082387403523e+01,4.956475741925093104e+00,1.905693788707433445e+00
2.754065448768366409e+01,4.949942906939515552e+00,1.905828823386685578e+00
2.771143980382434080e+01,4.942946825239766362e+00,1.905966940317299851e+00
2.789965210393805961e+01,4.934697146917927491e+00,1.906119748482698828e+00
2.808783867482096497e+01,4.925880039176863789e+00,1.906262979288409820e+00
2.826344860568795525e+01,4.917136694403883901e+00,1.906392126616603067e+00
2.843903298025979254e+01,4.907894341186492149e+00,1.906516577774815646e+00
2.860536864546536506e+01,4.898674840733848512e+00,1.906624959481027837e+00
2.877167861205720811e+01,4.889002843111242669e+00,1.906727360520555692e+00
2.893796150937805578e+01,4.878875945340257481e+00,1.906818994408871371e+00
2.910421591608080405e+01,4.868291615089588298e+00,1.906899235269428505e+00
2.927044038346928900e+01,4.857247186027851882e+00,1.906966876346553263e+00
2.943663344601773346e+01,4.845739853447544654e+00,1.907020221727129261e+00
2.960279360232540924e+01,4.833766671621456013e+00,1.907058907944733983e+00
2.976891930172130785e+01,4.821324550773807616e+00,1.907081056859668555e+00
2.993500895791105521e+01,4.808410251850728123e+00,1.907086716410909988e+00
3.010106095008204719e+01,4.795020381780819463e+00,1.907074175410709671e+00
3.026710096990442267e+01,4.781149063913448849e+00,1.907043737594791954e+00
3.043309993071818198e+01,4.766794749823693778e+00,1.906995923110460955e+00
3.061046612749867890e+01,4.750915033958318823e+00,1.906925782627837629e+00
3.078778119167854044e+01,4.734474211075975880e+00,1.906832194246507406e+00
3.096917789355108397e+01,4.717063483464309925e+00,1.906716882899902821e+00
3.115051611473176152e+01,4.699053880363305957e+00,1.906579054804742546e+00
3.131689506424992686e+01,4.681992334268858080e+00,1.906433605843413037e+00
3.148322044196225633e+01,4.664416229045944995e+00,1.906279225613111139e+00
3.164883356533715641e+01,4.646392901199631886e+00,1.906112459022678118e+00
3.181438916601280908e+01,4.627848641365265081e+00,1.905939077416478833e+00
3.197988495071654214e+01,4.608777907652398476e+00,1.905761702803778768e+00
3.214531853277077289e+01,4.589174922693997516e+00,1.905585221341741020e+00
3.231068744842880847e+01,4.569033661300897720e+00,1.905415280373563558e+00
3.247598912712668096e+01,4.548347842856854228e+00,1.905257799565509336e+00
3.264122090236370610e+01,4.527110918182899901e+00,1.905120860159275287e+00
3.280638000709635804e+01,4.505316057348846215e+00,1.905011817518694972e+00
3.297146354638838517e+01,4.482956139721156141e+00,1.904941402448311782e+00
3.313646853088841482e+01,4.460023734970666176e+00,1.904919180594260686e+00
3.330696915010741321e+01,4.435705501695860420e+00,1.904963009164699406e+00
3.347737885423379112e+01,4.410758170194835515e+00,1.905086765545593641e+00
3.365357870706787224e+01,4.384276545827342275e+00,1.905320615670294648e+00
3.382967282844039403e+01,4.357100754666972442e+00,1.905683269354979448e+00
3.399429282287327680e+01,4.331041921020454488e+00,1.906157746036287515e+00
3.415881233506875958e+01,4.304356074952897515e+00,1.906791453494407707e+00
3.432314951176749673e+01,4.277046142170469523e+00,1.907607573771008758e+00
3.448737783008299829e+01,4.249089062771921554e+00,1.908636941425749356e+00
3.465149271774333073e+01,4.220473763699171599e+00,1.909911898816748277e+00
3.481548940245113499e+01,4.191188653532997854e+00,1.911469181788907346e+00
3.497936284512152838e+01,4.161221601461114972e+00,1.913349346558967712e+00
3.514310773234181795e+01,4.130559903701167990e+00,1.915598774256503267e+00
3.530671848179252237e+01,4.099190244270809913e+00,1.918269273971473066e+00
3.547018915761583457e+01,4.067098669788449250e+00,1.921417331622464086e+00
3.563351348359601189e+01,4.034270542648251023e+00,1.925108136297297268e+00
3.579668486332423782e+01,4.000690487876927826e+00,1.929409065743911356e+00
3.596578955724358906e+01,3.965042650999788698e+00,1.934607068027899279e+00
3.613471378257585798e+01,3.928549242366726979e+00,1.940659138600383748e+00
3.629799686431691441e+01,3.892411765988999850e+00,1.947425048614036758e+00
3.646109412036944519e+01,3.855444698654774793e+00,1.955202960928074551e+00
3.662337019261773463e+01,3.817775042900214633e+00,1.964086524369629272e+00
3.678544322439997671e+01,3.779241219857995215e+00,1.974245926686865049e+00
3.694730283785842317e+01,3.739821112325963259e+00,1.985837474700845595e+00
3.710893817121082350e+01,3.699491293501566691e+00,1.999044518145942639e+00
3.727033750836965709e+01,3.658227002490583857e+00,2.014064408864359113e+00
3.743148817148573215e+01,3.616002049385225625e+00,2.031127457917183854e+00
3.759237662687374382e+01,3.572788650519089781e+00,2.050480274268692060e+00
3.775298820494028718e+01,3.528557348736450106e+00,2.072417410717084518e+00
3.791330711938820741e+01,3.483276838549898891e+00,2.097254900569543334e+00
3.807331631312549547e+01,3.436913817326359144e+00,2.125362114462990171e+00
3.823345357022854074e+01,3.389295360466353380e+00,2.157235569511157358e+00
3.839324050178397130e+01,3.340514358235129766e+00,2.193284224903448099e+00
3.855220087934084461e+01,3.290674385434726457e+00,2.233901505007087618e+00
3.871076721100930484e+01,3.239594721136483724e+00,2.279791105079947311e+00
3.886891354078569094e+01,3.187229015329491766e+00,2.331619861820551254e+00
3.902661126124249336e+01,3.133527581227525172e+00,2.390174908243911656e+00
3.918382901006378916e+01,3.078436985828270522e+00,2.456326439710005527e+00
3.934053226274921400e+01,3.021899676684362657e+00,2.531099192628388561e+00
3.949668277155275575e+01,2.963853595293415299e+00,2.615638644222347153e+00
3.965223830327543197e+01,2.904231596383838987e+00,2.711302307964192693e+00
3.980715190382290558e+01,2.842960937158534929e+00,2.819616559435674130e+00
3.996137095111904358e+01,2.779962741543144045e+00,2.942418431095951803e+00
4.011483657029951644e+01,2.715151182799582674e+00,3.081780093267113774e+00
4.026748266411416211e+01,2.648432641265766829e+00,3.240246481015398583e+00
4.041923453765778618e+01,2.579704833351007309e+00,3.420698727627581537e+00
4.057000750591117821e+01,2.508855708277978103e+00,3.626768193863861178e+00
4.071970502747434040e+01,2.435762262004636636e+00,3.862603804452335865e+00
4.086821669417918201e+01,2.360289055367973621e+00,4.133543044503709574e+00
4.101541543021154013e+01,2.282286672074616884e+00,4.445790879244548854e+00
4.116115410649180006e+01,2.201589947814899251e+00,4.807495620719730134e+00
4.130526155469671323e+01,2.118015858151271136e+00,5.228332372078813961e+00
4.144753732555363257e+01,2.031361291813838843e+00,5.721311020689053173e+00
4.158774524479393619e+01,1.941400547925583586e+00,6.302328835428305354e+00
4.172560512570011326e+01,1.847882780372281042e+00,6.993278650671457264e+00
4.186078240975088249e+01,1.750529384898931839e+00,7.821913276153595440e+00
4.199287475303538031e+01,1.649031880864937127e+00,8.827590542767302040e+00
4.212139508986501113e+01,1.543050684479394086e+00,1.006221183943783792e+01
4.224575058324019494e+01,1.432215509979894108e+00,1.160353350129486216e+01
4.236521560414607279e+01,1.316129960394565535e+00,1.355204116304624407e+01
4.247889920758981219e+01,1.194382507790668901e+00,1.610037291077357224e+01
4.258570795516708785e+01,1.066568127522101728e+00,1.939401849314826976e+01
4.268430703299712548e+01,9.323276974286064389e-01,2.433151324068617072e+01
4.277308928683783762e+01,7.914130783952445514e-01,2.958714632690870516e+01
4.285017081255474380e+01,6.437857003536086031e-01,4.501101816658303534e+01
4.291344449867418120e+01,4.897487855119279088e-01,4.996150264720613166e+01
4.296073123473339450e+01,3.300922890113104913e-01,1.347538947877407338e+02
4.299005377338741596e+01,1.661949877950679999e-01,1.459623751893001895e+02
4.299999999999997868e+01,-3.237417965702642849e-17,1.186692511339264456e+03
