x,y,stress
4.999999999999997335e+00,-1.129145918677442903e-13,1.102075772809857426e+03
5.007593634203932886e+00,1.653236021835008951e-01,1.420028715139337692e+02
5.030141034628858421e+00,3.292809761992588347e-01,1.244562612641433788e+02
5.066964662920273810e+00,4.905804751167700539e-01,5.056213424092128150e+01
5.117077775487250513e+00,6.482640999299124074e-01,4.283357225414624736e+01
5.179286896863659173e+00,8.015858578370428367e-01,2.879970979447886492e+01
5.252319830014054780e+00,9.500639511922172042e-01,2.352462505212406541e+01
5.334921860015415795e+00,1.093445543841601308e+00,1.873021548084282983e+01
5.425918561707828935e+00,1.231657511745667177e+00,1.542956028492516296e+01
5.524248942738911872e+00,1.364756706524438590e+00,1.288278630049456019e+01
5.628976912108377029e+00,1.492887071266035370e+00,1.091326482406440057e+01
5.739289095984047684e+00,1.616246080419966757e+00,9.351599108283894068e+00
5.854485214929455061e+00,1.735060150345825614e+00,8.095752685475620325e+00
5.973965376832492957e+00,1.849567675599575356e+00,7.071454570636665160e+00
6.097216779408348053e+00,1.960007853652298904e+00,6.227559332684785787e+00
6.223800907276223704e+00,2.066613482665760060e+00,5.525436542391272354e+00
6.353342268847833374e+00,2.169606874794070439e+00,4.936825317902460597e+00
6.485518500266476138e+00,2.269197596429687547e+00,4.439807783334602576e+00
6.620051857982729437e+00,2.365581443685259799e+00,4.017745077871443193e+00
6.756702264675541691e+00,2.458940401194690484e+00,3.657154337325829285e+00
6.895261432657798117e+00,2.549443022845827578e+00,3.347980202977268060e+00
7.035547975835903856e+00,2.637245099044757346e+00,3.080978406517068446e+00
7.177403077774076046e+00,2.722490313170585541e+00,2.850829737253199436e+00
7.320686695870715077e+00,2.805310909417948473e+00,2.651772167747666220e+00
7.465276622461098022e+00,2.885829663474122508e+00,2.479432745232981183e+00
7.611065304333958892e+00,2.964160170012336337e+00,2.329852704654243212e+00
7.757955072335820823e+00,3.040406190645733364e+00,2.200213337854952211e+00
7.905859377534276256e+00,3.114664038727619211e+00,2.087934499057155335e+00
8.054701813890085660e+00,3.187023414495698592e+00,1.990583312062095267e+00
8.204413325720983252e+00,3.257567212508484467e+00,1.906377213875618315e+00
8.354931875009793174e+00,3.326372444615780299e+00,1.833588535670482633e+00
8.506201466314081472e+00,3.393510703344875257e+00,1.770589902103112179e+00
8.658171336972968035e+00,3.459048602628204794e+00,1.717233940455402896e+00
8.810795458768497568e+00,3.523048263790214296e+00,1.667792480340705596e+00
8.964031943076847142e+00,3.585567676527752656e+00,1.628226811595795409e+00
9.117842531170490261e+00,3.646661030611054066e+00,1.593685913765664708e+00
9.272192337401850892e+00,3.706379089023235984e+00,1.565627460712191166e+00
9.427049376531192237e+00,3.764769421772099278e+00,1.540025780654056042e+00
9.582384208316153007e+00,3.821876645968820263e+00,1.519239887991090887e+00
9.738169753993183519e+00,3.877742691152474830e+00,1.501657163536213924e+00
9.894381062603416765e+00,3.932407009280054933e+00,1.487176673059910303e+00
1.005122489477023073e+01,3.985984327213747846e+00,1.475185501011492040e+00
1.020845115853501994e+01,4.038428835370265091e+00,1.465574251799435013e+00
1.037070664870542736e+01,4.091276065454291455e+00,1.457757265619830100e+00
1.053332631455787904e+01,4.142991880646675007e+00,1.452298193817222582e+00
1.069137303898412306e+01,4.192098222148910480e+00,1.447723397040566296e+00
1.084972883159221446e+01,4.240198618867689007e+00,1.444822639445442647e+00
1.100837886833275014e+01,4.287319492376258090e+00,1.443042984087481440e+00
1.116730928633450581e+01,4.333485904650723697e+00,1.442317296207816346e+00
1.132650711303117497e+01,4.378721651840997708e+00,1.442400060236912029e+00
1.148596017957514093e+01,4.423049343595140570e+00,1.443270782729463075e+00
1.164565706325489458e+01,4.466490481967082538e+00,1.444636341001188873e+00
1.180558703373700347e+01,4.509065533213502341e+00,1.447073184926630063e+00
1.196574007506420045e+01,4.550794011909254699e+00,1.449471650081004315e+00
1.212610658509942674e+01,4.591694474892701550e+00,1.452270228360259541e+00
1.228673535249805759e+01,4.631798914054014560e+00,1.455455509370993994e+00
1.244756027083585614e+01,4.671109409563549697e+00,1.458956217916234976e+00
1.261978943746252213e+01,4.712296125929607449e+00,1.462974092192416808e+00
1.279222456777394790e+01,4.752611882919792308e+00,1.467226854807226477e+00
1.296078474835770322e+01,4.791153999947830755e+00,1.471557287598029395e+00
1.312952524113378594e+01,4.828898902433223839e+00,1.476024075291022086e+00
1.329119609837386484e+01,4.864293577426614057e+00,1.480392718912190819e+00
1.345301937873160547e+01,4.898984738482523582e+00,1.484828396294056940e+00
1.361498931523371425e+01,4.932984680059138149e+00,1.489313311291782238e+00
1.377710039348482773e+01,4.966305185747985185e+00,1.493824873250320540e+00
1.393934734363868699e+01,4.998957556669135549e+00,1.498346891886538579e+00
1.410172519154170701e+01,5.030952649144999178e+00,1.502863462052066001e+00
1.426422919946800860e+01,5.062300887803885097e+00,1.507361070770611766e+00
1.442685477156359397e+01,5.093012271539830493e+00,1.511827549607668297e+00
1.458959751288018936e+01,5.123096407940734842e+00,1.516251934081446651e+00
1.475245328631204167e+01,5.152562544168722170e+00,1.520625538824883938e+00
1.491552339369566305e+01,5.181438009078274121e+00,1.524941939917220823e+00
1.507869884300679608e+01,5.209712132325745593e+00,1.529195832176484027e+00
1.525411838777877982e+01,5.239427568356215481e+00,1.533680658946377617e+00
1.542965090373696313e+01,5.268468243788618111e+00,1.538076855680290622e+00
1.561337186242597141e+01,5.298132604854401961e+00,1.542572729360698558e+00
1.579720725514314417e+01,5.327079360453425672e+00,1.546953708545327988e+00
1.596356734527857490e+01,5.352649777344074877e+00,1.550821898049558722e+00
1.613001432611005725e+01,5.377648358999389977e+00,1.554595476631268625e+00
1.629376060419494010e+01,5.401678035801825040e+00,1.558211553383723524e+00
1.645758523562303921e+01,5.425167601042560683e+00,1.561731603904152887e+00
1.662148556818584311e+01,5.448123037563427751e+00,1.565154613732076649e+00
1.678545903563387753e+01,5.470550110091996210e+00,1.568479769981250049e+00
1.694950316633020293e+01,5.492454375395074528e+00,1.571706937416498473e+00
1.711361556192745681e+01,5.513841187823914858e+00,1.574835994125050487e+00
1.727779390680247573e+01,5.534715708586706917e+00,1.577866967428339429e+00
1.744203595987447386e+01,5.555082912174688303e+00,1.580800492198015661e+00
1.760633953415099384e+01,5.574947591001794045e+00,1.583637132545068660e+00
1.777070254198851629e+01,5.594314367616729733e+00,1.586378898580510066e+00
1.793694557228302244e+01,5.613394124199695412e+00,1.589052608176732440e+00
1.810324522896203092e+01,5.631973865931447776e+00,1.591635576200676416e+00
1.828707181501231460e+01,5.651928305143987252e+00,1.594375888002761199e+00
1.847096252112449832e+01,5.671282946913289713e+00,1.597001130563730165e+00
1.866067074343945009e+01,5.690620476883199608e+00,1.599593031050493552e+00
1.885044180244372569e+01,5.709331314413109482e+00,1.602062001150299286e+00
1.902023893197669935e+01,5.725541125626618211e+00,1.604177033707882227e+00
1.919008244911151806e+01,5.741257460231948606e+00,1.606204818485078345e+00
1.935492115718680495e+01,5.756038363080812736e+00,1.608089261201057774e+00
1.951980030905803787e+01,5.770361082399084296e+00,1.609893722622079304e+00
1.968471837998240659e+01,5.784228584434681686e+00,1.611620123692901974e+00
1.984967386543499757e+01,5.797643716518416923e+00,1.613269436585373695e+00
2.001466529862522137e+01,5.810609211810249697e+00,1.614844145977279766e+00
2.017969125094825955e+01,5.823127692292461965e+00,1.616345503674038842e+00
2.034475032867903366e+01,5.835201671304077742e+00,1.617775699772271647e+00
2.050984115089751469e+01,5.846833554658826593e+00,1.619136184221368735e+00
2.067496236037682777e+01,5.858025644142045962e+00,1.620427993812865619e+00
2.084011264840378175e+01,5.868780141561161123e+00,1.621654315104327893e+00
2.100590862012033000e+01,5.879136931933576449e+00,1.622818316876761369e+00
2.117173129604395854e+01,5.889056994606856499e+00,1.623923653783783339e+00
2.135246184079921861e+01,5.899372160149387589e+00,1.625055330138980292e+00
2.153322098710836130e+01,5.909173368147158101e+00,1.626118656381544625e+00
2.173003092871713449e+01,5.919261542165270562e+00,1.627199682044145668e+00
2.192687088899344161e+01,5.928745986466069873e+00,1.628195847583857159e+00
2.210639748387965398e+01,5.936870876403086861e+00,1.629040927394570515e+00
2.228594593152001480e+01,5.944497619328568128e+00,1.629825507966213394e+00
2.245166614555630957e+01,5.951095656344856266e+00,1.630497316697306243e+00
2.261740260887604492e+01,5.957272082964048643e+00,1.631122595712850565e+00
2.278280298566500406e+01,5.963016297643846109e+00,1.631698536087524465e+00
2.294821733836418431e+01,5.968342894962295198e+00,1.632228009329560248e+00
2.311364457692378593e+01,5.973252856660660193e+00,1.632712148060870172e+00
2.327908363202072195e+01,5.977747085390771709e+00,1.633151788876396227e+00
2.344453344114694815e+01,5.981826405086163589e+00,1.633547840756806036e+00
2.360999294334330401e+01,5.985491561636351321e+00,1.633901185585673987e+00
2.377546108775254652e+01,5.988743223808749683e+00,1.634212950449574597e+00
2.394093683099726277e+01,5.991581983780705833e+00,1.634483644657574342e+00
2.410641913581704543e+01,5.994008357645567386e+00,1.634713618818723457e+00
2.427190696801704206e+01,5.996022785839790536e+00,1.634905122663364185e+00
2.444339942810266209e+01,5.997676018451035596e+00,1.635061017755535140e+00
2.461489557709816722e+01,5.998887606257638616e+00,1.635178398598547522e+00
2.480744698518148184e+01,5.999721918579523638e+00,1.635259943570420926e+00
2.499999999999992539e+01,5.999999999999995559e+00,1.635284726329125915e+00
2.519255301481840448e+01,5.999721918579521862e+00,1.635259851078901594e+00
2.538510442290172620e+01,5.998887606257638616e+00,1.635178235394482149e+00
2.555660057189730594e+01,5.997676018451037372e+00,1.635060957509992585e+00
2.572809303198284070e+01,5.996022785839790536e+00,1.634905103535570836e+00
2.589358086418285509e+01,5.994008357645566498e+00,1.634713311198902064e+00
2.605906316900266972e+01,5.991581983780706722e+00,1.634482967635900508e+00
2.622453891224737532e+01,5.988743223808752347e+00,1.634211378178114238e+00
2.639000705665661073e+01,5.985491561636352209e+00,1.633898640206316033e+00
2.655546655885298080e+01,5.981826405086162701e+00,1.633543775003766241e+00
2.672091636797921765e+01,5.977747085390771709e+00,1.633146154022907304e+00
2.688635542307614656e+01,5.973252856660663745e+00,1.632704671416891573e+00
2.705178266163574463e+01,5.968342894962296974e+00,1.632218663332372977e+00
2.721719701433493910e+01,5.963016297643846109e+00,1.631687311940202667e+00
2.738259739112391955e+01,5.957272082964048643e+00,1.631109463230959511e+00
2.754833385444364069e+01,5.951095656344858931e+00,1.630482330343953956e+00
2.771405406847992481e+01,5.944497619328568128e+00,1.629808701591521469e+00
2.789360251612027497e+01,5.936870876403086861e+00,1.629022394970610188e+00
2.807312911100648378e+01,5.928745986466073425e+00,1.628175551357083251e+00
2.826996907128278025e+01,5.919261542165275003e+00,1.627177618265417625e+00
2.846677901289154988e+01,5.909173368147160765e+00,1.626094605406352533e+00
2.864753815920071034e+01,5.899372160149387589e+00,1.625029647864478788e+00
2.882826870395599173e+01,5.889056994606858275e+00,1.623896057942491034e+00
2.899409137987961671e+01,5.879136931933579113e+00,1.622789757995360072e+00
2.915988735159616496e+01,5.868780141561162011e+00,1.621625039564461801e+00
2.932503763962311538e+01,5.858025644142045962e+00,1.620399536845197552e+00
2.949015884910243201e+01,5.846833554658829257e+00,1.619108789812028215e+00
2.965524967132090595e+01,5.835201671304082183e+00,1.617749908957214933e+00
2.982030874905167295e+01,5.823127692292463742e+00,1.616321573414419177e+00
2.998533470137470758e+01,5.810609211810251473e+00,1.614821761300865521e+00
3.015032613456493138e+01,5.797643716518421364e+00,1.613248619589230159e+00
3.031528162001751170e+01,5.784228584434688791e+00,1.611600077648478457e+00
3.048019969094188042e+01,5.770361082399088737e+00,1.609874362833759509e+00
3.064507884281311334e+01,5.756038363080815401e+00,1.608069858902733351e+00
3.080991755088840733e+01,5.741257460231953047e+00,1.606185310568872371e+00
3.097976106802324381e+01,5.725541125626622652e+00,1.604156948057368526e+00
3.114955819755623523e+01,5.709331314413110370e+00,1.602041323971134634e+00
3.133932925656050017e+01,5.690620476883199608e+00,1.599571052226620882e+00
3.152903747887544839e+01,5.671282946913293266e+00,1.596977745922575576e+00
3.171292818498760724e+01,5.651928305143993470e+00,1.594351221905793370e+00
3.189675477103787671e+01,5.631973865931453993e+00,1.591609265243280502e+00
3.206305442771687808e+01,5.613394124199700741e+00,1.589025272713140868e+00
3.222929745801139489e+01,5.594314367616735950e+00,1.586350418449162802e+00
3.239366046584891734e+01,5.574947591001802039e+00,1.583608025065409874e+00
3.255796404012543377e+01,5.555082912174694521e+00,1.580770701562260738e+00
3.272220609319743545e+01,5.534715708586711358e+00,1.577837195711618845e+00
3.288638443807247569e+01,5.513841187823918411e+00,1.574806362712397156e+00
3.305049683366973312e+01,5.492454375395080746e+00,1.571678366940520766e+00
3.321454096436605141e+01,5.470550110091999763e+00,1.568452428543164690e+00
3.337851443181410360e+01,5.448123037563428639e+00,1.565128777463002718e+00
3.354241476437691460e+01,5.425167601042563348e+00,1.561707479751774486e+00
3.370623939580501371e+01,5.401678035801826816e+00,1.558188609183629669e+00
3.386998567388988590e+01,5.377648358999390865e+00,1.554573825434582890e+00
3.403643265472137358e+01,5.352649777344076654e+00,1.550800013720873949e+00
3.420279274485680787e+01,5.327079360453429224e+00,1.546931694679136715e+00
3.438662813757400016e+01,5.298132604854402850e+00,1.542549181012441872e+00
3.457034909626302266e+01,5.268468243788614558e+00,1.538051691224719519e+00
3.474588161222119709e+01,5.239427568356214593e+00,1.533654034775026043e+00
3.492130115699317372e+01,5.209712132325745593e+00,1.529167356197554062e+00
3.508447660630429255e+01,5.181438009078277673e+00,1.524912472186376711e+00
3.524754671368790326e+01,5.152562544168725722e+00,1.520594988140320680e+00
3.541040248711974670e+01,5.123096407940739283e+00,1.516220270160627104e+00
3.557314522843634563e+01,5.093012271539836711e+00,1.511794835991181696e+00
3.573577080053192390e+01,5.062300887803893090e+00,1.507327605510382140e+00
3.589827480845821128e+01,5.030952649145007172e+00,1.502828794736347229e+00
3.606065265636122064e+01,4.998957556669146207e+00,1.498310494170714824e+00
3.622289960651508522e+01,4.966305185747995843e+00,1.493785969053747165e+00
3.638501068476619338e+01,4.932984680059153249e+00,1.489270802131136939e+00
3.654698062126828972e+01,4.898984738482537793e+00,1.484781983925401727e+00
3.670880390162602680e+01,4.864293577426628268e+00,1.480339892117996659e+00
3.687047475886611636e+01,4.828898902433239826e+00,1.475965606729261026e+00
3.703921525164221151e+01,4.791153999947844078e+00,1.471499108995636629e+00
3.720777543222597927e+01,4.752611882919800301e+00,1.467166872179019421e+00
3.738021056253739260e+01,4.712296125929618107e+00,1.462910647812850184e+00
3.755243972916406392e+01,4.671109409563562131e+00,1.458883586900960427e+00
3.771326464750185181e+01,4.631798914054030547e+00,1.455366449595449474e+00
3.787389341490047912e+01,4.591694474892714872e+00,1.452140045130084545e+00
3.803425992493571783e+01,4.550794011909265357e+00,1.449257981427202635e+00
3.819441296626292370e+01,4.509065533213514776e+00,1.446781748219110098e+00
3.835434293674502015e+01,4.466490481967096748e+00,1.444778433301244336e+00
3.851403982042476315e+01,4.423049343595156557e+00,1.443329121899160405e+00
3.867349288696873799e+01,4.378721651841011919e+00,1.442519648364037010e+00
3.883269071366540715e+01,4.333485904650740572e+00,1.442455224737666297e+00
3.899162113166715216e+01,4.287319492376277630e+00,1.443248841381813641e+00
3.915027116840769139e+01,4.240198618867706770e+00,1.445034312918314079e+00
3.930862696101577569e+01,4.192098222148930020e+00,1.447958967023959875e+00
3.946667368544202503e+01,4.142991880646698100e+00,1.452189845941137758e+00
3.962929335129444297e+01,4.091276065454325206e+00,1.458129913954089307e+00
3.979154884146481663e+01,4.038428835370305947e+00,1.465928027440707382e+00
3.994877510522961472e+01,3.985984327213789147e+00,1.475524886435317651e+00
4.010561893739645001e+01,3.932407009280092680e+00,1.487411722525892488e+00
4.026183024600667437e+01,3.877742691152516574e+00,1.501900531038602216e+00
4.041761579168370844e+01,3.821876645968858011e+00,1.519386010377462792e+00
4.057295062346866388e+01,3.764769421772139690e+00,1.540291371216619964e+00
4.072780766259802476e+01,3.706379089023272844e+00,1.565114233597320714e+00
4.088215746882937651e+01,3.646661030611095367e+00,1.594404597049375427e+00
4.103596805692303917e+01,3.585567676527786407e+00,1.628806658141931152e+00
4.118920454123136921e+01,3.523048263790255152e+00,1.669030451282782046e+00
4.134182866302692361e+01,3.459048602628242097e+00,1.715917445910270400e+00
4.149379853368579063e+01,3.393510703344919666e+00,1.770390789587580116e+00
4.164506812499009669e+01,3.326372444615813162e+00,1.833550625161182168e+00
4.179558667427887997e+01,3.257567212508531096e+00,1.906601635155293462e+00
4.194529818610980954e+01,3.187023414495733675e+00,1.991003227152088995e+00
4.209414062246558785e+01,3.114664038727674722e+00,2.088356123347019366e+00
4.224204492766406815e+01,3.040406190645772000e+00,2.200621199253312898e+00
4.238893469566588124e+01,2.964160170012400730e+00,2.329963893280898368e+00
4.253472337753879629e+01,2.885829663474166473e+00,2.479090098146770060e+00
4.267931330412911706e+01,2.805310909418027521e+00,2.651015654851102354e+00
4.282259692222580583e+01,2.722490313170631726e+00,2.849574795296318186e+00
4.296445202416390430e+01,2.637245099044850605e+00,3.079105762105892818e+00
4.310473856734210329e+01,2.549443022845874207e+00,3.345225616104546162e+00
4.324329773532425492e+01,2.458940401194811276e+00,3.654405086535368774e+00
4.337994814201714888e+01,2.365581443685315755e+00,4.015164670139993675e+00
4.351448149973326451e+01,2.269197596429845643e+00,4.437578517623702368e+00
4.364665773115206804e+01,2.169606874794123730e+00,4.935079352936576846e+00
4.377619909272350185e+01,2.066613482665964785e+00,5.523967668412366194e+00
4.390278322059155869e+01,1.960007853652347087e+00,6.226522579174512906e+00
4.402603462316718463e+01,1.849567675599839811e+00,7.070754284515765598e+00
4.414551478507048188e+01,1.735060150345864916e+00,8.095842118906851681e+00
4.426071090401560326e+01,1.616246080420309150e+00,9.352480105267705568e+00
4.437102308789155813e+01,1.492887071266068455e+00,1.091712293390159516e+01
4.447575105726073730e+01,1.364756706524840491e+00,1.288751939968260807e+01
4.457408143829214708e+01,1.231657511745676725e+00,1.545007061824109940e+01
4.466507813998430976e+01,1.093445543841997214e+00,1.873942469906142350e+01
4.474768016998589815e+01,9.500639511922300828e-01,2.361505153811313207e+01
4.482071310313619250e+01,8.015858578372974108e-01,2.889070904029296116e+01
4.488292222451273261e+01,6.482640999298948659e-01,4.330260606056163653e+01
4.493303533707968000e+01,4.905804751168296174e-01,4.962914874235015361e+01
4.496985896537110250e+01,3.292809761992535056e-01,1.259339070199163757e+02
4.499240636579602892e+01,1.653236021835000069e-01,1.420981985843779682e+02
4.499999999999997868e+01,-3.213311418662806254e-17,1.103987429075147020e+03
