x,y,stress
2.999999999999998668e+00,1.135715260723574829e-13,1.082349805029248955e+03
3.008341519532729436e+00,1.652099967566593164e-01,1.181346547488223990e+02
3.033053838850721107e+00,3.287779423253341382e-01,1.192689196849986217e+02
3.073233371538725667e+00,4.891563574744066112e-01,4.019515480096866611e+01
3.127608208242600885e+00,6.453027719815306318e-01,3.766866846587705453e+01
3.194680307690580534e+00,7.964398990344219165e-01,2.378055325410936760e+01
3.272904580635588090e+00,9.421266682418300009e-01,1.913584098555387314e+01
3.360808210666763163e+00,1.082194007828150006e+00,1.466221651277311189e+01
3.457057453500374411e+00,1.216670154150069960e+00,1.174824368026355259e+01
3.560483887788722157e+00,1.345713549603920312e+00,9.490082632833900078e+00
3.670084920317650656e+00,1.469560299230074030e+00,7.794300267604505450e+00
3.785010559241998696e+00,1.588486485989537789e+00,6.473395033896797379e+00
3.904544591874236747e+00,1.702782967865508201e+00,5.437810364810229835e+00
4.028084859593090705e+00,1.812739532401652642e+00,4.613042482502551778e+00
4.155124817175669172e+00,1.918635464478843478e+00,3.951193040165188908e+00
4.285237267693397634e+00,2.020734349166723565e+00,3.414611406348333489e+00
4.418060866281980914e+00,2.119281870931132961e+00,2.977121472806555591e+00
4.553288677274214713e+00,2.214505083909632965e+00,2.617523558705959097e+00
4.690658398460468170e+00,2.306612473421498333e+00,2.321293232007123564e+00
4.829945042288199097e+00,2.395795123323759324e+00,2.076073384021523527e+00
4.970954942387124653e+00,2.482228049274172843e+00,1.872926601270872737e+00
5.113520271692274299e+00,2.566071242385035145e+00,1.704247674864930673e+00
5.257494973384916115e+00,2.647471048806818938e+00,1.564373517600940344e+00
5.402751312055202426e+00,2.726561414460209054e+00,1.448499887539234976e+00
5.549177279480148606e+00,2.803465180857873218e+00,1.352743225732924826e+00
5.696674360299625484e+00,2.878295198520799847e+00,1.273882619420891649e+00
5.845154769188600774e+00,2.951154890414007692e+00,1.209215730753861351e+00
5.994540497135617763e+00,3.022139494137133564e+00,1.156501300767626583e+00
6.144762461030681244e+00,3.091337077510031950e+00,1.113816002675270589e+00
6.295758666365532719e+00,3.158828903717691539e+00,1.079573940939752008e+00
6.447473297241007373e+00,3.224690101698071132e+00,1.052504358801286788e+00
6.600829460066749199e+00,3.289395321083226076e+00,1.030830464223428722e+00
6.754816138343955778e+00,3.352585523390424260e+00,1.015729349979287210e+00
6.908410614848765618e+00,3.413935396261792210e+00,1.001798041511398285e+00
7.062548959896179923e+00,3.473905858612658548e+00,9.930215817364212993e-01
7.217197144977938628e+00,3.532549127093451258e+00,9.866840981710611747e-01
7.372324117868253701e+00,3.589914001307244806e+00,9.829085814223484929e-01
7.527901522719314897e+00,3.646046169632207956e+00,9.810358187737354685e-01
7.683903165966221138e+00,3.700988380282468793e+00,9.807890529175853356e-01
7.840305004178966364e+00,3.754780763981637737e+00,9.818574262958195131e-01
7.997084948876866939e+00,3.807461050607001685e+00,9.840194951684362312e-01
8.154222582879201653e+00,3.859064727307487619e+00,9.870735000747730137e-01
8.311698992244108908e+00,3.909625212185779741e+00,9.908658076070151477e-01
8.469634278364106095e+00,3.959216762409100365e+00,9.952638631441387274e-01
8.627875073808736417e+00,4.007824711004442264e+00,1.000154666348241905e+00
8.796576752169242397e+00,4.058499575643097046e+00,1.005790192878967426e+00
8.965590214481144571e+00,4.108124710893301668e+00,1.011801752938146004e+00
9.127088148449084670e+00,4.154511661068100103e+00,1.017769040873358399e+00
9.288842658722723300e+00,4.199995882503551492e+00,1.024077630457743471e+00
9.448300817335512747e+00,4.243908490911787901e+00,1.030338554683169594e+00
9.607985353033177134e+00,4.286990666533154304e+00,1.036668354534951320e+00
9.767886259120482251e+00,4.329262719342915844e+00,1.043092707816327236e+00
9.927994141812645168e+00,4.370743979161818338e+00,1.049572359824716417e+00
1.008830012392527387e+01,4.411452845571544934e+00,1.056077809047808902e+00
1.024879591134758527e+01,4.451406873358628502e+00,1.062592438027533559e+00
1.040947367908362686e+01,4.490622805659503669e+00,1.069097468353218838e+00
1.057032598238802912e+01,4.529116610369290363e+00,1.075579842482246473e+00
1.073134579794749399e+01,4.566903543779289087e+00,1.082026736904202036e+00
1.089252651008513517e+01,4.603998195587871933e+00,1.088429280100303709e+00
1.105575819822200856e+01,4.640838379981230055e+00,1.094850467991391296e+00
1.121914199469298268e+01,4.676998025096980705e+00,1.101213094284156480e+00
1.139956205698616465e+01,4.716116897786494455e+00,1.108146256510694538e+00
1.158015271491918519e+01,4.754440542564045025e+00,1.114984323795977561e+00
1.175546799324052749e+01,4.790867127034876383e+00,1.121525376776263627e+00
1.193093107959734844e+01,4.826574969245908342e+00,1.127967168695931166e+00
1.209338924451368058e+01,4.858982130985226355e+00,1.133838684373158934e+00
1.225596465040244176e+01,4.890795932345793240e+00,1.139622284414622211e+00
1.241839310463358181e+01,4.921976784372573022e+00,1.145306321442229436e+00
1.258093036376873108e+01,4.952585420754225254e+00,1.150898014390824953e+00
1.274357266842011782e+01,4.982630907156679889e+00,1.156396335288765176e+00
1.290631642064160367e+01,5.012121964756723003e+00,1.161799648702268151e+00
1.306915818084535097e+01,5.041066987753169748e+00,1.167108090731454606e+00
1.323209464826114790e+01,5.069474056777082183e+00,1.172320133629239702e+00
1.339512266388606498e+01,5.097350955285816276e+00,1.177435559308843027e+00
1.355823919383180964e+01,5.124705181514072727e+00,1.182453977327258210e+00
1.372144133176269776e+01,5.151543962819382649e+00,1.187375210842439133e+00
1.388472627838454976e+01,5.177874265351159799e+00,1.192201020332017691e+00
1.405434107656891918e+01,5.204680789496656246e+00,1.197106142487864622e+00
1.422403935353202797e+01,5.230953683659865128e+00,1.201910829970716632e+00
1.441446661049748101e+01,5.259794755868711036e+00,1.207172790020625941e+00
1.460499163004110379e+01,5.287982796586492285e+00,1.212301043879382867e+00
1.479099744459993815e+01,5.314867966308616687e+00,1.217182437514091831e+00
1.497708970913804194e+01,5.341148098104404163e+00,1.221938135491154043e+00
1.514417567978134826e+01,5.364225347261762700e+00,1.226105020809743928e+00
1.531132665401363369e+01,5.386826968298506380e+00,1.230176197788500181e+00
1.547529046922881335e+01,5.408532572551125739e+00,1.234075086485562078e+00
1.563931290545771269e+01,5.429790670715609835e+00,1.237882011871413335e+00
1.580339210985759202e+01,5.450605872634657345e+00,1.241598217995920850e+00
1.596752634043679464e+01,5.470982639693894534e+00,1.245223797443092639e+00
1.613171390009390294e+01,5.490925282074193170e+00,1.248759933556638391e+00
1.629595311395011592e+01,5.510437961812429286e+00,1.252207222135011788e+00
1.646024237689747949e+01,5.529524703953859976e+00,1.255566662368066799e+00
1.662458012400226792e+01,5.548189397985882287e+00,1.258839130644729964e+00
1.678896483379775262e+01,5.566435803055793663e+00,1.262024933497241541e+00
1.695339504097766437e+01,5.584267553872293455e+00,1.265126451859579060e+00
1.711932041879802924e+01,5.601840019465440967e+00,1.268168521849692532e+00
1.728528921778426408e+01,5.618997541487885883e+00,1.271129951284607262e+00
1.746813874135473554e+01,5.637418958259856616e+00,1.274292172630530073e+00
1.765103745463981610e+01,5.655345416639414147e+00,1.277356986964403252e+00
1.785244775497056224e+01,5.674513465976342985e+00,1.280617157842024012e+00
1.805391328762132375e+01,5.693092025753192509e+00,1.283755294757315646e+00
1.823993196017489993e+01,5.709722982434056071e+00,1.286552032331131246e+00
1.842599414440927674e+01,5.725859871255634559e+00,1.289250886384798678e+00
1.859348803828229535e+01,5.739963889913849648e+00,1.291599122977868053e+00
1.876101469127101140e+01,5.753673322434890380e+00,1.293872963611679472e+00
1.892588880008408481e+01,5.766780443121572119e+00,1.296037109594850190e+00
1.909079246994626544e+01,5.779510257856438571e+00,1.298129753917703022e+00
1.925572466214599388e+01,5.791864990026673432e+00,1.300151909795173255e+00
1.942068436701184808e+01,5.803846781905093621e+00,1.302104309780362845e+00
1.958567058752110768e+01,5.815457695451909714e+00,1.303988140610470303e+00
1.975068235492918234e+01,5.826699715374323851e+00,1.305804118007338754e+00
1.991571872705105406e+01,5.837574750747167585e+00,1.307553338248660602e+00
2.008077875543979829e+01,5.848084634611875110e+00,1.309236655647720626e+00
2.024586151103373055e+01,5.858231127444390118e+00,1.310854743054936655e+00
2.041096610047883075e+01,5.868015919647352696e+00,1.312409254156673866e+00
2.057798395144838466e+01,5.877546549620151772e+00,1.313916121673677884e+00
2.074502232824013248e+01,5.886710404047339473e+00,1.315362236329790102e+00
2.092970285441313294e+01,5.896415867735781191e+00,1.316885264077289674e+00
2.111440619843941136e+01,5.905676948960479677e+00,1.318334024872388044e+00
2.131978074236170073e+01,5.915453830099966837e+00,1.319856874564279803e+00
2.152518048592968114e+01,5.924686178599695374e+00,1.321283971403543367e+00
2.171785135176508064e+01,5.932852575960629871e+00,1.322543011872069796e+00
2.191054177430934757e+01,5.940543725876694658e+00,1.323722787563542891e+00
2.208211017705496104e+01,5.946992622034440679e+00,1.324708992855600398e+00
2.225369223988710488e+01,5.953067230241424035e+00,1.325636861131971767e+00
2.241899508822965714e+01,5.958566111562198842e+00,1.326474057890952851e+00
2.258430906931008053e+01,5.963719467233084437e+00,1.327257276026968080e+00
2.274963343842980024e+01,5.968528102567081994e+00,1.327986126577873627e+00
2.291496745433432380e+01,5.972992766723880464e+00,1.328661132252000776e+00
2.308031037744897773e+01,5.977114153290698617e+00,1.329282525000369253e+00
2.324566148615791761e+01,5.980892901227000458e+00,1.329850937788014331e+00
2.341102006172508254e+01,5.984329594937229935e+00,1.330366672970147102e+00
2.357638538254899885e+01,5.987424764646672060e+00,1.330830192124025313e+00
2.374175673551846444e+01,5.990178887066879732e+00,1.331241725411097088e+00
2.390713341047910845e+01,5.992592385643781050e+00,1.331601884374270295e+00
2.407278579586776601e+01,5.994668750198163920e+00,1.331911000260499023e+00
2.423844210506363339e+01,5.996404064416569035e+00,1.332170994502849704e+00
2.441753783888308504e+01,5.997896766682757175e+00,1.332393879435902262e+00
2.459663644791877957e+01,5.998991430799611280e+00,1.332559171324256386e+00
2.479831759345532660e+01,5.999747872018057038e+00,1.332674593263937446e+00
2.499999999999990408e+01,5.999999999999997335e+00,1.332711865924847139e+00
2.520168240654450287e+01,5.999747872018057038e+00,1.332676357717525795e+00
2.540336355208104990e+01,5.998991430799613056e+00,1.332562743955037154e+00
2.558246216111681548e+01,5.997896766682755398e+00,1.332399223416963041e+00
2.576155789493621739e+01,5.996404064416570812e+00,1.332178006728331310e+00
2.592721420413206701e+01,5.994668750198167473e+00,1.331918757231273398e+00
2.609286658952073168e+01,5.992592385643784603e+00,1.331610069570794641e+00
2.625824326448137569e+01,5.990178887066879732e+00,1.331249225432769023e+00
2.642361461745085194e+01,5.987424764646673836e+00,1.330836855981400557e+00
2.658897993827475759e+01,5.984329594937234376e+00,1.330372368855783360e+00
2.675433851384193318e+01,5.980892901227002234e+00,1.329855799650508708e+00
2.691968962255087305e+01,5.977114153290701282e+00,1.329287052606492825e+00
2.708503254566551988e+01,5.972992766723883129e+00,1.328665503279803817e+00
2.725036656157003634e+01,5.968528102567087323e+00,1.327990438170593368e+00
2.741569093068975604e+01,5.963719467233088878e+00,1.327261448354238427e+00
2.758100491177017588e+01,5.958566111562201506e+00,1.326477250633952387e+00
2.774630776011273170e+01,5.953067230241428476e+00,1.325638814904379625e+00
2.791788982294485777e+01,5.946992622034446896e+00,1.324709030416556077e+00
2.808945822569043926e+01,5.940543725876699988e+00,1.323720710825204261e+00
2.828214864823468133e+01,5.932852575960636976e+00,1.322538695597896830e+00
2.847481951407006662e+01,5.924686178599705144e+00,1.321277395560338963e+00
2.868021925763806834e+01,5.915453830099978383e+00,1.319848357777320791e+00
2.888559380156038969e+01,5.905676948960487671e+00,1.318323518072434641e+00
2.907029714558665745e+01,5.896415867735789185e+00,1.316873178699645042e+00
2.925497767175966146e+01,5.886710404047349243e+00,1.315348561501138214e+00
2.942201604855140928e+01,5.877546549620164207e+00,1.313901206626762574e+00
2.958903389952098095e+01,5.868015919647362466e+00,1.312393204781669320e+00
2.975413848896607405e+01,5.858231127444400776e+00,1.310838231505976115e+00
2.991922124455999210e+01,5.848084634611887545e+00,1.309219769956865065e+00
3.008428127294873633e+01,5.837574750747179131e+00,1.307536136461344478e+00
3.024931764507061160e+01,5.826699715374336286e+00,1.305786654295326032e+00
3.041432941247868982e+01,5.815457695451922149e+00,1.303970471917642149e+00
3.057931563298795297e+01,5.803846781905106056e+00,1.302086464189480708e+00
3.074427533785380362e+01,5.791864990026685867e+00,1.300133499829478678e+00
3.090920753005354271e+01,5.779510257856451005e+00,1.298110727004119225e+00
3.107411119991570914e+01,5.766780443121584554e+00,1.296017120935005318e+00
3.123898530872878254e+01,5.753673322434904591e+00,1.293852010271668407e+00
3.140651196171750215e+01,5.739963889913865636e+00,1.291576817243283104e+00
3.157400585559053496e+01,5.725859871255649658e+00,1.289227277382522185e+00
3.176006803982487270e+01,5.709722982434075611e+00,1.286526815797725432e+00
3.194608671237840980e+01,5.693092025753214713e+00,1.283728547832865496e+00
3.214755224502917486e+01,5.674513465976365190e+00,1.280588715634364050e+00
3.234896254535993165e+01,5.655345416639435463e+00,1.277326486435555353e+00
3.253186125864503708e+01,5.637418958259876156e+00,1.274259801258792679e+00
3.271471078221554052e+01,5.618997541487903646e+00,1.271095230157124334e+00
3.288067958120177536e+01,5.601840019465459619e+00,1.268132053484423816e+00
3.304660495902215445e+01,5.584267553872309442e+00,1.265088118183224086e+00
3.321103516620205909e+01,5.566435803055807874e+00,1.261985653666921836e+00
3.337541987599755089e+01,5.548189397985900051e+00,1.258799062950681114e+00
3.353975762310235353e+01,5.529524703953875964e+00,1.255526730424319837e+00
3.370404688604971000e+01,5.510437961812443497e+00,1.252167684460728569e+00
3.386828609990593719e+01,5.490925282074206493e+00,1.248721513729682098e+00
3.403247365956306680e+01,5.470982639693908745e+00,1.245186740630509270e+00
3.419660789014226765e+01,5.450605872634673332e+00,1.241563082741825585e+00
3.436068709454215053e+01,5.429790670715624046e+00,1.237849051370754516e+00
3.452470953077103388e+01,5.408532572551139062e+00,1.234044549059818641e+00
3.468867334598620999e+01,5.386826968298524143e+00,1.230148460343045036e+00
3.485582432021849542e+01,5.364225347261780463e+00,1.226079818398225996e+00
3.502291029086180174e+01,5.341148098104421038e+00,1.221915911165335711e+00
3.520900255539985579e+01,5.314867966308642444e+00,1.217161684203855065e+00
3.539500836995863864e+01,5.287982796586526035e+00,1.212282054377182616e+00
3.558553338950225964e+01,5.259794755868746563e+00,1.207154614847866236e+00
3.577596064646771623e+01,5.230953683659900655e+00,1.201893463943296547e+00
3.594565892343084101e+01,5.204680789496687332e+00,1.197089400013076732e+00
3.611527372161523175e+01,5.177874265351190886e+00,1.192184546224566599e+00
3.627855866823708197e+01,5.151543962819414624e+00,1.187358570652757406e+00
3.644176080616795588e+01,5.124705181514106478e+00,1.182436918130122860e+00
3.660487733611369521e+01,5.097350955285850027e+00,1.177417388667305831e+00
3.676790535173862651e+01,5.069474056777116822e+00,1.172300724909429270e+00
3.693084181915441633e+01,5.041066987753205275e+00,1.167087395701490671e+00
3.709368357935816363e+01,5.012121964756759418e+00,1.161777550295553851e+00
3.725642733157962994e+01,4.982630907156718081e+00,1.156372346159423747e+00
3.741906963623102911e+01,4.952585420754265222e+00,1.150872111844181145e+00
3.758160689536617838e+01,4.921976784372614766e+00,1.145278550183740585e+00
3.774403534959730422e+01,4.890795932345837649e+00,1.139592367920214899e+00
3.790661075548607073e+01,4.858982130985268100e+00,1.133806652926466318e+00
3.806906892040242951e+01,4.826574969245947422e+00,1.127933055224559888e+00
3.824453200675923625e+01,4.790867127034919903e+00,1.121489818212399570e+00
3.841984728508057145e+01,4.754440542564091210e+00,1.114947708718347918e+00
3.860043794301357423e+01,4.716116897786545081e+00,1.108108477239289735e+00
3.878085800530674732e+01,4.676998025097033995e+00,1.101175254760051292e+00
3.894424180177773565e+01,4.640838379981281570e+00,1.094814485639991508e+00
3.910747348991461791e+01,4.603998195587921671e+00,1.088394386764415023e+00
3.926865420205226087e+01,4.566903543779339714e+00,1.081993018565844844e+00
3.942967401761171686e+01,4.529116610369343654e+00,1.075547220467465426e+00
3.959052632091612622e+01,4.490622805659556072e+00,1.069066167854056948e+00
3.975120408865218025e+01,4.451406873358680016e+00,1.062562105642895993e+00
3.991169987607447922e+01,4.411452845571597337e+00,1.056049153915594063e+00
4.007200585818711858e+01,4.370743979161871628e+00,1.049543745908310122e+00
4.023211374087927794e+01,4.329262719342972687e+00,1.043065607745476742e+00
4.039201464696657951e+01,4.286990666533212924e+00,1.036637345359008311e+00
4.055169918266422968e+01,4.243908490911848297e+00,1.030286570546756542e+00
4.071115734127702979e+01,4.199995882503612776e+00,1.024044202868868547e+00
4.087291185155066842e+01,4.154511661068162276e+00,1.017854934064080119e+00
4.103440978551862628e+01,4.108124710893362064e+00,1.011863026521692577e+00
4.120342324783051424e+01,4.058499575643159218e+00,1.005858808429133999e+00
4.137212492619103443e+01,4.007824711004505325e+00,1.000218149018901492e+00
4.153036572163566831e+01,3.959216762409160761e+00,9.953238266921733413e-01
4.168830100775567615e+01,3.909625212185838361e+00,9.909227288085640240e-01
4.184577741712057275e+01,3.859064727307551568e+00,9.871290665168094280e-01
4.200291505112291901e+01,3.807461050607065633e+00,9.840747311613279313e-01
4.215969499582080005e+01,3.754780763981709235e+00,9.819195095063139034e-01
4.231609683403353017e+01,3.700988380282542956e+00,9.808577811548239156e-01
4.247209847728043997e+01,3.646046169632283895e+00,9.811176984675111790e-01
4.262767588213151981e+01,3.589914001307317637e+00,9.829827102712934694e-01
4.278280285502182068e+01,3.532549127093529417e+00,9.867854953101696802e-01
4.293745104010360336e+01,3.473905858612733155e+00,9.929321232595389457e-01
4.309158938515098924e+01,3.413935396261874367e+00,1.001897040192978316e+00
4.324518386165582484e+01,3.352585523390501976e+00,1.014265279045246215e+00
4.339917053993303142e+01,3.289395321083309121e+00,1.030842354840299180e+00
4.355252670275880433e+01,3.224690101698140410e+00,1.052417748902551464e+00
4.370424133363425057e+01,3.158828903717770142e+00,1.079764362992128968e+00
4.385523753896914911e+01,3.091337077510097675e+00,1.114181668491277089e+00
4.400545950286418417e+01,3.022139494137214388e+00,1.157026702188994838e+00
4.415484523081124024e+01,2.951154890414071641e+00,1.209937342972115415e+00
4.430332563970015514e+01,2.878295198520887777e+00,1.274766858569953198e+00
4.445082272051970307e+01,2.803465180857935835e+00,1.353828577785935128e+00
4.459724868794458530e+01,2.726561414460307642e+00,1.449746823913387050e+00
4.474250502661494266e+01,2.647471048806884664e+00,1.565809755920870794e+00
4.488647972830749211e+01,2.566071242385156825e+00,1.705763386503748702e+00
4.502904505761273413e+01,2.482228049274245230e+00,1.874511008955800362e+00
4.517005495771152823e+01,2.395795123323913867e+00,2.077752440828989577e+00
4.530934160153937995e+01,2.306612473421580045e+00,2.323069495842002397e+00
4.544671132272544156e+01,2.214505083909841687e+00,2.619401222429993403e+00
4.558193913371786010e+01,2.119281870931231548e+00,2.979132927839677869e+00
4.571476273230621956e+01,2.020734349166994015e+00,3.417331568064327918e+00
4.584487518282420382e+01,1.918635464478928521e+00,3.955106329310104751e+00
4.597191514040644478e+01,1.812739532402016573e+00,4.618550623666184407e+00
4.609545540812563047e+01,1.702782967865611896e+00,5.446733885744854398e+00
4.621498944075748483e+01,1.588486485990026509e+00,6.486755071196792066e+00
4.632991507968224454e+01,1.469560299230150191e+00,7.823418879581404362e+00
4.643951611221071829e+01,1.345713549604538262e+00,9.518259937769373735e+00
4.654294254649953899e+01,1.216670154150150340e+00,1.184651884796896226e+01
4.663919178933274878e+01,1.082194007828844118e+00,1.467726563461962819e+01
4.672709541936433908e+01,9.421266682419157101e-01,1.954121294310177603e+01
4.680531969230913347e+01,7.964398990349502716e-01,2.363653249561811620e+01
4.687239179175735870e+01,6.453027719815740415e-01,3.900418271229975886e+01
4.692676662846120195e+01,4.891563574745667053e-01,3.811895410008179397e+01
4.696694616114925935e+01,3.287779423253167632e-01,1.209085356867390004e+02
4.699165848046724392e+01,1.652099967566530159e-01,1.139738062717681970e+02
4.699999999999997868e+01,-3.235983301101366944e-17,1.081366113064724686e+03
