x,y,stress
-1.631133853145419011e-18,-6.928886635036777859e-17,3.093391521708397317e-06
7.365081719100875085e-03,1.699025237471968319e-01,3.330720328027706217e-06
2.925624849677174039e-02,3.385519005207079934e-01,7.221105135996413859e-06
6.419181790665712262e-02,5.013071633024812623e-01,1.672116343720409971e-05
1.116623711664138791e-01,6.608622895413247544e-01,6.474229756228847357e-05
1.706636273612608667e-01,8.165279756859158411e-01,4.747305038912736264e-04
2.401059208264262890e-01,9.678302447988867963e-01,2.176506305624830058e-03
3.188925180948023463e-01,1.114489113354108607e+00,5.397369007862683546e-03
4.059750440896541246e-01,1.256383945733084762e+00,1.042686560137645428e-02
5.003867708763000133e-01,1.393515628642323811e+00,1.751859101431624613e-02
6.012581851168471436e-01,1.525971687644534835e+00,2.814510986509625654e-02
7.078203010925528949e-01,1.653897345459363954e+00,4.319608552663913026e-02
8.194004979327470517e-01,1.777473163031436876e+00,6.229894999190554311e-02
9.354143804318434396e-01,1.896898617834994250e+00,8.470956967794748826e-02
1.055356081526557022e+00,2.012380621356952393e+00,1.096678547701726292e-01
1.178788290436830088e+00,2.124125706909212319e+00,1.364905167460662705e-01
1.305332848328958351e+00,2.232334985616467815e+00,1.645524653018046457e-01
1.434662352138430963e+00,2.337201134886468523e+00,1.933560917444732685e-01
1.566492652193512969e+00,2.438906619166766543e+00,2.224701851060807423e-01
1.700576417471494794e+00,2.537622879901206829e+00,2.515955450012958838e-01
1.836697998824735167e+00,2.633510381134698708e+00,2.804980544723708058e-01
1.974668598620712423e+00,2.726718637183142668e+00,3.090056088731977235e-01
2.114322119961800528e+00,2.817386491224909140e+00,3.369910849712133283e-01
2.255512139241004022e+00,2.905642875685184645e+00,3.643654650745512535e-01
2.398109324518936436e+00,2.991607556291166592e+00,3.910652523920670753e-01
2.541998909299187037e+00,3.075391659868763394e+00,4.170563047334941986e-01
2.687078486909972863e+00,3.157098197771751380e+00,4.423129901354393989e-01
2.833256453520893725e+00,3.236822774681793469e+00,4.668323521749197513e-01
2.980451131824177313e+00,3.314654471152931769e+00,4.906119441647037727e-01
3.128589270103104614e+00,3.390676213742243039e+00,5.136663140366267699e-01
3.277604169560794034e+00,3.464964865599685417e+00,5.360063121196936287e-01
3.427435679235645072e+00,3.537592167041927027e+00,5.576507504136872795e-01
3.578029614173905859e+00,3.608625235105622497e+00,5.786213473678729624e-01
3.729336560975595294e+00,3.678126689786259895e+00,5.989336836412960663e-01
3.881311542145945648e+00,3.746155126138797531e+00,6.186180473326806650e-01
4.040348751528630267e+00,3.815538327959538289e+00,6.384944518019488591e-01
4.200024340243506238e+00,3.883439633134178948e+00,6.576896545046323483e-01
4.355605999258014727e+00,3.947990034590112440e+00,6.760615819023418904e-01
4.511720091543590883e+00,4.011241988859673313e+00,6.935435027204596148e-01
4.666534792384503305e+00,4.072534236051809309e+00,7.104307657849157076e-01
4.821813766420601333e+00,4.132640650398018423e+00,7.266921782098181293e-01
4.977532404657986298e+00,4.191598984307628228e+00,7.427675644510930431e-01
5.133667751420119885e+00,4.249444821425537810e+00,7.582021537917840170e-01
5.290198467650028213e+00,4.306211783777171398e+00,7.732743525939959062e-01
5.447104947144929987e+00,4.361931766096253327e+00,7.879295708273293952e-01
5.604368875572903086e+00,4.416634949093723783e+00,8.022012927509593050e-01
5.761973093678153468e+00,4.470349913253803820e+00,8.161042837819710849e-01
5.919901629561048928e+00,4.523103794969866698e+00,8.296536148160666979e-01
6.078139536834787471e+00,4.574922361572968832e+00,8.428672564493814301e-01
6.239677607099523016e+00,4.626785472789054943e+00,8.559935436384292773e-01
6.401508495505303209e+00,4.677727580627957238e+00,8.688047556132989513e-01
6.580492408741696941e+00,4.732925567077225004e+00,8.825863971714246192e-01
6.759801018765593916e+00,4.787059542579144455e+00,8.959995765666841638e-01
6.929614758419106124e+00,4.837288113614388152e+00,9.083678767549026034e-01
7.099692969633603745e+00,4.886613780967289600e+00,9.204417568020302198e-01
7.259842016296956579e+00,4.932188632394277406e+00,9.315387919376367787e-01
7.420205904256573781e+00,4.977001689854959388e+00,9.424011186902855330e-01
7.580775166529239328e+00,5.021069161658504143e+00,9.530400007657346961e-01
7.741542865587231148e+00,5.064407125757913519e+00,9.634513547284261348e-01
7.902501445305873951e+00,5.107030701366792158e+00,9.736461616038825095e-01
8.063643744668857138e+00,5.148954379729191899e+00,9.836305411632821905e-01
8.224962982271355472e+00,5.190192061130353807e+00,9.934096074382146035e-01
8.386452685019136766e+00,5.230757074845927335e+00,1.002992278375365753e+00
8.548106701995955348e+00,5.270662218529033716e+00,1.012382863029799962e+00
8.709919205064208469e+00,5.309919791036958436e+00,1.021589536686608346e+00
8.871884628486411017e+00,5.348541608116246238e+00,1.030614442428018585e+00
9.033997675916353387e+00,5.386539032749010580e+00,1.039468793084032727e+00
9.206019700869751077e+00,5.426152836656715550e+00,1.048667119463026598e+00
9.378196226879470743e+00,5.465089656623280945e+00,1.057684843101295735e+00
9.571573214444457633e+00,5.507989644030184095e+00,1.067587569546852633e+00
9.765130511021942183e+00,5.550068659904876966e+00,1.077263500238729854e+00
9.951223930214238678e+00,5.589730956140297913e+00,1.086360803736565739e+00
1.013747142290047876e+01,5.628663354005118968e+00,1.095263946078934403e+00
1.030431092132503323e+01,5.662903764344613400e+00,1.103084615314398942e+00
1.047126555199741205e+01,5.696578326206945597e+00,1.110758172976559877e+00
1.063459295371236735e+01,5.728960665157894816e+00,1.118119969237055145e+00
1.079802358771818938e+01,5.760817918770153589e+00,1.125345966718681590e+00
1.096155427527703097e+01,5.792157461957173403e+00,1.132436815839966693e+00
1.112518198776683143e+01,5.822986427082662786e+00,1.139396159976800993e+00
1.128890381362223039e+01,5.853311709044981548e+00,1.146226470254798180e+00
1.145271692189851187e+01,5.883139969626757448e+00,1.152929882791819960e+00
1.161661859999902013e+01,5.912477654967097429e+00,1.159508523857757600e+00
1.178060623600261536e+01,5.941331002003769512e+00,1.165964259249696378e+00
1.194467730838445441e+01,5.969706045891586932e+00,1.172298653331387497e+00
1.210882939096576116e+01,5.997608629593606189e+00,1.178514207642337386e+00
1.227452206774547072e+01,6.025286497206842284e+00,1.184663811884017592e+00
1.244029249339985732e+01,6.052494840322813374e+00,1.190699291404331284e+00
1.262308641773227258e+01,6.081945543811023924e+00,1.197211753141671053e+00
1.280596916679354358e+01,6.110839548199797022e+00,1.203587988191586078e+00
1.301129023916973004e+01,6.142608055249243471e+00,1.210576965984822673e+00
1.321671585118483527e+01,6.173693418853354764e+00,1.217390725716316568e+00
1.341414716369266280e+01,6.202919659478559389e+00,1.223780670450013597e+00
1.361166847473422337e+01,6.231531349318397695e+00,1.230014363679643896e+00
1.378700827343479851e+01,6.256410729542492888e+00,1.235421226975349729e+00
1.396241455654618235e+01,6.280816975055946827e+00,1.240711563467335132e+00
1.412739246049283537e+01,6.303336749284552454e+00,1.245580381141683901e+00
1.429242583186554505e+01,6.325446376819403582e+00,1.250348716663562509e+00
1.445751199811719978e+01,6.347149456539075807e+00,1.255016696918776820e+00
1.462265061406760935e+01,6.368449778888688684e+00,1.259585134925278238e+00
1.478784024209796044e+01,6.389350872929135505e+00,1.264055691410028270e+00
1.495307946966045165e+01,6.409856161256041851e+00,1.268428864148588575e+00
1.511836691909573815e+01,6.429968964785386376e+00,1.272706092120479582e+00
1.528370127074398432e+01,6.449692508786943890e+00,1.276887889213012661e+00
1.544908124383525738e+01,6.469029923534916904e+00,1.280975377204157661e+00
1.561450556208895613e+01,6.487984243339816715e+00,1.284969550639995850e+00
1.577997297666982135e+01,6.506558412280824655e+00,1.288870061010990220e+00
1.594548230816066337e+01,6.524755291538860469e+00,1.292681421618782300e+00
1.612098852173141950e+01,6.543637472020581214e+00,1.296619921209678061e+00
1.629653917311398814e+01,6.562101945213367316e+00,1.300462096463569139e+00
1.649442907096387145e+01,6.582413891014222251e+00,1.304668861814657355e+00
1.669237188099793912e+01,6.602203563875555403e+00,1.308752819077495300e+00
1.690878333055679406e+01,6.623241312541535031e+00,1.313076007306557269e+00
1.712525357152982863e+01,6.643665261366199282e+00,1.317248599850369795e+00
1.732324571142382297e+01,6.661808131256679921e+00,1.320942004430117445e+00
1.752128351139723605e+01,6.679445627831331223e+00,1.324515968688812606e+00
1.769704969514053872e+01,6.694675965319651034e+00,1.327591629627452585e+00
1.787284946987237078e+01,6.709513549070353911e+00,1.330577794736698349e+00
1.803879607564248388e+01,6.723158823797271921e+00,1.333314687900199136e+00
1.820477076156086937e+01,6.736458193473007228e+00,1.335973701306379713e+00
1.837077266523464658e+01,6.749413474044210659e+00,1.338555147121135658e+00
1.853680093079781344e+01,6.762026421930197095e+00,1.341059465450672006e+00
1.870285472153119954e+01,6.774298736341765270e+00,1.343487858198314289e+00
1.886893321800363310e+01,6.786232060355178675e+00,1.345840859043765381e+00
1.903503561057776849e+01,6.797827981561554544e+00,1.348119659309217733e+00
1.920116110987004987e+01,6.809088033948685670e+00,1.350324819364989715e+00
1.936730893421340127e+01,6.820013698110932054e+00,1.352457229557135765e+00
1.953347831874901885e+01,6.830606402914717101e+00,1.354517809345314072e+00
1.969967089310713604e+01,6.840867670881822349e+00,1.356506740316655080e+00
1.986588352986662187e+01,6.850798675247625091e+00,1.358427322284403438e+00
2.004278217924203886e+01,6.861005591882332055e+00,1.360391958289498993e+00
2.021970184932562375e+01,6.870841430851656106e+00,1.362281719212572018e+00
2.041911042688158773e+01,6.881483222123070398e+00,1.364315505485947044e+00
2.061854340714046430e+01,6.891657457316865631e+00,1.366254225164752034e+00
2.083970314420790615e+01,6.902394317743675067e+00,1.368292034253157485e+00
2.106088982666268805e+01,6.912560988932907158e+00,1.370208992740352461e+00
2.126696963659600570e+01,6.921521188986045736e+00,1.371894716473579523e+00
2.147307021726946274e+01,6.929990193248669605e+00,1.373481045463759154e+00
2.165596571248437385e+01,6.937094988481798730e+00,1.374808379326958763e+00
2.183887573657592895e+01,6.943815363463329504e+00,1.376061220798734830e+00
2.200610883554355013e+01,6.949623779063043294e+00,1.377141317899217787e+00
2.217335273430534315e+01,6.955112444414590200e+00,1.378161294516298652e+00
2.233977990286414439e+01,6.960257262222987684e+00,1.379114693001899372e+00
2.250621651957009206e+01,6.965086779494879643e+00,1.380007795229507117e+00
2.267266196832217418e+01,6.969601582487074509e+00,1.380840956154178345e+00
2.283911564219315338e+01,6.973802218109381279e+00,1.381614565091004110e+00
2.300557693904229595e+01,6.977689194114859994e+00,1.382328900709959951e+00
2.317204525439118257e+01,6.981262979255517642e+00,1.382984504522242641e+00
2.333851999242971331e+01,6.984524003828776806e+00,1.383581968450223076e+00
2.350500055626425322e+01,6.987472659724486057e+00,1.384121438969549756e+00
2.367148634940076235e+01,6.990109300722371799e+00,1.384603234544522721e+00
2.383797678711991708e+01,6.992434242875209982e+00,1.385028485879517879e+00
2.400959667750596438e+01,6.994504810112671223e+00,1.385406255445947865e+00
2.418122023837037915e+01,6.996244751052704380e+00,1.385726060936086634e+00
2.437369164110213049e+01,6.997802987125502305e+00,1.386011180270023679e+00
2.456616595798056579e+01,6.998945933573167189e+00,1.386221777214649675e+00
2.478308233869260491e+01,6.999736496718417911e+00,1.386367787485997427e+00
2.499999999999971223e+01,6.999999999999997335e+00,1.386414310513090165e+00
2.521691766130685863e+01,6.999736496718420575e+00,1.386366639227597064e+00
2.543383404201891196e+01,6.998945933573168965e+00,1.386219487880923085e+00
2.562630835889743963e+01,6.997802987125504082e+00,1.386008398352792659e+00
2.581877976162916966e+01,6.996244751052707933e+00,1.385722859546391961e+00
2.599040332249369811e+01,6.994504810112675663e+00,1.385403630696407928e+00
2.616202321287965304e+01,6.992434242875215311e+00,1.385026536701013722e+00
2.632851365059882554e+01,6.990109300722378016e+00,1.384601976097972642e+00
2.649499944373532756e+01,6.987472659724493163e+00,1.384120863382636291e+00
2.666148000756985326e+01,6.984524003828785688e+00,1.383581715097333742e+00
2.682795474560838755e+01,6.981262979255526524e+00,1.382984507072857250e+00
2.699442306095728483e+01,6.977689194114867988e+00,1.382328545512100604e+00
2.716088435780643451e+01,6.973802218109390161e+00,1.381613838095564706e+00
2.732733803167741016e+01,6.969601582487086944e+00,1.380839877251152092e+00
2.749378348042948161e+01,6.965086779494891189e+00,1.380006352679933546e+00
2.766022009713543639e+01,6.960257262222998342e+00,1.379112920657246333e+00
2.782664726569424474e+01,6.955112444414602635e+00,1.378159283144381408e+00
2.799389116445602710e+01,6.949623779063057505e+00,1.377139468217859930e+00
2.816112426342363051e+01,6.943815363463343715e+00,1.376059535363209463e+00
2.834403428751516074e+01,6.937094988481812941e+00,1.374806504135161589e+00
2.852692978273005409e+01,6.929990193248688257e+00,1.373478969206349154e+00
2.873303036340346495e+01,6.921521188986067941e+00,1.371892146297134296e+00
2.893911017333675417e+01,6.912560988932930250e+00,1.370205774498399087e+00
2.916029685579155384e+01,6.902394317743698160e+00,1.368287580164913919e+00
2.938145659285900635e+01,6.891657457316891389e+00,1.366248321255086440e+00
2.958088957311791489e+01,6.881483222123096155e+00,1.364308352375266820e+00
2.978029815067390018e+01,6.870841430851680087e+00,1.362273238306128453e+00
2.995721782075750994e+01,6.861005591882356036e+00,1.360382919084797360e+00
3.013411647013296246e+01,6.850798675247648184e+00,1.358418029517788561e+00
3.030032910689244119e+01,6.840867670881847218e+00,1.356498044044593287e+00
3.046652168125056193e+01,6.830606402914741082e+00,1.354509908193041179e+00
3.063269106578617951e+01,6.820013698110955147e+00,1.352450444728805490e+00
3.079883889012953446e+01,6.809088033948712315e+00,1.350319308884395220e+00
3.096496438942181584e+01,6.797827981561583854e+00,1.348115658127385208e+00
3.113106678199596544e+01,6.786232060355204432e+00,1.345838473828206538e+00
3.129714527846838124e+01,6.774298736341792804e+00,1.343487107162152361e+00
3.146319906920176734e+01,6.762026421930227293e+00,1.341060478430777358e+00
3.162922733476491999e+01,6.749413474044242633e+00,1.338557594986898192e+00
3.179522923843869719e+01,6.736458193473039202e+00,1.335977618206012130e+00
3.196120392435709334e+01,6.723158823797303008e+00,1.333318957312085828e+00
3.212715053012722421e+01,6.709513549070384109e+00,1.330582309206971070e+00
3.230295030485903141e+01,6.694675965319686561e+00,1.327593930318562210e+00
3.247871648860230920e+01,6.679445627831366750e+00,1.324515690176845339e+00
3.267675428857571518e+01,6.661808131256717225e+00,1.320937392716216463e+00
3.287474642846970596e+01,6.643665261366239250e+00,1.317237725690697747e+00
3.309121666944274409e+01,6.623241312541576775e+00,1.313062744156231032e+00
3.330762811900159193e+01,6.602203563875597148e+00,1.308737963232662338e+00
3.350557092903567025e+01,6.582413891014263108e+00,1.304653389948196240e+00
3.370346082688556777e+01,6.562101945213410836e+00,1.300445851875533743e+00
3.387901147826817549e+01,6.543637472020622958e+00,1.296603234698153528e+00
3.405451769183896005e+01,6.524755291538896884e+00,1.292664422444457228e+00
3.422002702332981983e+01,6.506558412280859294e+00,1.288853599125372895e+00
3.438549443791070814e+01,6.487984243339852242e+00,1.284953964371219559e+00
3.455091875616440689e+01,6.469029923534953319e+00,1.280961050248319966e+00
3.471629872925568350e+01,6.449692508786977641e+00,1.276875124798238614e+00
3.488163308090395276e+01,6.429968964785417462e+00,1.272694890550657876e+00
3.504692053033926413e+01,6.409856161256073825e+00,1.268419330634322773e+00
3.521215975790175889e+01,6.389350872929168368e+00,1.264047067509499911e+00
3.537734938593210643e+01,6.368449778888719770e+00,1.259577362160153591e+00
3.554248800188252488e+01,6.347149456539106005e+00,1.255009163558953755e+00
3.570757416813419383e+01,6.325446376819434668e+00,1.250341322344010075e+00
3.587260753950688752e+01,6.303336749284587981e+00,1.245572553479717515e+00
3.603758544345352988e+01,6.280816975055982354e+00,1.240703255530233085e+00
3.621299172656489418e+01,6.256410729542529303e+00,1.235412016619886755e+00
3.638833152526546399e+01,6.231531349318438551e+00,1.230004385924455601e+00
3.658585283630699081e+01,6.202919659478607350e+00,1.223769576568187301e+00
3.678328414881480057e+01,6.173693418853403614e+00,1.217378468624239263e+00
3.698870976082991291e+01,6.142608055249291432e+00,1.210563615200218379e+00
3.719403083320612069e+01,6.110839548199844984e+00,1.203573117867755560e+00
3.737691358226742722e+01,6.081945543811068333e+00,1.197195970208318583e+00
3.755970750659987090e+01,6.052494840322854230e+00,1.190682407736336046e+00
3.772547793225426460e+01,6.025286497206881364e+00,1.184646924331413720e+00
3.789117060903397771e+01,5.997608629593645269e+00,1.178497626149244137e+00
3.805532269161527381e+01,5.969706045891629564e+00,1.172283050302436180e+00
3.821939376399709687e+01,5.941331002003813033e+00,1.165949991343148806e+00
3.838338140000068677e+01,5.912477654967141838e+00,1.159495792604872122e+00
3.854728307810119503e+01,5.883139969626806298e+00,1.152918840797615641e+00
3.871109618637746053e+01,5.853311709045035727e+00,1.146217005330916860e+00
3.887481801223282929e+01,5.822986427082718741e+00,1.139388363226309986e+00
3.903844572472263508e+01,5.792157461957227582e+00,1.132431112637388715e+00
3.920197641228150331e+01,5.760817918770208657e+00,1.125342703160980173e+00
3.936540704628733067e+01,5.728960665157949883e+00,1.118120963615707675e+00
3.952873444800229663e+01,5.696578326206995335e+00,1.110763890100702644e+00
3.969568907867464702e+01,5.662903764344668467e+00,1.103095321432126630e+00
3.986252857709916952e+01,5.628663354005185582e+00,1.095281926534440897e+00
4.004877606978538296e+01,5.589730956140373408e+00,1.086375733031914370e+00
4.023486948897765103e+01,5.550068659904956014e+00,1.077273720741198648e+00
4.042842678555514624e+01,5.507989644030262255e+00,1.067591463861175427e+00
4.062180377312014201e+01,5.465089656623361769e+00,1.057682285867081795e+00
4.079398029912992030e+01,5.426152836656785716e+00,1.048658631304654421e+00
4.096600232408336240e+01,5.386539032749070088e+00,1.039453799157627145e+00
4.112811537151328878e+01,5.348541608116307522e+00,1.030594461350270219e+00
4.129008079493549843e+01,5.309919791037022385e+00,1.021564350319743797e+00
4.145189329800375333e+01,5.270662218529100329e+00,1.012354479478230651e+00
4.161354731498057191e+01,5.230757074845992172e+00,1.002960538158002457e+00
4.177503701772835143e+01,5.190192061130418644e+00,9.933770375842406741e-01
4.193635625533085687e+01,5.148954379729258513e+00,9.835974993100551345e-01
4.209749855469384983e+01,5.107030701366856995e+00,9.736159422962208376e-01
4.225845713441249529e+01,5.064407125757976580e+00,9.634251738794576969e-01
4.241922483347049422e+01,5.021069161658566316e+00,9.530187264974024908e-01
4.257979409574316065e+01,4.977001689855025113e+00,9.423881864128503816e-01
4.274015798370280095e+01,4.932188632394340466e+00,9.315253593411438882e-01
4.290030703036617155e+01,4.886613780967343779e+00,9.204251061372280551e-01
4.307038524158068071e+01,4.837288113614437890e+00,9.083459118737472471e-01
4.324019898123422223e+01,4.787059542579191529e+00,8.959721898576408217e-01
4.341950759125811032e+01,4.732925567077276519e+00,8.825543634106443047e-01
4.359849150449449695e+01,4.677727580628006088e+00,8.687669929546161240e-01
4.376032239290031356e+01,4.626785472789094911e+00,8.559524584548732218e-01
4.392186046316509618e+01,4.574922361572999918e+00,8.428223278688552478e-01
4.408009837043883294e+01,4.523103794969898672e+00,8.296068343914718701e-01
4.423802690632172840e+01,4.470349913253831353e+00,8.160551754324478768e-01
4.439563112442699122e+01,4.416634949093746876e+00,8.021507864791388442e-01
4.455289505285500695e+01,4.361931766096268426e+00,7.878771971927720497e-01
4.470980153234987853e+01,4.306211783777193602e+00,7.732191913241414083e-01
4.486633224857978774e+01,4.249444821425560015e+00,7.581573674096477866e-01
4.502246759534192933e+01,4.191598984307645992e+00,7.426749892027004751e-01
4.517818623357933916e+01,4.132640650398030857e+00,7.267505717903618434e-01
4.533346520761541143e+01,4.072534236051831513e+00,7.103651575167617693e-01
4.548827990845631319e+01,4.011241988859697294e+00,6.934970570234733067e-01
4.564439400074187603e+01,3.947990034590144859e+00,6.759200362970329001e-01
4.579997565975640583e+01,3.883439633134206925e+00,6.578035334405377688e-01
4.595965124847129601e+01,3.815538327959561382e+00,6.385554215311685100e-01
4.611868845785399884e+01,3.746155126138802860e+00,6.186709035842972160e-01
4.627066343902436785e+01,3.678126689786260339e+00,5.989751427020352237e-01
4.642197038582610702e+01,3.608625235105606066e+00,5.786576829578565784e-01
4.657256432076433583e+01,3.537592167041924807e+00,5.576896747242741093e-01
4.672239583043917577e+01,3.464964865599678756e+00,5.360477915095090973e-01
4.687141072989684432e+01,3.390676213742249256e+00,5.137121034854165158e-01
4.701954886817581780e+01,3.314654471152922000e+00,4.906613666261683826e-01
4.716674354647907563e+01,3.236822774681796133e+00,4.668810196966390880e-01
4.731292151309002492e+01,3.157098197771732284e+00,4.423593812538796355e-01
4.745800109070077610e+01,3.075391659868765171e+00,4.170972299278278284e-01
4.760189067548108710e+01,2.991607556291139058e+00,3.910949337513224822e-01
4.774448786075894446e+01,2.905642875685200632e+00,3.643858198475351529e-01
4.788567788003818038e+01,2.817386491224898037e+00,3.370070685813947309e-01
4.802533140137918366e+01,2.726718637183185301e+00,3.090233898480759800e-01
4.816330200117523930e+01,2.633510381134700928e+00,2.805182557247161146e-01
4.829942358252838375e+01,2.537622879901278772e+00,2.516318468243805007e-01
4.843350734780644729e+01,2.438906619166766099e+00,2.225273968630807064e-01
4.856533764786140495e+01,2.337201134886571996e+00,1.934492729877747563e-01
4.869466715167101256e+01,2.232334985616472700e+00,1.646970776459332764e-01
4.882121170956298073e+01,2.124125706909356204e+00,1.366688763024649089e-01
4.894464391847341744e+01,2.012380621356945287e+00,1.098571860618633711e-01
4.906458561956791442e+01,1.896898617835205636e+00,8.485818794420495192e-02
4.918059950206720288e+01,1.777473163031469072e+00,6.239798509618443845e-02
4.929217969890716944e+01,1.653897345459659496e+00,4.325282846778010643e-02
4.939874181488308125e+01,1.525971687644577690e+00,2.819710999860555387e-02
4.949961322912340478e+01,1.393515628642674198e+00,1.758931328054577983e-02
4.959402495591028526e+01,1.256383945733145158e+00,1.049394492247813886e-02
4.968110748190498072e+01,1.114489113354455441e+00,5.407562686461715902e-03
4.975989407917349894e+01,9.678302447989580726e-01,2.172513707731886599e-03
4.982933637263860760e+01,8.165279756861443250e-01,4.758860432581882272e-04
4.988833762883354694e+01,6.608622895413652776e-01,6.573726368126127134e-05
4.993580818209330374e+01,5.013071633025553142e-01,1.717740169311343228e-05
4.997074375150318559e+01,3.385519005207290877e-01,7.352710170274986886e-06
4.999263491828086359e+01,1.699025237472078231e-01,3.402525395053576885e-06
4.999999999999997868e+01,-6.915757383010794157e-17,3.173999577235098303e-06
