x,y,stress
-1.168121149935676604e-18,-7.560324824109652901e-17,6.661635911619086876e-08
5.345627602356011789e-03,1.861073976178105882e-01,6.055188736067181591e-08
2.131937364035960125e-02,3.716054842918732337e-01,1.249970284032238008e-07
4.475864120252022460e-02,5.383087986013329607e-01,3.704043337266803945e-07
7.652051057459270667e-02,7.036291993434856673e-01,1.028010412239080149e-06
1.157804247493742500e-01,8.651704170511710368e-01,3.593168667393125053e-06
1.625658310502940684e-01,1.024695838695769856e+00,4.191737320261040194e-05
2.165219827131144581e-01,1.181941864356635064e+00,1.913434657799085266e-04
2.772699291299430269e-01,1.336692063431027089e+00,7.096547079211406456e-04
3.444177521620870874e-01,1.488775811532738746e+00,1.982691804094727835e-03
4.175703023226621791e-01,1.638065279704737032e+00,4.122668067324946305e-03
4.963372155848940759e-01,1.784471382549477569e+00,7.015211717881314653e-03
5.803390912071503260e-01,1.927939023544273045e+00,1.099206068356649475e-02
6.692120287199113671e-01,2.068442232183662632e+00,1.565447164208514860e-02
7.626107313697539913e-01,2.205979465620428570e+00,2.121785536809694256e-02
8.602103091232778942e-01,2.340569109631107203e+00,2.862655075878796709e-02
9.617071131283687624e-01,2.472245451206852795e+00,3.823248631178852164e-02
1.066818887019287176e+00,2.601055227979391926e+00,5.017067329984623708e-02
1.175284360315656862e+00,2.727054645508256492e+00,6.444361401296827552e-02
1.286862428579289341e+00,2.850306826439261254e+00,8.091119426109084911e-02
1.401331103050714733e+00,2.970879716088103084e+00,9.937810589986389997e-02
1.518486346069187976e+00,3.088844402203807959e+00,1.196098462271159985e-01
1.638140815694927310e+00,3.204273739035107038e+00,1.413198911559957194e-01
1.760122611202439513e+00,3.317241267136563643e+00,1.642710093853660680e-01
1.884274018648450344e+00,3.427820345528181267e+00,1.882390731083002089e-01
2.010736666045345178e+00,3.536324754392136338e+00,2.130617861992198658e-01
2.139099683048302225e+00,3.642574512087891847e+00,2.385056973616946630e-01
2.269421188242676024e+00,3.746781816435348578e+00,2.644433484188917771e-01
2.401412015530207444e+00,3.848866744331349121e+00,2.907029120579312509e-01
2.534481596549332583e+00,3.948536764322048143e+00,3.170642614343507359e-01
2.669010291466678009e+00,4.046228622236302641e+00,3.435188495911087325e-01
2.804910666691470933e+00,4.142003142133576787e+00,3.699775390706931955e-01
2.942102234545826978e+00,4.235918949115152543e+00,3.963637482888365260e-01
3.080510636589951279e+00,4.328032323323964370e+00,4.226173407204109056e-01
3.220067006247932184e+00,4.418397179394585983e+00,4.486825070037172014e-01
3.360707174339522485e+00,4.507064940544935006e+00,4.745179521841479953e-01
3.502372565506947755e+00,4.594085448000504890e+00,5.000868325156159200e-01
3.645009064390871689e+00,4.679506526691753265e+00,5.253633169824106774e-01
3.788565109624558058e+00,4.763373161313384507e+00,5.503269783900893719e-01
3.937798442247211650e+00,4.848435113937406449e+00,5.757684059867008708e-01
4.087914239969070884e+00,4.931929959336248892e+00,6.008382706190491529e-01
4.241615293637704731e+00,5.015375816825020650e+00,6.259773586423968972e-01
4.396139916877509712e+00,5.097286638780916590e+00,6.507103654672793391e-01
4.543762193483595446e+00,5.173769089406778932e+00,6.738488538985407672e-01
4.692058166341177561e+00,5.248937016492251750e+00,6.966265961686839425e-01
4.840996851815902779e+00,5.322823605236871813e+00,7.190370153145357879e-01
4.990549000131267121e+00,5.395460540178865116e+00,7.410838573107910721e-01
5.140687366696614191e+00,5.466878281483869451e+00,7.627698751378606534e-01
5.291386111780995272e+00,5.537105905003179451e+00,7.840987310521055909e-01
5.442620832045194312e+00,5.606171246267616759e+00,8.050751221427900894e-01
5.594368952274506590e+00,5.674101186944586317e+00,8.257041939029311495e-01
5.746609069316398255e+00,5.740921452351270382e+00,8.459900134369571223e-01
5.899320851385938091e+00,5.806656668479400984e+00,8.659404345457158980e-01
6.052516541625757363e+00,5.871343630640656563e+00,8.855580948225469928e-01
6.206146852820793036e+00,5.934991530839884177e+00,9.048550143281899327e-01
6.370887295388995675e+00,6.001926217067443226e+00,9.251334243808704283e-01
6.536085351124225618e+00,6.067723437726733948e+00,9.450640787994493142e-01
6.712935415429811314e+00,6.136741125941090225e+00,9.661309229930282738e-01
6.890264337964711494e+00,6.204519051703881516e+00,9.865656232361474931e-01
7.050881912510354788e+00,6.264715406195495717e+00,1.004769778631587451e+00
7.211859800835644485e+00,6.323941496079128477e+00,1.022658594723852232e+00
7.368224637360565765e+00,6.380440148137129341e+00,1.039714571517426744e+00
7.524903816264411738e+00,6.436061166011939783e+00,1.056495495937937790e+00
7.681886355671834643e+00,6.490820364049262992e+00,1.073005256770058535e+00
7.839161666651130567e+00,6.544732947148236057e+00,1.089248545594623918e+00
7.996719651199527767e+00,6.597813583033427243e+00,1.105229348775092379e+00
8.154550783087422872e+00,6.650076462130517285e+00,1.120948747294908010e+00
8.312645875992512146e+00,6.701535250915279462e+00,1.136394940440365486e+00
8.470996214915496481e+00,6.752203165626535331e+00,1.151601595795467281e+00
8.629593444788836720e+00,6.802092963385318214e+00,1.166645137265545973e+00
8.788429548542083580e+00,6.851216962063394256e+00,1.181331385362654363e+00
8.948180054299612607e+00,6.899793062508007502e+00,1.195870470204425162e+00
9.108156317597721596e+00,6.947620444935240336e+00,1.210167075541195958e+00
9.283066717565208847e+00,6.998996346772582200e+00,1.225503245431676325e+00
9.458228844757384124e+00,7.049507364121669895e+00,1.240556504322192000e+00
9.651934633363907778e+00,7.104295945369247356e+00,1.256865091676882873e+00
9.845926105941876116e+00,7.158064274367757385e+00,1.272804588400008097e+00
1.002579615895642995e+01,7.206955614180172276e+00,1.287470852468254323e+00
1.020589432897587123e+01,7.254999868114158978e+00,1.301647307654825614e+00
1.036872789916300874e+01,7.297670424305310988e+00,1.314272410459176976e+00
1.053173599724440912e+01,7.339669341486374954e+00,1.326663689155747727e+00
1.069290336726511370e+01,7.380500347403930128e+00,1.338686510523566797e+00
1.085423119172805784e+01,7.420692712749294095e+00,1.350495346774850391e+00
1.101571486510993125e+01,7.460254291703840579e+00,1.362091395823054496e+00
1.117734993737900062e+01,7.499192699479293900e+00,1.373476509212500973e+00
1.133913211370051677e+01,7.537515322814410723e+00,1.384651601203722215e+00
1.150105725243956911e+01,7.575229329391412136e+00,1.395618727276062288e+00
1.166312135102349146e+01,7.612341673897766725e+00,1.406379542728787513e+00
1.182532053760406221e+01,7.648859105107159273e+00,1.416935284107940118e+00
1.198765106705825012e+01,7.684788173532115962e+00,1.427286813606247762e+00
1.215010932125998799e+01,7.720135239551064288e+00,1.437437694383111975e+00
1.231550065032898544e+01,7.755501951631893931e+00,1.447554792900912490e+00
1.248101695667118172e+01,7.790279085981809182e+00,1.457473575237267172e+00
1.266530856306206054e+01,7.828285775018477111e+00,1.468258143132885829e+00
1.284974598758281594e+01,7.865578429804935823e+00,1.478795717169949731e+00
1.305543330703231142e+01,7.906302645145526498e+00,1.490238143615951749e+00
1.326129023897888892e+01,7.946160647242624719e+00,1.501361724518254670e+00
1.345517698745279844e+01,7.982889901816333733e+00,1.511557494099798227e+00
1.364920430882357039e+01,8.018869188243515467e+00,1.521478960963851046e+00
1.382156293250588952e+01,8.050187190168825779e+00,1.530068453472902545e+00
1.399402582910759563e+01,8.080925802062191465e+00,1.538451301857460818e+00
1.415779927465575483e+01,8.109567816641167326e+00,1.546217418540857036e+00
1.432166158423747326e+01,8.137696989488308219e+00,1.553800331743619756e+00
1.448561040523717480e+01,8.165317534784591658e+00,1.561200584805626512e+00
1.464964342858286273e+01,8.192433545793948113e+00,1.568419352345396867e+00
1.481375840470476923e+01,8.219049001449684866e+00,1.575458338929051960e+00
1.497795316101960950e+01,8.245167772676539997e+00,1.582319376020855595e+00
1.514222556190674851e+01,8.270793619317714729e+00,1.589004790588963933e+00
1.530657354153685468e+01,8.295930198649807963e+00,1.595516077467308724e+00
1.547099508701046489e+01,8.320581065750239702e+00,1.601854854819661389e+00
1.563548821329293226e+01,8.344749672815980901e+00,1.608023689345077889e+00
1.580008029138297232e+01,8.368443550936333963e+00,1.614024477359086829e+00
1.596474016390909867e+01,8.391661619034941566e+00,1.619864356336839117e+00
1.614081344570638876e+01,8.415956264267920872e+00,1.625918580290270254e+00
1.631695988539125608e+01,8.439714683690739960e+00,1.631795545681808512e+00
1.651552173113864086e+01,8.465847048835476230e+00,1.638190334371631085e+00
1.671417075134716512e+01,8.491308283334026541e+00,1.644359382304177775e+00
1.692988579192516951e+01,8.518190774117131880e+00,1.650800544783779689e+00
1.714569648123336520e+01,8.544294303455819417e+00,1.656970524504833175e+00
1.734194496672267860e+01,8.567351015728576158e+00,1.662364850600861477e+00
1.753826697879796725e+01,8.589773060186818299e+00,1.667549724760040153e+00
1.771259356816743136e+01,8.609147721560370670e+00,1.671985296380827046e+00
1.788697437240159971e+01,8.628028203951243924e+00,1.676265652567342945e+00
1.805231603610960889e+01,8.645470924415382896e+00,1.680181538403693553e+00
1.821770347193809059e+01,8.662474173882706907e+00,1.683962967904828245e+00
1.838313528452063039e+01,8.679040058282993186e+00,1.687610172463103853e+00
1.854861011141235849e+01,8.695170618124954842e+00,1.691126137251866224e+00
1.871412661145799916e+01,8.710867828656404299e+00,1.694513922300023845e+00
1.887968346135574649e+01,8.726133600885153996e+00,1.697775648401858462e+00
1.904527935565915087e+01,8.740969782890379847e+00,1.700913603726379897e+00
1.921091302144579060e+01,8.755378162325909486e+00,1.703930487717698616e+00
1.937658320475928519e+01,8.769360466287817957e+00,1.706829547528785129e+00
1.954228866049536961e+01,8.782918361611338653e+00,1.709612935805956413e+00
1.970804685177368398e+01,8.796054914065521757e+00,1.712281632312230739e+00
1.987383789662062128e+01,8.808770123396794105e+00,1.714843681000720821e+00
2.005085898040219661e+01,8.821880639103552468e+00,1.717454821197331949e+00
2.022791472567987014e+01,8.834514440343978592e+00,1.719951386619290590e+00
2.042745632391271116e+01,8.848180774893981138e+00,1.722615624685148061e+00
2.062703816373021581e+01,8.861246285895518326e+00,1.725136388621841155e+00
2.084793383374334397e+01,8.875006530308185759e+00,1.727758288819012389e+00
2.106887378149061618e+01,8.888036541687792891e+00,1.730199834923757063e+00
2.127413045596184560e+01,8.899487588611423305e+00,1.732322034482113970e+00
2.147942108361471014e+01,8.910312897004118327e+00,1.734302401414818062e+00
2.166164119330399629e+01,8.919397665645195872e+00,1.735947886044308275e+00
2.184388507886293240e+01,8.927992296320207188e+00,1.737492121318856997e+00
2.201072841746620412e+01,8.935431019296093069e+00,1.738828303282832666e+00
2.217758948427582411e+01,8.942460861247448989e+00,1.740082872909691325e+00
2.234371789089004068e+01,8.949053795248081755e+00,1.741249041766422812e+00
2.250986182726621720e+01,8.955243037446713572e+00,1.742336283063844249e+00
2.267602029143369791e+01,8.961029278688727118e+00,1.743342695694234168e+00
2.284219227954774567e+01,8.966413163192161306e+00,1.744272842144006352e+00
2.300837679960687154e+01,8.971395289406441265e+00,1.745127855411314099e+00
2.317457286301466013e+01,8.975976210055113924e+00,1.745909457251924479e+00
2.334077948478016751e+01,8.980156432475480344e+00,1.746618724337587913e+00
2.350699569070004102e+01,8.983936419073792479e+00,1.747256982105725776e+00
2.367322051042245334e+01,8.987316587375243415e+00,1.747825493915188932e+00
2.383945297279253950e+01,8.990297310181350809e+00,1.748326627102508413e+00
2.401086487902198030e+01,8.992952845307993215e+00,1.748770397353692552e+00
2.418228282986985178e+01,8.995184349773253984e+00,1.749147437945073991e+00
2.437452054364402798e+01,8.997182742296500280e+00,1.749482414657179907e+00
2.456676305649699543e+01,8.998648499930505196e+00,1.749730921817005180e+00
2.478338047416743350e+01,8.999662140721790493e+00,1.749904655468758286e+00
2.499999999999988987e+01,8.999999999999992895e+00,1.749959774240825938e+00
2.521661952583237465e+01,8.999662140721790493e+00,1.749906840345593073e+00
2.543323694350282338e+01,8.998648499930506972e+00,1.749735364349759736e+00
2.562547945635584412e+01,8.997182742296503832e+00,1.749488765868021600e+00
2.581771717012997414e+01,8.995184349773253984e+00,1.749155675051360825e+00
2.598913512097795575e+01,8.992952845307993215e+00,1.748779579919254701e+00
2.616054702720731484e+01,8.990297310181352586e+00,1.748336558969862731e+00
2.632677948957739034e+01,8.987316587375246968e+00,1.747835019674039314e+00
2.649300430929979555e+01,8.983936419073797808e+00,1.747265886154105274e+00
2.665922051521967973e+01,8.980156432475482120e+00,1.746625975379627382e+00
2.682542713698519066e+01,8.975976210055117477e+00,1.745914985187713597e+00
2.699162320039297214e+01,8.971395289406446594e+00,1.745131436506379918e+00
2.715780772045209446e+01,8.966413163192163083e+00,1.744274388409166487e+00
2.732397970856613867e+01,8.961029278688728894e+00,1.743342802467862773e+00
2.749013817273363358e+01,8.955243037446718901e+00,1.742335094714278387e+00
2.765628210910981011e+01,8.949053795248087084e+00,1.741249782412666258e+00
2.782241051572401602e+01,8.942460861247452542e+00,1.740085566244609305e+00
2.798927158253363245e+01,8.935431019296098398e+00,1.738834909265761119e+00
2.815611492113691128e+01,8.927992296320212517e+00,1.737504579740129174e+00
2.833835880669582963e+01,8.919397665645204754e+00,1.735954804515140504e+00
2.852057891638510512e+01,8.910312897004127208e+00,1.734303077178813934e+00
2.872586954403796966e+01,8.899487588611428635e+00,1.732318095514638667e+00
2.893112621850918842e+01,8.888036541687803549e+00,1.730191630624376753e+00
2.915206616625646419e+01,8.875006530308198194e+00,1.727749123142760412e+00
2.937296183626959234e+01,8.861246285895528985e+00,1.725126327205021459e+00
2.957254367608710766e+01,8.848180774893990019e+00,1.722605913615335771e+00
2.977208527431995932e+01,8.834514440343989250e+00,1.719942107072268689e+00
2.994914101959763286e+01,8.821880639103564903e+00,1.717446127884882490e+00
3.012616210337921885e+01,8.808770123396804763e+00,1.714835801131723736e+00
3.029195314822615970e+01,8.796054914065530639e+00,1.712274306774882016e+00
3.045771133950448117e+01,8.782918361611349312e+00,1.709606160491691895e+00
3.062341679524055493e+01,8.769360466287830391e+00,1.706822962232398044e+00
3.078908697855404242e+01,8.755378162325921920e+00,1.703924096854087855e+00
3.095472064434067860e+01,8.740969782890390505e+00,1.700906761140202672e+00
3.112031653864409364e+01,8.726133600885166430e+00,1.697768265912511065e+00
3.128587338854181965e+01,8.710867828656420286e+00,1.694505685550150131e+00
3.145138988858744611e+01,8.695170618124970829e+00,1.691116995323889149e+00
3.161686471547918842e+01,8.679040058283005621e+00,1.687599976072546193e+00
3.178229652806174599e+01,8.662474173882719342e+00,1.683951765568509229e+00
3.194768396389020992e+01,8.645470924415398883e+00,1.680169829771316570e+00
3.211302562759821200e+01,8.628028203951259911e+00,1.676253817573628346e+00
3.228740643183238035e+01,8.609147721560384880e+00,1.671973382864675672e+00
3.246173302120184445e+01,8.589773060186836062e+00,1.667538602615625365e+00
3.265805503327711534e+01,8.567351015728595698e+00,1.662354014913159705e+00
3.285430351876641453e+01,8.544294303455840733e+00,1.656960714145401914e+00
3.307011420807465640e+01,8.518190774117146091e+00,1.650790828661478082e+00
3.328582924865269632e+01,8.491308283334040752e+00,1.644349860516158612e+00
3.348447826886124545e+01,8.465847048835486888e+00,1.638181413268455122e+00
3.368304011460864444e+01,8.439714683690747066e+00,1.631787105839972218e+00
3.385918655429352953e+01,8.415956264267926201e+00,1.625910756872204432e+00
3.403525983609085159e+01,8.391661619034945119e+00,1.619857126632378908e+00
3.419991970861697439e+01,8.368443550936337516e+00,1.614017759212339254e+00
3.436451178670701267e+01,8.344749672815986230e+00,1.608017275791446821e+00
3.452900491298948538e+01,8.320581065750243255e+00,1.601847812022609618e+00
3.469342645846310091e+01,8.295930198649809739e+00,1.595508532641058519e+00
3.485777443809320886e+01,8.270793619317720058e+00,1.588996930754349002e+00
3.502204683898033011e+01,8.245167772676543549e+00,1.582311015691708622e+00
3.518624159529517215e+01,8.219049001449686642e+00,1.575449132964154675e+00
3.535035657141708754e+01,8.192433545793951666e+00,1.568409270789380860e+00
3.551438959476277546e+01,8.165317534784596987e+00,1.561190130160653222e+00
3.567833841576246812e+01,8.137696989488309995e+00,1.553789243719736701e+00
3.584220072534418478e+01,8.109567816641170879e+00,1.546205518010500990e+00
3.600597417089235108e+01,8.080925802062196794e+00,1.538438720498776391e+00
3.617843706749405186e+01,8.050187190168832885e+00,1.530055349462015490e+00
3.635079569117635856e+01,8.018869188243520796e+00,1.521465594357353845e+00
3.654482301254711274e+01,7.982889901816343503e+00,1.511543414428953458e+00
3.673870976102102759e+01,7.946160647242635378e+00,1.501347143297857123e+00
3.694456669296761220e+01,7.906302645145533603e+00,1.490222799055450631e+00
3.715025401241711478e+01,7.865578429804942040e+00,1.478779195270176317e+00
3.733469143693787373e+01,7.828285775018482440e+00,1.468241009081475923e+00
3.751898304332878098e+01,7.790279085981810070e+00,1.457455409311215089e+00
3.768449934967098613e+01,7.755501951631894819e+00,1.447535600746135298e+00
3.784989067873998181e+01,7.720135239551062512e+00,1.437417388885206870e+00
3.801234893294171968e+01,7.684788173532113298e+00,1.427265343840059098e+00
3.817467946239590759e+01,7.648859105107159273e+00,1.416912548443567621e+00
3.833687864897647302e+01,7.612341673897770278e+00,1.406355216026312416e+00
3.849894274756039891e+01,7.575229329391410360e+00,1.395592691864079082e+00
3.866086788629947080e+01,7.537515322814405394e+00,1.384623908941017278e+00
3.882265006262100115e+01,7.499192699479286794e+00,1.373446822565302927e+00
3.898428513489007941e+01,7.460254291703832585e+00,1.362059939585700707e+00
3.914576880827195282e+01,7.420692712749281661e+00,1.350461709866481064e+00
3.930709663273489696e+01,7.380500347403916805e+00,1.338650956786419544e+00
3.946826400275561042e+01,7.339669341486362519e+00,1.326626082478563839e+00
3.963127210083701613e+01,7.297670424305297665e+00,1.314230780555812661e+00
3.979410567102414120e+01,7.254999868114146544e+00,1.301616453255856065e+00
3.997420384104362512e+01,7.206955614180147407e+00,1.287388291950365415e+00
4.015407389405822158e+01,7.158064274367722746e+00,1.272879511486411097e+00
4.034806536663619880e+01,7.104295945369210941e+00,1.256900373004237847e+00
4.054177115524272068e+01,7.049507364121630815e+00,1.240577667718048005e+00
4.071693328243487286e+01,6.998996346772546673e+00,1.225503990760353767e+00
4.089184368240233880e+01,6.947620444935214579e+00,1.210155440298754881e+00
4.105181994570044424e+01,6.899793062507982633e+00,1.195842979978880782e+00
4.121157045145795905e+01,6.851216962063367610e+00,1.181297818076030737e+00
4.137040655521122545e+01,6.802092963385287128e+00,1.166571610758900146e+00
4.152900378508457635e+01,6.752203165626502468e+00,1.151602113378085379e+00
4.168735412400754825e+01,6.701535250915251929e+00,1.136384883895964482e+00
4.184544921691261266e+01,6.650076462130494193e+00,1.120916396901977974e+00
4.200328034880050154e+01,6.597813583033405038e+00,1.105193495244507940e+00
4.216083833334891295e+01,6.544732947148213853e+00,1.089211501996333098e+00
4.231811364432820000e+01,6.490820364049244340e+00,1.072966603393985530e+00
4.247509618373561580e+01,6.436061166011919354e+00,1.056453895571123347e+00
4.263177536263944489e+01,6.380440148137109801e+00,1.039669678158972266e+00
4.278814019916438838e+01,6.323941496079107161e+00,1.022610233929517998e+00
4.294911808748970117e+01,6.264715406195468184e+00,1.004715075391896084e+00
4.310973566203535512e+01,6.204519051703841548e+00,9.865193014936143312e-01
4.328706458457026685e+01,6.136741125941043151e+00,9.660247456151053180e-01
4.346391464887587830e+01,6.067723437726683322e+00,9.451271978112076866e-01
4.362911270461110291e+01,6.001926217067395264e+00,9.251921932334077336e-01
4.379385314717927713e+01,5.934991530839838880e+00,9.049022069010694835e-01
4.394748345837430037e+01,5.871343630640613931e+00,8.855936454523954948e-01
4.410067914861414096e+01,5.806656668479359240e+00,8.659677203287530212e-01
4.425339093068367191e+01,5.740921452351231302e+00,8.460148522128415616e-01
4.440563104772555647e+01,5.674101186944539243e+00,8.257261455545934492e-01
4.455737916795487052e+01,5.606171246267568797e+00,8.050965938032208502e-01
4.470861388821908378e+01,5.537105905003130601e+00,7.841194850518852233e-01
4.485931263330347463e+01,5.466878281483817048e+00,7.627909924693225818e-01
4.500945099986882525e+01,5.395460540178802944e+00,7.411050198047438586e-01
4.515900314818417627e+01,5.322823605236814970e+00,7.190590780305636809e-01
4.530794183365890149e+01,5.248937016492202012e+00,6.966488955049819909e-01
4.545623780651648360e+01,5.173769089406724753e+00,6.738727325044344685e-01
4.560386008312256223e+01,5.097286638780856194e+00,6.507341628174401205e-01
4.575838470636235655e+01,5.015375816824966471e+00,6.260054616961528984e-01
4.591208576003099751e+01,4.931929959336198266e+00,6.008689383097843839e-01
4.606220155775283587e+01,4.848435113937364704e+00,5.757994774113247560e-01
4.621143489037546459e+01,4.763373161313347204e+00,5.503589075463760638e-01
4.635499093560915895e+01,4.679506526691713297e+00,5.253936033249156923e-01
4.649762743449311131e+01,4.594085448000456040e+00,5.001153894451989546e-01
4.663929282566054013e+01,4.507064940544885268e+00,4.745441670654489408e-01
4.677993299375211933e+01,4.418397179394528251e+00,4.487054924288588764e-01
4.691948936341008647e+01,4.328032323323912856e+00,4.226386141519224982e-01
4.705789776545422853e+01,4.235918949115099252e+00,3.963817148618894448e-01
4.719508933330856593e+01,4.142003142133534155e+00,3.699923430057184270e-01
4.733098970853334464e+01,4.046228622236258232e+00,3.435289054756978100e-01
4.746551840345067319e+01,3.948536764322015280e+00,3.170707420031282919e-01
4.759858798446982320e+01,3.848866744331311374e+00,2.907034774094827689e-01
4.773057881175734707e+01,3.746781816435310386e+00,2.644397487066434960e-01
4.786090031695174218e+01,3.642574512087824790e+00,2.384978172703781374e-01
4.798926333395467481e+01,3.536324754392086156e+00,2.130555172625235305e-01
4.811572598135159495e+01,3.427820345528119983e+00,1.882408414529252727e-01
4.823987738879758780e+01,3.317241267136521454e+00,1.642868643392141892e-01
4.836185918430509645e+01,3.204273739035044866e+00,1.413445752255608756e-01
4.848151365393082557e+01,3.088844402203759110e+00,1.196367788191505799e-01
4.859866889694934144e+01,2.970879716088016487e+00,9.940155293662300551e-02
4.871313757142073797e+01,2.850306826439213737e+00,8.091777391673676822e-02
4.882471563968435646e+01,2.727054645508197872e+00,6.444017751785195702e-02
4.893318111298072637e+01,2.601055227979332862e+00,5.015267346210549454e-02
4.903829288687170163e+01,2.472245451206737332e+00,3.821521991468362911e-02
4.913978969087674642e+01,2.340569109631050804e+00,2.858628670213319081e-02
4.923738926863025966e+01,2.205979465620362401e+00,2.113487516496943483e-02
4.933078797128006698e+01,2.068442232183635987e+00,1.549270205216356916e-02
4.941966090879286355e+01,1.927939023544215535e+00,1.099571734328582892e-02
4.950366278441509138e+01,1.784471382549466023e+00,6.974868851359876214e-03
4.958242969767731978e+01,1.638065279704708832e+00,4.139622972271665875e-03
4.965558224783787722e+01,1.488775811532734084e+00,1.975861605718457360e-03
4.972273007087004970e+01,1.336692063431002220e+00,7.083401095113781671e-04
4.978347801728687472e+01,1.181941864356611527e+00,1.913619165981486452e-04
4.983743416894968448e+01,1.024695838695716787e+00,4.232305260049100778e-05
4.988421957525059014e+01,8.651704170511447245e-01,4.025056847638477834e-06
4.992347948942538949e+01,7.036291993434728997e-01,9.004039777804701500e-07
4.995524135879745842e+01,5.383087986013136428e-01,3.631317831351119252e-07
4.997868062635961195e+01,3.716054842918448120e-01,1.234187536992101657e-07
4.999465437239761201e+01,1.861073976177940459e-01,5.786927556662560692e-08
4.999999999999997868e+01,-7.543147732765524591e-17,2.245318567839491318e-08
