x,y,stress
-6.953727905068403582e-19,-9.634730715256479625e-17,1.236009129305720229e-09
3.186247122776814447e-03,2.394760811198258788e-01,1.861667600325412908e-10
1.273841090128511981e-02,4.787828109515969710e-01,3.340602534538176425e-10
2.655505679561540044e-02,6.911853302452027892e-01,3.464422145390562794e-10
4.536215348426606009e-02,9.032042857117190682e-01,3.278118189461504852e-09
6.623454574516070281e-02,1.091165660197786824e+00,2.884988434066193386e-08
9.099654211673773030e-02,1.278654302248067642e+00,1.534942522106720218e-07
1.164400341936725758e-01,1.446042749756513368e+00,4.166969558450457926e-07
1.449514779952209287e-01,1.612936039886164519e+00,8.349502842355431536e-07
1.757232774615466175e-01,1.775359871412210522e+00,1.641609465109174512e-06
2.093653696376767959e-01,1.937213582596642558e+00,3.532571563895532081e-06
2.458475015862793822e-01,2.098450921680084846e+00,7.424673698797397159e-06
2.851373934569741420e-01,2.259027198218834354e+00,1.824602309674016557e-05
3.272008840625238446e-01,2.418899370055339837e+00,5.546784904336382306e-05
3.720020737486071094e-01,2.578026092195442764e+00,1.485166926255655025e-04
4.195034731490989155e-01,2.736367770905347552e+00,3.270363845055671470e-04
4.696661575637433028e-01,2.893886619808306637e+00,6.168995060473421227e-04
5.224499115616826339e-01,3.050546672397854042e+00,1.048732736220551890e-03
5.778133747026711342e-01,3.206313795949073064e+00,1.689061052512328635e-03
6.360716495995677455e-01,3.362088386874959145e+00,2.678286897945303391e-03
6.968540274012827718e-01,3.516895577130652484e+00,4.217638528273396498e-03
7.646763077870485370e-01,3.681531039135510053e+00,6.744708946688400715e-03
8.352848778312699229e-01,3.844990962693503267e+00,1.043492758399865508e-02
9.040958645845899033e-01,3.997432351256669847e+00,1.504306911874601915e-02
9.752686077521518504e-01,4.148785527226330316e+00,2.141230427740588999e-02
1.047891002508534841e+00,4.297293432618237929e+00,2.901958632560484516e-02
1.122728970686451611e+00,4.444697306833552020e+00,3.765868148215719552e-02
1.199736858263302786e+00,4.590979283145618872e+00,4.766596562435528733e-02
1.278869127538924788e+00,4.736123103062954698e+00,5.888326883723604688e-02
1.360080425873270160e+00,4.880114026370195646e+00,7.123336321691831063e-02
1.443325657386618444e+00,5.022938762296601745e+00,8.459911707625920874e-02
1.528560069173198199e+00,5.164585436072490765e+00,9.890546239470777989e-02
1.615739318161785620e+00,5.305043529602817109e+00,1.140674614633848255e-01
1.704819525271207725e+00,5.444303811685492711e+00,1.300516988983496103e-01
1.795757331537024326e+00,5.582358281757773710e+00,1.468391859087043727e-01
1.889973143943033618e+00,5.721328266795854489e+00,1.647007293636143510e-01
1.986016727120299752e+00,5.859041441193330257e+00,1.834884870247918132e-01
2.093049872366167907e+00,6.008143549053627908e+00,2.050583901201034343e-01
2.202159493812319013e+00,6.155732984104666627e+00,2.278763915592832701e-01
2.306047775223815322e+00,6.292410640688303580e+00,2.505935020702824700e-01
2.411660931445875011e+00,6.427759930539663102e+00,2.747474680811616832e-01
2.514948682000080371e+00,6.556835227584081771e+00,2.995786587933612077e-01
2.619758193369983612e+00,6.684677973069246271e+00,3.260714321318657349e-01
2.726052593404753477e+00,6.811288871730692307e+00,3.543849379076954298e-01
2.833795758938196574e+00,6.936669246524020949e+00,3.846433040099185297e-01
2.942952376999097286e+00,7.060821061066572035e+00,4.169590670015370093e-01
3.053487908895968328e+00,7.183746831049158565e+00,4.514258629666047518e-01
3.165368591229851258e+00,7.305449585585632732e+00,4.881163536126404967e-01
3.278561483513064534e+00,7.425932881383454642e+00,5.270740069549534335e-01
3.393034436759086336e+00,7.545200732492916451e+00,5.683310782537569494e-01
3.508756016453472792e+00,7.663257501499153079e+00,6.118830367301870687e-01
3.625867842196691893e+00,7.780278325373266135e+00,6.577804544973534506e-01
3.744171215350482473e+00,7.896094437375944963e+00,7.059464571032950664e-01
3.873250175252026750e+00,8.019835351383724387e+00,7.604034873270175687e-01
4.003649079367126440e+00,8.142184552461948499e+00,8.173854802551041576e-01
4.144081485632408857e+00,8.271096580982549185e+00,8.807670556721599597e-01
4.285933345251760507e+00,8.398445055136868120e+00,9.467905936793915567e-01
4.414999649353139155e+00,8.511920688246139122e+00,1.008528964574935793e+00
4.545158824919944607e+00,8.624141122500823542e+00,1.072212293985939313e+00
4.671368309676932284e+00,8.730911985337458603e+00,1.135257134671795454e+00
4.798539595286670512e+00,8.836535469631058959e+00,1.199943641688506757e+00
4.926649692393504587e+00,8.941018883445057241e+00,1.266201111258719481e+00
5.055675670921477405e+00,9.044369173156823649e+00,1.333939804287756159e+00
5.185595442158927426e+00,9.146593569551148661e+00,1.403079517661234954e+00
5.316387580480676611e+00,9.247699430806127552e+00,1.473538949882655880e+00
5.448031069337290866e+00,9.347694043794113838e+00,1.545243077774791862e+00
5.580505700302430760e+00,9.446584928525483704e+00,1.618111223245042973e+00
5.713791912022588626e+00,9.544379703857364561e+00,1.692068711110605639e+00
5.847870217494556933e+00,9.641085671534320056e+00,1.767041675088479868e+00
5.982894851410521575e+00,9.736831940436115218e+00,1.843060665781520502e+00
6.118676494459431403e+00,9.831501623072822937e+00,1.919962655059245238e+00
6.266008754775881151e+00,9.932448133697535653e+00,2.003827696738374353e+00
6.414179776639774566e+00,1.003215944774484747e+01,2.088563549550329856e+00
6.579783891002034757e+00,1.014152009608087290e+01,2.183621773131267041e+00
6.746369408289232261e+00,1.024937994610843717e+01,2.279543041042215279e+00
6.903354613177778099e+00,1.034911171394424656e+01,2.370150695329579449e+00
7.061156068717779455e+00,1.044754689997970587e+01,2.461363364673855969e+00
7.204122213048763435e+00,1.053519929403721811e+01,2.544086848644728782e+00
7.347719752336760557e+00,1.062181343937394118e+01,2.627191196175941101e+00
7.489881269065221225e+00,1.070618826334956530e+01,2.709424278823798993e+00
7.632628470131966658e+00,1.078956839784013155e+01,2.791925714731699149e+00
7.775948064805278115e+00,1.087196084320290801e+01,2.874644922066543984e+00
7.919827058912086493e+00,1.095337250480006475e+01,2.957543229748685665e+00
8.064252808032330577e+00,1.103381022756478025e+01,3.040575790124678601e+00
8.209212997497621345e+00,1.111328078747112968e+01,3.123700476852494301e+00
8.354695597234590210e+00,1.119179087019321450e+01,3.206877553126385560e+00
8.500688925133115248e+00,1.126934710884880353e+01,3.290064475897981122e+00
8.647181652238426608e+00,1.134595608799189570e+01,3.373223017824778847e+00
8.794162568535133673e+00,1.142162422478412331e+01,3.456310591680482158e+00
8.943529776103945395e+00,1.149731773161419213e+01,3.540360080408827326e+00
9.093375740925173645e+00,1.157205900801669252e+01,3.624264656174148502e+00
9.259849641785592667e+00,1.165371872031794531e+01,3.716935686345741008e+00
9.426883246912556302e+00,1.173422739059093445e+01,3.809307971806439763e+00
9.613014162770989302e+00,1.182229419631269884e+01,3.911465225355523767e+00
9.799799935737468104e+00,1.190896345121192645e+01,4.013072184967281686e+00
9.975209545526299237e+00,1.198882987816976353e+01,4.107620370906049700e+00
1.015116304984188922e+01,1.206749082626304848e+01,4.201649136524933326e+00
1.030827337502490693e+01,1.213652094958514915e+01,4.285346720536882259e+00
1.046579441445305747e+01,1.220460865734497879e+01,4.367642414950016594e+00
1.061792005439966502e+01,1.226931454963192891e+01,4.446578692738866856e+00
1.077041013331152541e+01,1.233315685464597955e+01,4.525026090998833794e+00
1.092325666029244147e+01,1.239614080677044861e+01,4.602990387954907447e+00
1.107645196906885587e+01,1.245827161699916985e+01,4.679809584287467850e+00
1.122998856628915298e+01,1.251955441066374242e+01,4.756010308576407830e+00
1.138385897931019564e+01,1.257999417065396486e+01,4.831513403799866602e+00
1.153805590656939728e+01,1.263959580212616984e+01,4.906355072527081695e+00
1.169257233254677963e+01,1.269836417792386563e+01,4.979913990084952502e+00
1.184740136233182994e+01,1.275630407553486201e+01,5.052662542221446174e+00
1.200253618520062204e+01,1.281342016706987508e+01,5.124405833264821020e+00
1.215821488610452938e+01,1.286980496479537450e+01,5.195196565676618583e+00
1.231418716055289231e+01,1.292537252603988485e+01,5.264873325951533012e+00
1.248306846888381472e+01,1.298451050353172675e+01,5.338835538772821465e+00
1.265227728955110997e+01,1.304270477284950225e+01,5.411394567275227274e+00
1.284318616517791334e+01,1.310710783730614182e+01,5.491866270133429317e+00
1.303448973105832742e+01,1.317032888888452824e+01,5.569582129771847967e+00
1.323524168856041783e+01,1.323527734029130976e+01,5.648978438524415502e+00
1.343640322534083431e+01,1.329894592318929192e+01,5.725861485896126979e+00
1.361645590724627297e+01,1.335475093739300512e+01,5.792461765930582374e+00
1.379681833937426028e+01,1.340954657862996946e+01,5.856957409213850774e+00
1.395872525550921495e+01,1.345780408261321881e+01,5.912932804859769576e+00
1.412086918526083679e+01,1.350525914515102244e+01,5.967123821695930808e+00
1.427975289490475852e+01,1.355092132373481384e+01,6.018344462421551633e+00
1.443885338371384286e+01,1.359582235739164524e+01,6.067733937891163443e+00
1.459816578004640775e+01,1.363996569459823682e+01,6.115237858246803881e+00
1.475768527111462447e+01,1.368335470701555323e+01,6.160805597616965557e+00
1.491740714268277834e+01,1.372599270211401468e+01,6.204388201598360908e+00
1.507732676333807653e+01,1.376788292010924053e+01,6.245940384001722911e+00
1.523743959161832962e+01,1.380902853709019418e+01,6.285418467100608808e+00
1.539774114226259627e+01,1.384943265763768316e+01,6.322780736050795269e+00
1.555822699510837026e+01,1.388909831877778167e+01,6.357978975430616408e+00
1.571889284361770223e+01,1.392802850308074269e+01,6.390998631912374606e+00
1.588091794236783549e+01,1.396650433263175195e+01,6.421981190575320575e+00
1.604311709408129616e+01,1.400423969730159968e+01,6.450770083346193395e+00
1.622151327883510419e+01,1.404484750786135194e+01,6.479672655912391832e+00
1.640010897473888818e+01,1.408456867523134015e+01,6.505821569898152745e+00
1.660143803579634891e+01,1.412823755802666703e+01,6.531749834151506562e+00
1.680300562897972938e+01,1.417079186147782721e+01,6.554007634968469276e+00
1.701446551072817570e+01,1.421419171150558114e+01,6.573388303584749792e+00
1.722617073922367581e+01,1.425637851295857850e+01,6.588569466987888923e+00
1.741553817886595823e+01,1.429305208827538820e+01,6.598786481793330161e+00
1.760508914550978332e+01,1.432876497272152605e+01,6.605746172989998222e+00
1.777398169750948398e+01,1.435975199706268768e+01,6.609280963960618038e+00
1.794301123221151073e+01,1.438998288502354050e+01,6.610317879841162814e+00
1.810586990921591877e+01,1.441837540449284738e+01,6.608972913381887970e+00
1.826884850245392045e+01,1.444607129382067789e+01,6.605361100767456861e+00
1.843194362018394372e+01,1.447307253975328578e+01,6.599508180763209886e+00
1.859515191039915294e+01,1.449938107443517410e+01,6.591457900840626216e+00
1.875847005806099332e+01,1.452499877570377862e+01,6.581270254529338004e+00
1.892189479449139355e+01,1.454992746923079316e+01,6.568998981922837821e+00
1.908542288337550019e+01,1.457416892695225208e+01,6.554711014650982825e+00
1.924905112661331330e+01,1.459772486862418894e+01,6.538475967736652628e+00
1.941277636247757599e+01,1.462059696211996851e+01,6.520379849362975655e+00
1.957659545730281891e+01,1.464278682286436961e+01,6.500511347756630975e+00
1.974074347801356666e+01,1.466432676603121088e+01,6.478905676508582623e+00
1.990497944196778235e+01,1.468518558223770754e+01,6.455786845669384100e+00
2.008245334760820100e+01,1.470695021313929374e+01,6.429076030623146032e+00
2.026002247086827524e+01,1.472792384175031444e+01,6.400883558091926773e+00
2.046007407252791666e+01,1.475059544988960347e+01,6.367320470651023356e+00
2.066023629703950704e+01,1.477226869376832674e+01,6.332227172898723389e+00
2.087988801267936978e+01,1.479489384200836533e+01,6.292194903944397844e+00
2.109965957832527295e+01,1.481632356741097745e+01,6.250763269058270843e+00
2.130172494077833889e+01,1.483496525682085831e+01,6.211972381323261239e+00
2.150388053429009716e+01,1.485260157431465267e+01,6.172673864319594195e+00
2.168348665211254911e+01,1.486742298170003096e+01,6.137684163709418605e+00
2.186315623685132081e+01,1.488145409676131514e+01,6.102791364222476034e+00
2.202851009283167727e+01,1.489366607599937709e+01,6.070981535687886677e+00
2.219391186579340669e+01,1.490521093369373240e+01,6.039640754927124711e+00
2.235887071456623687e+01,1.491605835987324191e+01,6.009010272479517134e+00
2.252387174039115791e+01,1.492624413518376691e+01,5.979162086336429205e+00
2.268891224030242171e+01,1.493576895951832917e+01,5.950272358719157495e+00
2.285398952260888805e+01,1.494463348667787450e+01,5.922506959022862283e+00
2.301910090818675769e+01,1.495283832466930285e+01,5.896040177167317431e+00
2.318424372919408682e+01,1.496038403582643106e+01,5.871023735724707926e+00
2.334941532739920333e+01,1.496727113691360067e+01,5.847617725406251132e+00
2.351461305469233309e+01,1.497350009931462900e+01,5.825963315762494155e+00
2.367983427056517698e+01,1.497907134908092530e+01,5.806199045667467473e+00
2.384507634286033095e+01,1.498398526709848078e+01,5.788469079355771818e+00
2.401569464280762034e+01,1.498836920638695425e+01,5.772375890194026304e+00
2.418632949150973843e+01,1.499205317857765962e+01,5.758720990390720829e+00
2.437767562666040888e+01,1.499535182830882896e+01,5.746301191252631391e+00
2.456903490100027909e+01,1.499777106339604593e+01,5.737135209062010688e+00
2.478451456838650557e+01,1.499944278199541259e+01,5.730730907139114372e+00
2.499999999999981526e+01,1.499999999999999289e+01,5.728525974846381708e+00
2.521548543161315692e+01,1.499944278199541436e+01,5.730630122478783228e+00
2.543096509899939761e+01,1.499777106339604948e+01,5.736921682241395537e+00
2.562232437333931045e+01,1.499535182830883429e+01,5.746110519195639199e+00
2.581367050848995603e+01,1.499205317857766495e+01,5.758561644582163908e+00
2.598430535719215229e+01,1.498836920638695958e+01,5.772253505409992158e+00
2.615492365713940259e+01,1.498398526709848788e+01,5.788386239932697741e+00
2.632016572943463117e+01,1.497907134908093418e+01,5.806121852146265638e+00
2.648538694530738624e+01,1.497350009931463788e+01,5.825890325047740959e+00
2.665058467260065456e+01,1.496727113691360245e+01,5.847541374924752233e+00
2.681575627080565027e+01,1.496038403582643994e+01,5.870943276712071501e+00
2.698089909181298296e+01,1.495283832466931528e+01,5.895945186419562667e+00
2.714601047739083484e+01,1.494463348667788694e+01,5.922397094090039005e+00
2.731108775969731184e+01,1.493576895951833805e+01,5.950152279623198481e+00
2.747612825960857563e+01,1.492624413518378113e+01,5.979031314455682811e+00
2.764112928543348957e+01,1.491605835987326323e+01,6.008870131361986111e+00
2.780608813420631975e+01,1.490521093369374839e+01,6.039492358701301633e+00
2.797148990716805272e+01,1.489366607599939307e+01,6.070828906062297747e+00
2.813684376314841273e+01,1.488145409676133468e+01,6.102639061856360847e+00
2.831651334788716667e+01,1.486742298170005228e+01,6.137528470949221493e+00
2.849611946570959020e+01,1.485260157431467753e+01,6.172524374851182216e+00
2.869827505922134137e+01,1.483496525682088141e+01,6.211821180460033176e+00
2.890034042167439310e+01,1.481632356741100587e+01,6.250617927513382632e+00
2.912011198732028561e+01,1.479489384200840085e+01,6.292050155958448521e+00
2.933976370296014480e+01,1.477226869376835872e+01,6.332082153390977020e+00
2.953992592747177071e+01,1.475059544988963722e+01,6.367184142371216993e+00
2.973997752913142989e+01,1.472792384175034641e+01,6.400750490372346668e+00
2.991754665239151834e+01,1.470695021313932571e+01,6.428949069647649672e+00
3.009502055803193699e+01,1.468518558223773951e+01,6.455660049399757128e+00
3.025925652198617044e+01,1.466432676603124285e+01,6.478777750717678252e+00
3.042340454269692174e+01,1.464278682286440336e+01,6.500380069905960845e+00
3.058722363752215756e+01,1.462059696212000404e+01,6.520235085538049091e+00
3.075094887338640959e+01,1.459772486862422269e+01,6.538314642602185423e+00
3.091457711662422625e+01,1.457416892695228405e+01,6.554531850490227463e+00
3.107810520550834710e+01,1.454992746923082869e+01,6.568801630486353460e+00
3.124152994193874733e+01,1.452499877570381592e+01,6.581054043077468663e+00
3.140484808960057350e+01,1.449938107443521318e+01,6.591219824249895609e+00
3.156805637981578627e+01,1.447307253975332131e+01,6.599255288774551254e+00
3.173115149754581310e+01,1.444607129382071875e+01,6.605093566839318697e+00
3.189413009078380767e+01,1.441837540449289001e+01,6.608696798364791292e+00
3.205698876778820505e+01,1.438998288502358136e+01,6.610038170946037184e+00
3.222601830249023180e+01,1.435975199706273386e+01,6.608995976077640222e+00
3.239491085448991470e+01,1.432876497272157579e+01,6.605475465387479872e+00
3.258446182113372203e+01,1.429305208827544682e+01,6.598513729394046123e+00
3.277382926077598313e+01,1.425637851295863534e+01,6.588315582997655184e+00
3.298553448927148679e+01,1.421419171150564331e+01,6.573135566928192119e+00
3.319699437101992601e+01,1.417079186147789294e+01,6.553760745485201156e+00
3.339856196420332424e+01,1.412823755802673098e+01,6.531526233647660717e+00
3.359989102526078852e+01,1.408456867523139877e+01,6.505612700576199892e+00
3.377848672116459028e+01,1.404484750786141234e+01,6.479494232067253279e+00
3.395688290591841962e+01,1.400423969730165652e+01,6.450615301469714957e+00
3.411908205763189272e+01,1.396650433263180879e+01,6.421826927494850068e+00
3.428110715638202066e+01,1.392802850308079776e+01,6.390820935202302877e+00
3.444177300489135973e+01,1.388909831877783674e+01,6.357789043425122522e+00
3.460225885773714083e+01,1.384943265763774178e+01,6.322573534349777979e+00
3.476256040838141104e+01,1.380902853709025635e+01,6.285202689970986079e+00
3.492267323666165169e+01,1.376788292010930093e+01,6.245715818587094681e+00
3.508259285731696053e+01,1.372599270211407507e+01,6.204158299962839074e+00
3.524231472888511973e+01,1.368335470701561363e+01,6.160571258946506923e+00
3.540183421995333646e+01,1.363996569459830077e+01,6.115002246599176239e+00
3.556114661628588891e+01,1.359582235739170919e+01,6.067495444852216480e+00
3.572024710509497680e+01,1.355092132373487601e+01,6.018104306731015818e+00
3.587913081473890742e+01,1.350525914515108994e+01,5.966885655101059172e+00
3.604127474449051505e+01,1.345780408261329164e+01,5.912692127922682062e+00
3.620318166062545373e+01,1.340954657863004407e+01,5.856729973032608783e+00
3.638354409275343215e+01,1.335475093739308505e+01,5.792227265584092954e+00
3.656359677465884772e+01,1.329894592318938074e+01,5.725633834186172777e+00
3.676475831143924466e+01,1.323527734029141101e+01,5.648735299859136028e+00
3.696551026894131553e+01,1.317032888888463127e+01,5.569348596447434296e+00
3.715681383482173317e+01,1.310710783730624485e+01,5.491415149463584555e+00
3.734772271044855074e+01,1.304270477284960883e+01,5.411470998035916580e+00
3.751693153111585133e+01,1.298451050353183334e+01,5.338851255409692520e+00
3.768581283944675420e+01,1.292537252603999320e+01,5.264838678144571738e+00
3.784178511389514199e+01,1.286980496479547753e+01,5.195116756039649175e+00
3.799746381479906887e+01,1.281342016706997988e+01,5.124312103949397290e+00
3.815259863766786452e+01,1.275630407553496504e+01,5.052558706117505238e+00
3.830742766745289885e+01,1.269836417792397221e+01,4.979802603094809932e+00
3.846194409343030429e+01,1.263959580212627465e+01,4.906096966649899471e+00
3.861614102068951127e+01,1.257999417065406966e+01,4.831488954900449606e+00
3.877001143371054326e+01,1.251955441066385610e+01,4.756028939087325824e+00
3.892354803093081728e+01,1.245827161699928531e+01,4.679765181891493597e+00
3.907674333970724234e+01,1.239614080677056229e+01,4.602746916856266246e+00
3.922958986668816550e+01,1.233315685464609679e+01,4.525020731797734896e+00
3.938207994560001879e+01,1.226931454963205148e+01,4.446629782340279391e+00
3.953420558554660857e+01,1.220460865734510669e+01,4.367629445262886989e+00
3.969172662497475557e+01,1.213652094958528238e+01,4.285015592419497032e+00
3.984883695015775373e+01,1.206749082626319414e+01,4.201850871763222806e+00
4.002479045447339701e+01,1.198882987816988788e+01,4.107840059796197707e+00
4.020020006426226189e+01,1.190896345121203304e+01,4.013232525803075212e+00
4.038698583722871405e+01,1.182229419631282674e+01,3.911603534809333205e+00
4.057311675308709908e+01,1.173422739059108544e+01,3.809432284050237705e+00
4.074015035821406627e+01,1.165371872031809808e+01,3.717042010869192392e+00
4.090662425907449773e+01,1.157205900801683818e+01,3.624367033986747977e+00
4.105647022389573664e+01,1.149731773161433246e+01,3.540447103100678561e+00
4.120583743146456612e+01,1.142162422478426365e+01,3.456390068621179701e+00
4.135281834776128562e+01,1.134595608799203426e+01,3.373292756692176653e+00
4.149931107486661119e+01,1.126934710884892965e+01,3.290125683645173549e+00
4.164530440276514156e+01,1.119179087019334418e+01,3.206931260859740895e+00
4.179078700250211398e+01,1.111328078747125936e+01,3.123746777907312921e+00
4.193574719196740119e+01,1.103381022756492058e+01,3.040614912055183972e+00
4.208017294108763195e+01,1.095337250480020508e+01,2.957575186337256135e+00
4.222405193519444566e+01,1.087196084320304657e+01,2.874672279882142245e+00
4.236737152986777488e+01,1.078956839784026656e+01,2.791948663585331669e+00
4.251011873093450077e+01,1.070618826334971807e+01,2.709447367730418499e+00
4.265228024766294368e+01,1.062181343937410283e+01,2.627216589843929917e+00
4.279587778695095324e+01,1.053519929403737621e+01,2.544121962303962370e+00
4.293884393128195143e+01,1.044754689997985864e+01,2.461409132869404104e+00
4.309664538682200430e+01,1.034911171394437268e+01,2.370193688604562254e+00
4.325363059171058921e+01,1.024937994610852776e+01,2.279572153014894909e+00
4.342021610899783468e+01,1.014152009608094218e+01,2.183643877881888073e+00
4.358582022336013040e+01,1.003215944774489543e+01,2.088578105546403219e+00
4.373399124522405401e+01,9.932448133697567627e+00,2.003838173161121006e+00
4.388132350554051442e+01,9.831501623072830043e+00,1.919974523976898606e+00
4.401710514858943668e+01,9.736831940436115218e+00,1.843079840033162498e+00
4.415212978250541909e+01,9.641085671534321833e+00,1.767071622335764980e+00
4.428620808797738562e+01,9.544379703857366337e+00,1.692108806797819165e+00
4.441949429969752572e+01,9.446584928525485481e+00,1.618161992338460031e+00
4.455196893066268871e+01,9.347694043794115615e+00,1.545306008368297901e+00
4.468361241951929941e+01,9.247699430806129328e+00,1.473613024629349511e+00
4.481440455784103705e+01,9.146593569551159320e+00,1.403161505988137492e+00
4.494432432907846220e+01,9.044369173156837860e+00,1.334029978508231240e+00
4.507335030760645367e+01,8.941018883445066123e+00,1.266298723001231252e+00
4.520146040471329485e+01,8.836535469631062512e+00,1.200048547337623894e+00
4.532863169032304285e+01,8.730911985337462156e+00,1.135367052126928344e+00
4.545484117508002697e+01,8.624141122500819989e+00,1.072328202533254116e+00
4.558500035064682265e+01,8.511920688246153333e+00,1.008651793949758568e+00
4.571406665474817999e+01,8.398445055136898318e+00,9.469211834240641723e-01
4.585591851436750943e+01,8.271096580982598923e+00,8.809041855499420981e-01
4.599635092063277142e+01,8.142184552462012448e+00,8.175314434500338123e-01
4.612674982474787555e+01,8.019835351383779454e+00,7.605608431181050122e-01
4.625582878464944514e+01,7.896094437375996478e+00,7.061148244182985367e-01
4.637413215780323839e+01,7.780278325373316761e+00,6.579577551878261765e-01
4.649124398354644683e+01,7.663257501499197488e+00,6.120676366862068951e-01
4.660696556324084128e+01,7.545200732492966189e+00,5.685084124980888109e-01
4.672143851648686308e+01,7.425932881383504380e+00,5.272390175075611918e-01
4.683463140877008613e+01,7.305449585585679806e+00,4.882533220870183821e-01
4.694651209110395484e+01,7.183746831049201198e+00,4.515276881504466933e-01
4.705704762300084809e+01,7.060821061066605786e+00,4.170182311822243637e-01
4.716620424106175591e+01,6.936669246524049370e+00,3.846563639005429192e-01
4.727394740659519101e+01,6.811288871730732275e+00,3.543589106131994071e-01
4.738024180662993956e+01,6.684677973069295120e+00,3.260064315437166127e-01
4.748505131799985435e+01,6.556835227584121739e+00,2.994796555791422454e-01
4.758833906855407747e+01,6.427759930539697741e+00,2.746176704152323844e-01
4.769395222477614027e+01,6.292410640688328449e+00,2.504401178025586483e-01
4.779784050618763303e+01,6.155732984104679062e+00,2.277103450047206490e-01
4.790695012763379168e+01,6.008143549053651000e+00,2.048868959944125934e-01
4.801398327287965628e+01,5.859041441193358679e+00,1.833368153535911982e-01
4.811002685605692619e+01,5.721328266795876694e+00,1.645976066459652332e-01
4.820424266846291772e+01,5.582358281757795915e+00,1.467653308119764577e-01
4.829518047472874542e+01,5.444303811685514027e+00,1.300039752345507060e-01
4.838426068183817819e+01,5.305043529602842867e+00,1.140405379466468139e-01
4.847143993082676161e+01,5.164585436072521851e+00,9.889118383273197421e-02
4.855667434261332716e+01,5.022938762296640824e+00,8.460091049836376831e-02
4.863991957412668654e+01,4.880114026370228508e+00,7.124624837710402669e-02
4.872113087246103191e+01,4.736123103062987560e+00,5.891303889735741151e-02
4.880026314173665725e+01,4.590979283145654399e+00,4.769582881800800422e-02
4.887727102931349776e+01,4.444697306833582218e+00,3.768875204804088275e-02
4.895210899749142186e+01,4.297293432618252140e+00,2.895883427553477482e-02
4.902473139224782273e+01,4.148785527226333869e+00,2.156307975047630499e-02
4.909590413541537401e+01,3.997432351256688943e+00,1.545188618240639182e-02
4.916471512216867978e+01,3.844990962693542347e+00,1.067806242820153705e-02
4.923532369221289429e+01,3.681531039135547356e+00,6.951696650506163956e-03
4.930314597259867782e+01,3.516895577130692008e+00,4.376281533532588863e-03
4.936392835040039273e+01,3.362088386874992452e+00,2.648247868678666600e-03
4.942218662529727879e+01,3.206313795949101042e+00,1.690253599256512753e-03
4.947755008843827085e+01,3.050546672397879799e+00,1.057473052144016715e-03
4.953033384243622805e+01,2.893886619808325289e+00,6.252296352373351053e-04
4.958049652685087239e+01,2.736367770905376418e+00,3.365781736138248972e-04
4.962799792625134643e+01,2.578026092195481400e+00,1.572759917905963603e-04
4.967279911593743691e+01,2.418899370055361153e+00,6.205217407743059274e-05
4.971486260654300082e+01,2.259027198218843679e+00,2.087186547571685100e-05
4.975415249841369558e+01,2.098450921680103942e+00,5.790567236086455206e-06
4.979063463036228399e+01,1.937213582596676975e+00,9.492317842060262027e-07
4.982427672253841422e+01,1.775359871412232282e+00,1.094090409474999427e-06
4.985504852200475767e+01,1.612936039886169404e+00,8.339231109791600791e-07
4.988355996580630602e+01,1.446042749756534462e+00,4.193539593348244158e-07
4.990900345788322312e+01,1.278654302248097840e+00,1.532353209208817842e-07
4.993376545425480373e+01,1.091165660197814580e+00,2.897907414421741916e-08
4.995463784651570904e+01,9.032042857117501544e-01,3.234008754663234526e-09
4.997344494320436326e+01,6.911853302452403147e-01,3.090402096136203734e-10
4.998726158909867934e+01,4.787828109516380493e-01,3.349581584697265912e-10
4.999681375287718765e+01,2.394760811198486938e-01,1.870145364143274440e-10
4.999999999999997868e+01,-9.592191504134905795e-17,1.238169581432324097e-09
