x,y,stress
7.999999999999995559e+00,3.405904566558991286e-13,8.811012706998536714e+02
8.002165614253796022e+00,2.394189463977341725e-01,1.202861888879886152e+02
8.008661277869984829e+00,4.787595589411586250e-01,1.088373604528788121e+02
8.018057223407291545e+00,6.911812135492743092e-01,4.828467682203331890e+01
8.030861335316108907e+00,9.034247032892260831e-01,4.460723495116678805e+01
8.045083113996623680e+00,1.091693253971268929e+00,3.243355537747828521e+01
8.061982997055702427e+00,1.279740325348371455e+00,2.816181992245670074e+01
8.079409150981613053e+00,1.448135894025093240e+00,2.385903931683801460e+01
8.098979266688330014e+00,1.616295787211616597e+00,2.101107960912361960e+01
8.120221448953509835e+00,1.780752645217680286e+00,1.856142938142818721e+01
8.143510055377477741e+00,1.944932211696177360e+00,1.659303684696996939e+01
8.168839117461416777e+00,2.108809379617177626e+00,1.490957363666396951e+01
8.196202169102390300e+00,2.272359224856329352e+00,1.347563738490996421e+01
8.225592252472255339e+00,2.435557006220078868e+00,1.223052288885929073e+01
8.257001921461807115e+00,2.598378155300169468e+00,1.114113420385589670e+01
8.290423252499596884e+00,2.760798306683364345e+00,1.017840881472170089e+01
8.325847858968076665e+00,2.922793335545386562e+00,9.321559481202021047e+00
8.363266894792142025e+00,3.084339339099003041e+00,8.553597246713723123e+00
8.402671061860509383e+00,3.245412640480057842e+00,7.861286509720843085e+00
8.444423481115997276e+00,3.407400544824645827e+00,7.228609906003520713e+00
8.488175775155644587e+00,3.568859777768353503e+00,6.652732746311349032e+00
8.536066051646626462e+00,3.737145332124299113e+00,6.103477171038532489e+00
8.586119344961673505e+00,3.904800264037431301e+00,5.603055006402779092e+00
8.635554288335185902e+00,4.063129099012274814e+00,5.167657958797842177e+00
8.686909205099000886e+00,4.220845641421460570e+00,4.765985330739460402e+00
8.740157575079431140e+00,4.377886777219174519e+00,4.395340967678766475e+00
8.795300154909782009e+00,4.534272853417482985e+00,4.052403933324065122e+00
8.852324042608923804e+00,4.689982796464062353e+00,3.735265754106655400e+00
8.911216001275954923e+00,4.844995857583472620e+00,3.440440133709363746e+00
8.971962470406440460e+00,4.999291615471940453e+00,3.158161692341219240e+00
9.034549576477161281e+00,5.152849977086383149e+00,2.908259785889363069e+00
9.098963151587762255e+00,5.305651197430900190e+00,2.674388735082413593e+00
9.165188733081194528e+00,5.457675852902884372e+00,2.460617009467891858e+00
9.233211579342064823e+00,5.608904855234633224e+00,2.257853208242357024e+00
9.303016703075838834e+00,5.759319500248946788e+00,2.080116893622539376e+00
9.378065099414998329e+00,5.916053095297626463e+00,1.911208830206416298e+00
9.455036234315533861e+00,6.071851453954881350e+00,1.763362218832718931e+00
9.532182195277998815e+00,6.223348096153171305e+00,1.639280158651890140e+00
9.611133942361202998e+00,6.373911557400486316e+00,1.536667267523164515e+00
9.689865256212874201e+00,6.519852350047023570e+00,1.458132168015414454e+00
9.770281655757566242e+00,6.664871450590038826e+00,1.401468901195981109e+00
9.852366627178041014e+00,6.808952665673727367e+00,1.366880043396013322e+00
9.936103491841324242e+00,6.952080156721539339e+00,1.353711716176404289e+00
1.002147541744915671e+01,7.094238438936528723e+00,1.360671751135358987e+00
1.010846543105068385e+01,7.235412383275950710e+00,1.385811801853182645e+00
1.019705642989036143e+01,7.375587214563475769e+00,1.426659624302253127e+00
1.028723118685729077e+01,7.514748501428230476e+00,1.480899369325411108e+00
1.037897237052922961e+01,7.652882169168636395e+00,1.546157011534953662e+00
1.047226254232515785e+01,7.789974477306060407e+00,1.620358064313186963e+00
1.056769366261281995e+01,7.926876034890382172e+00,1.702240426488276670e+00
1.066465789450339763e+01,8.062696045015393054e+00,1.789812740843273575e+00
1.076965284302953663e+01,8.206224840675531595e+00,1.887990899404244693e+00
1.087634639950147886e+01,8.348495506868987448e+00,1.990134634738339292e+00
1.097808850548838322e+01,8.480967815238402707e+00,2.088826838264742580e+00
1.108129159290908561e+01,8.612305142684425263e+00,2.189529752650254402e+00
1.118517374107224072e+01,8.741556375446981164e+00,2.291056188400744098e+00
1.129045986276628000e+01,8.869666549041946624e+00,2.393758876438542682e+00
1.139713199029376511e+01,8.996624882303862591e+00,2.497349672421053768e+00
1.150517224111606929e+01,9.122421016898915269e+00,2.601601857328287082e+00
1.161456271211999081e+01,9.247044873090827011e+00,2.706330405939670225e+00
1.172528544272841167e+01,9.370486598940409806e+00,2.811383850806574269e+00
1.183732253643211507e+01,9.492736696668588436e+00,2.916642724925683439e+00
1.195065606435514560e+01,9.613785902593376065e+00,3.022001787103008486e+00
1.206526807992960393e+01,9.733625196397557744e+00,3.127379614743061254e+00
1.218114079039633424e+01,9.852245967919724734e+00,3.232698144561464648e+00
1.230102142523401731e+01,9.972381794342695116e+00,3.340354957865131702e+00
1.242218492736898483e+01,1.009122366983777574e+01,3.447824516914430593e+00
1.255094366627723623e+01,1.021477391789038514e+01,3.560532735764507795e+00
1.268107758111292149e+01,1.033687487466490396e+01,3.672882188733005204e+00
1.280350551316467111e+01,1.044929137882060743e+01,3.777201860330134053e+00
1.292708973407708584e+01,1.056043547993377807e+01,3.881135106365975584e+00
1.305152051159143234e+01,1.067004563295387776e+01,3.984386389684203778e+00
1.317706720104874840e+01,1.077837584414551664e+01,4.087156500216384991e+00
1.330371243877165455e+01,1.088541974102017029e+01,4.189405594147979528e+00
1.343143891297882142e+01,1.099117115562344615e+01,4.291084944647586497e+00
1.356022941247573854e+01,1.109562415751926068e+01,4.392155361038303063e+00
1.369006677262805560e+01,1.119877300160506550e+01,4.492559495145227899e+00
1.382093385246402129e+01,1.130061210571206409e+01,4.592262479858100654e+00
1.395281373659626212e+01,1.140113620026550656e+01,4.691211613477034525e+00
1.408568955476074613e+01,1.150034017679684517e+01,4.789367205192286647e+00
1.421954446130004790e+01,1.159821906968896066e+01,4.886693449651416721e+00
1.435929892028636168e+01,1.169826579282828938e+01,4.986623319906109408e+00
1.450006872959271043e+01,1.179687876529148305e+01,5.085499152680247548e+00
1.464787492991459494e+01,1.189814602317976977e+01,5.187362156905594546e+00
1.479674375611453208e+01,1.199784459518962443e+01,5.287896969002231273e+00
1.493575803686153236e+01,1.208891261651386095e+01,5.379905342409201374e+00
1.507565245157499767e+01,1.217862275539483896e+01,5.470738087972581987e+00
1.521610134568108741e+01,1.226677914518418255e+01,5.559826549805576335e+00
1.535739429022018854e+01,1.235357630065963264e+01,5.648086121414761962e+00
1.549951531301269192e+01,1.243901078498203461e+01,5.735109616006623057e+00
1.564244857787894105e+01,1.252307932507473076e+01,5.819561013050588372e+00
1.578617830578105696e+01,1.260577875971084438e+01,5.902848167416234304e+00
1.593068885577039140e+01,1.268710608273338991e+01,5.984345475396731118e+00
1.607596467980169663e+01,1.276705841168704403e+01,6.064111722467345089e+00
1.622199029463446251e+01,1.284563296908799224e+01,6.141986254192868699e+00
1.636875031754660625e+01,1.292282709902019455e+01,6.217907429283475729e+00
1.651622948609442076e+01,1.299863827312605835e+01,6.291781343140043781e+00
1.666992054589963246e+01,1.307579708578660949e+01,6.366116629026529417e+00
1.682435192452601314e+01,1.315146329338546138e+01,6.438032425721591068e+00
1.698784973118262087e+01,1.322957076457758241e+01,6.511068760411046874e+00
1.715213143717122435e+01,1.330601572976617852e+01,6.581076458707443066e+00
1.730404800091991646e+01,1.337492006072122663e+01,6.642771818248255578e+00
1.745659764464645036e+01,1.344241121934222605e+01,6.701797272135902261e+00
1.760885554231265004e+01,1.350809975024205301e+01,6.757748330621920374e+00
1.776170984619705351e+01,1.357238826649243535e+01,6.810642528472160784e+00
1.791514614207547140e+01,1.363527512403725517e+01,6.862583400679731049e+00
1.806915009617864243e+01,1.369675875486433547e+01,6.908880442092733887e+00
1.822370745152230143e+01,1.375683766343163761e+01,6.952702134652864352e+00
1.837880406002348010e+01,1.381551043669009182e+01,6.993605990264449623e+00
1.853442584882827404e+01,1.387277572826313765e+01,7.032837780348923928e+00
1.869055881781689621e+01,1.392863225572862973e+01,7.066131386695992056e+00
1.884718906165852559e+01,1.398307880646171242e+01,7.096958611418222596e+00
1.900430273281611804e+01,1.403611422251004903e+01,7.124212745178240880e+00
1.916601035187519741e+01,1.408906752751919811e+01,7.148530183490261258e+00
1.932819772120169333e+01,1.414053270713375099e+01,7.169230009401633019e+00
1.950348956859419403e+01,1.419432411814746686e+01,7.187305792294464979e+00
1.967930313493053163e+01,1.424638503236928067e+01,7.200874135069360804e+00
1.984155969497199479e+01,1.429276937049388785e+01,7.209620764542009397e+00
2.000422866415221534e+01,1.433768601916020202e+01,7.214784891613228446e+00
2.016445879133853225e+01,1.438039163510745055e+01,7.216385373633017686e+00
2.032506031466977348e+01,1.442167861424197639e+01,7.214610320387521369e+00
2.048602005110424429e+01,1.446154626995515535e+01,7.209537648477798655e+00
2.064732486522555632e+01,1.449999395221221299e+01,7.201260972907129521e+00
2.080896168518549061e+01,1.453702105041558390e+01,7.189939537846114170e+00
2.097091749748252454e+01,1.457262699079101154e+01,7.175696772962763426e+00
2.113317933538196058e+01,1.460681123272065740e+01,7.158725032285162548e+00
2.129573429763665615e+01,1.463957327164404454e+01,7.139185022317391827e+00
2.145856952919692517e+01,1.467091263375541743e+01,7.117316167322989884e+00
2.162167221848213217e+01,1.470082887467785859e+01,7.093358081839980400e+00
2.178685467914253238e+01,1.472963162987645092e+01,7.067190526927061178e+00
2.195228440390918578e+01,1.475697848760869491e+01,7.039529821763108153e+00
2.213338714627846926e+01,1.478520599536659574e+01,7.007729298287887154e+00
2.231475262985968655e+01,1.481169292561448181e+01,6.974547590299239985e+00
2.248599146866119369e+01,1.483507326519379887e+01,6.942670357076359267e+00
2.265743457835765540e+01,1.485690536850502852e+01,6.910500177982771497e+00
2.282210864076401791e+01,1.487639703842413219e+01,6.879763587176995543e+00
2.298694521599689367e+01,1.489446291164673930e+01,6.849493179008836918e+00
2.315193184466434673e+01,1.491110277228803405e+01,6.820011488909191399e+00
2.331705609375100607e+01,1.492631642422784921e+01,6.791636651671661973e+00
2.348230555485475435e+01,1.494010369047205522e+01,6.764732556809560649e+00
2.364766784152804391e+01,1.495246441249024727e+01,6.739592276423453931e+00
2.381313058760750323e+01,1.496339844969971900e+01,6.716540254518475805e+00
2.397868144461544304e+01,1.497290567893314872e+01,6.695841069990723149e+00
2.414430807981810290e+01,1.498098599401614983e+01,6.677766166162181882e+00
2.430999817408777730e+01,1.498763930538368250e+01,6.662537488184846701e+00
2.447593426988371945e+01,1.499287084330767250e+01,6.650321383578639001e+00
2.464190929508597705e+01,1.499667188979600319e+01,6.641403583437998748e+00
2.482094691462077307e+01,1.499916796981214695e+01,6.635509234002764600e+00
2.500000000000027356e+01,1.499999999999999467e+01,6.633465559339470907e+00
2.517905308537975628e+01,1.499916796981214517e+01,6.635482008438364332e+00
2.535809070491454165e+01,1.499667188979599253e+01,6.641348829389436936e+00
2.552406573011680635e+01,1.499287084330765474e+01,6.650254952624861993e+00
2.569000182591275205e+01,1.498763930538366296e+01,6.662460067870064506e+00
2.585569192018244777e+01,1.498098599401612496e+01,6.677689671125472515e+00
2.602131855538507565e+01,1.497290567893312030e+01,6.695766172627574342e+00
2.618686941239306165e+01,1.496339844969968347e+01,6.716477810880967070e+00
2.635233215847248189e+01,1.495246441249020997e+01,6.739541416661902318e+00
2.651769444514583540e+01,1.494010369047200726e+01,6.764689353914552505e+00
2.668294390624950907e+01,1.492631642422780125e+01,6.791600380876912979e+00
2.684806815533618263e+01,1.491110277228798076e+01,6.819971460247237438e+00
2.701305478400363214e+01,1.489446291164668246e+01,6.849449564597743567e+00
2.717789135923649724e+01,1.487639703842407535e+01,6.879709012440641480e+00
2.734256542164285619e+01,1.485690536850495924e+01,6.910434880836720417e+00
2.751400853133932856e+01,1.483507326519372249e+01,6.942580079480093147e+00
2.768524737014084991e+01,1.481169292561440187e+01,6.974435916042453165e+00
2.786661285372206720e+01,1.478520599536651048e+01,7.007592344471678558e+00
2.804771559609133291e+01,1.475697848760860431e+01,7.039365678592127473e+00
2.821314532085799343e+01,1.472963162987635499e+01,7.067012796509497541e+00
2.837832778151839719e+01,1.470082887467776089e+01,7.093164062949245618e+00
2.854143047080361484e+01,1.467091263375531263e+01,7.117111293752409473e+00
2.870426570236387320e+01,1.463957327164393263e+01,7.138964008082265167e+00
2.886682066461857232e+01,1.460681123272053661e+01,7.158469523680755842e+00
2.902908250251800482e+01,1.457262699079089252e+01,7.175407188524909330e+00
2.919103831481503164e+01,1.453702105041545956e+01,7.189603022853400027e+00
2.935267513477495172e+01,1.449999395221208509e+01,7.200869500452926175e+00
2.951397994889626020e+01,1.446154626995502568e+01,7.209085879715525280e+00
2.967493968533072746e+01,1.442167861424184494e+01,7.214099522194405978e+00
2.983554120866195802e+01,1.438039163510731733e+01,7.215833934043510922e+00
2.999577133584826782e+01,1.433768601916006169e+01,7.214190800344142396e+00
3.015844030502850970e+01,1.429276937049374041e+01,7.208983948487621696e+00
3.032069686506997641e+01,1.424638503236912612e+01,7.200209543242721111e+00
3.049651043140630335e+01,1.419432411814730877e+01,7.186611142185753920e+00
3.067180227879878984e+01,1.414053270713358934e+01,7.168476594328782703e+00
3.083398964812527865e+01,1.408906752751903113e+01,7.147748227586441239e+00
3.099569726718435092e+01,1.403611422250988561e+01,7.123377406518089039e+00
3.115281093834193271e+01,1.398307880646155077e+01,7.096041320017066667e+00
3.130944118218354077e+01,1.392863225572846453e+01,7.065275562602431947e+00
3.146557415117216649e+01,1.387277572826296357e+01,7.031099678421160348e+00
3.162119593997697820e+01,1.381551043668991419e+01,6.993568086584811105e+00
3.177629254847814622e+01,1.375683766343145820e+01,6.952761701454452492e+00
3.193084990382179100e+01,1.369675875486415073e+01,6.908735641984923070e+00
3.208485385792496203e+01,1.363527512403705977e+01,6.861591859628616952e+00
3.223829015380339058e+01,1.357238826649223995e+01,6.811396198910032673e+00
3.239114445768780115e+01,1.350809975024184872e+01,6.758252520654210116e+00
3.254340235535399017e+01,1.344241121934201288e+01,6.702241751691693672e+00
3.269595199908052052e+01,1.337492006072100992e+01,6.643100682205731466e+00
3.284786856282921264e+01,1.330601572976596536e+01,6.581304280785174932e+00
3.301215026881781256e+01,1.322957076457736569e+01,6.511280951651001736e+00
3.317564807547440608e+01,1.315146329338523934e+01,6.438208457824793562e+00
3.333007945410078321e+01,1.307579708578638744e+01,6.366251161061623698e+00
3.348377051390599490e+01,1.299863827312582742e+01,6.291885621336193779e+00
3.363124968245379875e+01,1.292282709901996895e+01,6.217958690872245064e+00
3.377800970536593184e+01,1.284563296908775953e+01,6.141993785454750387e+00
3.392403532019869772e+01,1.276705841168680777e+01,6.064061019870488067e+00
3.406931114423001361e+01,1.268710608273314833e+01,5.984248091226907817e+00
3.421382169421934094e+01,1.260577875971059925e+01,5.902651277825718523e+00
3.435755142212143909e+01,1.252307932507448740e+01,5.819346938397833569e+00
3.450048468698769710e+01,1.243901078498177704e+01,5.734428233014432941e+00
3.464260570978021292e+01,1.235357630065937151e+01,5.647969142196161307e+00
3.478389865431931582e+01,1.226677914518391965e+01,5.560052820594024503e+00
3.492434754842540201e+01,1.217862275539456540e+01,5.470750360646153609e+00
3.506424196313887620e+01,1.208891261651357851e+01,5.379930139569566450e+00
3.520325624388588182e+01,1.199784459518933311e+01,5.287888676915985187e+00
3.535212507008580474e+01,1.189814602317948200e+01,5.187370191033702227e+00
3.549993127040766439e+01,1.179687876529119706e+01,5.085516360335401664e+00
3.564070107971403445e+01,1.169826579282798207e+01,4.986670489211968871e+00
3.578045553870036599e+01,1.159821906968864091e+01,4.886785693861245505e+00
3.591431044523966420e+01,1.150034017679652365e+01,4.789473307102320554e+00
3.604718626340414289e+01,1.140113620026517438e+01,4.691311676324566804e+00
3.617906614753638195e+01,1.130061210571172303e+01,4.592348234177828559e+00
3.630993322737235474e+01,1.119877300160472267e+01,4.492628081213187130e+00
3.643977058752467002e+01,1.109562415751891074e+01,4.392207410796806322e+00
3.656856108702157826e+01,1.099117115562308911e+01,4.291124709749297494e+00
3.669628756122875046e+01,1.088541974101981502e+01,4.189435957746294292e+00
3.682293279895164773e+01,1.077837584414515604e+01,4.087180071345864363e+00
3.694847948840894247e+01,1.067004563295352604e+01,3.984405299793818855e+00
3.707291026592327654e+01,1.056043547993341924e+01,3.881151127537135537e+00
3.719649448683570370e+01,1.044929137882024506e+01,3.777218665721369550e+00
3.731892241888744621e+01,1.033687487466453447e+01,3.672900549417283056e+00
3.744905633372313503e+01,1.021477391789000855e+01,3.560552694892206826e+00
3.757781507263138110e+01,1.009122366983738495e+01,3.447846235025475270e+00
3.769897857476632907e+01,9.972381794342314976e+00,3.340374436609414133e+00
3.781885920960399972e+01,9.852245967919357028e+00,3.232716512451414115e+00
3.793473192007072470e+01,9.733625196397184709e+00,3.127389951532459467e+00
3.804934393564517592e+01,9.613785902592997701e+00,3.022002391091309637e+00
3.816267746356820822e+01,9.492736696668208296e+00,2.916628310623285536e+00
3.827471455727191341e+01,9.370486598940024336e+00,2.811354062979511514e+00
3.838543728788031473e+01,9.247044873090445094e+00,2.706281628505259107e+00
3.849482775888422736e+01,9.122421016898526247e+00,2.601531662203368622e+00
3.860286800970653331e+01,8.996624882303468240e+00,2.497255568990099484e+00
3.870954013723402909e+01,8.869666549041545167e+00,2.393642308957252496e+00
3.881482625892805771e+01,8.741556375446581484e+00,2.290916678112720373e+00
3.891870840709120216e+01,8.612305142684022030e+00,2.189365380006276673e+00
3.902191149451191166e+01,8.480967815237990592e+00,2.088638449503660066e+00
3.912365360049880536e+01,8.348495506868573557e+00,1.989921762716183817e+00
3.923034715697074404e+01,8.206224840675107046e+00,1.887768968292059091e+00
3.933534210549687771e+01,8.062696045014954294e+00,1.789576078878780896e+00
3.943230633738745894e+01,7.926876034889943412e+00,1.701980432267468313e+00
3.952773745767510860e+01,7.789974477305627865e+00,1.620079799976635648e+00
3.962102762947103685e+01,7.652882169168203852e+00,1.545864513085108971e+00
3.971276881314295792e+01,7.514748501427792604e+00,1.480594333842303767e+00
3.980294357010988904e+01,7.375587214563032568e+00,1.426371527541737905e+00
3.989153456894957372e+01,7.235412383275500403e+00,1.385564347167039800e+00
3.997852458255108843e+01,7.094238438936079305e+00,1.360604555999276322e+00
4.006389650815890491e+01,6.952080156721089033e+00,1.353844935194570276e+00
4.014763337282219169e+01,6.808952665673277060e+00,1.367195079915986211e+00
4.022971834424266291e+01,6.664871450589584079e+00,1.402013852434679020e+00
4.031013474378734429e+01,6.519852350046574152e+00,1.458855334996923547e+00
4.038886605763900661e+01,6.373911557400036898e+00,1.537601135884040682e+00
4.046781780472221612e+01,6.223348096152700570e+00,1.640410151949838413e+00
4.054496376568469174e+01,6.071851453954383970e+00,1.764721381324343197e+00
4.062193490058519529e+01,5.916053095297169051e+00,1.912871517334183702e+00
4.069698329692432281e+01,5.759319500248525792e+00,2.081738255440962693e+00
4.076678842065808794e+01,5.608904855234212228e+00,2.261543425675939023e+00
4.083481126691896179e+01,5.457675852902471370e+00,2.459240540555446053e+00
4.090103684841238874e+01,5.305651197430480970e+00,2.675044487941897753e+00
4.096545042352297372e+01,5.152849977085968369e+00,2.909362962441626621e+00
4.102803752959369632e+01,4.999291615471521233e+00,3.162838794969607736e+00
4.108878399872418186e+01,4.844995857583048071e+00,3.436566027403198831e+00
4.114767595739120765e+01,4.689982796463628034e+00,3.731803295544720012e+00
4.120469984509034589e+01,4.534272853417035343e+00,4.050260978215264984e+00
4.125984242492069853e+01,4.377886777218726877e+00,4.393849229035252435e+00
4.131309079490112168e+01,4.220845641421010264e+00,4.765081585255743768e+00
4.136444571166493489e+01,4.063129099011810297e+00,5.166880089953455268e+00
4.141388065503844018e+01,3.904800264036957458e+00,5.602362613189022511e+00
4.146393394835347124e+01,3.737145332123853247e+00,6.102524583560493099e+00
4.151182422484443890e+01,3.568859777767938279e+00,6.651195515787040158e+00
4.155557651888408088e+01,3.407400544824231492e+00,7.226970279448355683e+00
4.159732893813956167e+01,3.245412640479642619e+00,7.859879713344429142e+00
4.163673310520793081e+01,3.084339339098592703e+00,8.552738236381685510e+00
4.167415214103198906e+01,2.922793335544982440e+00,9.321446187888824397e+00
4.170957674750045641e+01,2.760798306682959335e+00,1.017921549031488127e+01
4.174299807853823552e+01,2.598378155299761350e+00,1.114322136247224648e+01
4.177440774752778907e+01,2.435557006219683185e+00,1.223427796717071203e+01
4.180379783089765056e+01,2.272359224855950988e+00,1.348169094589303363e+01
4.183116088253861875e+01,2.108809379616792601e+00,1.491873405065937597e+01
4.185648994462254535e+01,1.944932211695791668e+00,1.660547573125190013e+01
4.187977855104652036e+01,1.780752645217287489e+00,1.858070340267700971e+01
4.190102073331168953e+01,1.616295787211218249e+00,2.103123001966916661e+01
4.192059084901840293e+01,1.448135894024683790e+00,2.390043915160619648e+01
4.193801700294431356e+01,1.279740325347950458e+00,2.817944897062572096e+01
4.195491688600338165e+01,1.091693253970836830e+00,3.253682170511208938e+01
4.196913866468389642e+01,9.034247032887787743e-01,4.456413841794925190e+01
4.198194277659271023e+01,6.911812135488517583e-01,4.861386374227201657e+01
4.199133872212999563e+01,4.787595589407570018e-01,1.083913642938071860e+02
4.199783438574617378e+01,2.394189463973561971e-01,1.214214677117796839e+02
4.199999999999997868e+01,-4.604420958728418154e-17,8.812801504512490283e+02
