x,y,stress
9.999999999999994671e+00,3.888608023716618714e-16,1.148110920065445498e+03
1.000428566657558171e+01,1.673191213905256269e-01,1.727224752677485640e+02
1.001710527766078407e+01,3.342016771398351738e-01,1.392777793567255458e+02
1.003796499156123367e+01,4.977188492686584476e-01,6.258397781227679957e+01
1.006682548887554240e+01,6.600156630964563176e-01,5.451403912204941093e+01
1.010346023056384901e+01,8.207369100259358508e-01,3.827865511523528852e+01
1.014759514839699683e+01,9.795632497981695552e-01,3.194499233696890172e+01
1.019891875350490196e+01,1.136215360646260830e+00,2.601301112254802916e+01
1.025709244792747477e+01,1.290455851655375907e+00,2.206849525662963174e+01
1.032176037733709961e+01,1.442089221164537083e+00,1.870209576465905243e+01
1.039255833901319015e+01,1.590960238238371849e+00,1.635974043582323034e+01
1.046912141146197328e+01,1.736951102507814149e+00,1.436940876314867843e+01
1.055109017755302148e+01,1.879977827525247669e+00,1.274705522485082909e+01
1.063811558076002228e+01,2.019986271120796317e+00,1.138912532451029946e+01
1.072986250894685512e+01,2.156948073691718371e+00,1.024464890292789399e+01
1.082601219230746459e+01,2.290856619735452959e+00,9.269465458591412244e+00
1.092626371382409545e+01,2.421723353694512859e+00,8.432864512823011083e+00
1.103033472211236443e+01,2.549574386411500804e+00,7.710351908396767762e+00
1.113796156434512774e+01,2.674447506817839049e+00,7.083083651321155472e+00
1.124889901055713715e+01,2.796389622613845827e+00,6.536093953400313517e+00
1.136291958911295907e+01,2.915454495144453873e+00,6.057481245050156282e+00
1.147981281355267313e+01,3.031700940783245812e+00,5.637661403194944576e+00
1.159938421299921352e+01,3.145191271293785729e+00,5.268464885632790029e+00
1.172145428895819563e+01,3.255990012398618738e+00,4.944659229074392037e+00
1.184585754728604279e+01,3.364162950440830357e+00,4.655370643984608314e+00
1.197244141696291742e+01,3.469776266185414570e+00,4.392665844919673823e+00
1.210106518937871023e+01,3.572895841884986101e+00,4.174432318441728462e+00
1.223159912429312968e+01,3.673586812056008455e+00,3.977317959460996644e+00
1.236392357828888500e+01,3.771913195990213907e+00,3.804795066081597454e+00
1.249792759819328403e+01,3.867937203522866074e+00,3.652489601790033014e+00
1.263350967246621792e+01,3.961720126954767274e+00,3.518978180081568929e+00
1.277057642954298977e+01,4.053321687254749506e+00,3.401242127789700032e+00
1.290903973347936251e+01,4.142798470083043583e+00,3.299883229793902029e+00
1.304881855625958664e+01,4.230205586199720535e+00,3.207494040974351091e+00
1.318983824841260066e+01,4.315596464847402558e+00,3.129528191303634355e+00
1.333202916532104609e+01,4.399022302210640945e+00,3.061058014460173560e+00
1.347532690196447369e+01,4.480532502671922934e+00,3.001924349821703419e+00
1.361967140328313342e+01,4.560174426735434494e+00,2.950775376703029362e+00
1.376500679547547712e+01,4.637993559010478606e+00,2.906767694284228210e+00
1.391128101121636540e+01,4.714033539786249172e+00,2.869032518724823344e+00
1.405844541000675463e+01,4.788336187285698209e+00,2.836824950455705707e+00
1.420645456265805073e+01,4.860941594981460945e+00,2.809483072836246098e+00
1.435526601725410067e+01,4.931888204280456378e+00,2.786387468331041894e+00
1.450484001798416500e+01,5.001212844297659998e+00,2.767003319165221686e+00
1.465513928917031627e+01,5.068950795141857313e+00,2.750854965470598046e+00
1.480612886978055798e+01,5.135135864325500066e+00,2.737463616704204128e+00
1.495777590055783079e+01,5.199800432791228388e+00,2.726554308551460526e+00
1.511004950464019103e+01,5.262975533866446121e+00,2.717624190010509810e+00
1.526292058933620233e+01,5.324690890546680322e+00,2.710926215210666346e+00
1.541636170495267422e+01,5.384974971346112582e+00,2.705249122504997050e+00
1.557034704835212047e+01,5.443855094553834206e+00,2.701082715693646996e+00
1.572512438654188038e+01,5.501457356571422430e+00,2.697998568087086824e+00
1.588040017888249267e+01,5.557702185468381906e+00,2.695908716512778636e+00
1.603587861563671879e+01,5.612518492922227153e+00,2.694593979770150582e+00
1.619181121639622489e+01,5.666029261118872284e+00,2.693964102781236658e+00
1.634817845915317491e+01,5.718256617474946957e+00,2.693818005081558997e+00
1.650496166660902375e+01,5.769221731451469992e+00,2.694306251114416018e+00
1.666214313378190681e+01,5.818944921946105353e+00,2.695015792437625901e+00
1.681970610027514823e+01,5.867445703575731031e+00,2.695888333058579889e+00
1.697763459084106330e+01,5.914742789130893463e+00,2.696936530747338079e+00
1.713591336819328603e+01,5.960854126316130319e+00,2.698359391864656232e+00
1.729452786566891476e+01,6.005796925624926175e+00,2.699881590316359770e+00
1.745346427859614025e+01,6.049587729451101126e+00,2.701136797664258182e+00
1.761272669651758349e+01,6.092246972393369653e+00,2.702490313161328928e+00
1.777228521106654568e+01,6.133785058568576254e+00,2.703814373239506796e+00
1.793469089549408224e+01,6.174855447928047525e+00,2.705099760831081834e+00
1.809737758560644139e+01,6.214798248771955969e+00,2.706303438796329619e+00
1.825774452038277929e+01,6.253019736746221469e+00,2.707391309638504939e+00
1.841836168391672146e+01,6.290175696799630067e+00,2.708368504527693954e+00
1.857921888889388029e+01,6.326278500997030818e+00,2.709222584663016242e+00
1.874030627634227741e+01,6.361340002027525919e+00,2.709944709368982796e+00
1.890161442138753856e+01,6.395371581036467745e+00,2.710531727123184798e+00
1.906313420049070828e+01,6.428384140997807528e+00,2.710978024736237391e+00
1.922485681554599424e+01,6.460388133766049812e+00,2.711283794543544623e+00
1.938677384194642883e+01,6.491393588720584695e+00,2.711448349384774303e+00
1.954887710541924406e+01,6.521410106622542280e+00,2.711476313743924393e+00
1.971115873242177230e+01,6.550446886967741911e+00,2.711369696698902043e+00
1.987417518171286801e+01,6.578608456937226734e+00,2.711133636902917310e+00
2.003735609911445437e+01,6.605800854850452097e+00,2.710774672405696251e+00
2.020548707930498011e+01,6.632787128872625004e+00,2.710286963812578609e+00
2.037377703040102617e+01,6.658763645917122886e+00,2.709667537075844290e+00
2.053685093016124696e+01,6.682958333166689968e+00,2.708985825469615527e+00
2.070006037459511106e+01,6.706221138838428075e+00,2.708175422821986977e+00
2.086339901553588305e+01,6.728558730423688239e+00,2.707361932325209608e+00
2.102686068900297656e+01,6.749977460622480940e+00,2.706094378171807868e+00
2.119043935896883468e+01,6.770483369710351695e+00,2.705220912989706239e+00
2.135412918831440621e+01,6.790082203789892468e+00,2.704146979162157294e+00
2.151792446543509740e+01,6.808779413736565367e+00,2.703054890220151663e+00
2.168181959244864743e+01,6.826580162330889934e+00,2.701919405113055728e+00
2.184580911247558888e+01,6.843489334934931279e+00,2.700778406084812122e+00
2.200988766810485942e+01,6.859511542017088459e+00,2.699620090288655572e+00
2.217410958695086265e+01,6.874656460200079700e+00,2.698453280743617011e+00
2.233841021510584213e+01,6.888922202760797475e+00,2.697300641221405115e+00
2.251076089595008867e+01,6.902940032401834181e+00,2.696102244244306778e+00
2.268318683438461747e+01,6.915999634029269316e+00,2.694921039646207994e+00
2.284819942180602936e+01,6.927599539142131668e+00,2.693829313742097664e+00
2.301327088638655738e+01,6.938329118111269622e+00,2.692786238594959691e+00
2.317783654616416200e+01,6.948159243690292364e+00,2.691798220137586739e+00
2.334245127079479332e+01,6.957130340179439543e+00,2.690869466040120450e+00
2.350711044729696297e+01,6.965244753899518138e+00,2.690008506005671762e+00
2.367180951546307455e+01,6.972504600788087537e+00,2.689219293342114625e+00
2.383654395633552170e+01,6.978911768619186162e+00,2.688511231573727844e+00
2.400130929625280984e+01,6.984467919616493603e+00,2.687885861293954903e+00
2.416610109412174978e+01,6.989174492066354105e+00,2.687352019766581002e+00
2.433091493716030129e+01,6.993032702071889872e+00,2.686909351439670690e+00
2.449574644100323795e+01,6.996043545085149695e+00,2.686564254328504209e+00
2.466059123452948398e+01,6.998207796859660768e+00,2.686319399722729706e+00
2.483029325117136210e+01,6.999551979742286711e+00,2.686171863950280070e+00
2.500000000000000000e+01,6.999999999999997335e+00,2.686125095244566552e+00
2.516970674882865211e+01,6.999551979742287600e+00,2.686182736080928279e+00
2.533940876547050181e+01,6.998207796859660768e+00,2.686340482082003600e+00
2.550425355899676205e+01,6.996043545085149695e+00,2.686588403548135773e+00
2.566908506283969871e+01,6.993032702071888984e+00,2.686935072052519580e+00
2.583389890587825377e+01,6.989174492066353217e+00,2.687371097327549307e+00
2.599869070374718305e+01,6.984467919616491827e+00,2.687897215000374374e+00
2.616345604366446764e+01,6.978911768619184386e+00,2.688512720847373583e+00
2.632819048453692901e+01,6.972504600788086648e+00,2.689210521648434327e+00
2.649288955270303347e+01,6.965244753899517249e+00,2.689988881872379611e+00
2.665754872920518892e+01,6.957130340179438655e+00,2.690838735948269278e+00
2.682216345383583089e+01,6.948159243690288811e+00,2.691758822285769348e+00
2.698672911361344262e+01,6.938329118111268734e+00,2.692738037168725729e+00
2.715180057819395998e+01,6.927599539142130780e+00,2.693773978184973661e+00
2.731681316561537187e+01,6.915999634029268428e+00,2.694858520969026117e+00
2.748923910404991133e+01,6.902940032401833292e+00,2.696036821101015946e+00
2.766158978489415787e+01,6.888922202760794811e+00,2.697231542977466923e+00
2.782589041304913025e+01,6.874656460200078811e+00,2.698391026839000340e+00
2.799011233189512637e+01,6.859511542017086683e+00,2.699564831391972231e+00
2.815419088752440402e+01,6.843489334934928614e+00,2.700738469328329838e+00
2.831818040755135257e+01,6.826580162330888157e+00,2.701900577800370407e+00
2.848207553456490260e+01,6.808779413736562702e+00,2.703043621695286447e+00
2.864587081168557958e+01,6.790082203789889803e+00,2.704154548231948230e+00
2.880956064103115111e+01,6.770483369710349031e+00,2.705224716770221249e+00
2.897313931099701279e+01,6.749977460622479164e+00,2.706241799098912271e+00
2.913660098446409563e+01,6.728558730423689127e+00,2.707193581039646801e+00
2.929993962540485697e+01,6.706221138838428075e+00,2.708071507467683769e+00
2.946314906983873172e+01,6.682958333166689968e+00,2.708862239234126168e+00
2.962622296959895252e+01,6.658763645917121998e+00,2.709563151470977704e+00
2.979451292069498791e+01,6.632787128872627669e+00,2.710181614637322767e+00
2.996264390088549590e+01,6.605800854850453874e+00,2.710674248274856257e+00
3.012582481828708936e+01,6.578608456937230287e+00,2.711032487509974054e+00
3.028884126757818152e+01,6.550446886967747240e+00,2.711268816296520612e+00
3.045112289458072041e+01,6.521410106622545833e+00,2.711374395286307415e+00
3.061322615805353919e+01,6.491393588720584695e+00,2.711345110437356265e+00
3.077514318445397734e+01,6.460388133766048036e+00,2.711179641565534038e+00
3.093686579950927396e+01,6.428384140997807528e+00,2.710872726579601544e+00
3.109838557861244013e+01,6.395371581036468633e+00,2.710426211935658802e+00
3.125969372365769772e+01,6.361340002027524143e+00,2.709838196550724998e+00
3.142078111110610195e+01,6.326278500997030818e+00,2.709115085564429481e+00
3.158163831608325367e+01,6.290175696799630067e+00,2.708259074265105149e+00
3.174225547961718874e+01,6.253019736746225909e+00,2.707280469130009859e+00
3.190262241439351953e+01,6.214798248771959521e+00,2.706188666032780077e+00
3.206530910450587868e+01,6.174855447928048413e+00,2.704981546595725206e+00
3.222771478893341168e+01,6.133785058568578030e+00,2.703686204736923671e+00
3.238727330348237388e+01,6.092246972393373206e+00,2.702351571981895795e+00
3.254653572140379936e+01,6.049587729451106455e+00,2.700985150780602417e+00
3.270547213433102485e+01,6.005796925624930616e+00,2.699617976466619051e+00
3.286408663180665712e+01,5.960854126316138313e+00,2.698286648187543157e+00
3.302236540915887275e+01,5.914742789130902345e+00,2.697036051417248004e+00
3.318029389972478782e+01,5.867445703575739024e+00,2.695916557616261588e+00
3.333785686621803279e+01,5.818944921946115123e+00,2.694988575016675991e+00
3.349503833339091585e+01,5.769221731451479762e+00,2.694320611639061891e+00
3.365182154084676114e+01,5.718256617474958503e+00,2.693993063228392604e+00
3.380818878360370405e+01,5.666029261118882054e+00,2.694096087076720103e+00
3.396412138436321015e+01,5.612518492922237812e+00,2.694733761876441758e+00
3.411959982111743273e+01,5.557702185468396117e+00,2.696026256219020478e+00
3.427487561345804323e+01,5.501457356571440194e+00,2.698113912390104563e+00
3.442965295164779604e+01,5.443855094553850194e+00,2.701152241413224075e+00
3.458363829504725828e+01,5.384974971346127681e+00,2.705306731945142040e+00
3.473707941066373905e+01,5.324690890546691868e+00,2.710787336088182897e+00
3.488995049535974857e+01,5.262975533866460331e+00,2.717820100638009162e+00
3.504222409944209460e+01,5.199800432791241711e+00,2.726666327263053358e+00
3.519387113021938518e+01,5.135135864325513388e+00,2.737612681990256203e+00
3.534486071082962866e+01,5.068950795141869747e+00,2.750998168210851968e+00
3.549515998201578526e+01,5.001212844297671545e+00,2.767191039228984017e+00
3.564473398274584781e+01,4.931888204280461707e+00,2.786620741785839961e+00
3.579354543734190486e+01,4.860941594981466274e+00,2.809751808362177972e+00
3.594155458999320274e+01,4.788336187285706202e+00,2.837132405007873448e+00
3.608871898878359730e+01,4.714033539786253613e+00,2.869351308922798438e+00
3.623499320452448558e+01,4.637993559010477718e+00,2.907096583996515271e+00
3.638032859671685060e+01,4.560174426735429165e+00,2.951103542070206309e+00
3.652467309803552808e+01,4.480532502671908723e+00,3.002237296718178072e+00
3.666797083467894680e+01,4.399022302210627622e+00,3.061420884243017504e+00
3.681016175158738690e+01,4.315596464847384794e+00,3.129726693490745060e+00
3.695118144374039559e+01,4.230205586199708989e+00,3.208291740485424537e+00
3.709096026652062505e+01,4.142798470083033813e+00,3.298458225668881028e+00
3.722942357045699424e+01,4.053321687254742400e+00,3.401645897862958012e+00
3.736649032753376787e+01,3.961720126954752175e+00,3.519523444462066664e+00
3.750207240180669999e+01,3.867937203522852752e+00,3.653849958679625143e+00
3.763607642171111678e+01,3.771913195990192147e+00,3.806741600030209227e+00
3.776840087570685967e+01,3.673586812055996020e+00,3.980440282032051247e+00
3.789893481062128444e+01,3.572895841884963897e+00,4.177652692206422103e+00
3.802755858303707015e+01,3.469776266185405245e+00,4.401259501564017462e+00
3.815414245271394833e+01,3.364162950440811262e+00,4.654849278322809703e+00
3.827854571104177950e+01,3.255990012398616962e+00,4.942295542961926635e+00
3.840061578700075984e+01,3.145191271293775515e+00,5.268448208210207540e+00
3.852018718644729489e+01,3.031700940783255582e+00,5.638626558452799031e+00
3.863708041088702316e+01,2.915454495144447211e+00,6.059697958520404271e+00
3.875110098944282555e+01,2.796389622613853820e+00,6.539378343423742024e+00
3.886203843565484561e+01,2.674447506817826614e+00,7.087666735196833656e+00
3.896966527788759294e+01,2.549574386411507909e+00,7.716097087849039582e+00
3.907373628617588679e+01,2.421723353694500869e+00,8.440088920780773662e+00
3.917398780769251232e+01,2.290856619735446742e+00,9.278002406813417480e+00
3.927013749105314133e+01,2.156948073691670409e+00,1.025484337218651554e+01
3.936188441923997061e+01,2.019986271120769672e+00,1.140125387118458633e+01
3.944890982244697852e+01,1.879977827525200373e+00,1.276176806668162556e+01
3.953087858853801606e+01,1.736951102507779288e+00,1.439035184004993262e+01
3.960744166098680807e+01,1.590960238238313673e+00,1.638009464316816732e+01
3.967823962266288618e+01,1.442089221164496893e+00,1.881817100901756135e+01
3.974290755207251635e+01,1.290455851655327724e+00,2.197964626723432957e+01
3.980108124649508738e+01,1.136215360646208650e+00,2.586676374859909799e+01
3.985240485160299784e+01,9.795632497980957254e-01,3.182772635023747654e+01
3.989653976943613856e+01,8.207369100258768979e-01,3.814644897796397771e+01
3.993317451112444161e+01,6.600156630964055804e-01,5.436355703376624149e+01
3.996203500843873968e+01,4.977188492686305255e-01,6.223591973280654344e+01
3.998289472233918218e+01,3.342016771398277908e-01,1.395657570525029882e+02
3.999571433342438809e+01,1.673191213905210195e-01,1.705461052265292778e+02
3.999999999999997868e+01,-3.309205582990207034e-17,1.147622035961650454e+03
