x,y,stress
1.999999999999998890e+00,5.078791334683214754e-16,1.237296156250042486e+03
2.004838822004261889e+00,1.846037714523459938e-01,1.301429873684671463e+02
2.019308548144076898e+00,3.687034760303174452e-01,1.378585680883830662e+02
2.040594442644485529e+00,5.344845629037482393e-01,4.623902860984550500e+01
2.069495984895093788e+00,6.991093911416025319e-01,4.617005101693757041e+01
2.105325398838245210e+00,8.603246710531665675e-01,2.839628881648774694e+01
2.148138433970439909e+00,1.019828241152954229e+00,2.319933482181475526e+01
2.197658633911546033e+00,1.177379331849472965e+00,1.721547576371030885e+01
2.253586138731714872e+00,1.332772294804982938e+00,1.348808340448280951e+01
2.315605745754320655e+00,1.485836625539658895e+00,1.026380006587267779e+01
2.383394264538219787e+00,1.636435765392252550e+00,8.170957238116189458e+00
2.456626896479340516e+00,1.784464918160163505e+00,6.456761371663204407e+00
2.534982502290807904e+00,1.929848175187981241e+00,5.141715007219740841e+00
2.618147824430762771e+00,2.072535386226550536e+00,4.105262766767554972e+00
2.705820704754019257e+00,2.212498922352096997e+00,3.287814232802438230e+00
2.797712300350459369e+00,2.349730344123954318e+00,2.637009932241466625e+00
2.893548544794063648e+00,2.484237312735960046e+00,2.116307520802271025e+00
2.993070996689822127e+00,2.616040798237387666e+00,1.696147697437536239e+00
3.096037136610207963e+00,2.745172522122508507e+00,1.355239111333523594e+00
3.202220288130051440e+00,2.871672734069701249e+00,1.076353885450203496e+00
3.311409237669912020e+00,2.995588277944728262e+00,8.475154544143265190e-01
3.423407674123511768e+00,3.116970971552245562e+00,6.592085037078634357e-01
3.538033421740310214e+00,3.235876170368098936e+00,5.057422344615134513e-01
3.655117672043365129e+00,3.352361656858512173e+00,3.841208651956893871e-01
3.774504181690842675e+00,3.466486731843308355e+00,2.959766871709768044e-01
3.896124776635710774e+00,3.578380391867838739e+00,2.467010485058294678e-01
4.019771755402186564e+00,3.688030977354482598e+00,2.395205195984849156e-01
4.145242394158636046e+00,3.795432012472871985e+00,2.650485941782278476e-01
4.272498672536397812e+00,3.900711433903458314e+00,3.079574675116514837e-01
4.401434696775251787e+00,4.003927113656986947e+00,3.576246277591345613e-01
4.531952368380153473e+00,4.105135590881935137e+00,4.088499869592424618e-01
4.663960726492589970e+00,4.204391897609824014e+00,4.593828506476034246e-01
4.797375603730519522e+00,4.301749625971286406e+00,5.083002714901082575e-01
4.932118915624259081e+00,4.397260715330106429e+00,5.552974412602823540e-01
5.068117959642837178e+00,4.490975269873660913e+00,6.003131242850254790e-01
5.205305083083586304e+00,4.582941639757836860e+00,6.434214554931403374e-01
5.343617654762177871e+00,4.673206676840660379e+00,6.847328284246940733e-01
5.483034131063083016e+00,4.761838596027181403e+00,7.243936401284223336e-01
5.623463592948271916e+00,4.848856740930614251e+00,7.625306286689806923e-01
5.771125312394896234e+00,4.938043480771900917e+00,8.008484515282336957e-01
5.919782014320433383e+00,5.025561844679401702e+00,8.377348087601779181e-01
6.063245423913863341e+00,5.107973198894716127e+00,8.719015074481611949e-01
6.207536174750123870e+00,5.188927351358476159e+00,9.049749322336367863e-01
6.352362502938038169e+00,5.268322941177411955e+00,9.369743678938114995e-01
6.497938230138694315e+00,5.346336047527060487e+00,9.680316686652888913e-01
6.644229323695132194e+00,5.422999454851380463e+00,9.982134880190383086e-01
6.791203735227305138e+00,5.498344625541847996e+00,1.027566073443052952e+00
6.938831388063170458e+00,5.572401826281616621e+00,1.056138999929765898e+00
7.087083912028117716e+00,5.645200115039517463e+00,1.083980808336522106e+00
7.235934474303175712e+00,5.716767374766951626e+00,1.111127752428600957e+00
7.385358020117815947e+00,5.787130533686364764e+00,1.137619250243929736e+00
7.535330811860794675e+00,5.856315438420886643e+00,1.163489927999219020e+00
7.685830359437276549e+00,5.924346917064347906e+00,1.188777847531176990e+00
7.842371071416196493e+00,5.993676146529147708e+00,1.214401282790150693e+00
7.999432629088291336e+00,6.061817253966091279e+00,1.239447414891893029e+00
8.167724194191006148e+00,6.133307034044428896e+00,1.265568041920609677e+00
8.336561425873634690e+00,6.203498465032084574e+00,1.291077227885075285e+00
8.491664196578481594e+00,6.266673452550865164e+00,1.314122171491013180e+00
8.647188797028881879e+00,6.328802767794684314e+00,1.336434884164217074e+00
8.800962811759472260e+00,6.389068927037103940e+00,1.358059644998154791e+00
8.955117220121566746e+00,6.448355348265066844e+00,1.379249347362750289e+00
9.109638203573117821e+00,6.506679505382748196e+00,1.400147375260235805e+00
9.264512729593098683e+00,6.564058300991281847e+00,1.420480588664287502e+00
9.419728364434551082e+00,6.620508035480876075e+00,1.440449069899775614e+00
9.575273151204056532e+00,6.676044403024762097e+00,1.460058286762239366e+00
9.731135676681322622e+00,6.730682554191559142e+00,1.479392025561639956e+00
9.887305136823083984e+00,6.784437152061346232e+00,1.498198860103033825e+00
1.004377120953773428e+01,6.837322358326630933e+00,1.516697533123171793e+00
1.020052392669104613e+01,6.889351821102900786e+00,1.534832752026397351e+00
1.035959291380405567e+01,6.941197375009749315e+00,1.552852797107408866e+00
1.051893685086428754e+01,6.992191650341428755e+00,1.570514669718747314e+00
1.069568870967873586e+01,7.047680034867415344e+00,1.589711198163967554e+00
1.087275487641447924e+01,7.102157152888549874e+00,1.608364963617174848e+00
1.105415064395309521e+01,7.156840838257314985e+00,1.627315530164672230e+00
1.123585198911452032e+01,7.210500454865862885e+00,1.645640236755124830e+00
1.139874089269356361e+01,7.257675137758262451e+00,1.661747204541421885e+00
1.156185836331383676e+01,7.304053345194996716e+00,1.677516829641269691e+00
1.172093662450528662e+01,7.348467240542444934e+00,1.692564145619390059e+00
1.188021845457867087e+01,7.392145464703133939e+00,1.707298518370021778e+00
1.203969770308568776e+01,7.435097338136344547e+00,1.721732849488875283e+00
1.219936842197017768e+01,7.477331884599757394e+00,1.735795096374863844e+00
1.235922487566197425e+01,7.518857847836473596e+00,1.749797738460333374e+00
1.251926156368456411e+01,7.559683710143148438e+00,1.763323833119092576e+00
1.267947317770006777e+01,7.599817693129821805e+00,1.776614399277796519e+00
1.283985456998277286e+01,7.639267761600935458e+00,1.789611033704910259e+00
1.300040078180850678e+01,7.678041641809154605e+00,1.802327911456113929e+00
1.316110702238495911e+01,7.716146826571371520e+00,1.814769464015183242e+00
1.332273619674351828e+01,7.753767584195408347e+00,1.826991958506690716e+00
1.348451771348791794e+01,7.790727740264846268e+00,1.838951216880855055e+00
1.366144766039120384e+01,7.830363046553341810e+00,1.851697478778538297e+00
1.383854868743748234e+01,7.869226796996815487e+00,1.864129515777972701e+00
1.403480683133836315e+01,7.911362415880349275e+00,1.877518712390826572e+00
1.423126111448486242e+01,7.952573894433994539e+00,1.890507467817990728e+00
1.441433157889409422e+01,7.990120737244684079e+00,1.902265949262882838e+00
1.459756096821922533e+01,8.026884203349547775e+00,1.913692483150671197e+00
1.476245582867741035e+01,8.059280345727856343e+00,1.923696465291659052e+00
1.492747152451118531e+01,8.091055270206387817e+00,1.933446458450256644e+00
1.508976859943714643e+01,8.121684712666951356e+00,1.942779006571102363e+00
1.525217585089072614e+01,8.151724494626732209e+00,1.951867169945960656e+00
1.541469018693093318e+01,8.181179552087192164e+00,1.960714260754643945e+00
1.557730856801469876e+01,8.210054670615127392e+00,1.969322152023142314e+00
1.574002805301668317e+01,8.238354498603751352e+00,1.977694298712652010e+00
1.590284577736791860e+01,8.266083547806790222e+00,1.985832727120318220e+00
1.606575894660972637e+01,8.293246196627098499e+00,1.993741637241572162e+00
1.622876484851189005e+01,8.319846696287063637e+00,2.001423147372641598e+00
1.639186084111077690e+01,8.345889172701665970e+00,2.008879599367104696e+00
1.655504433432809464e+01,8.371377627387532883e+00,2.016116364189455279e+00
1.671995231024742878e+01,8.396563527719354880e+00,2.023201323289697040e+00
1.688494444755652069e+01,8.421192070382808481e+00,2.030077519037001288e+00
1.706707011379747030e+01,8.447721865707679356e+00,2.037401685246925886e+00
1.724929197146598980e+01,8.473582714864585697e+00,2.044474556230433837e+00
1.745301099971177550e+01,8.501693317310978770e+00,2.052071416937756521e+00
1.765684189113553160e+01,8.528980989894639819e+00,2.059343735214616888e+00
1.785055744794717469e+01,8.554144593661904494e+00,2.065976839695065959e+00
1.804436668087609519e+01,8.578576249245760010e+00,2.072332599765084105e+00
1.821665963562813317e+01,8.599675750425310738e+00,2.077763930707975604e+00
1.838902153582760945e+01,8.620204435253796760e+00,2.082993413694620877e+00
1.855308642973085753e+01,8.639210491611276410e+00,2.087783474028734432e+00
1.871720974557354822e+01,8.657705275383632326e+00,2.092397137279047747e+00
1.888138957277708130e+01,8.675691342350294377e+00,2.096835629967782832e+00
1.904562407044949168e+01,8.693171166766520130e+00,2.101102520783851180e+00
1.920991142149699726e+01,8.710147137988355936e+00,2.105201303832788806e+00
1.937424982505273974e+01,8.726621561632754265e+00,2.109135682554216906e+00
1.953863752505206719e+01,8.742596664232605619e+00,2.112909324216099449e+00
1.970307278208021984e+01,8.758074592017573323e+00,2.116525840611426901e+00
1.986755387705582976e+01,8.773057412970038271e+00,2.119988325619084790e+00
2.003207914578607429e+01,8.787547121395791194e+00,2.123301117968672713e+00
2.019665876593741416e+01,8.801546623853910845e+00,2.126465585613536380e+00
2.036127928495739425e+01,8.815056705805593751e+00,2.129493224533856033e+00
2.053680894457045980e+01,8.828921580986900608e+00,2.132560677006621219e+00
2.071238134037039202e+01,8.842234364294684568e+00,2.135481962512523868e+00
2.091010434808791629e+01,8.856564751776415889e+00,2.138584116356094356e+00
2.110787647847780946e+01,8.870200460409307652e+00,2.141498633534165030e+00
2.131708916995180303e+01,8.883868432373693835e+00,2.144388121750439247e+00
2.152635082710572689e+01,8.896765058028742956e+00,2.147066893858743608e+00
2.171398352345487481e+01,8.907672798982618545e+00,2.149312483627802806e+00
2.190165101326002173e+01,8.917964592479274089e+00,2.151409129642690932e+00
2.207001891045441511e+01,8.926673785323343324e+00,2.153166887173755484e+00
2.223841159090141417e+01,8.934889874121513031e+00,2.154815852172351498e+00
2.240340003914596778e+01,8.942461648811599773e+00,2.156322538181534743e+00
2.256840944035415575e+01,8.949562171057785065e+00,2.157725342596523266e+00
2.273343841247197261e+01,8.956192330810846869e+00,2.159024353610957903e+00
2.289848557969360243e+01,8.962352957028247857e+00,2.160222485047021301e+00
2.306354957750529522e+01,8.968044818417190811e+00,2.161321608275976303e+00
2.322862905101136022e+01,8.973268623837840963e+00,2.162323731717707531e+00
2.339372265197397383e+01,8.978025022650140130e+00,2.163230205927619387e+00
2.355882904172447567e+01,8.982314605206241254e+00,2.164043063985446214e+00
2.372394688657714923e+01,8.986137903082324740e+00,2.164764375396318830e+00
2.388907486003203573e+01,8.989495389469091435e+00,2.165395906506844437e+00
2.405550009500825581e+01,8.992408215214057421e+00,2.165940784382215156e+00
2.422193292638079498e+01,8.994848719235768897e+00,2.166402552111723612e+00
2.440492422027601904e+01,8.996987173737618804e+00,2.166803991696697906e+00
2.458792128956978118e+01,8.998555385220836200e+00,2.167102858218748374e+00
2.479395937861451671e+01,8.999638863606122641e+00,2.167311818506386878e+00
2.499999999999983658e+01,8.999999999999992895e+00,2.167377564599788364e+00
2.520604062138518486e+01,8.999638863606122641e+00,2.167314191951457580e+00
2.541207871042994171e+01,8.998555385220837977e+00,2.167107699716834812e+00
2.559507577972376424e+01,8.996987173737622356e+00,2.166810811911593415e+00
2.577806707361893146e+01,8.994848719235770673e+00,2.166411246776735133e+00
2.594449990499159142e+01,8.992408215214057421e+00,2.165949623809186431e+00
2.611092513996771558e+01,8.989495389469094988e+00,2.165404561934519023e+00
2.627605311342259142e+01,8.986137903082331846e+00,2.164771284463972378e+00
2.644117095827526853e+01,8.982314605206246583e+00,2.164047965217540170e+00
2.660627734802577748e+01,8.978025022650143683e+00,2.163231897573718587e+00
2.677137094898839820e+01,8.973268623837848068e+00,2.162322265682460110e+00
2.693645042249444543e+01,8.968044818417201469e+00,2.161317719475364107e+00
2.710151442030614177e+01,8.962352957028254963e+00,2.160216189850583390e+00
2.726656158752777159e+01,8.956192330810853974e+00,2.159016195361050272e+00
2.743159055964559911e+01,8.949562171057793947e+00,2.157715512869054830e+00
2.759659996085377998e+01,8.942461648811612207e+00,2.156312293044748252e+00
2.776158840909833003e+01,8.934889874121521913e+00,2.154805160746852799e+00
2.792998108954532555e+01,8.926673785323352206e+00,2.153155742434942344e+00
2.809834898673971892e+01,8.917964592479284747e+00,2.151397532993261308e+00
2.828601647654483742e+01,8.907672798982634532e+00,2.149300872182870581e+00
2.847364917289396402e+01,8.896765058028758943e+00,2.147055048259991938e+00
2.868291083004789499e+01,8.883868432373709823e+00,2.144375862550271794e+00
2.889212352152189212e+01,8.870200460409327192e+00,2.141485808272860947e+00
2.908989565191178883e+01,8.856564751776435429e+00,2.138570311536688084e+00
2.928761865962932376e+01,8.842234364294704108e+00,2.135466801139655590e+00
2.946319105542928085e+01,8.828921580986918372e+00,2.132543685862068994e+00
2.963872071504237127e+01,8.815056705805611514e+00,2.129474417833632227e+00
2.980334123406233715e+01,8.801546623853930384e+00,2.126445097205260204e+00
2.996792085421368057e+01,8.787547121395812511e+00,2.123278793263378983e+00
3.013244612294393932e+01,8.773057412970057811e+00,2.119964174641088217e+00
3.029692721791954924e+01,8.758074592017592863e+00,2.116500082022949147e+00
3.046136247494770899e+01,8.742596664232626935e+00,2.112882033722595310e+00
3.062575017494704355e+01,8.726621561632772028e+00,2.109106719310962497e+00
3.079008857850279313e+01,8.710147137988371924e+00,2.105170428021066797e+00
3.095437592955030581e+01,8.693171166766539670e+00,2.101069858740075347e+00
3.111861042722271975e+01,8.675691342350313917e+00,2.096801712541739970e+00
3.128279025442624572e+01,8.657705275383651866e+00,2.092361868857847362e+00
3.144691357026894352e+01,8.639210491611294174e+00,2.087747142234000375e+00
3.161097846417219515e+01,8.620204435253816300e+00,2.082956435279029961e+00
3.178334036437166432e+01,8.599675750425333831e+00,2.077727268319837783e+00
3.195563331912368454e+01,8.578576249245783103e+00,2.072296660549850511e+00
3.214944255205261214e+01,8.554144593661924034e+00,2.065941755773113897e+00
3.234315810886426590e+01,8.528980989894662912e+00,2.059309645609418649e+00
3.254698900028804331e+01,8.501693317311000087e+00,2.052038755423755578e+00
3.275070802853385743e+01,8.473582714864603460e+00,2.044442888310399109e+00
3.293292988620238759e+01,8.447721865707695343e+00,2.037370860601898315e+00
3.311505555244334431e+01,8.421192070382824468e+00,2.030047362266179434e+00
3.328004768975242911e+01,8.396563527719372644e+00,2.023171924465329674e+00
3.344495566567174905e+01,8.371377627387550646e+00,2.016087493573740730e+00
3.360813915888906678e+01,8.345889172701683734e+00,2.008850538471948166e+00
3.377123515148795718e+01,8.319846696287081400e+00,2.001393970278354306e+00
3.393424105339011732e+01,8.293246196627119815e+00,1.993712070329950237e+00
3.409715422263191442e+01,8.266083547806811538e+00,1.985802523525349583e+00
3.425997194698315695e+01,8.238354498603770892e+00,1.977662879882173597e+00
3.442269143198515025e+01,8.210054670615148709e+00,1.969289599209589126e+00
3.458530981306889629e+01,8.181179552087218809e+00,1.960680325981491778e+00
3.474782414910907846e+01,8.151724494626762407e+00,1.951831536477239171e+00
3.491023140056266527e+01,8.121684712666978001e+00,1.942741748871900764e+00
3.507252847548863883e+01,8.091055270206416239e+00,1.933407933794847766e+00
3.523754417132239070e+01,8.059280345727891870e+00,1.923657627021907235e+00
3.540243903178054552e+01,8.026884203349586855e+00,1.913654065872308685e+00
3.558566842110565887e+01,7.990120737244728488e+00,1.902226797176270967e+00
3.576873888551487113e+01,7.952573894434043389e+00,1.890468605600686969e+00
3.596519316866135796e+01,7.911362415880400789e+00,1.877479624742462105e+00
3.616145131256222101e+01,7.869226796996872331e+00,1.864089710938651168e+00
3.633855233960854036e+01,7.830363046553390660e+00,1.851656746347573268e+00
3.651548228651189021e+01,7.790727740264884460e+00,1.838908645241671858e+00
3.667726380325628099e+01,7.753767584195449203e+00,1.826947905916175952e+00
3.683889297761484727e+01,7.716146826571407047e+00,1.814722435612754925e+00
3.699959921819129249e+01,7.678041641809191908e+00,1.802276898992572374e+00
3.716014543001703174e+01,7.639267761600977202e+00,1.789555424024687813e+00
3.732052682229974749e+01,7.599817693129860885e+00,1.776553600216252526e+00
3.748073843631524937e+01,7.559683710143185742e+00,1.763268881594707294e+00
3.764077512433784989e+01,7.518857847836510011e+00,1.749698405379290111e+00
3.780063157802966600e+01,7.477331884599792033e+00,1.735839175474552354e+00
3.796030229691415769e+01,7.435097338136380962e+00,1.721688140164376879e+00
3.811978154542116215e+01,7.392145464703168578e+00,1.707241833237830519e+00
3.827906337549455884e+01,7.348467240542476020e+00,1.692497456022058033e+00
3.843814163668602646e+01,7.304053345195029578e+00,1.677452984986933959e+00
3.860125910730629784e+01,7.257675137758294426e+00,1.661688661548750057e+00
3.876414801088533579e+01,7.210500454865893083e+00,1.645605184962821488e+00
3.894584935604675024e+01,7.156840838257349624e+00,1.627254422470434392e+00
3.912724512358537510e+01,7.102157152888586289e+00,1.608472752036847586e+00
3.930431129032112381e+01,7.047680034867450871e+00,1.589702362077120457e+00
3.948106314913557213e+01,6.992191650341461617e+00,1.570513512272026624e+00
3.964040708619583597e+01,6.941197375009772408e+00,1.552816151585462823e+00
3.979947607330888815e+01,6.889351821102915885e+00,1.534781246675765320e+00
3.995622879046217690e+01,6.837322358326651361e+00,1.516624810062501272e+00
4.011269486317681299e+01,6.784437152061369325e+00,1.498117630460681582e+00
4.026886432331858146e+01,6.730682554191580458e+00,1.479250438854621263e+00
4.042472684879584222e+01,6.676044403024788743e+00,1.460015264798291135e+00
4.058027163556533878e+01,6.620508035480907161e+00,1.440404321769236606e+00
4.073548727040678585e+01,6.564058300991312045e+00,1.420407730017523074e+00
4.089036179642677382e+01,6.506679505382774842e+00,1.400017250372326494e+00
4.104488277987833555e+01,6.448355348265092601e+00,1.379220625077259399e+00
4.119903718824042471e+01,6.389068927037134138e+00,1.358007495993201141e+00
4.135281120297101154e+01,6.328802767794714512e+00,1.336365433007788539e+00
4.150833580342141715e+01,6.266673452550893586e+00,1.313967294204365643e+00
4.166343857412627472e+01,6.203498465032110332e+00,1.291105671779173347e+00
4.183227580580888372e+01,6.133307034044464423e+00,1.265596473698604063e+00
4.200056737091159675e+01,6.061817253966124142e+00,1.239462219577431412e+00
4.215762892858367650e+01,5.993676146529187676e+00,1.214417196379729891e+00
4.231416964056260355e+01,5.924346917064394091e+00,1.188798248916068889e+00
4.246466918813907654e+01,5.856315438420935493e+00,1.163504620070311857e+00
4.261464197988204461e+01,5.787130533686410949e+00,1.137625719502477706e+00
4.276406552569670083e+01,5.716767374766991594e+00,1.111126731509982202e+00
4.291291608797178725e+01,5.645200115039553879e+00,1.083974207439684534e+00
4.306116861193672918e+01,5.572401826281658366e+00,1.056134260983741857e+00
4.320879626477257318e+01,5.498344625541889741e+00,1.027563332666757034e+00
4.335577067630473636e+01,5.422999454851426648e+00,9.982202965852335907e-01
4.350206176986117868e+01,5.346336047527114665e+00,9.680505827157739329e-01
4.364763749706184370e+01,5.268322941177466134e+00,9.370017137775769056e-01
4.379246382524974734e+01,5.188927351358524120e+00,9.050065442278202310e-01
4.393675457608605228e+01,5.107973198894740996e+00,8.719376733016626080e-01
4.408021798567953908e+01,5.025561844679402590e+00,8.377744724471020143e-01
4.422887468760506380e+01,4.938043480771909799e+00,8.008987104278506575e-01
4.437653640705168101e+01,4.848856740930619580e+00,7.625935045864977724e-01
4.451696586893686458e+01,4.761838596027190285e+00,7.244671161676956572e-01
4.465638234523778749e+01,4.673206676840669260e+00,6.848182145976222657e-01
4.479469491691634886e+01,4.582941639757861729e+00,6.435196967395573342e-01
4.493188204035707400e+01,4.490975269873693776e+00,6.004261645357996668e-01
4.506788108437564944e+01,4.397260715330139291e+00,5.554303863609422187e-01
4.520262439626942808e+01,4.301749625971307722e+00,5.084535986778391248e-01
4.533603927350732476e+01,4.204391897609869311e+00,4.595543691978645762e-01
4.546804763161973995e+01,4.105135590881987540e+00,4.090396711017985076e-01
4.559856530322463897e+01,4.003927113657041126e+00,3.578270720047289633e-01
4.572750132746353557e+01,3.900711433903499614e+00,3.081562428252772046e-01
4.585475760584129290e+01,3.795432012472912398e+00,2.651962757229011647e-01
4.598022824459774682e+01,3.688030977354503470e+00,2.395502291881248524e-01
4.610387522336420574e+01,3.578380391867876931e+00,2.465786358973513503e-01
4.622549581830909915e+01,3.466486731843340774e+00,2.957450447690272433e-01
4.634488232795654739e+01,3.352361656858569461e+00,3.840179106476013793e-01
4.646196657825959875e+01,3.235876170368154892e+00,5.059439116065638231e-01
4.657659232587636922e+01,3.116970971552337488e+00,6.599767759721183458e-01
4.668859076232998007e+01,2.995588277944825073e+00,8.493797393326362188e-01
4.679777971186982199e+01,2.871672734069824706e+00,1.078911538426391648e+00
4.690396286338965837e+01,2.745172522122622638e+00,1.358548122748416187e+00
4.700692900331002733e+01,2.616040798237532883e+00,1.700139452657596140e+00
4.710645145520581423e+01,2.484237312736095049e+00,2.121279038972666786e+00
4.720228769964941051e+01,2.349730344124103087e+00,2.643787790844378094e+00
4.729417929524586128e+01,2.212498922352218234e+00,3.297406833072549670e+00
4.738185217556912932e+01,2.072535386226674436e+00,4.120224508690336407e+00
4.746501749770911971e+01,1.929848175188069392e+00,5.164949124453380058e+00
4.754337310352058665e+01,1.784464918160263425e+00,6.496770747269486002e+00
4.761660573546171094e+01,1.636435765392325381e+00,8.222646391849343317e+00
4.768439425424561051e+01,1.485836625539732836e+00,1.042493553318309552e+01
4.774641386126824472e+01,1.332772294805036228e+00,1.342358635495961572e+01
4.780234136608840601e+01,1.177379331849550903e+00,1.709065176681683695e+01
4.785186156602950547e+01,1.019828241153036386e+00,2.308627156478025810e+01
4.789467460116169661e+01,8.603246710532503894e-01,2.843612040866964108e+01
4.793050401510486580e+01,6.991093911416791373e-01,4.595778411624521453e+01
4.795940555735548827e+01,5.344845629037758838e-01,4.667359827598858857e+01
4.798069145185588980e+01,3.687034760302914105e-01,1.375391065374254538e+02
4.799516117799570480e+01,1.846037714523309781e-01,1.295219333226365563e+02
4.799999999999997868e+01,-3.582792812880232014e-17,1.235642672884443073e+03
