x,y,stress
5.999999999999997335e+00,5.663765929197707035e-16,9.196321496546627259e+02
6.003574850603560442e+00,1.939754270774045053e-01,1.392015961177928318e+02
6.014284062251788576e+00,3.876880586050464594e-01,1.129166073724618968e+02
6.029782914540830596e+00,5.596951412356295785e-01,5.291148216483075117e+01
6.050847578844604335e+00,7.311097548484485342e-01,4.632731958822856200e+01
6.076273089309964348e+00,8.951330097586225332e-01,3.334882046312140602e+01
6.106700031540665208e+00,1.058302657909413691e+00,2.804945098318119534e+01
6.142040057885483684e+00,1.220479314317587827e+00,2.299261140074480636e+01
6.182193438699301602e+00,1.381531951227600530e+00,1.960157340128923309e+01
6.227050468325669108e+00,1.541338580855419416e+00,1.680358233801880274e+01
6.276492925014859559e+00,1.699786756462825732e+00,1.460685233870643884e+01
6.330395544012943354e+00,1.856773887112755705e+00,1.279404139891063252e+01
6.388627466303188562e+00,2.012207371884674689e+00,1.127455037437328045e+01
6.451053631327110516e+00,2.166004568975932187e+00,9.928035074604609989e+00
6.517536071165166867e+00,2.318092581983741240e+00,8.861460546574305042e+00
6.587935126992259249e+00,2.468407985160933737e+00,7.915303668205360133e+00
6.662110559722251857e+00,2.616896455174574143e+00,7.097654885890754883e+00
6.739922511743440481e+00,2.763512264136873231e+00,6.381308149879318492e+00
6.821232352590096859e+00,2.908217739692724901e+00,5.751870720149740990e+00
6.905903419376893559e+00,3.050982718531285443e+00,5.196262073303043572e+00
6.993801644578231169e+00,3.191783981107062740e+00,4.704361812542996901e+00
7.084796049506420168e+00,3.330604638951098373e+00,4.267684996574055312e+00
7.178759150057390848e+00,3.467433553551211745e+00,3.879365948418653343e+00
7.275567264668732825e+00,3.602264762022802103e+00,3.533523510552185609e+00
7.375100781834139418e+00,3.735096981297051144e+00,3.225481223050495672e+00
7.477244280279993660e+00,3.865933034023119497e+00,2.951101758820721344e+00
7.581886659001287221e+00,3.994779406198686544e+00,2.707099324719448141e+00
7.688921188365745785e+00,4.121645799126748777e+00,2.490482239489717475e+00
7.798245450152681890e+00,4.246544640872998322e+00,2.298939308875897591e+00
7.909761367374997576e+00,4.369490784683343954e+00,2.130290273584083405e+00
8.023375123347586069e+00,4.490501141064553003e+00,1.982852694004980432e+00
8.138997081256974298e+00,4.609594371508699773e+00,1.854961583312661144e+00
8.256541632134096531e+00,4.726790560011191467e+00,1.745309300666549435e+00
8.375927135476308294e+00,4.842111023881217058e+00,1.652516905042129780e+00
8.497075716050435545e+00,4.955578017171523797e+00,1.575431164570956888e+00
8.619913140734659862e+00,5.067214549599063034e+00,1.512773910028662572e+00
8.744368764696845986e+00,5.177044289352365602e+00,1.463388283664854406e+00
8.870375247554330045e+00,5.285091280795561453e+00,1.426005384237783780e+00
8.997868524569488713e+00,5.391379911733321428e+00,1.399413585295029350e+00
9.128241848348471521e+00,5.497098030071088992e+00,1.382240266145729590e+00
9.260013075221289469e+00,5.601068645754890163e+00,1.373620352874856065e+00
9.391641143865156138e+00,5.702192167709182691e+00,1.372340629282348345e+00
9.524527795410737241e+00,5.801656083297264566e+00,1.377172392391489364e+00
9.658622688372688003e+00,5.899484511550013188e+00,1.387164023271868718e+00
9.793878388603292962e+00,5.995701727704100037e+00,1.401435438609365258e+00
9.930249744385584165e+00,6.090331723959674370e+00,1.419200656604900246e+00
1.006769320170067417e+01,6.183397789404473599e+00,1.439962683778371222e+00
1.020616753847650493e+01,6.274923073997884515e+00,1.462438382083009358e+00
1.034563340763497585e+01,6.364930312913738675e+00,1.488583982764740909e+00
1.048605321330658313e+01,6.453441794094024075e+00,1.514362933210517514e+00
1.062739128570559721e+01,6.540479510613141478e+00,1.541158618344409037e+00
1.076999128469946676e+01,6.626289702771921419e+00,1.568954360807204074e+00
1.091344726911565033e+01,6.710661137139244836e+00,1.597372747402794779e+00
1.106438236711909617e+01,6.797395647400264806e+00,1.627423985975208653e+00
1.121618545128778344e+01,6.882601946437490348e+00,1.657727172095408985e+00
1.136178565522053496e+01,6.962485735267923914e+00,1.686500463380158799e+00
1.150811902454088376e+01,7.041018477701673994e+00,1.715719740572065222e+00
1.165508268339381814e+01,7.118178939611458311e+00,1.744524706492360577e+00
1.180272811093679941e+01,7.194026736722769932e+00,1.772712005696664761e+00
1.195103166834901209e+01,7.268579697944129059e+00,1.800694390147124846e+00
1.209997059625951721e+01,7.341855143497263647e+00,1.828294023401115798e+00
1.224952308711136872e+01,7.413869956159230057e+00,1.855454652912165159e+00
1.239966834028721188e+01,7.484640635824461263e+00,1.882170578118915305e+00
1.255038640161890484e+01,7.554183248840669052e+00,1.908338191218222679e+00
1.270165802824507395e+01,7.622513394930328978e+00,1.934126299109955482e+00
1.285346475651780551e+01,7.689646267360517484e+00,1.959441257002914272e+00
1.300578892375186335e+01,7.755596686314819799e+00,1.983961814635732956e+00
1.316595147057311621e+01,7.823455312089953928e+00,2.009080885718860898e+00
1.332664478340511316e+01,7.890047343829195370e+00,2.033704024613358197e+00
1.349075301814857752e+01,7.956551576824337779e+00,2.058216611274378494e+00
1.365537429232801436e+01,8.021775550252115750e+00,2.081727841533397072e+00
1.381016022126404685e+01,8.081775361821957659e+00,2.103232085626592696e+00
1.396536773147823141e+01,8.140676067851440934e+00,2.124244766498780912e+00
1.412096494495921917e+01,8.198483007290390034e+00,2.144820386239693732e+00
1.427695730860811985e+01,8.255215013174156624e+00,2.164470050970860537e+00
1.443333242866451194e+01,8.310883570149995236e+00,2.183635676638543188e+00
1.459007820217578200e+01,8.365499790736022234e+00,2.202202522975306831e+00
1.474718291612625620e+01,8.419074469049967036e+00,2.220185059495413782e+00
1.490463544873997392e+01,8.471618162269978214e+00,2.237577881874612373e+00
1.506242502376132109e+01,8.523141117740463457e+00,2.254387330523215383e+00
1.522054109379796927e+01,8.573653250273743254e+00,2.270620077758324307e+00
1.537897348004855580e+01,8.623164202274477219e+00,2.286274119029502838e+00
1.553771241078519871e+01,8.671683366230151790e+00,2.301377533342786830e+00
1.570527169180222415e+01,8.721737508869725986e+00,2.316675154258565961e+00
1.587314993121077045e+01,8.770711266934627659e+00,2.331376482268975092e+00
1.605142188074544052e+01,8.821450651169822521e+00,2.346308631583952753e+00
1.623002849308987905e+01,8.870999153111837288e+00,2.360537546685675725e+00
1.639275266328746739e+01,8.915039011550465631e+00,2.372927029972651702e+00
1.655573564917559892e+01,8.958111191234127801e+00,2.384790226576102956e+00
1.671645961662148849e+01,8.999583842593601446e+00,2.395957407911390558e+00
1.687741897797446455e+01,9.040133317549393865e+00,2.406627314589628419e+00
1.703860637184297744e+01,9.079766728817112664e+00,2.416810785504417858e+00
1.720001460546161454e+01,9.118490967226275501e+00,2.426516819142421788e+00
1.736163666022253338e+01,9.156312711046810549e+00,2.435755527342633897e+00
1.752346577893078461e+01,9.193238452928577331e+00,2.444537775464448615e+00
1.768549537509762004e+01,9.229274484204438522e+00,2.452875539790218884e+00
1.784771897133349583e+01,9.264426888062724075e+00,2.460779912220701249e+00
1.801013031818210308e+01,9.298701571873937866e+00,2.468260895954125012e+00
1.817272325208070072e+01,9.332104242158640872e+00,2.475335895753380644e+00
1.833766251116688650e+01,9.365068282150003753e+00,2.482091947411804611e+00
1.850277601667768934e+01,9.397148157458447670e+00,2.488472688059855109e+00
1.868586795958921343e+01,9.431657315467672831e+00,2.495079521398150924e+00
1.886915856419249948e+01,9.465095277487034053e+00,2.501215288227004230e+00
1.905005307402213433e+01,9.497019966745689601e+00,2.506850228005677916e+00
1.923112606022812798e+01,9.527916316070609071e+00,2.512061312861012308e+00
1.939607857379867895e+01,9.555147771396859113e+00,2.516476193497164893e+00
1.956116796244378264e+01,9.581536753361925562e+00,2.520590779657178704e+00
1.972520611531756174e+01,9.606907566148422006e+00,2.524382712769364101e+00
1.988936934487107422e+01,9.631456057698281725e+00,2.527893280364685413e+00
2.005365289403431106e+01,9.655186057951331335e+00,2.531137695690912626e+00
2.021805207903053514e+01,9.678101249201116474e+00,2.534125202972435709e+00
2.038256230309788464e+01,9.700205171249152158e+00,2.536869374244058228e+00
2.054717905754683471e+01,9.721501224289607279e+00,2.539381608247754052e+00
2.071189791007520853e+01,9.741992669973805974e+00,2.541672287387302109e+00
2.087671449170973403e+01,9.761682632434716567e+00,2.543756668179554037e+00
2.104162450254407446e+01,9.780574101582612201e+00,2.545642416251162832e+00
2.120662371616003483e+01,9.798669935876185733e+00,2.547352065619486350e+00
2.137570974368432175e+01,9.816382374332544458e+00,2.548918069481080018e+00
2.154488056158256981e+01,9.833265797843777634e+00,2.550337421494091483e+00
2.173378265947854615e+01,9.851133268391011555e+00,2.551734112243344121e+00
2.192277898202190656e+01,9.867974878426185370e+00,2.552936729786671854e+00
2.210734033684271438e+01,9.883427468465390220e+00,2.553967779223243362e+00
2.229198045217268387e+01,9.897908647966300322e+00,2.554847586041377738e+00
2.245924628661268940e+01,9.910186294973602372e+00,2.555540353455350910e+00
2.262656841016729814e+01,9.921671382190242028e+00,2.556151553063823467e+00
2.279221892879771261e+01,9.932259519002160530e+00,2.556672893892714793e+00
2.295791705141256855e+01,9.942074576184678492e+00,2.557121006667764984e+00
2.312365908279332061e+01,9.951117989535967823e+00,2.557502626584532646e+00
2.328944135104412538e+01,9.959391079135787805e+00,2.557824619538517030e+00
2.345526021162429586e+01,9.966895050570576231e+00,2.558094892109778140e+00
2.362111204702704370e+01,9.973630995735630833e+00,2.558318607709939574e+00
2.378699325906896078e+01,9.979599893256695609e+00,2.558502234204035553e+00
2.395290026950375406e+01,9.984802609228767167e+00,2.558650442123971303e+00
2.411882951724069812e+01,9.989239897717885341e+00,2.558768672204859929e+00
2.428477745361814755e+01,9.992912401166204717e+00,2.558863526919101794e+00
2.445392106031363610e+01,9.995868922217166386e+00,2.558933128606911023e+00
2.462307667384798648e+01,9.998032061294409800e+00,2.558995622558372318e+00
2.481153576807798800e+01,9.999508038221197381e+00,2.559041771482212013e+00
2.499999999999992184e+01,9.999999999999992895e+00,2.559048775631094674e+00
2.518846423192187700e+01,9.999508038221195605e+00,2.559042474882648577e+00
2.537692332615188917e+01,9.998032061294411577e+00,2.558997113404973156e+00
2.554607893968629639e+01,9.995868922217168162e+00,2.558932991164093007e+00
2.571522254638171745e+01,9.992912401166206493e+00,2.558861126997836966e+00
2.588117048275917753e+01,9.989239897717885341e+00,2.558761418308364899e+00
2.604709973049612515e+01,9.984802609228768944e+00,2.558638084811332369e+00
2.621300674093090421e+01,9.979599893256699161e+00,2.558482993579036524e+00
2.637888795297281774e+01,9.973630995735634386e+00,2.558292253486642576e+00
2.654473978837556913e+01,9.966895050570579784e+00,2.558060924667551195e+00
2.671055864895574317e+01,9.959391079135793134e+00,2.557782988785437972e+00
2.687634091720654084e+01,9.951117989535974928e+00,2.557451789198518899e+00
2.704208294858727868e+01,9.942074576184683821e+00,2.557060425784559499e+00
2.720778107120213463e+01,9.932259519002165860e+00,2.556600653899602005e+00
2.737343158983254554e+01,9.921671382190250910e+00,2.556066912960694548e+00
2.754075371338714362e+01,9.910186294973613030e+00,2.555437867949863051e+00
2.770801954782714560e+01,9.897908647966309204e+00,2.554727944201623302e+00
2.789265966315712575e+01,9.883427468465399102e+00,2.553833925693818507e+00
2.807722101797794778e+01,9.867974878426197805e+00,2.552786731720451119e+00
2.826621734052133661e+01,9.851133268391020437e+00,2.551596698147839515e+00
2.845511943841735203e+01,9.833265797843781186e+00,2.550210681640806332e+00
2.862429025631561075e+01,9.816382374332546235e+00,2.548798402147149478e+00
2.879337628383991188e+01,9.798669935876189285e+00,2.547237911237759000e+00
2.895837549745587935e+01,9.780574101582615754e+00,2.545527578408023128e+00
2.912328550829022333e+01,9.761682632434718343e+00,2.543640915259474333e+00
2.928810208992476305e+01,9.741992669973804198e+00,2.541557028030091203e+00
2.945282094245316173e+01,9.721501224289605503e+00,2.539267040310606571e+00
2.961743769690211536e+01,9.700205171249150382e+00,2.536758250566267581e+00
2.978194792096948262e+01,9.678101249201109368e+00,2.534018235932538055e+00
2.994634710596572802e+01,9.655186057951320677e+00,2.531036315497582123e+00
3.011063065512898618e+01,9.631456057698269291e+00,2.527797762362570477e+00
3.027479388468249155e+01,9.606907566148411348e+00,2.524291844054936007e+00
3.043883203755626354e+01,9.581536753361914904e+00,2.520504663277062907e+00
3.060392142620136369e+01,9.555147771396844902e+00,2.516392547176686811e+00
3.076887393977192886e+01,9.527916316070596636e+00,2.511980635497424785e+00
3.094994692597790475e+01,9.497019966745677166e+00,2.506767309339282157e+00
3.113084143580751828e+01,9.465095277487025172e+00,2.501130436404080282e+00
3.131413204041078657e+01,9.431657315467665725e+00,2.494990857367892723e+00
3.149722398332230355e+01,9.397148157458444118e+00,2.488379288636024089e+00
3.166233748883310284e+01,9.365068282150003753e+00,2.481997016919482046e+00
3.182727674791928152e+01,9.332104242158637319e+00,2.475238226787062512e+00
3.198986968181786494e+01,9.298701571873936089e+00,2.468160364355258540e+00
3.215228102866646509e+01,9.264426888062725851e+00,2.460676525575609119e+00
3.231450462490233377e+01,9.229274484204442075e+00,2.452769875459474669e+00
3.247653422106916565e+01,9.193238452928579107e+00,2.444429216580017439e+00
3.263836333977742754e+01,9.156312711046808772e+00,2.435643677210244995e+00
3.279998539453835349e+01,9.118490967226275501e+00,2.426401563389945171e+00
3.296139362815698348e+01,9.079766728817116217e+00,2.416693796092612256e+00
3.312258102202548571e+01,9.040133317549393865e+00,2.406507586643263252e+00
3.328354038337846532e+01,8.999583842593601446e+00,2.395835066039090133e+00
3.344426435082436200e+01,8.958111191234129578e+00,2.384666087929913747e+00
3.360724733671249709e+01,8.915039011550467407e+00,2.372804886984072326e+00
3.376997150691009608e+01,8.870999153111831959e+00,2.360421619091204626e+00
3.394857811925453461e+01,8.821450651169817192e+00,2.346195766426527829e+00
3.412685006878919580e+01,8.770711266934629435e+00,2.331275559635359151e+00
3.429472830819775453e+01,8.721737508869725986e+00,2.316577697245344236e+00
3.446228758921478175e+01,8.671683366230146461e+00,2.301272300566934881e+00
3.462102651995143532e+01,8.623164202274468337e+00,2.286161714379821408e+00
3.477945890620204494e+01,8.573653250273730819e+00,2.270496988480251943e+00
3.493757497623868602e+01,8.523141117740452799e+00,2.254258516895460307e+00
3.509536455126002608e+01,8.471618162269964003e+00,2.237442314059832960e+00
3.525281708387373669e+01,8.419074469049956377e+00,2.220045135543114334e+00
3.540992179782421090e+01,8.365499790736015129e+00,2.202059552808075971e+00
3.556666757133546497e+01,8.310883570149993460e+00,2.183483174863473320e+00
3.572304269139183930e+01,8.255215013174158400e+00,2.164310998616904236e+00
3.587903505504074531e+01,8.198483007290388258e+00,2.144542708498277328e+00
3.603463226852174728e+01,8.140676067851437381e+00,2.124174673872399222e+00
3.618983977873592295e+01,8.081775361821957659e+00,2.103203056138946092e+00
3.634462570767195899e+01,8.021775550252112197e+00,2.081639762934747395e+00
3.650924698185140471e+01,7.956551576824331562e+00,2.057992664738164112e+00
3.667335521659487796e+01,7.890047343829192705e+00,2.033656489880215634e+00
3.683404852942690155e+01,7.823455312089937053e+00,2.009102818131256019e+00
3.699421107624816329e+01,7.755596686314791377e+00,1.983910368598306162e+00
3.714653524348223357e+01,7.689646267360487286e+00,1.959280358835864266e+00
3.729834197175496513e+01,7.622513394930298780e+00,1.934102070263407525e+00
3.744961359838114134e+01,7.554183248840636189e+00,1.908382936532584173e+00
3.760033165971283609e+01,7.484640635824421295e+00,1.882142485403128562e+00
3.775047691288867924e+01,7.413869956159186536e+00,1.855407464074992019e+00
3.790002940374053964e+01,7.341855143497224567e+00,1.828204129427789315e+00
3.804896833165103942e+01,7.268579697944088203e+00,1.800570787643661852e+00
3.819727188906325921e+01,7.194026736722721971e+00,1.772548832814587971e+00
3.834491731660622804e+01,7.118178939611414791e+00,1.744193118691338862e+00
3.849188097545916065e+01,7.041018477701635803e+00,1.715565162962341628e+00
3.863821434477953431e+01,6.962485735267873288e+00,1.686727087033967232e+00
3.878381454871229295e+01,6.882601946437424623e+00,1.657786493051107923e+00
3.893561763288099087e+01,6.797395647400196417e+00,1.627474291659558148e+00
3.908655273088444204e+01,6.710661137139175558e+00,1.597329919578364565e+00
3.923000871530062028e+01,6.626289702771855694e+00,1.568832274287707662e+00
3.937260871429446496e+01,6.540479510613079306e+00,1.540863711436356143e+00
3.951394678669349503e+01,6.453441794093953909e+00,1.513731432204840521e+00
3.965436659236511474e+01,6.364930312913663180e+00,1.487651079487588790e+00
3.979383246152358566e+01,6.274923073997809908e+00,1.462961038647837775e+00
3.993230679829940755e+01,6.183397789404395439e+00,1.440075213152756328e+00
4.006975025561449399e+01,6.090331723959597987e+00,1.419468668175450476e+00
4.020612161139678165e+01,5.995701727704028983e+00,1.401720219437320836e+00
4.034137731162738305e+01,5.899484511549943910e+00,1.387481507118951685e+00
4.047547220458932316e+01,5.801656083297191735e+00,1.377528888961814024e+00
4.060835885613490603e+01,5.702192167709108972e+00,1.372714586195636910e+00
4.073998692477878336e+01,5.601068645754813780e+00,1.374019128810702650e+00
4.087175815165159065e+01,5.497098030071019714e+00,1.382631441140587336e+00
4.100213147543054504e+01,5.391379911733263697e+00,1.399796988355328287e+00
4.112962475244570726e+01,5.285091280795500168e+00,1.426347553137404134e+00
4.125563123530320553e+01,5.177044289352296325e+00,1.463682479481842824e+00
4.138008685926538277e+01,5.067214549598995532e+00,1.513016411982326836e+00
4.150292428394960353e+01,4.955578017171455407e+00,1.575618310683029488e+00
4.162407286452372546e+01,4.842111023881152221e+00,1.652654776665691605e+00
4.174345836786594077e+01,4.726790560011125741e+00,1.745401015731368854e+00
4.186100291874306123e+01,4.609594371508640265e+00,1.855033308082523869e+00
4.197662487665243702e+01,4.490501141064493495e+00,1.982917952610123269e+00
4.209023863262502374e+01,4.369490784683287998e+00,2.130380406446899411e+00
4.220175454984734387e+01,4.246544640872938814e+00,2.299080586161284412e+00
4.231107881163428175e+01,4.121645799126685716e+00,2.490714677060846149e+00
4.241811334099873676e+01,3.994779406198615934e+00,2.707468466055071410e+00
4.252275571972003121e+01,3.865933034023050663e+00,2.951661985530571908e+00
4.262489921816588634e+01,3.735096981296983198e+00,3.226306442931440088e+00
4.272443273533128405e+01,3.602264762022741262e+00,3.534687408917390528e+00
4.282124084994261182e+01,3.467433553551150016e+00,3.880991484810423664e+00
4.291520395049357717e+01,3.330604638951042418e+00,4.269904251251253946e+00
4.300619835542178038e+01,3.191783981107011225e+00,4.707391080182047993e+00
4.309409658062310911e+01,3.050982718531231708e+00,5.200276886286899547e+00
4.317876764740989159e+01,2.908217739692669834e+00,5.757243768838513631e+00
4.326007748825655597e+01,2.763512264136813279e+00,6.388410730226587120e+00
4.333788944027776324e+01,2.616896455174499092e+00,7.107017531765770002e+00
4.341206487300774342e+01,2.468407985160870677e+00,7.928833594597910484e+00
4.348246392883481093e+01,2.318092581983687062e+00,8.875107116298881493e+00
4.354894636867287261e+01,2.166004568975879341e+00,9.971811112049252301e+00
4.361137253369681588e+01,2.012207371884618734e+00,1.125614462521494730e+01
4.366960445598704865e+01,1.856773887112709964e+00,1.277272886540685093e+01
4.372350707498511468e+01,1.699786756462787318e+00,1.459857458787578111e+01
4.377294953167430691e+01,1.541338580855392326e+00,1.680256917652237192e+01
4.381780656130067797e+01,1.381531951227586985e+00,1.961044595338086083e+01
4.385795994211449766e+01,1.220479314317564734e+00,2.300130344102059965e+01
4.389329996845930282e+01,1.058302657909377054e+00,2.807890386048720188e+01
4.392372691069000012e+01,8.951330097585811219e-01,3.331445776308279960e+01
4.394915242115537524e+01,7.311097548484070119e-01,4.645343076190282261e+01
4.397021708545914720e+01,5.596951412356051536e-01,5.257245072641902794e+01
4.398571593774817501e+01,3.876880586050363564e-01,1.135128718536147119e+02
4.399642514939640137e+01,1.939754270774009248e-01,1.394128631588070562e+02
4.399999999999997868e+01,-3.766913684038080722e-17,9.206967082465100702e+02
