x,y,stress
5.999999999999997335e+00,3.885502664906929739e-16,1.033699824025987027e+03
6.005498446215097097e+00,1.683932990281492847e-01,1.263430458405829029e+02
6.021910501523850989e+00,3.360757334664997709e-01,1.200764357237681423e+02
6.048442655038207327e+00,4.995433810576458966e-01,4.621854967475428566e+01
6.084920590808143182e+00,6.610844281959590285e-01,4.345020115678400430e+01
6.130874825264609917e+00,8.201912517124185786e-01,2.894724281119641773e+01
6.185759485956192627e+00,9.764446504631365542e-01,2.429634985901581956e+01
6.248981913611699746e+00,1.129516744498513914e+00,1.936007602661470628e+01
6.319929356884796512e+00,1.279167273322240783e+00,1.620803267118579072e+01
6.397990944617064635e+00,1.425235263729522472e+00,1.346896223049638230e+01
6.482574279602114409e+00,1.567628102085504738e+00,1.161042814390862965e+01
6.573116934282494661e+00,1.706309818194932992e+00,1.002937665288383684e+01
6.669093517216830413e+00,1.841289675430270556e+00,8.754882815341384017e+00
6.770019190860137037e+00,1.972611768437588786e+00,7.696339491002412103e+00
6.875450634410792183e+00,2.100346102874619980e+00,6.812053167021964839e+00
6.984985204286998872e+00,2.224581166718386349e+00,6.065522848599226968e+00
7.098258909304935749e+00,2.345417899886672597e+00,5.430966587441641735e+00
7.214943739554073865e+00,2.462964970416970711e+00,4.887402880807008465e+00
7.334744830029410245e+00,2.577335279824941594e+00,4.420643714561642845e+00
7.457397326039958863e+00,2.688643130461470410e+00,4.017723546285442815e+00
7.582663279363139885e+00,2.797002103280519236e+00,3.668875745352914830e+00
7.710328995726052348e+00,2.902523761720667395e+00,3.365949191996738143e+00
7.840202403320712499e+00,3.005316607326791623e+00,3.102331973868187820e+00
7.972110613388312395e+00,3.105485348352575503e+00,2.872453320168377289e+00
8.105897933621845297e+00,3.203130590008101297e+00,2.671896500645562167e+00
8.241423889418049598e+00,3.298348537723700069e+00,2.496842214348646394e+00
8.378561388271194232e+00,3.391230806950644716e+00,2.344103644373096706e+00
8.517195252891937685e+00,3.481864465265545050e+00,2.210836268338645549e+00
8.657221291731362456e+00,3.570332363671338438e+00,2.094801440285075866e+00
8.798544830648674875e+00,3.656713050088978623e+00,1.993560919481107918e+00
8.941079378643888020e+00,3.741080752260880438e+00,1.905869863601899583e+00
9.084746269884099945e+00,3.823505895286375189e+00,1.830126829228995833e+00
9.229473424864092834e+00,3.904055028619880741e+00,1.764949265053870286e+00
9.375194810512807564e+00,3.982791124741405842e+00,1.709138355804340703e+00
9.521850089875290024e+00,4.059773915564796276e+00,1.661569994081193213e+00
9.669383777566274318e+00,4.135059916691893989e+00,1.621254344439653217e+00
9.817744660033369541e+00,4.208702571088332789e+00,1.587336344134792299e+00
9.966885477898594914e+00,4.280752490515201458e+00,1.559026036683502481e+00
1.011676276980923816e+01,4.351257731359789105e+00,1.535704941758863296e+00
1.026733625278388295e+01,4.420263816427612014e+00,1.516559723634996137e+00
1.041856856519673435e+01,4.487813911826868285e+00,1.501790323736276189e+00
1.057042512391779887e+01,4.553949026256584709e+00,1.488853792523568975e+00
1.072287363973673280e+01,4.618708037795345334e+00,1.479812309864815933e+00
1.087700971407214112e+01,4.682588756450662970e+00,1.472993108606018176e+00
1.103168747938015493e+01,4.745146527832951655e+00,1.468733656265669207e+00
1.118801679151459005e+01,4.806858809429255253e+00,1.465613749647840303e+00
1.134484326000759324e+01,4.867296605822006406e+00,1.464574446777441308e+00
1.149985963156457025e+01,4.925642186176848902e+00,1.464835731578235878e+00
1.165531440958348774e+01,4.982809495234524100e+00,1.466301408917137783e+00
1.181118773493409968e+01,5.038826073767314284e+00,1.468725768656432340e+00
1.196746064864666970e+01,5.093718086681032986e+00,1.472012234829483290e+00
1.212411528519504778e+01,5.147510504911676499e+00,1.475927194978621682e+00
1.228113516959639817e+01,5.200227300026374344e+00,1.480660860127523071e+00
1.243850472987121414e+01,5.251891360232992412e+00,1.485554937501565531e+00
1.259620902458023473e+01,5.302524486960026096e+00,1.490955209182048158e+00
1.275423405962105683e+01,5.352147576870089019e+00,1.496688304445829010e+00
1.291256659867338819e+01,5.400780628570243103e+00,1.502702774669526731e+00
1.307320223348165023e+01,5.449039473361291464e+00,1.508978569990558238e+00
1.323412803149413719e+01,5.496321757763398708e+00,1.515434159564529537e+00
1.340436300834190320e+01,5.545210539835186303e+00,1.522267738365129519e+00
1.357489549251090644e+01,5.593051279152708943e+00,1.529455729072003223e+00
1.373501369489339297e+01,5.636963508875508566e+00,1.536023103715299376e+00
1.389537283390421329e+01,5.679987593037432170e+00,1.542476074291460719e+00
1.405557927429949139e+01,5.722038624656506478e+00,1.548982718180274665e+00
1.421600767276203392e+01,5.763234790358803927e+00,1.555447209292542654e+00
1.437664969229031087e+01,5.803589724867117994e+00,1.561836249192213089e+00
1.453749747966394246e+01,5.843116557701612201e+00,1.568138212948763766e+00
1.469854349318241482e+01,5.881827899610349242e+00,1.574338825700170919e+00
1.485978050466806621e+01,5.919735872471701299e+00,1.580422682170891546e+00
1.502120158568830988e+01,5.956852133091137702e+00,1.586383578058322863e+00
1.518280014799700162e+01,5.993187907239696521e+00,1.592209726123362312e+00
1.534456986387584543e+01,6.028753994333839294e+00,1.597890840588171324e+00
1.550650465374729059e+01,6.063560786920901613e+00,1.603422145444656888e+00
1.567437398596931253e+01,6.098817439724636635e+00,1.609065638415570154e+00
1.584240790003357624e+01,6.133281182192490633e+00,1.614467149404656965e+00
1.602287056921189290e+01,6.169387882726894645e+00,1.620094629339927650e+00
1.620350878276290629e+01,6.204605869163470899e+00,1.625517948605287533e+00
1.636903601026302013e+01,6.236079582475039906e+00,1.630321221883269445e+00
1.653469971922532977e+01,6.266826848111340276e+00,1.634958845075473510e+00
1.669768023231842591e+01,6.296352291671692747e+00,1.639356388398283126e+00
1.686078359432489648e+01,6.325191392060723672e+00,1.643594162459715013e+00
1.702400557075090148e+01,6.353351489833143795e+00,1.647671608618472172e+00
1.718734205244167512e+01,6.380839656347962574e+00,1.651591215982339822e+00
1.735078906372915952e+01,6.407662706394405383e+00,1.655355587753189806e+00
1.751434278853770365e+01,6.433827212672510676e+00,1.658966370815030178e+00
1.767799951272280268e+01,6.459339506029911249e+00,1.662426347391996462e+00
1.784175565488784443e+01,6.484205689695695440e+00,1.665737789339762243e+00
1.800560775284298387e+01,6.508431645665122112e+00,1.668904122564178971e+00
1.816955241991865933e+01,6.532023036544721606e+00,1.671929448670595786e+00
1.833541467815513926e+01,6.555237660138593547e+00,1.674844516944543837e+00
1.850136495364620970e+01,6.577814509659915210e+00,1.677627880243333536e+00
1.868480670133184773e+01,6.602022343233974411e+00,1.680541020174561861e+00
1.886834782313009740e+01,6.625464858517264410e+00,1.683288000863146339e+00
1.904982635387798595e+01,6.647886433429003539e+00,1.685853224291208985e+00
1.923139419806858896e+01,6.669572900975327734e+00,1.688265857172259077e+00
1.939699310155103262e+01,6.688707432842511125e+00,1.690344844761726861e+00
1.956266045600063563e+01,6.707239978674008896e+00,1.692313898818920359e+00
1.972733225176138561e+01,6.725061609047006783e+00,1.694160710079110954e+00
1.989206647382101778e+01,6.742296669191214953e+00,1.695902852771599578e+00
2.005686064865122376e+01,6.758948781199739742e+00,1.697544910415995423e+00
2.022171235051346727e+01,6.775021417471733365e+00,1.699089955831452281e+00
2.038661920385606408e+01,6.790517904982744213e+00,1.700542011453893165e+00
2.055157889626021372e+01,6.805441430177345374e+00,1.701904587251557688e+00
2.071658915946602519e+01,6.819795040621843718e+00,1.703182407547838118e+00
2.088164776373196574e+01,6.833581647907926104e+00,1.704378405492187110e+00
2.104675252753053272e+01,6.846804031647312883e+00,1.705495731480545452e+00
2.121190130474568747e+01,6.859464841363698717e+00,1.706540224326611455e+00
2.138115914667877249e+01,6.871857489403922159e+00,1.707533995656433268e+00
2.155045875936952271e+01,6.883665799354511172e+00,1.708462646594093970e+00
2.173940264756757657e+01,6.896154281852616030e+00,1.709415674777464700e+00
2.192839282414352198e+01,6.907921551527726578e+00,1.710281299078869832e+00
2.211250503884361862e+01,6.918692066845616218e+00,1.711054807052641902e+00
2.229665570409190778e+01,6.928783865036985290e+00,1.711756035092963923e+00
2.246366170209079272e+01,6.937349716650178522e+00,1.712336400947192416e+00
2.263069521105094850e+01,6.945361222412784308e+00,1.712870824161358163e+00
2.279616363009947477e+01,6.952751534381035547e+00,1.713352245524532913e+00
2.296165532176264534e+01,6.959600952848332689e+00,1.713789519511610626e+00
2.312716847013948396e+01,6.965910781950744202e+00,1.714184212940363716e+00
2.329270126703809396e+01,6.971682219246881473e+00,1.714538200167055715e+00
2.345825192516538849e+01,6.976916357403816882e+00,1.714853888298022655e+00
2.362381867035772842e+01,6.981614184934829659e+00,1.715132401162328790e+00
2.378939974037514560e+01,6.985776587115602787e+00,1.715375512719894635e+00
2.395499338689611690e+01,6.989404346863962836e+00,1.715584295378572710e+00
2.412059786957614094e+01,6.992498145323103209e+00,1.715760493270294340e+00
2.428621145774445367e+01,6.995058562545111158e+00,1.715905965340677852e+00
2.445503098909214756e+01,6.997119991251236293e+00,1.716020783031262154e+00
2.462385636983657733e+01,6.998628136743112016e+00,1.716109146076728598e+00
2.481192693395871629e+01,6.999657054830219494e+00,1.716171046931672661e+00
2.500000000000002487e+01,6.999999999999997335e+00,1.716188699065987588e+00
2.518807306604135832e+01,6.999657054830220382e+00,1.716171482282251803e+00
2.537614363016349373e+01,6.998628136743112016e+00,1.716109981513344040e+00
2.554496901090800165e+01,6.997119991251233628e+00,1.716021864752392601e+00
2.571378854225561739e+01,6.995058562545109382e+00,1.715907326085939877e+00
2.587940213042393722e+01,6.992498145323101433e+00,1.715761781056854396e+00
2.604500661310396836e+01,6.989404346863960171e+00,1.715585464950096783e+00
2.621060025962494677e+01,6.985776587115601011e+00,1.715376494741980284e+00
2.637618132964236750e+01,6.981614184934826994e+00,1.715133245897801029e+00
2.654174807483470389e+01,6.976916357403814217e+00,1.714854618365968086e+00
2.670729873296198065e+01,6.971682219246877921e+00,1.714538816250127162e+00
2.687283152986061552e+01,6.965910781950739761e+00,1.714184872658807590e+00
2.703834467823746124e+01,6.959600952848327360e+00,1.713790261434553486e+00
2.720383636990062115e+01,6.952751534381031995e+00,1.713353279415385844e+00
2.736930478894913321e+01,6.945361222412779867e+00,1.712872130449224040e+00
2.753633829790930321e+01,6.937349716650173193e+00,1.712337930064224967e+00
2.770334429590818459e+01,6.928783865036979073e+00,1.711757770487251973e+00
2.788749496115645954e+01,6.918692066845610000e+00,1.711056670131958501e+00
2.807160717585651710e+01,6.907921551527722137e+00,1.710283204941503099e+00
2.826059735243245186e+01,6.896154281852612478e+00,1.709417166819616973e+00
2.844954124063047729e+01,6.883665799354510284e+00,1.708463686937691017e+00
2.861884085332119909e+01,6.871857489403923935e+00,1.707534548998867585e+00
2.878809869525425924e+01,6.859464841363699605e+00,1.706540122955419569e+00
2.895324747246941044e+01,6.846804031647313771e+00,1.705494363404607139e+00
2.911835223626798452e+01,6.833581647907928769e+00,1.704375709559032392e+00
2.928341084053393217e+01,6.819795040621845494e+00,1.703178011982919626e+00
2.944842110373974009e+01,6.805441430177345374e+00,1.701898269152080756e+00
2.961338079614391106e+01,6.790517904982745101e+00,1.700533336939931361e+00
2.977828764948651852e+01,6.775021417471732477e+00,1.699078856856638176e+00
2.994313935134876914e+01,6.758948781199737965e+00,1.697531517550978863e+00
3.010793352617898933e+01,6.742296669191211400e+00,1.695886964169821098e+00
3.027266774823863571e+01,6.725061609047002342e+00,1.694142630504316127e+00
3.043733954399939989e+01,6.707239978674001790e+00,1.692293720728225148e+00
3.060300689844900646e+01,6.688707432842504907e+00,1.690323421021730610e+00
3.076860580193145012e+01,6.669572900975319740e+00,1.688243425683773502e+00
3.095017364612206023e+01,6.647886433428992881e+00,1.685829726132499484e+00
3.113165217686995945e+01,6.625464858517253752e+00,1.683263571468098574e+00
3.131519329866819490e+01,6.602022343233965529e+00,1.680516464008868116e+00
3.149863504635381517e+01,6.577814509659908104e+00,1.677602846823550209e+00
3.166458532184490693e+01,6.555237660138583777e+00,1.674820412745082754e+00
3.183044758008139397e+01,6.532023036544710060e+00,1.671906210778879798e+00
3.199439224715705166e+01,6.508431645665112342e+00,1.668882160869025855e+00
3.215824434511219465e+01,6.484205689695683006e+00,1.665717227163876712e+00
3.232200048727725772e+01,6.459339506029897926e+00,1.662407455999272976e+00
3.248565721146236029e+01,6.433827212672494689e+00,1.658949549424817871e+00
3.264921093627091864e+01,6.407662706394389396e+00,1.655342067564740116e+00
3.281265794755840659e+01,6.380839656347941258e+00,1.651581617354888509e+00
3.297599442924919799e+01,6.353351489833118926e+00,1.647666303636277974e+00
3.313921640567522076e+01,6.325191392060697915e+00,1.643593483595374938e+00
3.330231976768168778e+01,6.296352291671668766e+00,1.639363652003663629e+00
3.346530028077476970e+01,6.266826848111313630e+00,1.634973242136566363e+00
3.363096398973708290e+01,6.236079582475013261e+00,1.630342176222027817e+00
3.379649121723719674e+01,6.204605869163444254e+00,1.625546748201772473e+00
3.397712943078821723e+01,6.169387882726867112e+00,1.620120866303863760e+00
3.415759209996654988e+01,6.133281182192459546e+00,1.614490376462461407e+00
3.432562601403081715e+01,6.098817439724604661e+00,1.609065204353516521e+00
3.449349534625284974e+01,6.063560786920866974e+00,1.603474910281550869e+00
3.465543013612428780e+01,6.028753994333805544e+00,1.597918975691775101e+00
3.481719985200313516e+01,5.993187907239658330e+00,1.592223308112077573e+00
3.497879841431185355e+01,5.956852133091093293e+00,1.586389206052850609e+00
3.514021949533211853e+01,5.919735872471651561e+00,1.580424198292878168e+00
3.530145650681777880e+01,5.881827899610299504e+00,1.574337028899885471e+00
3.546250252033625827e+01,5.843116557701555358e+00,1.568136767172393364e+00
3.562335030770988453e+01,5.803589724867059374e+00,1.561835786268564119e+00
3.578399232723816681e+01,5.763234790358747084e+00,1.555447692390132142e+00
3.594442072570069513e+01,5.722038624656450523e+00,1.548989624008396904e+00
3.610462716609595901e+01,5.679987593037376215e+00,1.542479188179640470e+00
3.626498630510678112e+01,5.636963508875454387e+00,1.535923804869762321e+00
3.642510450748926587e+01,5.593051279152653876e+00,1.529363318419960871e+00
3.659563699165824602e+01,5.545210539835134789e+00,1.522398483593487173e+00
3.676587196850599781e+01,5.496321757763348081e+00,1.515501061806688421e+00
3.692679776651848300e+01,5.449039473361243502e+00,1.509071302436349571e+00
3.708743340132674149e+01,5.400780628570195141e+00,1.502794692960498502e+00
3.724576594037906574e+01,5.352147576870042833e+00,1.496795014878657515e+00
3.740379097541987363e+01,5.302524486959980798e+00,1.491053566383772733e+00
3.756149527012888711e+01,5.251891360232946226e+00,1.485636540325223631e+00
3.771886483040371729e+01,5.200227300026326382e+00,1.480621661476442252e+00
3.787588471480506058e+01,5.147510504911629425e+00,1.476097617893964431e+00
3.803253935135342090e+01,5.093718086680987689e+00,1.472163920465420217e+00
3.818881226506601223e+01,5.038826073767265434e+00,1.468933344990785539e+00
3.834468559041663127e+01,4.982809495234472585e+00,1.466539873838560659e+00
3.850014036843553811e+01,4.925642186176799164e+00,1.465132369714329252e+00
3.865515673999249913e+01,4.867296605821955779e+00,1.464881557005745627e+00
3.881198320848550765e+01,4.806858809429206403e+00,1.466008042744292528e+00
3.896831252061993922e+01,4.745146527832903693e+00,1.468769535282185013e+00
3.912299028592793348e+01,4.682588756450622114e+00,1.473385308950876826e+00
3.927712636026332405e+01,4.618708037795306254e+00,1.480173429568992560e+00
3.942957487608224909e+01,4.553949026256549182e+00,1.489386864499123719e+00
3.958143143480331361e+01,4.487813911826834534e+00,1.501451924753797185e+00
3.973266374721615790e+01,4.420263816427580927e+00,1.516793449513632597e+00
3.988323723019080091e+01,4.351257731359751801e+00,1.535900804989730917e+00
4.003311452210145660e+01,4.280752490515165043e+00,1.559304223480147966e+00
4.018225533996669441e+01,4.208702571088289268e+00,1.587632924612270680e+00
4.033061622243376831e+01,4.135059916691858461e+00,1.621559729089112167e+00
4.047814991012474195e+01,4.059773915564760749e+00,1.661874126367468341e+00
4.062480518948721908e+01,3.982791124741374311e+00,1.709413802927390869e+00
4.077052657513595335e+01,3.904055028619841217e+00,1.765175594985069818e+00
4.091525373011592848e+01,3.823505895286343659e+00,1.830216115421295697e+00
4.105892062135614395e+01,3.741080752260839137e+00,1.905786543085525642e+00
4.120145516935135532e+01,3.656713050088944872e+00,1.993214920982901761e+00
4.134277870826868195e+01,3.570332363671294029e+00,2.094106969781999616e+00
4.148280474710808363e+01,3.481864465265514852e+00,2.210183366950236206e+00
4.162143861172883419e+01,3.391230806950598975e+00,2.343535215899077429e+00
4.175857611058196284e+01,3.298348537723672091e+00,2.496428238985739512e+00
4.189410206637819556e+01,3.203130590008053336e+00,2.671685611290386397e+00
4.202788938661169027e+01,3.105485348352555075e+00,2.872403756387481355e+00
4.215979759667931148e+01,3.005316607326745437e+00,3.102506334406498034e+00
4.228967100427392722e+01,2.902523761720657625e+00,3.366343456008488388e+00
4.241733672063688232e+01,2.797002103280480600e+00,3.669559834003756738e+00
4.254260267396002604e+01,2.688643130461465525e+00,4.018485196665995574e+00
4.266525516997061374e+01,2.577335279824881642e+00,4.421528222768204230e+00
4.278505626044590571e+01,2.462964970416967603e+00,4.888286231901997070e+00
4.290174109069509001e+01,2.345417899886618418e+00,5.431744384737007714e+00
4.301501479571295050e+01,2.224581166718406777e+00,6.067099878549464087e+00
4.312454936558919627e+01,2.100346102874582677e+00,6.815534679659519313e+00
4.322998080913979635e+01,1.972611768437626978e+00,7.702558128122595882e+00
4.333090648278317758e+01,1.841289675430229256e+00,8.765730207284297748e+00
4.342688306571745471e+01,1.706309818194972072e+00,1.004913512621552307e+01
4.351742572039787404e+01,1.567628102085460329e+00,1.163373281638315682e+01
4.360200905538290073e+01,1.425235263729543789e+00,1.357959709975394524e+01
4.368007064311520793e+01,1.279167273322185494e+00,1.614538273810750013e+01
4.375101808638827805e+01,1.129516744498502590e+00,1.923925642774112532e+01
4.381424051404379583e+01,9.764446504630690526e-01,2.423681727014637133e+01
4.386912517473536610e+01,8.201912517123735036e-01,2.886466473149698686e+01
4.391507940919185415e+01,6.610844281958984103e-01,4.347114214636473406e+01
4.395155734496177757e+01,4.995433810575916622e-01,4.577969668294306871e+01
4.397808949847611615e+01,3.360757334664438711e-01,1.206653785995213042e+02
4.399450155378486471e+01,1.683932990281193642e-01,1.256682652672173788e+02
4.399999999999997868e+01,-3.302811702775739609e-17,1.034460434361631542e+03
