x,y,stress
9.999999999999994449e-01,1.122995356522107465e-13,1.310398029221846627e+03
1.007004376576481564e+00,1.691065662154764004e-01,1.200366521716693740e+02
1.027840918452805896e+00,3.370724129893789556e-01,1.287841880505839072e+02
1.061174758532046569e+00,4.994782987729330936e-01,3.298788182518611478e+01
1.106571014130131703e+00,6.589376360993621784e-01,2.989773205471691853e+01
1.163137704175354559e+00,8.147892947259203211e-01,1.510819012451718457e+01
1.229894376236877251e+00,9.665605663055850671e-01,1.052603987085325699e+01
1.305840456192096655e+00,1.113952993189200935e+00,6.688756046541256772e+00
1.390006071733782322e+00,1.256815550319525743e+00,4.468928238485930571e+00
1.481484749028324943e+00,1.395113358534408432e+00,3.001352503016870177e+00
1.579450797889402791e+00,1.528897500438721746e+00,2.045583556164297434e+00
1.683165486327516946e+00,1.658278990335822378e+00,1.403248076830908131e+00
1.791975870845330165e+00,1.783407896128224257e+00,9.608150673163980970e-01
1.905309361646646771e+00,1.904457468503415907e+00,6.468175459481052547e-01
2.022666125758304734e+00,2.021612510245033523e+00,4.170465289564219691e-01
2.143610878476133852e+00,2.135061287480990000e+00,2.437006710320657743e-01
2.267764861663677411e+00,2.244990099564435404e+00,1.116699403148079112e-01
2.394798248626435200e+00,2.351579638717604226e+00,4.086246270500388383e-02
2.524423358548430141e+00,2.455002785228957762e+00,1.042038580596241493e-01
2.656388695387060128e+00,2.555423378826403358e+00,1.770629221312174373e-01
2.790474100262289259e+00,2.652995884548074113e+00,2.415234105742269932e-01
2.926486147989758368e+00,2.747865119882490603e+00,2.985126210513563971e-01
3.064254211465891498e+00,2.840166325070031306e+00,3.493541230659936714e-01
3.203627602144694553e+00,2.930025764370082886e+00,3.952612670204961320e-01
3.344472603311535952e+00,3.017561022291157080e+00,4.371067526136230286e-01
3.486670266986513500e+00,3.102881598133723884e+00,4.755874061901138594e-01
3.630114587014313443e+00,3.186089522994736356e+00,5.112341121352370621e-01
3.774710547970715258e+00,3.267279729940878230e+00,5.444711525049068523e-01
3.920373064780081851e+00,3.346540783791398965e+00,5.756252410402642461e-01
4.067025713767944417e+00,3.423955332638739968e+00,6.049717498095974477e-01
4.214599056134904487e+00,3.499600243176550496e+00,6.327211334520181918e-01
4.363030277458080697e+00,3.573547333278683791e+00,6.590561587628904761e-01
4.512262760411290152e+00,3.645863932556574039e+00,6.841231312988609314e-01
4.662301500508168495e+00,3.716639332729413159e+00,7.080564755695656354e-01
4.813043237064182911e+00,3.785904975823664476e+00,7.309600449132162003e-01
4.969872022369824727e+00,3.856115427777083493e+00,7.536873960056903465e-01
5.127365000595887956e+00,3.924823184897968442e+00,7.754780939293547393e-01
5.279956766006486113e+00,3.989760080423830679e+00,7.956984292860852515e-01
5.433096790098479012e+00,4.053393348638866023e+00,8.151827956705692824e-01
5.586752075590728062e+00,4.115765008848920381e+00,8.340147749588816550e-01
5.740896986250707990e+00,4.176916684993217110e+00,8.520952461107093034e-01
5.895505505795246570e+00,4.236886676346391489e+00,8.699586732313948634e-01
6.050553506739913878e+00,4.295711161040483894e+00,8.869447064396906999e-01
6.206018539506879428e+00,4.353424335099889575e+00,9.034966941237845273e-01
6.361879861537869552e+00,4.410058619443081973e+00,9.195426978245164751e-01
6.518118093675643543e+00,4.465644709511230381e+00,9.351442013625277383e-01
6.674715174363352155e+00,4.520211721263049043e+00,9.503089927096093348e-01
6.831654310968862553e+00,4.573787318648674827e+00,9.650619862502775037e-01
6.988919648924459160e+00,4.626397732631714277e+00,9.794305879025496653e-01
7.155340602035047404e+00,4.680937706086743866e+00,9.941948449332430604e-01
7.322092608688741677e+00,4.734457012114547503e+00,1.008567432043845580e+00
7.496336420902975028e+00,4.789214282610105400e+00,1.023160598656065456e+00
7.670907572973058031e+00,4.842918876208003098e+00,1.037359893328605009e+00
7.830832162143406272e+00,4.891134999503497838e+00,1.050034828654294872e+00
7.991006996851831801e+00,4.938513203694249398e+00,1.062419580700315835e+00
8.150265706164189439e+00,4.984739952179038092e+00,1.074435545960249261e+00
8.309751495310210956e+00,5.030177100533482992e+00,1.086184474712789338e+00
8.469455430949084374e+00,5.074841560929999495e+00,1.097674677744234994e+00
8.629369017683297116e+00,5.118749511735122049e+00,1.108916876168086096e+00
8.789484216031398844e+00,5.161916452569886182e+00,1.119919052611519250e+00
8.949793425531050062e+00,5.204357245130505127e+00,1.130690583400850269e+00
9.110289433466379094e+00,5.246086141558177651e+00,1.141236919549649231e+00
9.270965365933072633e+00,5.287116811130746719e+00,1.151567357459222452e+00
9.431814684935213577e+00,5.327462376326140614e+00,1.161687047369351911e+00
9.592831196364747015e+00,5.367135448495478300e+00,1.171606287615593711e+00
9.757827367389507955e+00,5.407064003980130984e+00,1.181561271040213690e+00
9.922986507834604453e+00,5.446313027791786610e+00,1.191319665704541952e+00
1.010769535292602761e+01,5.489374814610007647e+00,1.201986091684732028e+00
1.029259281287531635e+01,5.531619419203782861e+00,1.212410478866220442e+00
1.047879370815689448e+01,5.573310939893625360e+00,1.222665636140187528e+00
1.066517117308445783e+01,5.614205915368057020e+00,1.232687001959187123e+00
1.083179772700260024e+01,5.650073772444278219e+00,1.241454249742832028e+00
1.099855532044382223e+01,5.685327392938570590e+00,1.250053694598996845e+00
1.116092308942336331e+01,5.719046753516998649e+00,1.258265509482003219e+00
1.132340697474690394e+01,5.752202078011669606e+00,1.266317726809246702e+00
1.148600327870829396e+01,5.784801497457000785e+00,1.274215712896686670e+00
1.164870850382492051e+01,5.816852873366220145e+00,1.281960771006911859e+00
1.181151929147715229e+01,5.848363798581994288e+00,1.289555669222397505e+00
1.197443235911919324e+01,5.879341598213868814e+00,1.297002830512816951e+00
1.213744456598725030e+01,5.909793354754769190e+00,1.304306325012576373e+00
1.230055290831637471e+01,5.939725918245137848e+00,1.311465463929076813e+00
1.246375446510021234e+01,5.969145906960873660e+00,1.318488093790344484e+00
1.262704645926251779e+01,5.998059728706435223e+00,1.325363493712419238e+00
1.279128505258766779e+01,6.026621595878649984e+00,1.332154939759080836e+00
1.295560967126101737e+01,6.054684311840014210e+00,1.338727380360343666e+00
1.313551232953379611e+01,6.084826113013282800e+00,1.345882137503739751e+00
1.331551171929172916e+01,6.114384784862970434e+00,1.352843099132713389e+00
1.351672981078946023e+01,6.146728858811508545e+00,1.360443656563733672e+00
1.371806063067228898e+01,6.178363675527092980e+00,1.367844178436266045e+00
1.390906474494609313e+01,6.207713420286578021e+00,1.374691812417013548e+00
1.410016335559153866e+01,6.236441473187956497e+00,1.381369751957115755e+00
1.427035829839988246e+01,6.261498403327794726e+00,1.387179035561298068e+00
1.444062348251244998e+01,6.286073508731683468e+00,1.392861597324506873e+00
1.460481933080802186e+01,6.309311725631761902e+00,1.398219176787203422e+00
1.476907671357899865e+01,6.332110932835192330e+00,1.403460440865115455e+00
1.493339390479785678e+01,6.354475217164035072e+00,1.408585937433944668e+00
1.509776917810418162e+01,6.376408533494029029e+00,1.413596875757409776e+00
1.526220085373374857e+01,6.397914715830840926e+00,1.418493452395122034e+00
1.542668735408827274e+01,6.418997488493639381e+00,1.423278270517768895e+00
1.559122713655749237e+01,6.439660460958804400e+00,1.427951070740383521e+00
1.575581866478003334e+01,6.459907128223476569e+00,1.432514827115919598e+00
1.592046044543551453e+01,6.479740879214774374e+00,1.436968232975004423e+00
1.608515105612062612e+01,6.499165003403376772e+00,1.441315575536579408e+00
1.625024463011985176e+01,6.518223288537156712e+00,1.445564977313723576e+00
1.641538446414505259e+01,6.536876487816852155e+00,1.449714569933894470e+00
1.659442618744982667e+01,6.556640256260192423e+00,1.454099305285873278e+00
1.677351902182505938e+01,6.575935390406677961e+00,1.458367317216751946e+00
1.697531353524409425e+01,6.597113208891461689e+00,1.463030333288470430e+00
1.717716859929429418e+01,6.617705907960426792e+00,1.467542746771666184e+00
1.738479967082273348e+01,6.638276460309873173e+00,1.472031336077699537e+00
1.759249014917809006e+01,6.658238304063310409e+00,1.476360959593270739e+00
1.777727983083001817e+01,6.675486789695693091e+00,1.480088878067673308e+00
1.796211319803188999e+01,6.692260678125010465e+00,1.483699143092390704e+00
1.812924577952616190e+01,6.707019033472687575e+00,1.486864081661919412e+00
1.829641174804123338e+01,6.721394288800796701e+00,1.489937200048532917e+00
1.846166587354111144e+01,6.735228069285574826e+00,1.492883490689160597e+00
1.862695056641570446e+01,6.748691720557956408e+00,1.495740397470208594e+00
1.879226483902292699e+01,6.761787185731060745e+00,1.498508819699843064e+00
1.895760772102974556e+01,6.774516342131022384e+00,1.501189810314615958e+00
1.912297826335066375e+01,6.786881003061955298e+00,1.503784648360828369e+00
1.928837552826864510e+01,6.798882918457445079e+00,1.506294185518269657e+00
1.945379859084325957e+01,6.810523776373528015e+00,1.508719503065126588e+00
1.961924655445855592e+01,6.821805205343118850e+00,1.511061572919542462e+00
1.978471853168761285e+01,6.832728774210409028e+00,1.513321048408863279e+00
1.995021364814343556e+01,6.843295993595050142e+00,1.515499991482417652e+00
2.011854854314272600e+01,6.853679079927079698e+00,1.517631346254939118e+00
2.028690559120129677e+01,6.863696555468102645e+00,1.519684290315816311e+00
2.047415736398688679e+01,6.874409150528389745e+00,1.521867579302040863e+00
2.066143426018344442e+01,6.884673184612989161e+00,1.523954519640394523e+00
2.087235631411683201e+01,6.895696791512874846e+00,1.526185479378773469e+00
2.108330709870202213e+01,6.906156210917852256e+00,1.528290077881914177e+00
2.129195223106811596e+01,6.915947340283971734e+00,1.530254968784149350e+00
2.150062233700881009e+01,6.925190962396128747e+00,1.532099007517008227e+00
2.168589106199914340e+01,6.932939869570480695e+00,1.533640959497173828e+00
2.187117722084323646e+01,6.940260078181762715e+00,1.535093871077632732e+00
2.203877846843392163e+01,6.946512812321791408e+00,1.536331438728098631e+00
2.220639236874832889e+01,6.952416654147038244e+00,1.537499312090036652e+00
2.237213344866060538e+01,6.957911857498438657e+00,1.538583783326810783e+00
2.253788544025702478e+01,6.963067451796262297e+00,1.539599187681634174e+00
2.270364761915276475e+01,6.967884104326767414e+00,1.540545757092772083e+00
2.286941928338096375e+01,6.972362437476178343e+00,1.541423916055346455e+00
2.303519973231387752e+01,6.976503028457094580e+00,1.542234021092224960e+00
2.320098826045648011e+01,6.980306409584104976e+00,1.542976625025692661e+00
2.336678417248206685e+01,6.983773069013128776e+00,1.543651838393569120e+00
2.353258677471142946e+01,6.986903450842837593e+00,1.544260411282980083e+00
2.369839537567248655e+01,6.989697955430561827e+00,1.544802320327791412e+00
2.386420929192822982e+01,6.992156939741460242e+00,1.545278925472997056e+00
2.403293018382705526e+01,6.994314906507415053e+00,1.545695607840955166e+00
2.420165515449023630e+01,6.996126114316508549e+00,1.546047773530269120e+00
2.438937069979742489e+01,6.997733941376049316e+00,1.546358953546822290e+00
2.457708942710327449e+01,6.998913133097985906e+00,1.546588557650488527e+00
2.478854401519971518e+01,6.999728297301142987e+00,1.546748274837612014e+00
2.499999999999994671e+01,6.999999999999997335e+00,1.546798616934476733e+00
2.521145598480019601e+01,6.999728297301142987e+00,1.546746373943095776e+00
2.542291057289662248e+01,6.998913133097986794e+00,1.546584736272628158e+00
2.561062930020253958e+01,6.997733941376049316e+00,1.546353277764818124e+00
2.579834484550967133e+01,6.996126114316509437e+00,1.546040275342317027e+00
2.596706981617297316e+01,6.994314906507414165e+00,1.545686046629948684e+00
2.613579070807168137e+01,6.992156939741461130e+00,1.545267300716330672e+00
2.630160462432743174e+01,6.989697955430564491e+00,1.544788707601222555e+00
2.646741322528848883e+01,6.986903450842838481e+00,1.544244837226927736e+00
2.663321582751784788e+01,6.983773069013129664e+00,1.543634013059816512e+00
2.679901173954343108e+01,6.980306409584106753e+00,1.542956539473977262e+00
2.696480026768603366e+01,6.976503028457096356e+00,1.542211848954083253e+00
2.713058071661894743e+01,6.972362437476180119e+00,1.541399659883804896e+00
2.729635238084714643e+01,6.967884104326767414e+00,1.540519235229062200e+00
2.746211455974287929e+01,6.963067451796265850e+00,1.539570389889423518e+00
2.762786655133930225e+01,6.957911857498441321e+00,1.538552898395485036e+00
2.779360763125157874e+01,6.952416654147040909e+00,1.537466320292332433e+00
2.796122153156598245e+01,6.946512812321793184e+00,1.536296120512219421e+00
2.812882277915666762e+01,6.940260078181765380e+00,1.535056245818468224e+00
2.831410893800076423e+01,6.932939869570484248e+00,1.533601147923616903e+00
2.849937766299109398e+01,6.925190962396132299e+00,1.532057022018716186e+00
2.870804776893178811e+01,6.915947340283976175e+00,1.530210695967974877e+00
2.891669290129787839e+01,6.906156210917856697e+00,1.528243523025409223e+00
2.912764368588306141e+01,6.895696791512880175e+00,1.526136884640014735e+00
2.933856573981643479e+01,6.884673184612993602e+00,1.523903804632907200e+00
2.952584263601301373e+01,6.874409150528394186e+00,1.521814790337801426e+00
2.971309440879861796e+01,6.863696555468106197e+00,1.519629323120644804e+00
2.988145145685718163e+01,6.853679079927084139e+00,1.517574238182127111e+00
3.004978635185647562e+01,6.843295993595054583e+00,1.515440654481817306e+00
3.021528146831230544e+01,6.832728774210410805e+00,1.513259436231527699e+00
3.038075344554137303e+01,6.821805205343123291e+00,1.510997612797330580e+00
3.054620140915665871e+01,6.810523776373532456e+00,1.508653556641583959e+00
3.071162447173125898e+01,6.798882918457450408e+00,1.506226337665135473e+00
3.087702173664922967e+01,6.786881003061961515e+00,1.503715382285931046e+00
3.104239227897012654e+01,6.774516342131029489e+00,1.501119208627750501e+00
3.120773516097694866e+01,6.761787185731068739e+00,1.498437354385708131e+00
3.137304943358416409e+01,6.748691720557964402e+00,1.495668238131479644e+00
3.153833412645876066e+01,6.735228069285582819e+00,1.492810877351087528e+00
3.170358825195863872e+01,6.721394288800802919e+00,1.489864277594307618e+00
3.187075422047371376e+01,6.707019033472697345e+00,1.486790802069859252e+00
3.203788680196796435e+01,6.692260678125021123e+00,1.483625732519558094e+00
3.222272016916980419e+01,6.675486789695705525e+00,1.480015017230585261e+00
3.240750985082170388e+01,6.658238304063326396e+00,1.476286864420217171e+00
3.261520032917707113e+01,6.638276460309890048e+00,1.471956758025323886e+00
3.282283140070551752e+01,6.617705907960442779e+00,1.467467982568980700e+00
3.302468646475570324e+01,6.597113208891479452e+00,1.462956396908633216e+00
3.322648097817471324e+01,6.575935390406697501e+00,1.458294316150456682e+00
3.340557381254997438e+01,6.556640256260211075e+00,1.454026676365686388e+00
3.358461553585475912e+01,6.536876487816869918e+00,1.449643049886474744e+00
3.374975536987996350e+01,6.518223288537173588e+00,1.445487552024370848e+00
3.391484894387919269e+01,6.499165003403393648e+00,1.441231247756394884e+00
3.407953955456428474e+01,6.479740879214796578e+00,1.436877596419815939e+00
3.424418133521973573e+01,6.459907128223501438e+00,1.432417800702064037e+00
3.440877286344227315e+01,6.439660460958831045e+00,1.427849783085429092e+00
3.457331264591148567e+01,6.418997488493666026e+00,1.423172682019642199e+00
3.473779914626600629e+01,6.397914715830868460e+00,1.418385098225632523e+00
3.490223082189557147e+01,6.376408533494058339e+00,1.413485858736289291e+00
3.506660609520188387e+01,6.354475217164066159e+00,1.408473609435614726e+00
3.523092328642071891e+01,6.332110932835226969e+00,1.403347025624140265e+00
3.539518066919171702e+01,6.309311725631794765e+00,1.398105089604039897e+00
3.555937651748731554e+01,6.286073508731714554e+00,1.392747210110882428e+00
3.572964170159985997e+01,6.261498403327829365e+00,1.387064558625150656e+00
3.589983664440818245e+01,6.236441473187994688e+00,1.381255560054711395e+00
3.609093525505358002e+01,6.207713420286623318e+00,1.374577079118721956e+00
3.628193936932733976e+01,6.178363675527145382e+00,1.367729260617923437e+00
3.648327018921021647e+01,6.146728858811553842e+00,1.360328194257401035e+00
3.668448828070800261e+01,6.114384784863010402e+00,1.352729977104201620e+00
3.686448767046594099e+01,6.084826113013322768e+00,1.345764006087346809e+00
3.704439032873872861e+01,6.054684311840052402e+00,1.338644038004120240e+00
3.720871494741207641e+01,6.026621595878689064e+00,1.331994100718351781e+00
3.737295354073721398e+01,5.998059728706476079e+00,1.325213602430294291e+00
3.753624553489949989e+01,5.969145906960919845e+00,1.318331363422806879e+00
3.769944709168332508e+01,5.939725918245187586e+00,1.311312170367962215e+00
3.786255543401244950e+01,5.909793354754819816e+00,1.304152791016523594e+00
3.802556764088051011e+01,5.879341598213918552e+00,1.296851498991028251e+00
3.818848070852256171e+01,5.848363798582044026e+00,1.289406094666651681e+00
3.835129149617480238e+01,5.816852873366268994e+00,1.281813976465212113e+00
3.851399672129142715e+01,5.784801497457052299e+00,1.274072700053409113e+00
3.867659302525280651e+01,5.752202078011724673e+00,1.266179469894268106e+00
3.883907691057636669e+01,5.719046753517049275e+00,1.258132295877133711e+00
3.900144467955592376e+01,5.685327392938618551e+00,1.249928445393405196e+00
3.916820227299712798e+01,5.650073772444329734e+00,1.241329143429440673e+00
3.933482882691526328e+01,5.614205915368112976e+00,1.232560230181961591e+00
3.952120629184280176e+01,5.573310939893685756e+00,1.222535727948750317e+00
3.970740718712436035e+01,5.531619419203849475e+00,1.212277752549489218e+00
3.989230464707367929e+01,5.489374814610068931e+00,1.201852898569460981e+00
4.007701349216512909e+01,5.446313027791844341e+00,1.191185927729088156e+00
4.024217263261023447e+01,5.407064003980184275e+00,1.181428700498304840e+00
4.040716880363500962e+01,5.367135448495530703e+00,1.171475953695606975e+00
4.056818531506454661e+01,5.327462376326192128e+00,1.161550880563203769e+00
4.072903463406669289e+01,5.287116811130800009e+00,1.151424308128826457e+00
4.088971056653338820e+01,5.246086141558230054e+00,1.141087507578616878e+00
4.105020657446871013e+01,5.204357245130558418e+00,1.130534675667809852e+00
4.121051578396836845e+01,5.161916452569943026e+00,1.119758528955138610e+00
4.137063098231644886e+01,5.118749511735182445e+00,1.108751375246894044e+00
4.153054456905066871e+01,5.074841560930060780e+00,1.097505809344957672e+00
4.169024850468955634e+01,5.030177100533540724e+00,1.086012414241410040e+00
4.184973429383558141e+01,4.984739952179096711e+00,1.074262808090921339e+00
4.200899300314794260e+01,4.938513203694308906e+00,1.062246392724491395e+00
4.216916783785636369e+01,4.891134999503560010e+00,1.049861933259347291e+00
4.232909242702670127e+01,4.842918876208069712e+00,1.037189283888031666e+00
4.250366357909679493e+01,4.789214282610167572e+00,1.022983849144818214e+00
4.267790739131105937e+01,4.734457012114601682e+00,1.008383413512752069e+00
4.284465939796476874e+01,4.680937706086795380e+00,9.940059839572892297e-01
4.301108035107537830e+01,4.626397732631760462e+00,9.792361200695097745e-01
4.316834568903097846e+01,4.573787318648721012e+00,9.648675969433171407e-01
4.332528482563649419e+01,4.520211721263093452e+00,9.501149928413140655e-01
4.348188190632421879e+01,4.465644709511270349e+00,9.349505182213492249e-01
4.363812013846200699e+01,4.410058619443119277e+00,9.193524180878797081e-01
4.379398146049299356e+01,4.353424335099928655e+00,9.032955428994273728e-01
4.394944649325996266e+01,4.295711161040522086e+00,8.867511191793381320e-01
4.410449449420461576e+01,4.236886676346435010e+00,8.696900411826848920e-01
4.425910301374915434e+01,4.176916684993261519e+00,8.520767134191735703e-01
4.441324792440912717e+01,4.115765008848969231e+00,8.338758799724824700e-01
4.456690320990139043e+01,4.053393348638911320e+00,8.150429467300488451e-01
4.472004323399336556e+01,3.989760080423882194e+00,7.955325771590953110e-01
4.487263499940397082e+01,3.924823184898016848e+00,7.752957591289948436e-01
4.503012797763004471e+01,3.856115427777127902e+00,7.534994353035221470e-01
4.518695676293573626e+01,3.785904975823690233e+00,7.307642859927746537e-01
4.533769849949172226e+01,3.716639332729453127e+00,7.078555854840232753e-01
4.548773723958861126e+01,3.645863932556610898e+00,6.839172243057614065e-01
4.563696972254180650e+01,3.573547333278726867e+00,6.588479182424848979e-01
4.578540094386500670e+01,3.499600243176579806e+00,6.325101580999803463e-01
4.593297428623194634e+01,3.423955332638785709e+00,6.047608197775018457e-01
4.607962693521982800e+01,3.346540783791432716e+00,5.754137428625993866e-01
4.622528945202916617e+01,3.267279729940932853e+00,5.442609424972953969e-01
4.636988541298558886e+01,3.186089522994779433e+00,5.110251907134059079e-01
4.651332973301335727e+01,3.102881598133790497e+00,4.753882568336316727e-01
4.665552739668837745e+01,3.017561022291197492e+00,4.369171809534853068e-01
4.679637239785515845e+01,2.930025764370162822e+00,3.951011398918402584e-01
4.693574578853399970e+01,2.840166325070086373e+00,3.492295371992462649e-01
4.707351385201007332e+01,2.747865119882588747e+00,2.984490685341462668e-01
4.720952589973762059e+01,2.652995884548119854e+00,2.415608613675869210e-01
4.734361130461275025e+01,2.555423378826526370e+00,1.772280109942087623e-01
4.747557664145145395e+01,2.455002785229028373e+00,1.044830415584906552e-01
4.760520175137332188e+01,2.351579638717786747e+00,4.070898954280875726e-02
4.773223513833617204e+01,2.244990099564540653e+00,1.107093975045309320e-01
4.785638912152357705e+01,2.135061287481231584e+00,2.421962856643908035e-01
4.797733387424155183e+01,2.021612510245149874e+00,4.145134704634232947e-01
4.809469063835307168e+01,1.904457468503683693e+00,6.431574588796907799e-01
4.820802412915458746e+01,1.783407896128290204e+00,9.550272943240022405e-01
4.831683451367220528e+01,1.658278990336120362e+00,1.396076781282784562e+00
4.842054920211050018e+01,1.528897500438811674e+00,2.038248074904121854e+00
4.851851525097141149e+01,1.395113358534752379e+00,2.990882341867723504e+00
4.860999392826612819e+01,1.256815550319629438e+00,4.500096902624002304e+00
4.869415954380770728e+01,1.113952993189508911e+00,6.650476283560531776e+00
4.877010562376305813e+01,9.665605663056580088e-01,1.088316930868831811e+01
4.883686229582453819e+01,8.147892947261393681e-01,1.493344435652877600e+01
4.889342898586981079e+01,6.589376360994722015e-01,3.159956587333286393e+01
4.893882524146789592e+01,4.994782987730593815e-01,3.121848399953459818e+01
4.897215908154715436e+01,3.370724129894608900e-01,1.314438941119312005e+02
4.899299562342348935e+01,1.691065662155173399e-01,1.184185099429350885e+02
4.899999999999997868e+01,-3.301803147360848614e-17,1.313182109022329314e+03
