x,y,stress
7.999999999999995559e+00,4.489412550000762482e-16,1.103045748844118634e+03
8.004034255373463580e+00,1.742755452456168919e-01,1.429550601987560015e+02
8.016108333808249498e+00,3.481792867719888940e-01,1.311486277709998376e+02
8.034835010526533594e+00,5.118773382357900692e-01,5.409259449053139690e+01
8.060553117765204334e+00,6.746238647840270275e-01,5.018291028655941233e+01
8.093108654974104255e+00,8.361420779570608586e-01,3.463074668610738627e+01
8.132313817313844950e+00,9.961768125788406092e-01,2.926843166810195029e+01
8.177952462593600202e+00,1.154497547283135583e+00,2.378245841248861936e+01
8.229785912136163617e+00,1.310900328007880589e+00,2.021940958554594658e+01
8.287558745224727019e+00,1.465208592639364538e+00,1.709596817858125561e+01
8.351004326903998631e+00,1.617273065796916542e+00,1.494466772900185880e+01
8.419849877749699729e+00,1.766970902403830701e+00,1.310463400527565447e+01
8.493820916709060143e+00,1.914204174353112853e+00,1.159410298164139874e+01
8.572645043281687194e+00,2.058897968455025040e+00,1.027160552189766562e+01
8.656055050562381226e+00,2.200998250514700327e+00,9.217442120826300211e+00
8.743791344673654820e+00,2.340469542906252087e+00,8.294231967767522917e+00
8.835603743285291856e+00,2.477292579788617832e+00,7.500827020575179027e+00
8.931252789073409915e+00,2.611462115861585165e+00,6.810656730379877288e+00
9.030510604141566589e+00,2.742984849014750370e+00,6.208950686834100452e+00
9.133161290897946927e+00,2.871877410780789841e+00,5.681619170807246988e+00
9.239001182365257137e+00,2.998164745048786273e+00,5.218151944061066416e+00
9.347838703589106402e+00,3.121878478109886501e+00,4.809752925942931689e+00
9.459494062074778498e+00,3.243055509754522614e+00,4.449124359312139454e+00
9.573798955087951867e+00,3.361736948372407774e+00,4.130233429809446299e+00
9.690595996742999318e+00,3.477967001602292996e+00,3.848103384835436014e+00
9.809738261108003954e+00,3.591792205947140104e+00,3.598399430194594295e+00
9.931088637638287864e+00,3.703260633143542258e+00,3.377603975263656189e+00
1.005451925422831749e+01,3.812421302280233348e+00,3.182488409043441990e+00
1.017991099152069090e+01,3.919323768541918440e+00,3.010502517116495635e+00
1.030715277341026415e+01,4.024017593393182324e+00,2.859187714867315044e+00
1.043614110800116457e+01,4.126552096437289485e+00,2.726573862104336943e+00
1.056677938410806128e+01,4.226975953163332633e+00,2.610706800156116447e+00
1.069897772703513184e+01,4.325337262959673801e+00,2.510006476293200617e+00
1.083265238820193588e+01,4.421683260475339772e+00,2.422905670623911156e+00
1.096772481072170180e+01,4.516059844028744941e+00,2.348064100260493614e+00
1.110412162240813849e+01,4.608511796721712628e+00,2.284199711256022169e+00
1.124177461622638674e+01,4.699082953498058934e+00,2.230160388330776566e+00
1.138062017619753696e+01,4.787815983143405063e+00,2.184892499338433769e+00
1.152059810637694959e+01,4.874751834255638627e+00,2.147522700697534592e+00
1.166165213659352418e+01,4.959930265717178877e+00,2.116664286615565604e+00
1.180372992337978033e+01,5.043389996616408411e+00,2.093236542012409274e+00
1.194678216854936359e+01,5.125168330988889132e+00,2.072320383910126740e+00
1.209076259536240983e+01,5.205301309004746635e+00,2.057862885006589426e+00
1.223562774866583425e+01,5.283823739257606178e+00,2.047043069939141535e+00
1.238133670087410820e+01,5.360769175679564569e+00,2.039902218726029837e+00
1.252858863851924021e+01,5.436544773917065143e+00,2.035719002429614122e+00
1.267661718743465649e+01,5.510791899686836359e+00,2.034171154582119279e+00
1.282464254668447268e+01,5.583181286269339516e+00,2.034842936902276023e+00
1.297337018845160017e+01,5.654116675253404445e+00,2.037390235169136865e+00
1.312276968532691157e+01,5.723626020386971547e+00,2.041534282235291098e+00
1.327281223389050346e+01,5.791736236293064444e+00,2.047001320620896792e+00
1.342347054195576739e+01,5.858473237003456013e+00,2.053570905635843324e+00
1.357471889589012903e+01,5.923862046940748805e+00,2.061043377740978677e+00
1.372653286868622580e+01,5.987926747427171570e+00,2.069208527587349966e+00
1.387888929734666554e+01,6.050690541195990590e+00,2.077936727141813655e+00
1.403176629069633918e+01,6.112175821273986287e+00,2.087097793811329094e+00
1.418514287447986177e+01,6.172404090664762144e+00,2.096580906755939999e+00
1.433961023410520852e+01,6.231627601938022565e+00,2.106323576612398440e+00
1.449454204007520453e+01,6.289625278429504363e+00,2.116207704792765210e+00
1.465395213575332711e+01,6.347872375981611803e+00,2.126410674139402879e+00
1.481381322469661832e+01,6.404870101687463624e+00,2.136609109636594006e+00
1.496943563653826104e+01,6.459031880071626652e+00,2.146447826608572917e+00
1.512545084788961702e+01,6.512051606072454035e+00,2.156186407563728924e+00
1.528184396292171066e+01,6.563945867690037517e+00,2.165744136731797109e+00
1.543860086250946928e+01,6.614730698080748539e+00,2.175210636234212291e+00
1.559570802426031122e+01,6.664421549368713116e+00,2.184531343237118506e+00
1.575315243383487740e+01,6.713033299103670082e+00,2.193435201873705331e+00
1.591092165688272608e+01,6.760580305104673116e+00,2.202136271067274720e+00
1.606900378739192092e+01,6.807076418112397498e+00,2.210569181597945576e+00
1.622738739657636486e+01,6.852534994035787363e+00,2.218724011884187775e+00
1.638606152459462351e+01,6.896968917583736314e+00,2.226569872927752769e+00
1.654517096092399342e+01,6.940432517180445515e+00,2.234115588125795249e+00
1.670455078291919548e+01,6.982893934727822938e+00,2.241347392844898145e+00
1.687413508109168703e+01,7.026913274031072909e+00,2.248677314737482558e+00
1.704400221241176183e+01,7.069828272031604577e+00,2.255627359317471381e+00
1.720605494168646388e+01,7.109689987691261592e+00,2.261915451734482829e+00
1.736834548433198577e+01,7.148572185121491174e+00,2.267792819760445777e+00
1.752881370958840890e+01,7.186012948679852741e+00,2.273507442106150744e+00
1.768949729384177871e+01,7.222518422193268783e+00,2.278730191137222416e+00
1.785038847228832992e+01,7.258097856800547198e+00,2.283688719091012231e+00
1.801147972962717247e+01,7.292760168644109697e+00,2.288339836403062488e+00
1.817276381726445678e+01,7.326513956168283492e+00,2.292698764564561564e+00
1.833423369422029481e+01,7.359367500379570437e+00,2.296771290384989062e+00
1.849588258981945188e+01,7.391328789828980561e+00,2.300569212726109036e+00
1.865770387538884023e+01,7.422405506311471335e+00,2.304101938192283150e+00
1.881969109289532582e+01,7.452605042797691759e+00,2.307389551200651034e+00
1.898183810144817230e+01,7.481934540470846606e+00,2.310418308874049753e+00
1.914630393106478934e+01,7.510774615592958448e+00,2.313231743027615916e+00
1.931092156542685956e+01,7.538735206433848646e+00,2.315812830424791802e+00
1.948837235899494402e+01,7.567871784643054767e+00,2.318324661222623817e+00
1.966598517700263926e+01,7.596003842750638668e+00,2.320564234004140136e+00
1.983138278564662116e+01,7.621283563041622244e+00,2.322438910207103024e+00
1.999690914778232553e+01,7.645706043957360976e+00,2.324121449309085374e+00
2.016004329250100469e+01,7.668925392762581339e+00,2.325597120496242454e+00
2.032329216862881438e+01,7.691323887247550672e+00,2.326903522532794089e+00
2.048665092769715557e+01,7.712906437154554595e+00,2.328052683081817342e+00
2.065011482065198933e+01,7.733677740154739411e+00,2.329052055883700234e+00
2.081367921182123126e+01,7.753642289226323037e+00,2.329914757910936274e+00
2.097733955637755798e+01,7.772804374979219055e+00,2.330648149975067973e+00
2.114109139961189854e+01,7.791168090614914554e+00,2.331263839991410958e+00
2.130493038866672606e+01,7.808737337801418654e+00,2.331770010319147435e+00
2.146885225176247758e+01,7.825515828566197207e+00,2.332174098377256310e+00
2.163285278552304547e+01,7.841507088194815012e+00,2.332490160363995368e+00
2.179871574509810728e+01,7.856875829364331487e+00,2.332720650910594440e+00
2.196465069470553289e+01,7.871446777686146312e+00,2.332888262841165794e+00
2.214570891653455931e+01,7.886432972653760309e+00,2.332994209796701579e+00
2.232684261294726014e+01,7.900477558466326933e+00,2.333018759874164960e+00
2.249738271193057315e+01,7.912838770175091518e+00,2.332997262984550790e+00
2.266798082365767186e+01,7.924371748735826948e+00,2.332938063361750469e+00
2.283243486004346678e+01,7.934704623658147327e+00,2.332852100053989020e+00
2.299693516151854311e+01,7.944272773314272840e+00,2.332747096309542911e+00
2.316147805292951034e+01,7.953078133873145106e+00,2.332627572878325672e+00
2.332605990545580354e+01,7.961122482590638150e+00,2.332497213586076867e+00
2.349067712407942210e+01,7.968407438843259527e+00,2.332363697192301633e+00
2.365532613675199869e+01,7.974934465328421318e+00,2.332229494685342353e+00
2.382000339970700864e+01,7.980704869852785599e+00,2.332101531324642263e+00
2.398470540048881006e+01,7.985719806674676846e+00,2.331981207814322499e+00
2.414942864623954577e+01,7.989980277185999569e+00,2.331873691057706033e+00
2.431416965930133145e+01,7.993487130829231901e+00,2.331781071573982622e+00
2.447913166785647476e+01,7.996244048136473381e+00,2.331704030979527165e+00
2.464410455740055994e+01,7.998246706612250456e+00,2.331654220282551648e+00
2.482205011916055071e+01,7.999561702040611344e+00,2.331622730913054387e+00
2.499999999999986500e+01,7.999999999999992895e+00,2.331607441867287189e+00
2.517794988083921837e+01,7.999561702040612232e+00,2.331623131443450347e+00
2.535589544259921269e+01,7.998246706612251344e+00,2.331655005664151403e+00
2.552086833214330497e+01,7.996244048136476934e+00,2.331707444006932750e+00
2.568583034069843052e+01,7.993487130829236342e+00,2.331787432784978797e+00
2.585057135376022686e+01,7.989980277186004898e+00,2.331883414634317031e+00
2.601529459951096257e+01,7.985719806674682175e+00,2.331994269610126569e+00
2.617999660029276754e+01,7.980704869852793593e+00,2.332116792967307894e+00
2.634467386324777749e+01,7.974934465328429312e+00,2.332246975093608121e+00
2.650932287592035763e+01,7.968407438843266632e+00,2.332380762468896140e+00
2.667394009454396908e+01,7.961122482590647920e+00,2.332513659526859406e+00
2.683852194707026229e+01,7.953078133873156652e+00,2.332640920065866652e+00
2.700306483848121530e+01,7.944272773314283498e+00,2.332757026207168405e+00
2.716756513995629874e+01,7.934704623658158873e+00,2.332855475981654880e+00
2.733201917634209721e+01,7.924371748735839383e+00,2.332934503431900453e+00
2.750261728806916750e+01,7.912838770175105729e+00,2.332985371500446714e+00
2.767315738705244499e+01,7.900477558466347361e+00,2.332998189556368729e+00
2.785429108346517069e+01,7.886432972653780737e+00,2.332964912901377641e+00
2.803534930529420777e+01,7.871446777686165852e+00,2.332849530657202575e+00
2.820128425490163693e+01,7.856875829364351027e+00,2.332676020305941567e+00
2.836714721447669163e+01,7.841507088194837216e+00,2.332439850745239074e+00
2.853114774823726663e+01,7.825515828566219412e+00,2.332123071206488873e+00
2.869506961133302170e+01,7.808737337801442635e+00,2.331718825309164522e+00
2.885890860038784211e+01,7.791168090614941200e+00,2.331215839587961192e+00
2.902266044362217201e+01,7.772804374979246589e+00,2.330603768452635727e+00
2.918632078817849873e+01,7.753642289226353235e+00,2.329874279564243533e+00
2.934988517934773711e+01,7.733677740154770497e+00,2.329015466959258873e+00
2.951334907230256377e+01,7.712906437154587458e+00,2.328018136304608632e+00
2.967670783137090140e+01,7.691323887247586200e+00,2.326870769107550974e+00
2.983995670749872176e+01,7.668925392762615978e+00,2.325565314344542500e+00
3.000309085221741157e+01,7.645706043957395615e+00,2.324090475123872679e+00
3.016861721435309818e+01,7.621283563041660436e+00,2.322408843116665622e+00
3.033401482299706231e+01,7.596003842750681301e+00,2.320535287343902020e+00
3.051162764100480373e+01,7.567871784643092070e+00,2.318298103898557727e+00
3.068907843457292728e+01,7.538735206433881508e+00,2.315788401523093842e+00
3.085369606893502947e+01,7.510774615592984205e+00,2.313217868778235875e+00
3.101816189855167849e+01,7.481934540470868811e+00,2.310416142968942932e+00
3.118030890710453562e+01,7.452605042797713075e+00,2.307402309743157076e+00
3.134229612461101766e+01,7.422405506311493539e+00,2.304137186898947753e+00
3.150411741018040601e+01,7.391328789829001877e+00,2.300608219500406282e+00
3.166576630577956308e+01,7.359367500379593530e+00,2.296807230901853014e+00
3.182723618273540822e+01,7.326513956168308361e+00,2.292726053478116199e+00
3.198852027037268542e+01,7.292760168644133678e+00,2.288356393744146899e+00
3.214961152771152797e+01,7.258097856800571179e+00,2.283691651307055981e+00
3.231050270615807563e+01,7.222518422193293652e+00,2.278724673471364870e+00
3.247118629041144544e+01,7.186012948679878498e+00,2.273450966245273985e+00
3.263165451566788278e+01,7.148572185121515155e+00,2.267865718392661378e+00
3.279394505831339046e+01,7.109689987691289126e+00,2.261888777132415651e+00
3.295599778758807474e+01,7.069828272031636551e+00,2.255587750966536742e+00
3.312586491890817086e+01,7.026913274031101331e+00,2.248628224528167241e+00
3.329544921708066596e+01,6.982893934727850471e+00,2.241294912148071639e+00
3.345482903907586802e+01,6.940432517180473937e+00,2.234060202035380360e+00
3.361393847540523439e+01,6.896968917583766512e+00,2.226519588854279252e+00
3.377261260342348947e+01,6.852534994035821114e+00,2.218678087113526765e+00
3.393099621260792986e+01,6.807076418112432137e+00,2.210537059407057470e+00
3.408907834311713003e+01,6.760580305104706866e+00,2.202108458088811727e+00
3.424684756616498049e+01,6.713033299103703833e+00,2.193403566345997646e+00
3.440429197573956088e+01,6.664421549368746867e+00,2.184441852367086767e+00
3.456139913749039749e+01,6.614730698080782290e+00,2.175240512295963935e+00
3.471815603707815256e+01,6.563945867690073044e+00,2.165826121255303605e+00
3.487454915211023376e+01,6.512051606072493115e+00,2.156226100804588430e+00
3.503056436346160041e+01,6.459031880071666620e+00,2.146476882825899768e+00
3.518618677530324135e+01,6.404870101687502704e+00,2.136618304930521184e+00
3.534604786424652900e+01,6.347872375981654436e+00,2.126403837901432947e+00
3.550545795992464804e+01,6.289625278429548771e+00,2.116181245211015138e+00
3.566038976589465648e+01,6.231627601938064309e+00,2.106279108691917923e+00
3.581485712552001388e+01,6.172404090664800336e+00,2.096517114849967278e+00
3.596823370930353292e+01,6.112175821274025367e+00,2.087020199453065050e+00
3.612111070265321189e+01,6.050690541196029670e+00,2.077849825558652608e+00
3.627346713131364453e+01,5.987926747427213314e+00,2.069122195887078686e+00
3.642528110410975017e+01,5.923862046940788773e+00,2.060968644129948846e+00
3.657652945804411360e+01,5.858473237003497758e+00,2.053539796572609877e+00
3.672718776610937397e+01,5.791736236293107964e+00,2.047010346219638954e+00
3.687723031467295698e+01,5.723626020387018620e+00,2.041574156503605852e+00
3.702662981154826838e+01,5.654116675253452406e+00,2.037462607994035224e+00
3.717535745331539943e+01,5.583181286269389254e+00,2.034927171014665248e+00
3.732338281256522095e+01,5.510791899686884321e+00,2.034268583110069084e+00
3.747141136148064078e+01,5.436544773917112217e+00,2.035827487938079550e+00
3.761866329912577811e+01,5.360769175679608978e+00,2.040007833172428509e+00
3.776437225133405207e+01,5.283823739257651475e+00,2.047186337006019929e+00
3.790923740463748715e+01,5.205301309004791044e+00,2.057867585990806880e+00
3.805321783145051739e+01,5.125168330988938870e+00,2.072579797861537010e+00
3.819627007662010243e+01,5.043389996616458149e+00,2.091937195405610961e+00
3.833834786340636924e+01,4.959930265717227726e+00,2.116595031516045111e+00
3.847940189362295627e+01,4.874751834255682148e+00,2.147309637996258846e+00
3.861937982380236178e+01,4.787815983143450360e+00,2.184872910342455121e+00
3.875822538377352799e+01,4.699082953498099791e+00,2.230205050606185235e+00
3.889587837759177091e+01,4.608511796721756149e+00,2.284256221618821581e+00
3.903227518927821649e+01,4.516059844028783132e+00,2.348127925203712607e+00
3.916734761179798596e+01,4.421683260475378852e+00,2.422937731004903394e+00
3.930102227296479356e+01,4.325337262959709328e+00,2.510005863247587232e+00
3.943322061589185523e+01,4.226975953163373489e+00,2.610671161211675972e+00
3.956385889199875550e+01,4.126552096437330341e+00,2.726510539005761569e+00
3.969284722658964881e+01,4.024017593393229397e+00,2.859128579682859161e+00
3.982008900847922916e+01,3.919323768541964181e+00,3.010470953854078147e+00
3.994548074577159014e+01,3.812421302280288860e+00,3.182562016645147818e+00
4.006891136236162509e+01,3.703260633143594660e+00,3.377843871193845438e+00
4.019026173889190545e+01,3.591792205947199168e+00,3.598897961809775836e+00
4.030940400325692252e+01,3.477967001602346730e+00,3.848957722989459374e+00
4.042620104491196287e+01,3.361736948372465950e+00,4.131524376680134836e+00
4.054050593792515400e+01,3.243055509754565691e+00,4.450979456793183076e+00
4.065216129641081722e+01,3.121878478109937571e+00,4.812145522600754788e+00
4.076099881763467891e+01,2.998164745048827573e+00,5.221255734076773791e+00
4.086683870910199090e+01,2.871877410780837803e+00,5.685364253138025958e+00
4.096948939585838190e+01,2.742984849014779680e+00,6.213596187506328583e+00
4.106874721092653147e+01,2.611462115861633126e+00,6.816527119089797360e+00
4.116439625671465308e+01,2.477292579788659133e+00,7.508262085417881870e+00
4.125620865532627590e+01,2.340469542906316480e+00,8.305894368597481758e+00
4.134394494943754950e+01,2.200998250514766053e+00,9.232346337360109345e+00
4.142735495671823998e+01,2.058897968455100091e+00,1.031477145771396131e+01
4.150617908329088124e+01,1.914204174353172361e+00,1.159538832519577944e+01
4.158015012225023810e+01,1.766970902403902866e+00,1.311977427949886454e+01
4.164899567309594630e+01,1.617273065796983822e+00,1.497376548468408686e+01
4.171244125477521436e+01,1.465208592639450691e+00,1.722605719084332776e+01
4.177021408786377066e+01,1.310900328007977844e+00,2.014914391809818994e+01
4.182204753740634118e+01,1.154497547283226844e+00,2.366415912596867344e+01
4.186768618268610709e+01,9.961768125789197681e-01,2.920268124910251473e+01
4.190689134502585489e+01,8.361420779571248074e-01,3.451472723527709974e+01
4.193944688223476192e+01,6.746238647840749891e-01,5.014115719016568562e+01
4.196516498947342910e+01,5.118773382358450252e-01,5.382884344210317096e+01
4.198389166619171675e+01,3.481792867720470697e-01,1.314594559620017549e+02
4.199596574462650977e+01,1.742755452456457577e-01,1.413966046802276253e+02
4.199999999999997868e+01,-3.393155340713802072e-17,1.102332610959674412e+03
