x,y,stress
5.999999999999997335e+00,-1.129752089270768015e-13,1.258946177061131266e+03
6.010353454250261684e+00,1.650409307696193706e-01,1.403581940088197655e+02
6.040822150500516408e+00,3.275840454895526666e-01,1.395865107420594882e+02
6.089801900379820943e+00,4.855536173411977297e-01,4.835304620919629315e+01
6.155082460426364754e+00,6.375313216285832807e-01,4.489442140352230126e+01
6.234276715198256547e+00,7.827622443505631855e-01,2.914501801642959578e+01
6.325125315577781571e+00,9.210171241699514066e-01,2.392699142877306784e+01
6.425649181160348000e+00,1.052417466996201645e+00,1.891461105193308612e+01
6.534190738411365551e+00,1.177286433238883712e+00,1.564611416494306795e+01
6.649395006773397121e+00,1.296043852029227006e+00,1.310328988665172822e+01
6.770166742716937414e+00,1.409140604969765009e+00,1.117513047507636159e+01
6.895623430248678964e+00,1.517021361185660000e+00,9.652811447915359722e+00
7.025052988540129384e+00,1.620105668709488134e+00,8.437943101352464836e+00
7.157878061824153981e+00,1.718779376344556242e+00,7.450875159597538655e+00
7.293627315700667246e+00,1.813392131472409741e+00,6.639536803011716337e+00
7.431913434058659895e+00,1.904258502414004628e+00,5.964065252985794707e+00
7.572415809014462873e+00,1.991660404791243844e+00,5.396955898358135606e+00
7.714867002612789015e+00,2.075850078893954898e+00,4.915237688472402944e+00
7.859042133508576278e+00,2.157053164186693017e+00,4.505097761011928270e+00
8.004750477381969986e+00,2.235471618301011265e+00,4.153236747770991499e+00
8.151830338396608866e+00,2.311287176213692174e+00,3.849975931942912766e+00
8.300143458838084243e+00,2.384663479464485203e+00,3.586978479104794282e+00
8.449569093855242130e+00,2.455747354819184380e+00,3.358934347318239588e+00
8.600002772261081674e+00,2.524671763999980278e+00,3.160767815570275197e+00
8.751354039342674085e+00,2.591557575658149037e+00,2.988004679861508972e+00
8.903543215285237622e+00,2.656514479781504345e+00,2.828463063175248760e+00
9.056500192748787370e+00,2.719642486792738456e+00,2.697406454189259950e+00
9.210162925865597927e+00,2.781032974006819369e+00,2.580218846527126075e+00
9.364476207724990786e+00,2.840769614776668117e+00,2.478157741332621899e+00
9.519390857439573139e+00,2.898929267602906368e+00,2.384033612841289340e+00
9.674862753803841642e+00,2.955582637102267540e+00,2.304711715229943003e+00
9.830852190944682434e+00,3.010794922078531055e+00,2.233773075351757953e+00
9.987323541146638561e+00,3.064626451433774879e+00,2.171488494767672250e+00
1.014424454137449949e+01,3.117133086826996635e+00,2.116347078172710283e+00
1.030158583505284398e+01,3.168366639632444581e+00,2.067837071933674054e+00
1.045932083758118303e+01,3.218375322388878690e+00,2.024727277996936969e+00
1.061742514034993867e+01,3.267203989929581720e+00,1.987803209920143477e+00
1.077587634070861533e+01,3.314894471160409584e+00,1.952683546636457601e+00
1.093465419585787934e+01,3.361485946834942951e+00,1.923381844567193966e+00
1.109561542131931944e+01,3.407545089644495651e+00,1.896883400356461635e+00
1.125687398852113574e+01,3.452552223821415467e+00,1.873790577221675635e+00
1.141653152928844328e+01,3.496034400693161182e+00,1.853656611199179016e+00
1.157644872999041574e+01,3.538551741613574553e+00,1.836049551954968884e+00
1.173661191622994870e+01,3.580132703665082960e+00,1.820674615690331066e+00
1.189700849391853588e+01,3.620804130009211086e+00,1.807270446071798542e+00
1.205762678981958835e+01,3.660591354452711332e+00,1.795654804001428406e+00
1.221845576607842787e+01,3.699518264254932909e+00,1.785594980631377782e+00
1.237948514377419329e+01,3.737607452793317631e+00,1.776925673293565655e+00
1.254070543482595923e+01,3.774880333615629358e+00,1.769488382589201603e+00
1.270210768643469201e+01,3.811357177554955289e+00,1.763082112455067074e+00
1.286368354126127223e+01,3.847057216275976632e+00,1.757639813920441219e+00
1.302602237320847145e+01,3.882126275355353151e+00,1.753037167582093270e+00
1.318852070768595119e+01,3.916448700586264930e+00,1.749199987901891573e+00
1.336076870999974453e+01,3.951999870484233846e+00,1.745878544480833794e+00
1.353317986423765262e+01,3.986751223335135208e+00,1.743241077759342783e+00
1.369627955597062652e+01,4.018877754036054739e+00,1.741292867337672634e+00
1.385951253495327329e+01,4.050320077645796601e+00,1.739807230010420369e+00
1.402212533866984501e+01,4.080952545506873363e+00,1.738733383745377115e+00
1.418485953166550395e+01,4.110933471396256422e+00,1.738030987167479946e+00
1.434771018715245816e+01,4.140275140260255782e+00,1.737600370611651623e+00
1.451067266169402004e+01,4.168989295314943888e+00,1.737632577530902056e+00
1.467374251559332698e+01,4.197087157427798587e+00,1.737749047850888795e+00
1.483691555660708694e+01,4.224579464035991272e+00,1.738041739410804531e+00
1.500018781156251713e+01,4.251476492719023170e+00,1.738527360132382737e+00
1.516355543721522281e+01,4.277788073383240075e+00,1.739170465964033019e+00
1.532701476835317322e+01,4.303523621582614034e+00,1.739941670014140573e+00
1.549056236539219711e+01,4.328692168717583222e+00,1.740822948242681578e+00
1.565881225326804760e+01,4.353988615225921066e+00,1.741819102307716527e+00
1.582714851359756736e+01,4.378703779349047309e+00,1.742893820913615333e+00
1.600857850453132514e+01,4.404687281503758989e+00,1.744114963784766381e+00
1.619010098509801310e+01,4.430016596606267676e+00,1.745386336665690763e+00
1.635704199065471087e+01,4.452731715067037577e+00,1.746589890427265868e+00
1.652405519956928615e+01,4.474909737247585895e+00,1.747812705017342205e+00
1.668815586365066750e+01,4.496176022620496759e+00,1.749024797945608167e+00
1.685232116982657047e+01,4.516937420650594781e+00,1.750238799412697333e+00
1.701654879039321955e+01,4.537200092603419499e+00,1.751448080498737125e+00
1.718083646559786004e+01,4.556969956187778337e+00,1.752648127728227090e+00
1.734518200392907872e+01,4.576252696570526801e+00,1.753834794917089823e+00
1.750958334101120784e+01,4.595053783265663050e+00,1.754999662369909563e+00
1.767403847334513145e+01,4.613378471548074344e+00,1.756140812257099615e+00
1.783854544421035371e+01,4.631231809997582438e+00,1.757254661197456658e+00
1.800310237740172425e+01,4.648618652679381569e+00,1.758337581850468512e+00
1.816770745298316569e+01,4.665543664317694628e+00,1.759388959834880861e+00
1.833402660839239573e+01,4.682175775855668576e+00,1.760414473971159355e+00
1.850039133870954799e+01,4.698345669023157534e+00,1.761407785561360573e+00
1.868399261180028859e+01,4.715654740440528236e+00,1.762457036300999924e+00
1.886764508670559692e+01,4.732411840643140799e+00,1.763457139150631958e+00
1.904942975954775619e+01,4.748455892875281137e+00,1.764401829163110058e+00
1.923126047612885259e+01,4.763969430035574604e+00,1.765296389501721963e+00
1.939718289891582614e+01,4.777663580549148747e+00,1.766073514357049401e+00
1.956314059432013863e+01,4.790923434450752971e+00,1.766813473489559083e+00
1.972812143306698118e+01,4.803675419189997520e+00,1.767511025093276400e+00
1.989313440585753767e+01,4.816004624208654938e+00,1.768171139040396245e+00
2.005817820595271783e+01,4.827913967697954334e+00,1.768794495098950037e+00
2.022325157199576040e+01,4.839406244740307450e+00,1.769381871601691802e+00
2.038835327468009240e+01,4.850484129825329838e+00,1.769934289554790485e+00
2.055348209512933977e+01,4.861150178821580958e+00,1.770452780198606302e+00
2.071863684202792300e+01,4.871406833418151727e+00,1.770938212221978558e+00
2.088381636585777557e+01,4.881256424939424576e+00,1.771392022605179362e+00
2.104901953516754531e+01,4.890701175636335662e+00,1.771815104878379676e+00
2.121424523649223914e+01,4.899743201412776195e+00,1.772210325037706813e+00
2.138358500330821599e+01,4.908593449429271338e+00,1.772584635065672432e+00
2.155294613673003212e+01,4.917024946625963011e+00,1.772934823514708880e+00
2.174190799793093376e+01,4.925939288539843197e+00,1.773292572970581293e+00
2.193089350468595100e+01,4.934337439212893806e+00,1.773614504524840152e+00
2.211480897079177055e+01,4.942016090817172191e+00,1.773901310366049922e+00
2.229874402436254144e+01,4.949210296516706187e+00,1.774158741852035925e+00
2.246563821474449085e+01,4.955319830443148277e+00,1.774371444366868111e+00
2.263254642665485150e+01,4.961033504561656038e+00,1.774567138186257553e+00
2.279793535715575459e+01,4.966305521597106143e+00,1.774742407636804797e+00
2.296333614996205341e+01,4.971191246304766054e+00,1.774900764988042612e+00
2.312874787047782021e+01,4.975691710343613572e+00,1.775043287347762178e+00
2.329416960068093800e+01,4.979807861054131202e+00,1.775170490870416673e+00
2.345960042734558826e+01,4.983540562129318729e+00,1.775283529995754561e+00
2.362503944571448145e+01,4.986890594641069541e+00,1.775382875562028673e+00
2.379048575870953997e+01,4.989858657839491229e+00,1.775470026150508751e+00
2.395593847353035599e+01,4.992445369826554291e+00,1.775544893355654796e+00
2.412139670408538095e+01,4.994651268250964726e+00,1.775608375384475357e+00
2.428685956840163840e+01,4.996476810824740156e+00,1.775661356458128060e+00
2.445553281442539273e+01,4.997946638508000028e+00,1.775703284181795238e+00
2.462420903703731412e+01,4.999021934478363072e+00,1.775737221634930307e+00
2.481210388206274331e+01,4.999755499900527589e+00,1.775760506513034409e+00
2.500000000000008527e+01,4.999999999999996447e+00,1.775766943147293997e+00
2.518789611793744498e+01,4.999755499900527589e+00,1.775760696039908160e+00
2.537579096296284931e+01,4.999021934478361295e+00,1.775737590532620702e+00
2.554446718557476714e+01,4.997946638507998252e+00,1.775703652206195748e+00
2.571314043159850016e+01,4.996476810824738379e+00,1.775661704242553096e+00
2.587860329591477182e+01,4.994651268250962950e+00,1.775608591237596956e+00
2.604406152646979677e+01,4.992445369826551627e+00,1.775544974158761891e+00
2.620951424129060214e+01,4.989858657839488565e+00,1.775469809821751621e+00
2.637496055428565001e+01,4.986890594641065988e+00,1.775382328802858067e+00
2.654039957265454674e+01,4.983540562129315177e+00,1.775282534539022183e+00
2.670583039931920055e+01,4.979807861054127649e+00,1.775169078573986203e+00
2.687125212952230413e+01,4.975691710343610019e+00,1.775041514723878500e+00
2.703666385003805317e+01,4.971191246304762501e+00,1.774898617118936706e+00
2.720206464284435910e+01,4.966305521597102590e+00,1.774739992282294621e+00
2.736745357334525508e+01,4.961033504561651597e+00,1.774564507737080188e+00
2.753436178525559441e+01,4.955319830443144724e+00,1.774368842452859196e+00
2.770125597563750830e+01,4.949210296516703522e+00,1.774156147328155742e+00
2.788519102920828985e+01,4.942016090817167751e+00,1.773898567006366944e+00
2.806910649531411650e+01,4.934337439212890253e+00,1.773611636580612494e+00
2.825809200206911243e+01,4.925939288539840533e+00,1.773289655292519473e+00
2.844705386326997498e+01,4.917024946625960347e+00,1.772931906645858424e+00
2.861641499669182664e+01,4.908593449429267785e+00,1.772581989990479556e+00
2.878575476350782480e+01,4.899743201412770865e+00,1.772208101109558065e+00
2.895098046483250798e+01,4.890701175636332110e+00,1.771813747964834818e+00
2.911618363414227062e+01,4.881256424939421024e+00,1.771391541093632949e+00
2.928136315797213030e+01,4.871406833418146398e+00,1.770938135000666769e+00
2.944651790487073129e+01,4.861150178821574741e+00,1.770453087803645964e+00
2.961164672531997155e+01,4.850484129825324509e+00,1.769934647799802585e+00
2.977674842800429289e+01,4.839406244740301233e+00,1.769382121643035433e+00
2.994182179404734612e+01,4.827913967697949005e+00,1.768794169753579837e+00
3.010686559414252628e+01,4.816004624208648721e+00,1.768170151226498676e+00
3.027187856693307566e+01,4.803675419189991302e+00,1.767509623239553518e+00
3.043685940567990400e+01,4.790923434450746754e+00,1.766811571377372436e+00
3.060281710108424491e+01,4.777663580549141642e+00,1.766071450760520412e+00
3.076873952387124334e+01,4.763969430035564834e+00,1.765294196127395576e+00
3.095057024045230420e+01,4.748455892875274031e+00,1.764399759238765242e+00
3.113235491329442794e+01,4.732411840643135470e+00,1.763455300102955370e+00
3.131600738819975405e+01,4.715654740440522907e+00,1.762455496421626133e+00
3.149960866129050885e+01,4.698345669023150428e+00,1.761406804514151547e+00
3.166597339160763980e+01,4.682175775855664135e+00,1.760413614599580567e+00
3.183229254701684852e+01,4.665543664317690187e+00,1.759388211043652506e+00
3.199689762259829706e+01,4.648618652679377128e+00,1.758336183460103452e+00
3.216145455578966761e+01,4.631231809997577109e+00,1.757252552332341677e+00
3.232596152665488631e+01,4.613378471548069015e+00,1.756138203747846793e+00
3.249041665898881348e+01,4.595053783265657721e+00,1.754996269276059673e+00
3.265481799607095326e+01,4.576252696570519696e+00,1.753830572992459036e+00
3.281916353440217904e+01,4.556969956187769455e+00,1.752644483146862830e+00
3.298345120960681953e+01,4.537200092603412394e+00,1.751443300752950849e+00
3.314767883017346151e+01,4.516937420650585899e+00,1.750231468452510875e+00
3.331184413634936448e+01,4.496176022620488766e+00,1.749015871961228763e+00
3.347594480043073872e+01,4.474909737247577901e+00,1.747802333599536517e+00
3.364295800934532110e+01,4.452731715067029583e+00,1.746578646533939461e+00
3.380989901490202953e+01,4.430016596606256130e+00,1.745374345225532808e+00
3.399142149546871394e+01,4.404687281503747442e+00,1.744102712232639130e+00
3.417285148640246462e+01,4.378703779349038427e+00,1.742881312026986595e+00
3.434118774673197549e+01,4.353988615225914849e+00,1.741806719819777305e+00
3.450943763460780644e+01,4.328692168717576116e+00,1.740810273264224994e+00
3.467298523164682678e+01,4.303523621582609593e+00,1.739928759870090325e+00
3.483644456278476298e+01,4.277788073383237410e+00,1.739155306884125229e+00
3.499981218843747399e+01,4.251476492719019618e+00,1.738509235172953415e+00
3.516308444339290418e+01,4.224579464035986831e+00,1.738013844600006630e+00
3.532625748440667479e+01,4.197087157427793258e+00,1.737694421924875332e+00
3.548932733830599062e+01,4.168989295314937671e+00,1.737579731781857761e+00
3.565228981284754894e+01,4.140275140260249565e+00,1.737701540809693634e+00
3.581514046833450493e+01,4.110933471396248429e+00,1.738095365533541825e+00
3.597787466133016920e+01,4.080952545506865370e+00,1.738800739692674124e+00
3.614048746504673915e+01,4.050320077645788608e+00,1.739861290133033922e+00
3.630372044402937348e+01,4.018877754036049410e+00,1.741336363416923660e+00
3.646682013576234027e+01,3.986751223335128991e+00,1.743271804607687825e+00
3.663923129000026080e+01,3.951999870484225852e+00,1.745896094783436103e+00
3.681147929231406124e+01,3.916448700586256049e+00,1.749201755915041456e+00
3.697397762679155164e+01,3.882126275355342493e+00,1.753021588168940159e+00
3.713631645873875442e+01,3.847057216275963754e+00,1.757609251772903614e+00
3.729789231356534174e+01,3.811357177554941078e+00,1.763043266446678192e+00
3.745929456517407630e+01,3.774880333615614703e+00,1.769448306738557797e+00
3.762051485622583158e+01,3.737607452793305196e+00,1.776944644126418726e+00
3.778154423392159345e+01,3.699518264254918254e+00,1.785670506508679756e+00
3.794237321018042763e+01,3.660591354452697122e+00,1.795775607373086391e+00
3.810299150608149432e+01,3.620804130009196875e+00,1.807435397960200918e+00
3.826338808377006728e+01,3.580132703665071858e+00,1.820839979399525577e+00
3.842355127000959669e+01,3.538551741613562562e+00,1.836209164510360425e+00
3.858346847071157981e+01,3.496034400693146083e+00,1.853784582101588363e+00
3.874312601147891399e+01,3.452552223821395039e+00,1.873840914631472065e+00
3.890438457868072675e+01,3.407545089644475222e+00,1.896975224996627407e+00
3.906534580414218283e+01,3.361485946834915861e+00,1.923343957760556000e+00
3.922412365929144329e+01,3.314894471160382050e+00,1.952971767551646476e+00
3.938257485965014126e+01,3.267203989929548857e+00,1.986597431442846284e+00
3.954067916241888270e+01,3.218375322388849824e+00,2.024730256541566131e+00
3.969841416494722353e+01,3.168366639632414383e+00,2.067953145697357886e+00
3.985575545862555202e+01,3.117133086826969990e+00,2.116910931622625114e+00
4.001267645885342716e+01,3.064626451433744236e+00,2.172366234912771699e+00
4.016914780905535309e+01,3.010794922078508407e+00,2.235157463062408034e+00
4.032513724619619211e+01,2.955582637102240451e+00,2.306284300480449190e+00
4.048060914256043930e+01,2.898929267602886828e+00,2.386841532350907347e+00
4.063552379227505895e+01,2.840769614776638363e+00,2.478166702654398978e+00
4.078983707413440385e+01,2.781032974006807823e+00,2.581733390750674761e+00
4.094349980725123572e+01,2.719642486792715363e+00,2.699347276465585033e+00
4.109645678471473218e+01,2.656514479781504345e+00,2.833010927028998704e+00
4.124864596065733480e+01,2.591557575658131274e+00,2.985237955321967007e+00
4.139999722773885793e+01,2.524671763999994045e+00,3.158860823411409946e+00
4.155043090614475432e+01,2.455747354819168393e+00,3.357444792212936235e+00
4.169985654116182161e+01,2.384663479464518510e+00,3.585060926037632711e+00
4.184816966160339291e+01,2.311287176213676631e+00,3.846984838137595286e+00
4.199524952261788258e+01,2.235471618301073882e+00,4.149358928512882905e+00
4.214095786649141928e+01,2.157053164186677474e+00,4.500231208190649923e+00
4.228513299738698805e+01,2.075850078894068584e+00,4.909169860697186749e+00
4.242758419098552025e+01,1.991660404791241623e+00,5.389087656374481838e+00
4.256808656594099460e+01,1.904258502414208243e+00,5.955774676604702833e+00
4.270637268429928923e+01,1.813392131472410407e+00,6.630986213897951842e+00
4.284212193817536019e+01,1.718779376344890419e+00,7.442230383496689861e+00
4.297494701145986795e+01,1.620105668709472369e+00,8.428858713723387908e+00
4.310437656975060605e+01,1.517021361186227546e+00,9.642160433889200633e+00
4.322983325728301907e+01,1.409140604969767452e+00,1.116118243929277654e+01
4.335060499322560901e+01,1.296043852030163368e+00,1.308526872803589391e+01
4.346580926158861047e+01,1.177286433238878161e+00,1.561656044676299082e+01
4.357435081883851780e+01,1.052417466997557449e+00,1.887765131780118821e+01
4.367487468442219267e+01,9.210171241699509626e-01,2.385024154067200186e+01
4.376572328480087748e+01,7.827622443519657303e-01,2.903588431284338611e+01
4.384491753957362903e+01,6.375313216285447560e-01,4.473565325991071262e+01
4.391019809961993303e+01,4.855536173417948631e-01,4.782225113923740167e+01
4.395917784949944718e+01,3.275840454895174725e-01,1.399756859503027613e+02
4.398964654574970012e+01,1.650409307696181493e-01,1.385863155149147019e+02
4.399999999999997868e+01,-3.199383978149788187e-17,1.257970693499808249e+03
