x,y,stress
6.999999999999997335e+00,3.888146324044281754e-16,1.173553455524021047e+03
7.005118922985804630e+00,1.669303116749842053e-01,1.645896997064375853e+02
7.020408094024375600e+00,3.332382727147608636e-01,1.393498126432220374e+02
7.045168461564505158e+00,4.955891770287040310e-01,5.938664202867379061e+01
7.079273313294369707e+00,6.562383355799065177e-01,5.272205990715862356e+01
7.122333498657749118e+00,8.147236577486201003e-01,3.626083905923788819e+01
7.173891248780776664e+00,9.706534846854559806e-01,3.015884088184947487e+01
7.233442928613844636e+00,1.123710566439985348e+00,2.428810880808415362e+01
7.300460314875103940e+00,1.273650886086488354e+00,2.039405533884814403e+01
7.374408932262273453e+00,1.420298651574583237e+00,1.702876301046456931e+01
7.454762702531695595e+00,1.563538800958048647e+00,1.476980736149969786e+01
7.541014799513583888e+00,1.703308284851179577e+00,1.283264410195666017e+01
7.632685032401306024e+00,1.839587119869346532e+00,1.126637870186531210e+01
7.729324304315543515e+00,1.972389890924628908e+00,9.960767131895293502e+00
7.830516783897138566e+00,2.101758125382549025e+00,8.865761452704804313e+00
7.935880345258341073e+00,2.227753671263527302e+00,7.937899350030543033e+00
8.045065784071818271e+00,2.350453122156731744e+00,7.146296088772601252e+00
8.157755277917827286e+00,2.469943296290990631e+00,6.466202180554457613e+00
8.273660476944387554e+00,2.586317715708223108e+00,5.879196128045509617e+00
8.392520188820467908e+00,2.699673678121000453e+00,5.370057018473358035e+00
8.514098015581042844e+00,2.810110028296215479e+00,4.927053036611588333e+00
8.638180145753386441e+00,2.917725575928208137e+00,4.540333957431581524e+00
8.764573189137619735e+00,3.022617875034769419e+00,4.202064850266183704e+00
8.893102111504871843e+00,3.124882308929475272e+00,3.905400963932228464e+00
9.023608360401569328e+00,3.224611469911322637e+00,3.645068433703861466e+00
9.155948190828951283e+00,3.321894767932719095e+00,3.415970881880248111e+00
9.289991071804612588e+00,3.416818133194128748e+00,3.215015998847500001e+00
9.425618160423942626e+00,3.509463786131729712e+00,3.038830456812513514e+00
9.562721616998805629e+00,3.599910565658851702e+00,2.884439420923141206e+00
9.701203048237177384e+00,3.688233618009038928e+00,2.749460825406594644e+00
9.840972379628878386e+00,3.774504381918883489e+00,2.631573587195599195e+00
9.981947654472952181e+00,3.858791102995072997e+00,2.528792216668870996e+00
1.012405312270107238e+01,3.941158263620613944e+00,2.439467496136191738e+00
1.026721936083401232e+01,4.021667225857037842e+00,2.361822837005895792e+00
1.041138294740991910e+01,4.100376515439446479e+00,2.295037635387224384e+00
1.055648518143969561e+01,4.177341549556669698e+00,2.237458631826859001e+00
1.070247213958736587e+01,4.252615083960901821e+00,2.189600964092790036e+00
1.084929396735292073e+01,4.326247204779229527e+00,2.145690381646832456e+00
1.099690442996952200e+01,4.398285443290094854e+00,2.110994979240519154e+00
1.114526079352695120e+01,4.468775025660844946e+00,2.081319943186707988e+00
1.129432330391916928e+01,4.537758899467897677e+00,2.056998721092942795e+00
1.144405498993724457e+01,4.605277899861127011e+00,2.037011061601472939e+00
1.159442159204873235e+01,4.671370945657156604e+00,2.020997947442260134e+00
1.174680095762339960e+01,4.736671697684875504e+00,2.008173669387798288e+00
1.189976384611482452e+01,4.800593720646277873e+00,1.998997719024722786e+00
1.205186157425559124e+01,4.862599725747577040e+00,1.991594705020836908e+00
1.220447789261621452e+01,4.923318189366233888e+00,1.986710130051662526e+00
1.235758827715123509e+01,4.982779563455543403e+00,1.983680915566309544e+00
1.251116992228238622e+01,5.041012979111505921e+00,1.982687878177975094e+00
1.266520142304001162e+01,5.098046242575348330e+00,1.982537032544654965e+00
1.281966245114092473e+01,5.153905831178611230e+00,1.983845737627476735e+00
1.297453387886442577e+01,5.208617048243406877e+00,1.986168410307032062e+00
1.312979786359386836e+01,5.262204145755980278e+00,1.989395806320717108e+00
1.328543753208649214e+01,5.314690298829848558e+00,1.993329960535281442e+00
1.344143686448168218e+01,5.366097650381022710e+00,1.997903500204373461e+00
1.359778080939460487e+01,5.416447425460540366e+00,2.002870241386514927e+00
1.375445502968578992e+01,5.465759917378175459e+00,2.008576863205201235e+00
1.391872789064800209e+01,5.516268032337404925e+00,2.014608363673830116e+00
1.408333285430199133e+01,5.565683141954947288e+00,2.020840239444246844e+00
1.424198663496004791e+01,5.612208988700455592e+00,2.027062452185624863e+00
1.440092316913210979e+01,5.657759597360652037e+00,2.033429263277995780e+00
1.455908693548549593e+01,5.702062488177777944e+00,2.039813607960327069e+00
1.471750834566719135e+01,5.745435091764029778e+00,2.046231298885718530e+00
1.487617755027646105e+01,5.787892516971619550e+00,2.052647648810373315e+00
1.503508504080078900e+01,5.829449242069580706e+00,2.059030325211106849e+00
1.519422176402368230e+01,5.870119182480902253e+00,2.065352386457164791e+00
1.535357915385816696e+01,5.909915730764989661e+00,2.071588916134819769e+00
1.551314896543211042e+01,5.948851744931352492e+00,2.077719272157128483e+00
1.567292335457142727e+01,5.986939597544329139e+00,2.083731783829103179e+00
1.583289488129053701e+01,6.024191202151047086e+00,2.089612232238859946e+00
1.599305624742456722e+01,6.060617977611935103e+00,2.095338893620422471e+00
1.615664627033217471e+01,6.096943082900748045e+00,2.101012929616774993e+00
1.632041965941595052e+01,6.132432343860360291e+00,2.106514201620027116e+00
1.649505706735832788e+01,6.169326588476796935e+00,2.112163905873330361e+00
1.666988703278017780e+01,6.205297338633101845e+00,2.117587439784555770e+00
1.683213587736662120e+01,6.237831063985806779e+00,2.122426174534720822e+00
1.699453804092373943e+01,6.269590620623318955e+00,2.127076045609131327e+00
1.715588220437846445e+01,6.300357863736705255e+00,2.131500088006071270e+00
1.731736677444498085e+01,6.330379474260835693e+00,2.135733288078281333e+00
1.747898672785562368e+01,6.359663495798153043e+00,2.139777362946418293e+00
1.764073722448893378e+01,6.388217674559562020e+00,2.143632508978209561e+00
1.780261359262072673e+01,6.416049469172322439e+00,2.147300695199462428e+00
1.796461130515076121e+01,6.443166058477797442e+00,2.150784290190496328e+00
1.812672598175592142e+01,6.469574353267613098e+00,2.154087635498747488e+00
1.828895339967055023e+01,6.495281008491147645e+00,2.157213356368556934e+00
1.845128946575017892e+01,6.520292428540146012e+00,2.160164752628803697e+00
1.861373020482139751e+01,6.544614774961382331e+00,2.162949143302343558e+00
1.877932421875083691e+01,6.568691276629459175e+00,2.165613323119120359e+00
1.894501892595664927e+01,6.592064768953172837e+00,2.168119619365105333e+00
1.912645519134337135e+01,6.616844408857758708e+00,2.170673907315432860e+00
1.930800257976464351e+01,6.640796356155716396e+00,2.173029893270097546e+00
1.947754800851169676e+01,6.662411530018228056e+00,2.175074175087162942e+00
1.964718239356814067e+01,6.683317133060021398e+00,2.176970480199706515e+00
1.981028110428448130e+01,6.702743604321689475e+00,2.178658883742100372e+00
1.997345547378200692e+01,6.721523989488535022e+00,2.180223299574857165e+00
2.013670242482427852e+01,6.739662522705914149e+00,2.181667255928763538e+00
2.030001898219840584e+01,6.757163264284369752e+00,2.182996436326261058e+00
2.046340223538119929e+01,6.774030101269366000e+00,2.184216130258283872e+00
2.062684931932643906e+01,6.790266750310829380e+00,2.185332566121670705e+00
2.079035743456620366e+01,6.805876764322988492e+00,2.186352699092879881e+00
2.095392385318325168e+01,6.820863537093211804e+00,2.187281196315346676e+00
2.111754590120974839e+01,6.835230305432141051e+00,2.188124137308390171e+00
2.128122094721794610e+01,6.848980151951810313e+00,2.188887058684461984e+00
2.144503437431165693e+01,6.862122901242350359e+00,2.189574719633893718e+00
2.160889574200065866e+01,6.874653792328392576e+00,2.190199037341877819e+00
2.178472970182374979e+01,6.887419155173752472e+00,2.190793626884032008e+00
2.196061294469193115e+01,6.899486514726493880e+00,2.191318693353768943e+00
2.214500401431946131e+01,6.911388190713458002e+00,2.191804657169764692e+00
2.232944259402824727e+01,6.922529428248478389e+00,2.192215667787988043e+00
2.249638085716166813e+01,6.931958256668944607e+00,2.192540753425480382e+00
2.266335289436985079e+01,6.940768790556431256e+00,2.192829177300986920e+00
2.282740685385972057e+01,6.948823533085919379e+00,2.193074556855193702e+00
2.299148886397314939e+01,6.956285076183313265e+00,2.193287637037122373e+00
2.315559671139327946e+01,6.963154938263171445e+00,2.193469742662476296e+00
2.331972820644775979e+01,6.969434513143322185e+00,2.193624682241902324e+00
2.348388118286650084e+01,6.975125071422639600e+00,2.193755612691860257e+00
2.364805348500624405e+01,6.980227761329024894e+00,2.193865008770242486e+00
2.381224297403746704e+01,6.984743610165114802e+00,2.193954836147338661e+00
2.397644753260139794e+01,6.988673525426168709e+00,2.194027739412245381e+00
2.414066505379992122e+01,6.992018295369589076e+00,2.194086666984422340e+00
2.430489343926513612e+01,6.994778589801501134e+00,2.194133379031650843e+00
2.447044228911729036e+01,6.996969993008387512e+00,2.194166956701135263e+00
2.463599792502422758e+01,6.998568553371352863e+00,2.194196568534575231e+00
2.481799755509614158e+01,6.999642160252297352e+00,2.194218388993967928e+00
2.500000000000000711e+01,6.999999999999997335e+00,2.194221386459064504e+00
2.518200244490387263e+01,6.999642160252296463e+00,2.194217307600184075e+00
2.536400207497577242e+01,6.998568553371352863e+00,2.194194372557646044e+00
2.552955771088270964e+01,6.996969993008385735e+00,2.194163509578209492e+00
2.569510656073487453e+01,6.994778589801500246e+00,2.194128604101141189e+00
2.585933494620007167e+01,6.992018295369589076e+00,2.194080039992140740e+00
2.602355246739860206e+01,6.988673525426168709e+00,2.194019230421361044e+00
2.618775702596254362e+01,6.984743610165115690e+00,2.193944488819597360e+00
2.635194651499376661e+01,6.980227761329024005e+00,2.193852885550660936e+00
2.651611881713349561e+01,6.975125071422640488e+00,2.193742284901167849e+00
2.668027179355223311e+01,6.969434513143320409e+00,2.193610282825231295e+00
2.684440328860671343e+01,6.963154938263168781e+00,2.193455309111649765e+00
2.700851113602685061e+01,6.956285076183311489e+00,2.193273263701191134e+00
2.717259314614025811e+01,6.948823533085919379e+00,2.193060813415664612e+00
2.733664710563011724e+01,6.940768790556431256e+00,2.192816203747079751e+00
2.750361914283827858e+01,6.931958256668945495e+00,2.192528522557165349e+00
2.767055740597168878e+01,6.922529428248481054e+00,2.192204192503066196e+00
2.785499598568051383e+01,6.911388190713458002e+00,2.191793368366233619e+00
2.803938705530809372e+01,6.899486514726490327e+00,2.191307658500174949e+00
2.821527029817626797e+01,6.887419155173748031e+00,2.190782844490835046e+00
2.839110425799935911e+01,6.874653792328389912e+00,2.190188355217189020e+00
2.855496562568836083e+01,6.862122901242345918e+00,2.189563961953842952e+00
2.871877905278208587e+01,6.848980151951805873e+00,2.188876087185175123e+00
2.888245409879029779e+01,6.835230305432136610e+00,2.188111960916195198e+00
2.904607614681679806e+01,6.820863537093204698e+00,2.187267595491268146e+00
2.920964256543383897e+01,6.805876764322981387e+00,2.186336391186254779e+00
2.937315068067360357e+01,6.790266750310824051e+00,2.185313228909845140e+00
2.953659776461884334e+01,6.774030101269360671e+00,2.184192776113923706e+00
2.969998101780162969e+01,6.757163264284364423e+00,2.182968843189251995e+00
2.986329757517574635e+01,6.739662522705908820e+00,2.181635873977136431e+00
3.002654452621802150e+01,6.721523989488528805e+00,2.180187829352244311e+00
3.018971889571554001e+01,6.702743604321683257e+00,2.178619829906884409e+00
3.035281760643188775e+01,6.683317133060016069e+00,2.176927844640815124e+00
3.052245199148832455e+01,6.662411530018222727e+00,2.175028252299477938e+00
3.069199742023538491e+01,6.640796356155710178e+00,2.172980678878455585e+00
3.087354480865664996e+01,6.616844408857753379e+00,2.170620967591470940e+00
3.105498107404336494e+01,6.592064768953167508e+00,2.168062230427109327e+00
3.122067578124917020e+01,6.568691276629456510e+00,2.165553012412533285e+00
3.138626979517860605e+01,6.544614774961376114e+00,2.162885364920880349e+00
3.154871053424984595e+01,6.520292428540137131e+00,2.160098628859122627e+00
3.171104660032949951e+01,6.495281008491137875e+00,2.157144794887453809e+00
3.187327401824412121e+01,6.469574353267601552e+00,2.154017754931305095e+00
3.203538869484927432e+01,6.443166058477785896e+00,2.150713175488717877e+00
3.219738640737930524e+01,6.416049469172311781e+00,2.147230289542515269e+00
3.235926277551109820e+01,6.388217674559550474e+00,2.143563067771275588e+00
3.252101327214441540e+01,6.359663495798138833e+00,2.139711081322804187e+00
3.268263322555506534e+01,6.330379474260822370e+00,2.135670501204720129e+00
3.284411779562157818e+01,6.300357863736688380e+00,2.131441319423575287e+00
3.300546195907631386e+01,6.269590620623302968e+00,2.127021961295173735e+00
3.316786412263343209e+01,6.237831063985789015e+00,2.122376084998419898e+00
3.333011296721986838e+01,6.205297338633085857e+00,2.117542215743160039e+00
3.350494293264170409e+01,6.169326588476781836e+00,2.112119262281264565e+00
3.367958034058408856e+01,6.132432343860345192e+00,2.106471590474581657e+00
3.384335372966785371e+01,6.096943082900734723e+00,2.100975861200521155e+00
3.400694375257545232e+01,6.060617977611925333e+00,2.095308144715601451e+00
3.416710511870946476e+01,6.024191202151037317e+00,2.089586033448842528e+00
3.432707664542857628e+01,5.986939597544322034e+00,2.083715070589273299e+00
3.448685103456788426e+01,5.948851744931348051e+00,2.077705197966927653e+00
3.464642084614181528e+01,5.909915730764986996e+00,2.071571092898701227e+00
3.480577823597629816e+01,5.870119182480896036e+00,2.065330662917475468e+00
3.496491495919919856e+01,5.829449242069577153e+00,2.059003471716485567e+00
3.512382244972352652e+01,5.787892516971615997e+00,2.052614146326297462e+00
3.528249165433279444e+01,5.745435091764025337e+00,2.046188894651861379e+00
3.544091306451449697e+01,5.702062488177770838e+00,2.039760074501903553e+00
3.559907683086788666e+01,5.657759597360645820e+00,2.033363344037395937e+00
3.575801336503995032e+01,5.612208988700448486e+00,2.027001166908277696e+00
3.591666714569800689e+01,5.565683141954941071e+00,2.020762398780301616e+00
3.608127210935197837e+01,5.516268032337397820e+00,2.014473747618162225e+00
3.624554497031419942e+01,5.465759917378170130e+00,2.008454061021785364e+00
3.640221919060538625e+01,5.416447425460534149e+00,2.003024237862016665e+00
3.655856313551831249e+01,5.366097650381013828e+00,1.997999757911286922e+00
3.671456246791350253e+01,5.314690298829836124e+00,1.993473672132949348e+00
3.687020213640614941e+01,5.262204145755965179e+00,1.989555591661904987e+00
3.702546612113559377e+01,5.208617048243391778e+00,1.986369087394078470e+00
3.718033754885908593e+01,5.153905831178596131e+00,1.984053878896669953e+00
3.733479857695999016e+01,5.098046242575333231e+00,1.982766873870759783e+00
3.748883007771762976e+01,5.041012979111491710e+00,1.982692367961007340e+00
3.764241172284877734e+01,4.982779563455527416e+00,1.984034928743998227e+00
3.779552210738379614e+01,4.923318189366217901e+00,1.987030444037107602e+00
3.794813842574442475e+01,4.862599725747561052e+00,1.991938034982485561e+00
3.810023615388519147e+01,4.800593720646259221e+00,1.999062849146787446e+00
3.825319904237660751e+01,4.736671697684859517e+00,2.008846723101877618e+00
3.840557840795127476e+01,4.671370945657141505e+00,2.021642980152294378e+00
3.855594501006276431e+01,4.605277899861112800e+00,2.037712531745639488e+00
3.870567669608084316e+01,4.537758899467879026e+00,2.057660980392066019e+00
3.885473920647304880e+01,4.468775025660832512e+00,2.082036897293196187e+00
3.900309557003047445e+01,4.398285443290083307e+00,2.111467780255003923e+00
3.915070603264706506e+01,4.326247204779219757e+00,2.146626194299338319e+00
3.929752786041263590e+01,4.252615083960886722e+00,2.188310179342245476e+00
3.944351481856030261e+01,4.177341549556657263e+00,2.237367932489847888e+00
3.958861705259008090e+01,4.100376515439432268e+00,2.294786243034966144e+00
3.973278063916596636e+01,4.021667225857029848e+00,2.361599878637071104e+00
3.987594687729892229e+01,3.941158263620597957e+00,2.439053723939955010e+00
4.001805234552704604e+01,3.858791102995058786e+00,2.528451846305304507e+00
4.015902762037113405e+01,3.774504381918859952e+00,2.631342304026301093e+00
4.029879695176281729e+01,3.688233618009022940e+00,2.749347716648750328e+00
4.043727838300120681e+01,3.599910565658823725e+00,2.884452368733584571e+00
4.057438183957604849e+01,3.509463786131715946e+00,3.038758691930460554e+00
4.071000892819539274e+01,3.416818133194106100e+00,3.214834675133343644e+00
4.084405180917102740e+01,3.321894767932707992e+00,3.415434940218744053e+00
4.097639163959843955e+01,3.224611469911293771e+00,3.644011954778870077e+00
4.110689788849511928e+01,3.124882308929463282e+00,3.904326985276429962e+00
4.123542681086239980e+01,3.022617875034732560e+00,4.201146650846801833e+00
4.136181985424659757e+01,2.917725575928201920e+00,4.539747571333059284e+00
4.148590198441896604e+01,2.810110028296186169e+00,4.926945595763200458e+00
4.160747981117949479e+01,2.699673678121008447e+00,5.370422891153348033e+00
4.172633952305560712e+01,2.586317715708196463e+00,5.880282911487237030e+00
4.184224472208213541e+01,2.469943296290997292e+00,6.468175435207577095e+00
4.195493421592819772e+01,2.350453122156682895e+00,7.149653776128685578e+00
4.206411965474163139e+01,2.227753671263533963e+00,7.943092509803474144e+00
4.216948321610286854e+01,2.101758125382510389e+00,8.873909964729469024e+00
4.227067569568441741e+01,1.972389890924634015e+00,9.972840851546113328e+00
4.236731496759872329e+01,1.839587119869277476e+00,1.128489766557546403e+01
4.245898520048640279e+01,1.703308284851167365e+00,1.286276802995419466e+01
4.254523729746831862e+01,1.563538800957982478e+00,1.480234879111053381e+01
4.262559106773770168e+01,1.420298651574589233e+00,1.718075562932301636e+01
4.269953968512488274e+01,1.273650886086471257e+00,2.029864855803253931e+01
4.276655707138612428e+01,1.123710566439996006e+00,2.406671533911205429e+01
4.282610875121919491e+01,9.706534846854286691e-01,3.007390032059033302e+01
4.287766650134221180e+01,8.147236577486216547e-01,3.586536290336047728e+01
4.292072668670560631e+01,6.562383355799127349e-01,5.297463132924868745e+01
4.295483153843546376e+01,4.955891770287150777e-01,5.779884224878356491e+01
4.297959190597560308e+01,3.332382727147699675e-01,1.415744354033478771e+02
4.299488107701417050e+01,1.669303116749867866e-01,1.624316495114307202e+02
4.299999999999997868e+01,-3.282930874039086974e-17,1.175532798307460098e+03
