x,y,stress
3.999999999999997780e+00,3.405908856854839796e-13,7.668813455956558300e+02
4.002652777075476287e+00,2.384148330629812240e-01,9.484870016407059268e+01
4.010607867320552522e+00,4.767116853252618136e-01,9.067121131309168902e+01
4.022122141264174111e+00,6.883285522906851250e-01,3.718384191750836010e+01
4.037806925893495880e+00,8.996772448147472012e-01,3.489816727340517843e+01
4.055233546255103683e+00,1.087207196820208832e+00,2.441762991721730458e+01
4.075928933178070146e+00,1.274404621010847505e+00,2.088863646912769667e+01
4.097230773115282609e+00,1.441767383301382432e+00,1.723653985678513578e+01
4.121130601682410521e+00,1.608778952611591651e+00,1.482975047291341220e+01
4.146976721607321004e+00,1.771575476456538567e+00,1.276034432590560641e+01
4.175274861088173139e+00,1.933963743087890874e+00,1.110442959905013005e+01
4.206009335380624492e+00,2.095908579916736958e+00,9.694292249677502582e+00
4.239163271404277289e+00,2.257375477230024519e+00,8.502674869160738780e+00
4.274718655069645656e+00,2.418330632418746351e+00,7.478399328723335238e+00
4.312656379600518619e+00,2.578740984880124820e+00,6.592994283177343817e+00
4.352956296269166359e+00,2.738574250709200797e+00,5.821777933280148254e+00
4.395597269077797797e+00,2.897798962580658166e+00,5.146423773656943368e+00
4.440557226109263844e+00,3.056384487639225878e+00,4.551814752673634779e+00
4.487813216193853094e+00,3.214301059189444310e+00,4.027460142547811373e+00
4.537629451625022625e+00,3.372411444276634196e+00,3.560963826041475322e+00
4.589718882960529989e+00,3.529787581299036692e+00,3.146790405150979630e+00
4.647451688225165078e+00,3.695955954387323494e+00,2.757579349431937832e+00
4.707683804232480895e+00,3.861234827534179459e+00,2.413239561762698049e+00
4.766662968103585030e+00,4.016043879959455332e+00,2.123906389675956241e+00
4.827802521129684443e+00,4.170012533227517082e+00,1.864338430422520565e+00
4.890753016891282279e+00,4.322354432832530513e+00,1.632179241256108471e+00
4.955786562357978653e+00,4.473818830905063493e+00,1.422951562732130748e+00
5.022874727359493363e+00,4.624384451107735217e+00,1.234905142980925463e+00
5.091988767178372122e+00,4.774030981590685840e+00,1.062075146530819358e+00
5.163099664856290794e+00,4.922739048702473141e+00,8.962162770459739525e-01
5.236178154382258754e+00,5.070490157377565588e+00,7.557402192733106983e-01
5.311194780979671570e+00,5.217266713807047651e+00,6.243049142698003928e-01
5.388119979775670920e+00,5.363052077681264684e+00,5.049040233189079352e-01
5.466924084230016412e+00,5.507830477211269837e+00,3.959003234794142290e-01
5.547577352062378786e+00,5.651586969017568407e+00,2.980737846968105620e-01
5.632134266146322510e+00,5.797861011078484950e+00,2.126283521446039049e-01
5.718570652780262442e+00,5.943032377575007352e+00,1.533919667304615153e-01
5.811876368249884628e+00,6.095159985706991357e+00,1.442217276992732722e-01
5.907205810364504650e+00,6.246027718585417610e+00,1.888198285201882765e-01
5.997409056503157920e+00,6.384832850405583571e+00,2.513409900153569243e-01
6.089291713994414046e+00,6.522532065987610039e+00,3.201169861273164274e-01
6.182423041671825992e+00,6.658537461884912467e+00,3.901430413370697292e-01
6.277161345827599881e+00,6.793428424596541504e+00,4.601934819610680738e-01
6.373477953497949322e+00,6.927197082071780088e+00,5.297472708242327855e-01
6.471344369462735280e+00,7.059836115811917168e+00,5.986433756147228058e-01
6.570732373874329291e+00,7.191338851128709742e+00,6.669116690485210608e-01
6.671614060908001242e+00,7.321699258678830091e+00,7.346185492699723873e-01
6.773961815802088005e+00,7.450911877769428315e+00,8.018867205018719302e-01
6.877748303988554746e+00,7.578971763574955389e+00,8.688049901487577831e-01
6.982946509468122009e+00,7.705874499079770068e+00,9.354873496531099786e-01
7.089529780169910644e+00,7.831616212656012266e+00,1.002028121505946112e+00
7.200387192204181552e+00,7.959520800509945815e+00,1.070282801603912537e+00
7.312649136851516296e+00,8.086194440686673701e+00,1.138562341160294533e+00
7.435860865562724520e+00,8.222077561145622937e+00,1.212625116544254311e+00
7.560654791666769903e+00,8.356509093935880372e+00,1.286818565467440667e+00
7.676959113144657287e+00,8.479033397943290140e+00,1.355379075225504826e+00
7.794550234799399568e+00,8.600323272790939555e+00,1.424160128306319661e+00
7.910504257511092874e+00,8.717479955188247587e+00,1.491515579570151351e+00
8.027635161902429317e+00,8.833460037027958123e+00,1.559124244634092049e+00
8.145919557247953691e+00,8.948263211635866909e+00,1.626999050943304770e+00
8.265334718546137438e+00,9.061889751943516202e+00,1.695143073511432341e+00
8.385858273693612475e+00,9.174340178081790143e+00,1.763561738166380177e+00
8.507468010733774122e+00,9.285615070432321261e+00,1.832252533727408039e+00
8.630142232767919808e+00,9.395715390228641439e+00,1.901209821032975755e+00
8.753859570047209715e+00,9.504642290294558649e+00,1.970426762978801705e+00
8.878597163789633484e+00,9.612395552698874468e+00,2.039889660384917480e+00
9.004336278574573527e+00,9.718978438776645135e+00,2.109593351954567542e+00
9.131711051339058471e+00,9.824931994410874836e+00,2.179881284365111416e+00
9.260057077023565952e+00,9.929706943839413213e+00,2.250394567196105200e+00
9.401463483090623185e+00,1.004290943216027365e+01,2.327700929445923439e+00
9.543981772741805258e+00,1.015470888454857601e+01,2.405214761468041917e+00
9.689968583945244518e+00,1.026692077815974891e+01,2.484210385541794519e+00
9.837053076555086761e+00,1.037768997822144179e+01,2.563353826129167068e+00
9.971160182898621827e+00,1.047674718154807749e+01,2.635139150565811494e+00
1.010612851741054108e+01,1.057462770754207249e+01,2.707025392121116703e+00
1.024039765129990265e+01,1.067024612181582732e+01,2.778162387666467392e+00
1.037547422176281131e+01,1.076472048040557361e+01,2.849345898692084766e+00
1.051134162827694496e+01,1.085805396993541727e+01,2.920578364375850722e+00
1.064798355950741104e+01,1.095024983621029513e+01,2.991785180619331630e+00
1.078538398723803837e+01,1.104131137789983441e+01,3.062946837366985697e+00
1.092352726765238380e+01,1.113124200982820433e+01,3.134031003775819446e+00
1.106239804635742274e+01,1.122004519484646323e+01,3.205005970258843817e+00
1.120198120151416532e+01,1.130772440605002060e+01,3.275852543361120528e+00
1.134226192685854961e+01,1.139428317822775760e+01,3.346538953004264183e+00
1.148322570134744502e+01,1.147972508557813143e+01,3.417040898537762939e+00
1.162696977930832887e+01,1.156529958311401174e+01,3.488375802668579162e+00
1.177138809475984793e+01,1.164973125424758749e+01,3.559457106877698784e+00
1.193235866437746928e+01,1.174205658384114592e+01,3.637925792443018391e+00
1.209412208809506417e+01,1.183298561793201031e+01,3.715951987463741002e+00
1.225924910840166149e+01,1.192393551314116174e+01,3.794725824758367505e+00
1.242515578362644568e+01,1.201345531642597209e+01,3.872915226526030708e+00
1.257441481550265294e+01,1.209243381300210807e+01,3.942434497650423531e+00
1.272427104589201896e+01,1.217027322327735916e+01,4.011425837431723984e+00
1.287111466514158842e+01,1.224516023790491737e+01,4.078186379154272956e+00
1.301850303935479758e+01,1.231896933184772891e+01,4.144338825171135277e+00
1.316642453627763487e+01,1.239170418153398323e+01,4.209816962987277478e+00
1.331486767784668146e+01,1.246336841925019279e+01,4.274584467151786527e+00
1.346382122007988613e+01,1.253396567286798557e+01,4.338565459065045538e+00
1.361327412625240818e+01,1.260349955199775529e+01,4.401738838855692393e+00
1.376321556988860806e+01,1.267197364891430666e+01,4.463983686423970809e+00
1.391363488722360309e+01,1.273939151676626480e+01,4.525396860311195368e+00
1.406452160358474401e+01,1.280575668224509123e+01,4.586101898627136464e+00
1.421586545535293489e+01,1.287107265488075747e+01,4.645237145230200149e+00
1.436846509129448179e+01,1.293568205180522490e+01,4.703699225712860255e+00
1.452150645038545385e+01,1.299923806500820511e+01,4.761128835003913373e+00
1.468940466081903651e+01,1.306755648644217338e+01,4.822897444022628655e+00
1.485780680300135081e+01,1.313462314187035140e+01,4.882452366097046692e+00
1.504093620879327808e+01,1.320592493037390192e+01,4.945400950531562145e+00
1.522462761336398707e+01,1.327576614305166736e+01,5.006229674280380237e+00
1.539215543693530641e+01,1.333801768407922950e+01,5.059754061249509327e+00
1.556012406951684390e+01,1.339906984315619631e+01,5.111393214383389783e+00
1.571572105217599358e+01,1.345442352754919213e+01,5.157413009371045298e+00
1.587167632411488150e+01,1.350875957062213040e+01,5.201724234824363080e+00
1.602768479328435447e+01,1.356198091889826962e+01,5.244169729294175575e+00
1.618403342552669244e+01,1.361419452371215577e+01,5.284787270561163375e+00
1.634071405453055092e+01,1.366540333930227469e+01,5.323520985868373856e+00
1.649771860308500138e+01,1.371561026058415500e+01,5.360318259182871969e+00
1.665503908686034862e+01,1.376481812592826692e+01,5.395124450197890553e+00
1.681266772802796083e+01,1.381302975285389678e+01,5.427889297549806535e+00
1.697059685204316537e+01,1.386024790483415181e+01,5.458570633469224553e+00
1.712881882649695342e+01,1.390647527442190245e+01,5.487123670170084289e+00
1.728732613439339616e+01,1.395171450664369850e+01,5.513499184376233764e+00
1.744611141476867289e+01,1.399596821030372418e+01,5.537700015741772397e+00
1.761069163772988588e+01,1.404072287820296516e+01,5.560335581878913302e+00
1.777555370021448056e+01,1.408442792701873536e+01,5.580638737200572130e+00
1.796081357007969714e+01,1.413220837207864911e+01,5.600400960726997113e+00
1.814640728460536678e+01,1.417867518658489523e+01,5.617019143081746435e+00
1.833714779598387068e+01,1.422498521407066718e+01,5.630844750198193971e+00
1.852821690474997141e+01,1.426992026149431680e+01,5.641250761086936016e+00
1.869851505640507128e+01,1.430875441151336602e+01,5.647811630199956134e+00
1.886905663977556458e+01,1.434650518336739466e+01,5.651795631513259366e+00
1.903021381092171183e+01,1.438113937853471391e+01,5.653225933488613464e+00
1.919157443568991894e+01,1.441481296755975983e+01,5.652425986558506921e+00
1.935313217410711317e+01,1.444752792491757809e+01,5.649412036871698461e+00
1.951488070205771308e+01,1.447928615980852918e+01,5.644227957392454087e+00
1.967681376304146923e+01,1.451008952782291317e+01,5.636937404808339380e+00
1.983892521562405875e+01,1.453993983983284899e+01,5.627606731667420981e+00
2.000120899019732690e+01,1.456883885320904071e+01,5.616310484064935160e+00
2.016365900612593620e+01,1.459678825784542155e+01,5.603134192460191620e+00
2.032626923748542325e+01,1.462378968931475498e+01,5.588176553212404585e+00
2.048903378925500718e+01,1.464984474121108882e+01,5.571547168352044110e+00
2.065194680903122304e+01,1.467495494984056315e+01,5.553348008597092544e+00
2.081500244029772517e+01,1.469912178803316927e+01,5.533771083028185878e+00
2.098721729687174431e+01,1.472360271908080698e+01,5.511639869518198509e+00
2.115957778998413730e+01,1.474703632018949406e+01,5.488322469785811286e+00
2.135372279270028528e+01,1.477215842572981686e+01,5.460687970364356048e+00
2.154803435117127108e+01,1.479595803119454800e+01,5.431832555931494610e+00
2.174263460732260356e+01,1.481845186456886587e+01,5.402150776753803285e+00
2.193738295777844272e+01,1.483962526434102003e+01,5.371784256945773883e+00
2.211053830358676819e+01,1.485733192024211213e+01,5.344619774982691141e+00
2.228379683486115326e+01,1.487399868634087419e+01,5.317488525179112635e+00
2.244796554005286637e+01,1.488882473869624512e+01,5.292020936806344444e+00
2.261221564429910558e+01,1.490272002755636116e+01,5.266972333750107538e+00
2.277654176940152553e+01,1.491568537317076171e+01,5.242509371955723196e+00
2.294093856503433315e+01,1.492772154120492090e+01,5.218818316032394655e+00
2.310540070205469476e+01,1.493882924237263587e+01,5.196098664072727580e+00
2.326992287539205506e+01,1.494900913279887256e+01,5.174524045642873382e+00
2.343449979807479266e+01,1.495826181374892094e+01,5.154269380726046457e+00
2.359912620279315476e+01,1.496658783185813135e+01,5.135502906044085769e+00
2.376379683770015561e+01,1.497398767900452299e+01,5.118391732932352056e+00
2.392850646611089971e+01,1.498046179240448517e+01,5.103076233419905350e+00
2.409324986418214465e+01,1.498601055459544007e+01,5.089675650687664366e+00
2.425802181895602416e+01,1.499063429344547593e+01,5.078358619244588645e+00
2.443253322038392739e+01,1.499452249401379333e+01,5.068687053089529826e+00
2.460706464044138997e+01,1.499737395045546506e+01,5.061569851877973036e+00
2.480352793250492738e+01,1.499934350139375283e+01,5.056620297794631291e+00
2.500000000000023448e+01,1.499999999999999112e+01,5.054910197980364117e+00
2.519647206749554869e+01,1.499934350139374573e+01,5.056590210489556370e+00
2.539293535955908965e+01,1.499737395045545796e+01,5.061508855414499131e+00
2.556746677961656999e+01,1.499452249401378445e+01,5.068596779682875031e+00
2.574197818104443769e+01,1.499063429344546527e+01,5.078237832830168941e+00
2.590675013581837760e+01,1.498601055459542408e+01,5.089530760539845211e+00
2.607149353388956925e+01,1.498046179240446563e+01,5.102907328739272330e+00
2.623620316230039151e+01,1.497398767900450345e+01,5.118201341578153318e+00
2.640087379720730709e+01,1.496658783185810826e+01,5.135290590359054441e+00
2.656550020192567985e+01,1.495826181374888897e+01,5.154044424173373606e+00
2.673007712460841745e+01,1.494900913279884236e+01,5.174286443962523130e+00
2.689459929794577775e+01,1.493882924237260568e+01,5.195850582640174409e+00
2.705906143496612515e+01,1.492772154120488537e+01,5.218560261842863923e+00
2.722345823059893988e+01,1.491568537317072085e+01,5.242250763157671578e+00
2.738778435570135983e+01,1.490272002755632208e+01,5.266714986690794298e+00
2.755203445994760258e+01,1.488882473869620249e+01,5.291767297538440218e+00
2.771620316513930860e+01,1.487399868634082623e+01,5.317242944468533850e+00
2.788946169641370787e+01,1.485733192024206240e+01,5.344374078058681476e+00
2.806261704222203335e+01,1.483962526434096674e+01,5.371547648960692811e+00
2.825736539267786895e+01,1.481845186456881436e+01,5.401907553813243723e+00
2.845196564882919077e+01,1.479595803119448760e+01,5.431586177835751705e+00
2.864627720730019078e+01,1.477215842572975291e+01,5.460437942130839772e+00
2.884042221001633166e+01,1.474703632018942834e+01,5.488062023262529898e+00
2.901278270312872465e+01,1.472360271908073770e+01,5.511373896048019638e+00
2.918499755970272957e+01,1.469912178803309821e+01,5.533488183523605386e+00
2.934805319096924237e+01,1.467495494984048499e+01,5.553055268510167508e+00
2.951096621074546178e+01,1.464984474121101066e+01,5.571237396231653705e+00
2.967373076251505282e+01,1.462378968931467504e+01,5.587844254859628990e+00
2.983634099387453276e+01,1.459678825784533451e+01,5.602776045612997358e+00
2.999879100980314561e+01,1.456883885320895544e+01,5.615937225308085701e+00
3.016107478437641021e+01,1.453993983983276017e+01,5.627217057690511837e+00
3.032318623695899618e+01,1.451008952782282613e+01,5.636533730872571368e+00
3.048511929794273811e+01,1.447928615980843681e+01,5.643810238665523116e+00
3.064686782589335223e+01,1.444752792491748217e+01,5.648989951122246111e+00
3.080842556431055357e+01,1.441481296755966035e+01,5.652003053081392281e+00
3.096978618907875358e+01,1.438113937853461088e+01,5.652799917253988227e+00
3.113094336022489017e+01,1.434650518336728808e+01,5.651378805296968011e+00
3.130148494359540834e+01,1.430875441151324701e+01,5.647389748043564417e+00
3.147178309525054019e+01,1.426992026149419424e+01,5.640848080159951650e+00
3.166285220401665157e+01,1.422498521407054106e+01,5.630440048103594997e+00
3.185359271539516257e+01,1.417867518658475667e+01,5.616615564570200725e+00
3.203918642992083221e+01,1.413220837207850522e+01,5.600010382601492864e+00
3.222444629978604524e+01,1.408442792701859148e+01,5.580245255571495200e+00
3.238930836227063281e+01,1.404072287820282128e+01,5.559964513763353544e+00
3.255388858523181739e+01,1.399596821030357674e+01,5.537336508112493227e+00
3.271267386560710833e+01,1.395171450664354040e+01,5.513154965672070418e+00
3.287118117350355817e+01,1.390647527442174436e+01,5.486790832043130450e+00
3.302940314795734622e+01,1.386024790483399372e+01,5.458250692496011247e+00
3.318733227197254365e+01,1.381302975285373158e+01,5.427575607747576747e+00
3.334496091314016297e+01,1.376481812592809284e+01,5.394816097326676108e+00
3.350228139691551377e+01,1.371561026058398092e+01,5.360010404457657529e+00
3.365928594546995356e+01,1.366540333930210416e+01,5.323213812816050883e+00
3.381596657447380494e+01,1.361419452371197814e+01,5.284475114294411746e+00
3.397231520671614646e+01,1.356198091889809021e+01,5.243854403832071576e+00
3.412832367588563187e+01,1.350875957062194566e+01,5.201404070621762799e+00
3.428427894782451091e+01,1.345442352754900561e+01,5.157092073817404199e+00
3.443987593048365170e+01,1.339906984315600269e+01,5.111095300223338356e+00
3.460784456306517853e+01,1.333801768407903410e+01,5.059462718751908561e+00
3.477537238663649788e+01,1.327576614305147551e+01,5.005975883491064593e+00
3.495906379120721397e+01,1.320592493037370296e+01,4.945148745565382420e+00
3.514219319699913768e+01,1.313462314187014357e+01,4.882200629644876777e+00
3.531059533918143245e+01,1.306755648644197443e+01,4.822417301309413595e+00
3.547849354961500268e+01,1.299923806500800794e+01,4.761081790970687955e+00
3.563153490870597295e+01,1.293568205180502240e+01,4.703678725977011865e+00
3.578413454464751453e+01,1.287107265488054786e+01,4.645135395411929657e+00
3.593547839641571784e+01,1.280575668224487274e+01,4.585789443574016744e+00
3.608636511277686054e+01,1.273939151676604631e+01,4.525399159650627112e+00
3.623678443011184669e+01,1.267197364891408995e+01,4.464024893163387020e+00
3.638672587374804124e+01,1.260349955199752969e+01,4.401718569619229804e+00
3.653617877992055440e+01,1.253396567286775820e+01,4.338540349711919042e+00
3.668513232215376263e+01,1.246336841924997074e+01,4.274540241843218347e+00
3.683357546372279501e+01,1.239170418153376296e+01,4.209773969792947490e+00
3.698149696064562875e+01,1.231896933184749976e+01,4.144291524651827707e+00
3.712888533485883613e+01,1.224516023790467933e+01,4.078142425646113622e+00
3.727572895410840914e+01,1.217027322327712291e+01,4.011380685767189647e+00
3.742558518449778404e+01,1.209243381300186648e+01,3.942392240635944844e+00
3.757484421637398952e+01,1.201345531642571984e+01,3.872871431961799615e+00
3.774075089159878615e+01,1.192393551314090061e+01,3.794687455251918973e+00
3.790587791190539946e+01,1.183298561793173675e+01,3.715914738282843466e+00
3.806764133562298014e+01,1.174205658384087236e+01,3.637894805739783077e+00
3.822861190524059083e+01,1.164973125424731215e+01,3.559436032778109826e+00
3.837303022069209391e+01,1.156529958311373818e+01,3.488364864888504613e+00
3.851677429865296887e+01,1.147972508557786497e+01,3.417045644623330602e+00
3.865773807314185717e+01,1.139428317822749470e+01,3.346541996041553002e+00
3.879801879848622548e+01,1.130772440604975060e+01,3.275849210291633895e+00
3.893760195364298937e+01,1.122004519484618434e+01,3.204999122215296925e+00
3.907647273234802299e+01,1.113124200982792722e+01,3.134019836441558571e+00
3.921461601276236308e+01,1.104131137789955552e+01,3.062944587688221532e+00
3.935201644049299574e+01,1.095024983621000914e+01,2.991799544175602232e+00
3.948865837172346716e+01,1.085805396993511707e+01,2.920614330323006325e+00
3.962452577823760436e+01,1.076472048040526630e+01,2.849414898989183431e+00
3.975960234870050414e+01,1.067024612181552712e+01,2.778227833573331473e+00
3.989387148258984439e+01,1.057462770754176695e+01,2.707079526745783227e+00
4.002883981710179739e+01,1.047674718154774531e+01,2.635176670340800165e+00
4.016294692344535378e+01,1.037768997822109185e+01,2.563369404519196593e+00
4.031003141605519602e+01,1.026692077815939008e+01,2.484213760446761565e+00
4.045601822725863883e+01,1.015470888454821008e+01,2.405207181148192763e+00
4.059853651690979603e+01,1.004290943215992193e+01,2.327677343148366607e+00
4.073994292297683018e+01,9.929706943839075706e+00,2.250357233434835180e+00
4.086828894866133766e+01,9.824931994410524894e+00,2.179825017383430374e+00
4.099566372142582793e+01,9.718978438776277429e+00,2.109519427865404584e+00
4.112140283621077685e+01,9.612395552698492551e+00,2.039803587055124101e+00
4.124614042995320773e+01,9.504642290294173179e+00,1.970330139712300088e+00
4.136985776723248165e+01,9.395715390228259523e+00,1.901111372420152934e+00
4.149253198926660957e+01,9.285615070431946450e+00,1.832153311136649698e+00
4.161414172630676234e+01,9.174340178081410002e+00,1.763468009118451807e+00
4.173466528145423382e+01,9.061889751943139615e+00,1.695055484836502702e+00
4.185408044275241224e+01,8.948263211635484993e+00,1.626918057466894219e+00
4.197236483809791707e+01,8.833460037027581535e+00,1.559049235627891106e+00
4.208949574248924819e+01,8.717479955187874552e+00,1.491445793747383064e+00
4.220544976520093883e+01,8.600323272790570073e+00,1.424094596060193618e+00
4.232304088685568644e+01,8.479033397942906447e+00,1.355316495488386508e+00
4.243934520833357027e+01,8.356509093935480692e+00,1.286759283507891594e+00
4.256413913443761032e+01,8.222077561145212599e+00,1.212567370307295667e+00
4.268735086314883631e+01,8.086194440686254481e+00,1.138504758926570659e+00
4.279961280779615151e+01,7.959520800509539029e+00,1.070224037539010187e+00
4.291047021983038690e+01,7.831616212655616138e+00,1.001969336601777449e+00
4.301705349053217020e+01,7.705874499079375717e+00,9.354258579303172949e-01
4.312225169601173747e+01,7.578971763574567255e+00,8.687405694313288240e-01
4.322603818419819532e+01,7.450911877769050840e+00,8.018178511261979668e-01
4.332838593909225722e+01,7.321699258678452615e+00,7.345453052846335762e-01
4.342926762612594160e+01,7.191338851128328713e+00,6.668235203325685312e-01
4.352865563053752140e+01,7.059836115811539692e+00,5.985357949770208075e-01
4.362652204650230914e+01,6.927197082071402612e+00,5.296170503292114695e-01
4.372283865417262660e+01,6.793428424596171133e+00,4.600359366737014621e-01
4.381757695832842359e+01,6.658537461884522557e+00,3.899529950042800452e-01
4.391070828600583553e+01,6.522532065987205918e+00,3.198922927059568155e-01
4.400259094349707567e+01,6.384832850405187443e+00,2.511567689187902408e-01
4.409279418963571118e+01,6.246027718585015265e+00,1.887340635939430411e-01
4.418812363175036495e+01,6.095159985706558814e+00,1.443534656655011406e-01
4.428142934721999069e+01,5.943032377574543723e+00,1.537606472132496127e-01
4.436786573385391108e+01,5.797861011078037308e+00,2.130289248922443701e-01
4.445242264793782994e+01,5.651586969017124318e+00,2.985718341359119288e-01
4.453307591577019764e+01,5.507830477210811537e+00,3.966278050955886481e-01
4.461188002022455379e+01,5.363052077680801055e+00,5.058602658831058418e-01
4.468880521902054426e+01,5.217266713806571587e+00,6.257574858398203821e-01
4.476382184561796151e+01,5.070490157377069096e+00,7.568611393033811696e-01
4.483690033514393036e+01,4.922739048701964215e+00,9.002319799471609763e-01
4.490801123282184193e+01,4.774030981590168032e+00,1.057359432019189027e+00
4.497712527264071269e+01,4.624384451107225402e+00,1.229954881893343455e+00
4.504421343764220609e+01,4.473818830904556343e+00,1.420151071568539480e+00
4.510924698310891046e+01,4.322354432832026028e+00,1.630260528026495681e+00
4.517219747887049408e+01,4.170012533227009932e+00,1.863130474521134339e+00
4.523333703189658905e+01,4.016043879958951734e+00,2.123195242682243578e+00
4.529231619576767542e+01,3.861234827533673641e+00,2.413021786289726300e+00
4.535254831177497437e+01,3.695955954386816344e+00,2.757683699196364913e+00
4.541028111703962367e+01,3.529787581298525545e+00,3.147243693493802841e+00
4.546237054837511238e+01,3.372411444276123049e+00,3.561582988210827860e+00
4.551218678380626415e+01,3.214301059188926057e+00,4.028167155691257939e+00
4.555944277389085073e+01,3.056384487638701852e+00,4.552433519986997190e+00
4.560440273092232388e+01,2.897798962580131921e+00,5.146563212792926834e+00
4.564704370373094378e+01,2.738574250708686542e+00,5.822307192470317361e+00
4.568734362039956665e+01,2.578740984879623888e+00,6.594633335638906857e+00
4.572528134493042984e+01,2.418330632418264958e+00,7.481242307139326364e+00
4.576083672859579821e+01,2.257375477229575100e+00,8.507122584197388093e+00
4.579399066461943590e+01,2.095908579916295089e+00,9.699380619345928878e+00
4.582472513891188015e+01,1.933963743087450560e+00,1.110949810968493523e+01
4.585302327839272607e+01,1.771575476456126896e+00,1.276349368242260773e+01
4.587886939831762589e+01,1.608778952611203739e+00,1.483074404369958721e+01
4.590276922688475025e+01,1.441767383300952332e+00,1.722500573658394885e+01
4.592407106682194495e+01,1.274404621010366778e+00,2.088801375368862168e+01
4.594476645374491852e+01,1.087207196819732324e+00,2.437224351855059012e+01
4.596219307410651567e+01,8.996772448142703604e-01,3.492995104392819172e+01
4.597787785873583033e+01,6.883285522902070630e-01,3.705865195655128730e+01
4.598939213267942705e+01,4.767116853247829189e-01,9.075003235407911006e+01
4.599734722292449618e+01,2.384148330625714129e-01,9.501426828291106119e+01
4.599999999999997868e+01,-4.577777815254127973e-17,7.673209799509032791e+02
