x,y,stress
2.999999999999998668e+00,1.135105841418878004e-13,1.291983653236153941e+03
3.011831419911226604e+00,1.639584099900233682e-01,1.318220059731408185e+02
3.046431397412957764e+00,3.246760632519484768e-01,1.406220614097354371e+02
3.101450023742339912e+00,4.796213284087190165e-01,4.281646280483114708e+01
3.173822218283172791e+00,6.272876908990435707e-01,4.186046193214174593e+01
3.260451098004702786e+00,7.670922052337164621e-01,2.555847648613971757e+01
3.358598391185070753e+00,8.990851757211799633e-01,2.056220900585183031e+01
3.466011268649661137e+00,1.023669498244520026e+00,1.565163930756946264e+01
3.580902614217928548e+00,1.141403984895222434e+00,1.254687866342338864e+01
3.701876402765704288e+00,1.252887805490697115e+00,1.016223558716397513e+01
3.827845560488410737e+00,1.358700848356198865e+00,8.397474541955590510e+00
3.957960422373711484e+00,1.459377103297349043e+00,7.033977268549973516e+00
4.091551920466835135e+00,1.555395815158077566e+00,5.972723997928977901e+00
4.228088288836276298e+00,1.647181474864675366e+00,5.131069879573122883e+00
4.367142704561175037e+00,1.735107825055567154e+00,4.457302255537567426e+00
4.508369054603435622e+00,1.819503230008584493e+00,3.911917590707719494e+00
4.651483927997202450e+00,1.900656336010249081e+00,3.466727249565075386e+00
4.796253176489604364e+00,1.978821419247163593e+00,3.100896332362167218e+00
4.942481316750765963e+00,2.054222926603957333e+00,2.798390330390522429e+00
5.090003518699224294e+00,2.127059528392165166e+00,2.547243251043051160e+00
5.238681088382542761e+00,2.197508389886934310e+00,2.339323699591540962e+00
5.388396027321417314e+00,2.265727739834296983e+00,2.147766444479043191e+00
5.539045357166943795e+00,2.331858545521583004e+00,2.003833440157551493e+00
5.690540309923052043e+00,2.396027688003287803e+00,1.878019436191457059e+00
5.842804480046248194e+00,2.458349953593224946e+00,1.777395642135013887e+00
5.995770692899541565e+00,2.518929045306032233e+00,1.684161365159722701e+00
6.149379841799992086e+00,2.577859076831641172e+00,1.609752860981989109e+00
6.303579885344753997e+00,2.635225801641311261e+00,1.545802648722282679e+00
6.458324388557831419e+00,2.691107424356022015e+00,1.492273564863064284e+00
6.614033494542025160e+00,2.745735194680413382e+00,1.446941037690591569e+00
6.770211594958182921e+00,2.799007486313715987e+00,1.408850730137205298e+00
6.926361200505421145e+00,2.850833397662786872e+00,1.376944702818190924e+00
7.082914017931266848e+00,2.901428384255705595e+00,1.350223039794811619e+00
7.239843091951748022e+00,2.950844067870700638e+00,1.327917849241762482e+00
7.397124012392545467e+00,2.999128290751496895e+00,1.309387980586642852e+00
7.554734643004960226e+00,3.046325491337889435e+00,1.294077996525504926e+00
7.712654671758969904e+00,3.092476971176900680e+00,1.281532159718779873e+00
7.870865499792219389e+00,3.137621217521005423e+00,1.271344239113267660e+00
8.029350267193972712e+00,3.181794217818934012e+00,1.263193779220014967e+00
8.188093555668894297e+00,3.225029643875692908e+00,1.256787559478869110e+00
8.347080876889554801e+00,3.267358954754115086e+00,1.251892921443782392e+00
8.506656411594141431e+00,3.308903725933945772e+00,1.248278643341325989e+00
8.666451488125778368e+00,3.349595949870523892e+00,1.245817534292127826e+00
8.836241429300995875e+00,3.391872493444416659e+00,1.244207718354544134e+00
9.006253149819281489e+00,3.433248209674352402e+00,1.243867774268631265e+00
9.167542633135568053e+00,3.471647959108830506e+00,1.243970170057962177e+00
9.329011552444557154e+00,3.509286095288310037e+00,1.244720573958805865e+00
9.489410747438022042e+00,3.545903388243342835e+00,1.245996540383719875e+00
9.649970335610179362e+00,3.581810894246974186e+00,1.247739990142811894e+00
9.810682989932484332e+00,3.617027059671570122e+00,1.249858436110680149e+00
9.971541827964321314e+00,3.651569379660175141e+00,1.252318612977406431e+00
1.013254037125495977e+01,3.685454462677407950e+00,1.255068999150768416e+00
1.029367258946219899e+01,3.718698106062423125e+00,1.258069314900955193e+00
1.045493279502818318e+01,3.751315334077445218e+00,1.261281186590457404e+00
1.061631560636038252e+01,3.783320446163103590e+00,1.264683461506244999e+00
1.077781598381790040e+01,3.814727074833491383e+00,1.268212381193027705e+00
1.093942912410794222e+01,3.845548211329820276e+00,1.271983946386958442e+00
1.110424179396770228e+01,3.876368752391715411e+00,1.275847394068407636e+00
1.126916236393496362e+01,3.906606622147619223e+00,1.279776252711240181e+00
1.145112645573193433e+01,3.939286297431534134e+00,1.284200671112630809e+00
1.163321111297165267e+01,3.971287411017977664e+00,1.288694438905371831e+00
1.180541748284684012e+01,4.000923138557195280e+00,1.292985942549613299e+00
1.197772291084208085e+01,4.029977412454852193e+00,1.297304461807985643e+00
1.214004576371002209e+01,4.056812306085171294e+00,1.301386086769261929e+00
1.230244993385418262e+01,4.083150612133948698e+00,1.305471138899791050e+00
1.246493229871453678e+01,4.109000889778424259e+00,1.309552543719684436e+00
1.262749026623561122e+01,4.134371416391225296e+00,1.313621716874988632e+00
1.279012115841045549e+01,4.159270107128766547e+00,1.317673707934459815e+00
1.295282244750884892e+01,4.183704570941769951e+00,1.321700431578675117e+00
1.311559169362129573e+01,4.207682117511819087e+00,1.325699480773612438e+00
1.327842657918363578e+01,4.231209777940415862e+00,1.329663201147862406e+00
1.344132489032559796e+01,4.254294316287573707e+00,1.333587592109187092e+00
1.360428447984679501e+01,4.276942237882675357e+00,1.337468981998386042e+00
1.376730330327775498e+01,4.299159807159067093e+00,1.341328485194829057e+00
1.393037939567260430e+01,4.320953056196733755e+00,1.345117111551465072e+00
1.410191318726135812e+01,4.343417313331582541e+00,1.349050738958148532e+00
1.427350611077096332e+01,4.365425348504341052e+00,1.352929069577444743e+00
1.446524383451522056e+01,4.389476712854876617e+00,1.357187377306239506e+00
1.465705012500455062e+01,4.412975022328217811e+00,1.361365250819533523e+00
1.483960315333848357e+01,4.434826111631736012e+00,1.365266964590249099e+00
1.502221378715289468e+01,4.456190456296163838e+00,1.369091997370018632e+00
1.518753566744995354e+01,4.475112213621668111e+00,1.372489352778231142e+00
1.535290160075703803e+01,4.493645033345297080e+00,1.375823851053845193e+00
1.551644580019936015e+01,4.511590901874895643e+00,1.379057497423835432e+00
1.568003037436015568e+01,4.529164937360029342e+00,1.382227525767170784e+00
1.584365406655793329e+01,4.546371095928889439e+00,1.385333487237113470e+00
1.600731563343898145e+01,4.563213195041320169e+00,1.388375060718823439e+00
1.617101386062998003e+01,4.579694920585988704e+00,1.391352277254848557e+00
1.633474762052632911e+01,4.595819837563278831e+00,1.394264833135076875e+00
1.649851581547504153e+01,4.611591388816958847e+00,1.397113588568198006e+00
1.666231734417916854e+01,4.627012896408903231e+00,1.399897564882428780e+00
1.682615114025286118e+01,4.642087569732232133e+00,1.402617467867983470e+00
1.699001620068873564e+01,4.656818511994591070e+00,1.405273264474927286e+00
1.715624567023014535e+01,4.671411193853162835e+00,1.407900369084572167e+00
1.732250527925464212e+01,4.685656385729807027e+00,1.410463980975083853e+00
1.750682651016688851e+01,4.701043662979835780e+00,1.413225458916022692e+00
1.769118228386895808e+01,4.716011409582073988e+00,1.415907136378091069e+00
1.789179950116521312e+01,4.731824107434310811e+00,1.418732808653233146e+00
1.809245456561300003e+01,4.747149079592722920e+00,1.421460273413051922e+00
1.827555331859486287e+01,4.760708985310601271e+00,1.423868299284448247e+00
1.845868119695589016e+01,4.773869713467714604e+00,1.426198597568327564e+00
1.862457773351285439e+01,4.785448365631261858e+00,1.428243302200720821e+00
1.879049648572618736e+01,4.796704200091199688e+00,1.430227154448945326e+00
1.895466617738411585e+01,4.807524335478261968e+00,1.432129056190826644e+00
1.911885613204690060e+01,4.818032517007325488e+00,1.433971396565747680e+00
1.928306563833065113e+01,4.828230631206214873e+00,1.435754666678241476e+00
1.944729399819225435e+01,4.838120494605811395e+00,1.437479309321634924e+00
1.961154052837547468e+01,4.847703855602668810e+00,1.439146154612255701e+00
1.977580456052032076e+01,4.856982396137591529e+00,1.440755546013466448e+00
1.994008544002569394e+01,4.865957733217020298e+00,1.442308190546973456e+00
2.010438252240563983e+01,4.874631420232018897e+00,1.443804537217042272e+00
2.026869517461863168e+01,4.883004948484879648e+00,1.445245311696343071e+00
2.043302277828034264e+01,4.891079748713940134e+00,1.446631499846781521e+00
2.059982138390443751e+01,4.898971199059830361e+00,1.447981773337329692e+00
2.076663413752438103e+01,4.906557708539941665e+00,1.449278950109140318e+00
2.095167961554840375e+01,4.914617585910985298e+00,1.450651595626263113e+00
2.113674091648481479e+01,4.922305600033979545e+00,1.451958242450145598e+00
2.134148343664899627e+01,4.930379223234368169e+00,1.453326259117577512e+00
2.154624324571605598e+01,4.938001801481838982e+00,1.454609935313974978e+00
2.173682617729404498e+01,4.944692541367697203e+00,1.455734824118517512e+00
2.192742231998800051e+01,4.950995738401312352e+00,1.456790669916916192e+00
2.209742008799441848e+01,4.956291549357493054e+00,1.457675450747986545e+00
2.226742712056962503e+01,4.961281104645039797e+00,1.458508650384695127e+00
2.243189046208582837e+01,4.965817106498160882e+00,1.459264142310433998e+00
2.259636141830161904e+01,4.970068060630779883e+00,1.459971295173724704e+00
2.276083947074974034e+01,4.974034646800800097e+00,1.460629721359378852e+00
2.292532412104018036e+01,4.977717497755559606e+00,1.461239920122285207e+00
2.308981487210848016e+01,4.981117199237573345e+00,1.461802340258030686e+00
2.325431122138379791e+01,4.984234290356747366e+00,1.462317179695507452e+00
2.341881267526759203e+01,4.987069264339475616e+00,1.462784934824398420e+00
2.358331874222000835e+01,4.989622568773593336e+00,1.463205666322457743e+00
2.374782893227387248e+01,4.991894605967171827e+00,1.463579972732946155e+00
2.391234276212519561e+01,4.993885733335152288e+00,1.463907884112017666e+00
2.407716605962449563e+01,4.995599186830266270e+00,1.464189851777419893e+00
2.424199204204040825e+01,4.997031267090536133e+00,1.464427086879697359e+00
2.442031278938591043e+01,4.998263968959757442e+00,1.464630591595697862e+00
2.459863550673320276e+01,4.999167836450507885e+00,1.464781363851039631e+00
2.479931732199433014e+01,4.999791971203125129e+00,1.464885614800558011e+00
2.499999999999998224e+01,4.999999999999996447e+00,1.464918991623949562e+00
2.520068267800566630e+01,4.999791971203125129e+00,1.464884741886132824e+00
2.540136449326677948e+01,4.999167836450507885e+00,1.464779612454182534e+00
2.557968721061414641e+01,4.998263968959756554e+00,1.464627988378430556e+00
2.575800795795957043e+01,4.997031267090536133e+00,1.464423597693038870e+00
2.592283394037549016e+01,4.995599186830266270e+00,1.464185450019031887e+00
2.608765723787478663e+01,4.993885733335152288e+00,1.463902566361235502e+00
2.625217106772610620e+01,4.991894605967171827e+00,1.463573563030126756e+00
2.641668125777996678e+01,4.989622568773592448e+00,1.463198123487387203e+00
2.658118732473239731e+01,4.987069264339475616e+00,1.462776218423445185e+00
2.674568877861618788e+01,4.984234290356747366e+00,1.462307312095300516e+00
2.691018512789149852e+01,4.981117199237573345e+00,1.461791279136519295e+00
2.707467587895978767e+01,4.977717497755560494e+00,1.461227649160599995e+00
2.723916052925024189e+01,4.974034646800800097e+00,1.460616435551029157e+00
2.740363858169836320e+01,4.970068060630778994e+00,1.459957046468834951e+00
2.756810953791414676e+01,4.965817106498160882e+00,1.459249193317283977e+00
2.773257287943034299e+01,4.961281104645039797e+00,1.458493037055996311e+00
2.790257991200555310e+01,4.956291549357493054e+00,1.457659426792533575e+00
2.807257768001196752e+01,4.950995738401312352e+00,1.456774341150689933e+00
2.826317382270588396e+01,4.944692541367699867e+00,1.455718354143004545e+00
2.845375675428383033e+01,4.938001801481841646e+00,1.454593349431394511e+00
2.865851656335092557e+01,4.930379223234369945e+00,1.453309581386313942e+00
2.886325908351512837e+01,4.922305600033981321e+00,1.451941515831520757e+00
2.904832038445155362e+01,4.914617585910986186e+00,1.450634966835862238e+00
2.923336586247559055e+01,4.906557708539942553e+00,1.449262431706437759e+00
2.940017861609553407e+01,4.898971199059830361e+00,1.447965113071408405e+00
2.956697722171963250e+01,4.891079748713940134e+00,1.446614672898994813e+00
2.973130482538133990e+01,4.883004948484879648e+00,1.445227933440944801e+00
2.989561747759432819e+01,4.874631420232018897e+00,1.443786513593886101e+00
3.005991455997427053e+01,4.865957733217021186e+00,1.442288967827170643e+00
3.022419543947962239e+01,4.856982396137593305e+00,1.440735055741075188e+00
3.038845947162446137e+01,4.847703855602670586e+00,1.439123935863707571e+00
3.055270600180767815e+01,4.838120494605813171e+00,1.437455208940483509e+00
3.071693436166928493e+01,4.828230631206218426e+00,1.435728522650362660e+00
3.088114386795302480e+01,4.818032517007329041e+00,1.433943101671648401e+00
3.104533382261579533e+01,4.807524335478266408e+00,1.432098535406677975e+00
3.120950351427371317e+01,4.796704200091205017e+00,1.430194259828705849e+00
3.137542226648704258e+01,4.785448365631267187e+00,1.428208489882777821e+00
3.154131880304399971e+01,4.773869713467720821e+00,1.426161957321537166e+00
3.172444668140504476e+01,4.760708985310607488e+00,1.423830537723250744e+00
3.190754543438691115e+01,4.747149079592728249e+00,1.421421547292723631e+00
3.210820049883471938e+01,4.731824107434314364e+00,1.418694271941005391e+00
3.230881771613098863e+01,4.716011409582075764e+00,1.415868787328221634e+00
3.249317348983301912e+01,4.701043662979840221e+00,1.413188408499380877e+00
3.267749472074523709e+01,4.685656385729815021e+00,1.410428774267435958e+00
3.284375432976973030e+01,4.671411193853170829e+00,1.407867528374406652e+00
3.300998379931114357e+01,4.656818511994599064e+00,1.405243308548359993e+00
3.317384885974702513e+01,4.642087569732239238e+00,1.402589158170211237e+00
3.333768265582072843e+01,4.627012896408908560e+00,1.399870946796182736e+00
3.350148418452484833e+01,4.611591388816965953e+00,1.397086929433198899e+00
3.366525237947355009e+01,4.595819837563287713e+00,1.394237898267524756e+00
3.382898613936988852e+01,4.579694920585998474e+00,1.391323478625781096e+00
3.399268436656085157e+01,4.563213195041331716e+00,1.388344040933784385e+00
3.415634593344191927e+01,4.546371095928901873e+00,1.385300089388143974e+00
3.431996962563969333e+01,4.529164937360042664e+00,1.382191622113762675e+00
3.448355419980048708e+01,4.511590901874908965e+00,1.379019618077375497e+00
3.464709839924281454e+01,4.493645033345311290e+00,1.375784021884406183e+00
3.481246433254990080e+01,4.475112213621682322e+00,1.372448204583564424e+00
3.497778621284696499e+01,4.456190456296177160e+00,1.369049682649186028e+00
3.516039684666132814e+01,4.434826111631754664e+00,1.365223953643771804e+00
3.534294987499521312e+01,4.412975022328242680e+00,1.361321550524571267e+00
3.553475616548453075e+01,4.389476712854904150e+00,1.357143343494486398e+00
3.572649388922877023e+01,4.365425348504371250e+00,1.352884250344043027e+00
3.589808681273839852e+01,4.343417313331610075e+00,1.349005138324093300e+00
3.606962060432718431e+01,4.320953056196757736e+00,1.345070828039703903e+00
3.623269669672204429e+01,4.299159807159090185e+00,1.341275513941640352e+00
3.639571552015301847e+01,4.276942237882697562e+00,1.337434393927848131e+00
3.655867510967421907e+01,4.254294316287595024e+00,1.333548026401693232e+00
3.672157342081618481e+01,4.231209777940438066e+00,1.329620514781484353e+00
3.688440830637851775e+01,4.207682117511842179e+00,1.325655247397639069e+00
3.704717755249096456e+01,4.183704570941793932e+00,1.321656437830327047e+00
3.720987884158935799e+01,4.159270107128790528e+00,1.317628764527475127e+00
3.737250973376419694e+01,4.134371416391250165e+00,1.313577259502518579e+00
3.753506770128528558e+01,4.109000889778448240e+00,1.309507948715772807e+00
3.769755006614563797e+01,4.083150612133972679e+00,1.305426866891039817e+00
3.785995423628980916e+01,4.056812306085194386e+00,1.301342012002946857e+00
3.802227708915775395e+01,4.029977412454875285e+00,1.297260378605574083e+00
3.819458251715297337e+01,4.000923138557221037e+00,1.292941919911288151e+00
3.836678888702815016e+01,3.971287411018007862e+00,1.288649128246993625e+00
3.854887354426784185e+01,3.939286297431568329e+00,1.284153771226555385e+00
3.873083763606479835e+01,3.906606622147656083e+00,1.279723775441313327e+00
3.889575820603207035e+01,3.876368752391752270e+00,1.275776530927143604e+00
3.906057087589184107e+01,3.845548211329855359e+00,1.271919738037367020e+00
3.922218401618186334e+01,3.814727074833530907e+00,1.268240140890418699e+00
3.938368439363937057e+01,3.783320446163147110e+00,1.264688142021817452e+00
3.954506720497158057e+01,3.751315334077487851e+00,1.261287483498227946e+00
3.970632741053756121e+01,3.718698106062466646e+00,1.258067047039968189e+00
3.986745962874478977e+01,3.685454462677453247e+00,1.255058558189218409e+00
4.002845817203543533e+01,3.651569379660221770e+00,1.252298656402597077e+00
4.018931701006726342e+01,3.617027059671618527e+00,1.249828557677167939e+00
4.035002966438957372e+01,3.581810894247021704e+00,1.247696216784477397e+00
4.051058925256173637e+01,3.545903388243391241e+00,1.245956853828948940e+00
4.067098844755521014e+01,3.509286095288357998e+00,1.244671389890577462e+00
4.083245736686417615e+01,3.471647959108885129e+00,1.243911666355641099e+00
4.099374685018045028e+01,3.433248209674409690e+00,1.243767297209641853e+00
4.116375857069873945e+01,3.391872493444474834e+00,1.244398178667970312e+00
4.133354851187397827e+01,3.349595949870579403e+00,1.245977924046265839e+00
4.149334358840561521e+01,3.308903725934002171e+00,1.248461576739588130e+00
4.165291912311020894e+01,3.267358954754170153e+00,1.252067173908151698e+00
4.181190644433086590e+01,3.225029643875747976e+00,1.256967881587343960e+00
4.197064973280581057e+01,3.181794217818987303e+00,1.263379066884849244e+00
4.212913450020755590e+01,3.137621217521060935e+00,1.271541307417575428e+00
4.228734532824082493e+01,3.092476971176953082e+00,1.281745475902824616e+00
4.244526535699481684e+01,3.046325491337947611e+00,1.294323411430778448e+00
4.260287598760724137e+01,2.999128290751554182e+00,1.309675206964070693e+00
4.276015690804801750e+01,2.950844067870765475e+00,1.328254538288490938e+00
4.291708598206851377e+01,2.901428384255767323e+00,1.350619320299744297e+00
4.307363879949433993e+01,2.850833397662857482e+00,1.377404606625847405e+00
4.322978840504159592e+01,2.799007486313782156e+00,1.409382281359353062e+00
4.338596650545772349e+01,2.745735194680491098e+00,1.447555832027543010e+00
4.354167561144194565e+01,2.691107424356093514e+00,1.492944249469899454e+00
4.369642011465497689e+01,2.635225801641398302e+00,1.546625684455511074e+00
4.385062015819978143e+01,2.577859076831716667e+00,1.610254875501015759e+00
4.400422930710017511e+01,2.518929045306134373e+00,1.685591229527769519e+00
4.415719551995352532e+01,2.458349953593308435e+00,1.774838574333758467e+00
4.430945969007664331e+01,2.396027688003405931e+00,1.880541786594076559e+00
4.446095464283283150e+01,2.331858545521669157e+00,2.005917417522553592e+00
4.461160397267826028e+01,2.265727739834431542e+00,2.154711351905127525e+00
4.476131891161724496e+01,2.197508389887020019e+00,2.331782986611543596e+00
4.490999648130040356e+01,2.127059528392333032e+00,2.542873796076881021e+00
4.505751868324903597e+01,2.054222926604044819e+00,2.795592481041488053e+00
4.520374682350994533e+01,1.978821419247390523e+00,3.099119247385048403e+00
4.534851607200258883e+01,1.900656336010351000e+00,3.465930083097520154e+00
4.549163094539596841e+01,1.819503230008918004e+00,3.911429858544642979e+00
4.563285729543860469e+01,1.735107825055684838e+00,4.457224963798072537e+00
4.577191171116292168e+01,1.647181474865185180e+00,5.130821499351204018e+00
4.590844807953296680e+01,1.555395815158197914e+00,5.972138535982309371e+00
4.604203957762516808e+01,1.459377103298163725e+00,7.032824475545929488e+00
4.617215443951143072e+01,1.358700848356305668e+00,8.394884255034201104e+00
4.629812359723270276e+01,1.252887805492079121e+00,1.015839418793202498e+01
4.641909738578190314e+01,1.141403984895364099e+00,1.253628489312541738e+01
4.653398873134828051e+01,1.023669498246735143e+00,1.564216419730245100e+01
4.664140160881486707e+01,8.990851757212328099e-01,2.051880514246860088e+01
4.673954890199336631e+01,7.670922052365153343e-01,2.551984110374289472e+01
4.682617778171677259e+01,6.272876908990999700e-01,4.165112769739674548e+01
4.689854997625695177e+01,4.796213284103517660e-01,4.322739018329230731e+01
4.695356860258701914e+01,3.246760632519539169e-01,1.398200168570681967e+02
4.698816858008873965e+01,1.639584099900779357e-01,1.314236979497223103e+02
4.699999999999997868e+01,-3.170286823440135405e-17,1.289391219101657725e+03
