x,y,stress
4.999999999999997335e+00,5.668376448211541757e-16,1.087952074548411247e+03
5.003703658147412803e+00,1.924399963708424144e-01,1.415801282019186829e+02
5.014796864113276520e+00,3.845957674440534380e-01,1.305256709063484095e+02
5.030859542137116058e+00,5.552993278727801352e-01,5.479258214256326909e+01
5.052684447041905891e+00,7.253623630152463697e-01,5.094571000728382160e+01
5.078960586096212815e+00,8.877202078487220760e-01,3.547697057008293342e+01
5.110378685325703607e+00,1.049162041685408830e+00,3.013657590736242042e+01
5.146837933093526551e+00,1.209540816296218457e+00,2.443449402939548420e+01
5.188224986921071924e+00,1.368719367798014064e+00,2.076406834999204420e+01
5.234415721384586995e+00,1.526571168088082464e+00,1.766890665495611756e+01
5.285277022765474619e+00,1.682980832548392147e+00,1.525951591320028022e+01
5.340668566850131249e+00,1.837844362396181763e+00,1.326598972662720222e+01
5.400444553298851424e+00,1.991069203448704750e+00,1.159842295886254604e+01
5.464455338839308673e+00,2.142574082254571355e+00,1.011857304646636635e+01
5.532548939740610017e+00,2.292288660727840544e+00,8.956261696948816464e+00
5.604572413917078499e+00,2.440153107543340028e+00,7.927752621762033769e+00
5.680373081720994755e+00,2.586117540760151989e+00,7.043504233472219767e+00
5.759799581350596220e+00,2.730141381421633984e+00,6.272433610518206137e+00
5.842702779181167649e+00,2.872192681263181502e+00,5.598646513077354392e+00
5.928936522750871241e+00,3.012247410436865724e+00,5.007280408072459998e+00
6.018358255197676421e+00,3.150288743590730967e+00,4.486885621871246954e+00
6.110829502811594871e+00,3.286306358518146897e+00,4.027696808017233288e+00
6.206216241426740332e+00,3.420295748761650323e+00,3.622018738212425149e+00
6.304389166460837579e+00,3.552257576557940943e+00,3.263094581367519620e+00
6.405223865602388322e+00,3.682197051749033445e+00,2.945603691468974716e+00
6.508600915250956298e+00,3.810123353926425871e+00,2.664814902188409551e+00
6.614405937008111636e+00,3.936049127960594696e+00,2.417027847823705944e+00
6.722536386057812230e+00,4.059997655203122946e+00,2.198950037829714876e+00
6.832881284533027788e+00,4.181979124114850954e+00,2.007947953123009999e+00
6.945333951268758632e+00,4.302006330446046078e+00,1.841744295372281570e+00
7.059806386181736393e+00,4.420108966380647431e+00,1.698422069952150171e+00
7.176208333276979268e+00,4.536310467253509060e+00,1.576314958263774546e+00
7.294453985212546065e+00,4.650635449007054945e+00,1.473959667546291596e+00
7.414461797587095226e+00,4.763109439522577482e+00,1.389921947093845755e+00
7.536154279034856351e+00,4.873758627443697478e+00,1.322877567272213284e+00
7.659457866412574312e+00,4.982609720650397200e+00,1.271385461432491537e+00
7.784302695999802957e+00,5.089689733594779497e+00,1.234036447850045404e+00
7.910622483002072158e+00,5.195025892176229121e+00,1.209271714854898150e+00
8.038354261366398745e+00,5.298645436267005238e+00,1.195571560506851760e+00
8.169135652114187351e+00,5.401897937370400804e+00,1.191371379123193019e+00
8.301245952487620983e+00,5.503444677215557412e+00,1.195439152449571329e+00
8.433854617980125923e+00,5.602741007350368285e+00,1.206244850061839902e+00
8.567669409668987157e+00,5.700405936643276661e+00,1.222561023858409923e+00
8.701668588507070368e+00,5.795782803063424637e+00,1.243129636894584999e+00
8.836761773181487811e+00,5.889603764751767834e+00,1.267142910195607097e+00
8.972905106963517952e+00,5.981894124974211913e+00,1.293846023714524840e+00
9.110057079146040238e+00,6.072678856402732528e+00,1.322604945018694078e+00
9.248178203095266170e+00,6.161982434220276694e+00,1.352896684474431899e+00
9.387230759826493909e+00,6.249828730715187852e+00,1.384318248861276412e+00
9.527178896801814290e+00,6.336241139437973402e+00,1.416452159123686494e+00
9.667988531242921013e+00,6.421242565148534531e+00,1.449144461266782091e+00
9.809627155888524186e+00,6.504855356902269570e+00,1.481803043503488349e+00
9.952063823659317521e+00,6.587101350988487702e+00,1.515523643474397941e+00
1.009809991378868688e+01,6.669583454395320743e+00,1.549322947609211187e+00
1.024490529317142418e+01,6.750688486971520241e+00,1.582473590934591723e+00
1.039787032716684401e+01,6.833333904796498715e+00,1.616779805867818665e+00
1.055160127573905093e+01,6.914545796810781297e+00,1.650732764788886309e+00
1.069771359922139631e+01,6.990075173238543549e+00,1.682441203732347290e+00
1.084446236883860948e+01,7.064360451816812159e+00,1.713765840870780766e+00
1.099182301448677812e+01,7.137418607986673713e+00,1.744505323738989810e+00
1.113977658344610866e+01,7.209268458782957190e+00,1.775111995696071698e+00
1.128830274334100636e+01,7.279927168964847262e+00,1.805137200579182810e+00
1.143738197880721152e+01,7.349411411997843757e+00,1.834289548203555720e+00
1.158699556942445774e+01,7.417737393325556816e+00,1.863009740224778277e+00
1.173712566389765222e+01,7.484920913823300381e+00,1.891164381706005315e+00
1.188775512391713640e+01,7.550977325976396592e+00,1.918746196274058402e+00
1.203886745858813079e+01,7.615921533930648302e+00,1.945767094661506436e+00
1.219044690465184999e+01,7.679768054724319448e+00,1.972167049854137710e+00
1.234247824181834652e+01,7.742530964438533836e+00,1.998077160726807522e+00
1.250256357497829818e+01,7.807273576648584346e+00,2.024711279839230826e+00
1.266311473069103322e+01,7.870852270432779463e+00,2.050518933660930632e+00
1.283196764890186437e+01,7.936293037410933948e+00,2.076920262933609873e+00
1.300129854673124896e+01,8.000486913859152338e+00,2.102689076915570165e+00
1.315673061018004653e+01,8.058178611822796711e+00,2.125846354685403394e+00
1.331253729094729010e+01,8.114850821557075378e+00,2.148111113487582990e+00
1.346746557566304325e+01,8.170077260214295478e+00,2.169724945918177550e+00
1.362273996774310802e+01,8.224322983662693431e+00,2.190764300794194153e+00
1.377834975595703426e+01,8.277598773200628202e+00,2.211241204393473936e+00
1.393428472661305939e+01,8.329915147952149823e+00,2.231153437270477546e+00
1.409053497039642622e+01,8.381282311911709471e+00,2.250509759196212656e+00
1.424709089355772207e+01,8.431710172743583698e+00,2.269311809488787635e+00
1.440394325805966780e+01,8.481208367938801729e+00,2.287562884151899123e+00
1.456108309058359040e+01,8.529786248176151275e+00,2.305270500842314441e+00
1.471850173315846000e+01,8.577452905567803043e+00,2.322442279176107238e+00
1.487619080750311440e+01,8.624217173661550717e+00,2.339087898181880121e+00
1.503707228854656464e+01,8.670929468868273204e+00,2.355493425214699954e+00
1.519821760834683566e+01,8.716723322824320164e+00,2.371380389650810105e+00
1.537735527612226072e+01,8.766480315925365474e+00,2.388374108071765534e+00
1.555679738623007502e+01,8.815127968374715905e+00,2.404702505707644544e+00
1.573101848404968628e+01,8.861235546708076782e+00,2.419934983576265797e+00
1.590550695736031273e+01,8.906320737226147699e+00,2.434565260441371226e+00
1.606567021248209670e+01,8.946755714333969323e+00,2.447477493736025522e+00
1.622604421213656423e+01,8.986346585690670352e+00,2.459918736697639385e+00
1.638593068068111691e+01,9.024935038020618805e+00,2.471836525987658018e+00
1.654601369124778643e+01,9.062699866643354696e+00,2.483293250067892810e+00
1.670628729851071270e+01,9.099647378128931763e+00,2.494299490495512028e+00
1.686674575093996609e+01,9.135783700922251782e+00,2.504861409459349098e+00
1.702738343137167831e+01,9.171114777517956895e+00,2.514988532868934534e+00
1.718819487104265775e+01,9.205646373655621773e+00,2.524688677167213680e+00
1.734917474782218960e+01,9.239384083376961598e+00,2.533973538132343606e+00
1.751031785776521943e+01,9.272333328352269533e+00,2.542849970034212870e+00
1.767161912758247766e+01,9.304499365747529893e+00,2.551327321100071988e+00
1.783307361767500510e+01,9.335887293534739229e+00,2.559419596009116837e+00
1.799882298877982123e+01,9.367277091790892740e+00,2.567314024975740239e+00
1.816472337687399019e+01,9.397858712033114514e+00,2.574836253377613904e+00
1.835026455974682236e+01,9.431079187646563611e+00,2.582772591167013410e+00
1.853598132522390785e+01,9.463303632613527583e+00,2.590234249040745063e+00
1.872035310667579466e+01,9.494288215753240223e+00,2.597202214207612325e+00
1.890488486406812640e+01,9.524305374668196933e+00,2.603729310331672764e+00
1.907065958322498034e+01,9.550430909414478364e+00,2.609246225915078821e+00
1.923655393133097746e+01,9.575785730340138358e+00,2.614454768979717958e+00
1.939925513633338738e+01,9.599891366209721610e+00,2.619261573946832122e+00
1.956206325019723735e+01,9.623264050013698778e+00,2.623785479653346631e+00
1.972497441992230804e+01,9.645907229617202816e+00,2.628035341890147869e+00
1.988798487468065801e+01,9.667824229868191566e+00,2.632020278948077330e+00
2.005109090075486122e+01,9.689018251703942042e+00,2.635752258449691521e+00
2.021428885700809275e+01,9.709492376739410346e+00,2.639240302029483232e+00
2.037757515897834537e+01,9.729249567529675957e+00,2.642495289690351079e+00
2.054094628134003386e+01,9.748292670182102881e+00,2.645526648963147043e+00
2.070439875879392844e+01,9.766624416559547939e+00,2.648346612625767982e+00
2.086792916957514521e+01,9.784247424461828047e+00,2.650966315405368423e+00
2.103266511803705185e+01,9.801278665745092766e+00,2.653405662299765932e+00
2.119747327972465811e+01,9.817596326769496784e+00,2.655675662841211704e+00
2.137839723541759795e+01,9.834683439434753538e+00,2.657954671935710778e+00
2.155939976640712530e+01,9.850917089700333307e+00,2.660036769928709965e+00
2.175460170733269294e+01,9.867464085594026102e+00,2.662074086043245469e+00
2.194988466668968741e+01,9.883025807584244760e+00,2.663880522494122882e+00
2.212685856170209675e+01,9.896275287646549401e+00,2.665363977333844225e+00
2.230389080911759692e+01,9.908720846189469356e+00,2.666704687014911368e+00
2.246820004609926968e+01,9.919551262449171958e+00,2.667826577360185247e+00
2.263255324145034564e+01,9.929692792899388110e+00,2.668847401200403979e+00
2.279675916741357966e+01,9.939136404054725205e+00,2.669763205485847557e+00
2.296100303519458663e+01,9.947895397740090573e+00,2.670583305661979434e+00
2.312528192494630375e+01,9.955970973981726146e+00,2.671313306209801119e+00
2.328959293598171243e+01,9.963364236985366773e+00,2.671959657669258359e+00
2.345393318812535455e+01,9.970076195962839449e+00,2.672530281377416994e+00
2.361829981839409953e+01,9.976107765658781545e+00,2.673027985260017836e+00
2.378268997992864442e+01,9.981459766925794952e+00,2.673458989993882984e+00
2.394710083962725378e+01,9.986132927190658037e+00,2.673826299894403125e+00
2.411152957703396638e+01,9.990127880907158087e+00,2.674135402355185320e+00
2.427597338201615784e+01,9.993445169915759152e+00,2.674393035978757993e+00
2.444653847882621278e+01,9.996170270966020510e+00,2.674598650877044737e+00
2.461711365379888505e+01,9.998167307635588585e+00,2.674760969212905515e+00
2.480855463370748382e+01,9.999541847901390668e+00,2.674875857783597155e+00
2.499999999999982236e+01,9.999999999999994671e+00,2.674906902674063502e+00
2.519144536629218578e+01,9.999541847901392444e+00,2.674878956353281101e+00
2.538288634620078454e+01,9.998167307635590362e+00,2.674767402198624744e+00
2.555346152117353142e+01,9.996170270966024063e+00,2.674608343711631253e+00
2.572402661798354373e+01,9.993445169915764481e+00,2.674405466844834045e+00
2.588847042296573520e+01,9.990127880907163416e+00,2.674148112067233463e+00
2.605289916037244069e+01,9.986132927190665143e+00,2.673838951502899519e+00
2.621731002007106426e+01,9.981459766925803834e+00,2.673467734489408443e+00
2.638170018160560559e+01,9.976107765658792204e+00,2.673032474269421144e+00
2.654606681187434702e+01,9.970076195962850107e+00,2.672529600246265957e+00
2.671040706401799270e+01,9.963364236985379208e+00,2.671953952869690063e+00
2.687471807505340493e+01,9.955970973981740357e+00,2.671302802224181594e+00
2.703899696480511849e+01,9.947895397740104784e+00,2.670568380008966791e+00
2.720324083258612902e+01,9.939136404054739415e+00,2.669748052018033668e+00
2.736744675854934883e+01,9.929692792899404097e+00,2.668832509336515724e+00
2.753179995390042833e+01,9.919551262449187945e+00,2.667812053612037104e+00
2.769610919088209400e+01,9.908720846189488896e+00,2.666690670954645626e+00
2.787314143829756574e+01,9.896275287646570717e+00,2.665349739198259904e+00
2.805011533330995377e+01,9.883025807584271405e+00,2.663866152243955732e+00
2.824539829266696600e+01,9.867464085594052747e+00,2.662056473508203513e+00
2.844060023359253719e+01,9.850917089700361728e+00,2.660016155502951563e+00
2.862160276458207164e+01,9.834683439434781960e+00,2.657932260199297847e+00
2.880252672027501504e+01,9.817596326769526982e+00,2.655651224922787268e+00
2.896733488196261064e+01,9.801278665745126517e+00,2.653377489894674479e+00
2.913207083042450662e+01,9.784247424461863574e+00,2.650934246917810988e+00
2.929560124120571984e+01,9.766624416559583466e+00,2.648309387006709148e+00
2.945905371865960376e+01,9.748292670182140185e+00,2.645483741310981074e+00
2.962242484102128870e+01,9.729249567529718590e+00,2.642444901598742568e+00
2.978571114299152711e+01,9.709492376739452979e+00,2.639182720480000466e+00
2.994890909924475153e+01,9.689018251703986451e+00,2.635688183760391823e+00
3.011201512531894764e+01,9.667824229868241304e+00,2.631949431170225395e+00
3.027502558007730116e+01,9.645907229617252554e+00,2.627958107278945299e+00
3.043793674980236474e+01,9.623264050013752069e+00,2.623701765752187054e+00
3.060074486366620050e+01,9.599891366209776677e+00,2.619171661779313265e+00
3.076344606866858911e+01,9.575785730340196977e+00,2.614357750713058426e+00
3.092934041677457202e+01,9.550430909414545866e+00,2.609141169250499992e+00
3.109511513593140819e+01,9.524305374668266211e+00,2.603616412740380248e+00
3.127964689332371861e+01,9.494288215753316607e+00,2.597082197972649720e+00
3.146401867477557701e+01,9.463303632613612848e+00,2.590106463673448989e+00
3.164973544025271579e+01,9.431079187646639994e+00,2.582640904177283758e+00
3.183527662312558704e+01,9.397858712033187345e+00,2.574699042333176369e+00
3.200117701121975244e+01,9.367277091790967347e+00,2.567177884634685103e+00
3.216692638232455437e+01,9.335887293534815612e+00,2.559286036806046827e+00
3.232838087241708536e+01,9.304499365747609829e+00,2.551197735603328187e+00
3.248968214223433648e+01,9.272333328352353021e+00,2.542725593200295897e+00
3.265082525217736276e+01,9.239384083377046863e+00,2.533851757152462358e+00
3.281180512895688395e+01,9.205646373655710590e+00,2.524568826762915830e+00
3.297261656862787760e+01,9.171114777518047489e+00,2.514868829363547942e+00
3.313325424905959693e+01,9.135783700922344153e+00,2.504741595893719364e+00
3.329371270148886452e+01,9.099647378129022357e+00,2.494178699443727165e+00
3.345398630875178725e+01,9.062699866643445290e+00,2.483170846365109430e+00
3.361406931931847453e+01,9.024935038020709399e+00,2.471712917948149180e+00
3.377395578786303076e+01,8.986346585690762723e+00,2.459794160137153352e+00
3.393432978751749118e+01,8.946755714334065246e+00,2.447352129945738142e+00
3.409449304263927161e+01,8.906320737226247175e+00,2.434440146469216248e+00
3.426898151594986786e+01,8.861235546708186916e+00,2.419807128231741711e+00
3.444320261376944359e+01,8.815127968374836698e+00,2.404573082238647963e+00
3.462264472387729342e+01,8.766480315925480937e+00,2.388242496379580082e+00
3.480178239165274334e+01,8.716723322824428521e+00,2.371244415178677123e+00
3.496292771145301970e+01,8.670929468868385115e+00,2.355354980710555157e+00
3.512380919249648059e+01,8.624217173661662628e+00,2.338945572291887487e+00
3.528149826684112611e+01,8.577452905567918506e+00,2.322295850933850936e+00
3.543891690941598682e+01,8.529786248176270291e+00,2.305118554448751578e+00
3.559605674193991121e+01,8.481208367938924297e+00,2.287403928343842985e+00
3.575290910644185516e+01,8.431710172743711595e+00,2.269145694640668953e+00
3.590946502960313325e+01,8.381282311911844474e+00,2.250339681664534464e+00
3.606571527338648053e+01,8.329915147952293708e+00,2.230979016200052900e+00
3.622165024404251454e+01,8.277598773200773863e+00,2.211061697457432640e+00
3.637726003225643723e+01,8.224322983662839093e+00,2.190580570703696051e+00
3.653253442433651088e+01,8.170077260214442916e+00,2.169532674820775497e+00
3.668746270905226936e+01,8.114850821557224592e+00,2.147913499178196517e+00
3.684326938981951827e+01,8.058178611822944148e+00,2.125539610113746036e+00
3.699870145326833182e+01,8.000486913859299776e+00,2.102588715874611935e+00
3.716803235109770043e+01,7.936293037411088491e+00,2.076859455769771490e+00
3.733688526930851026e+01,7.870852270432946440e+00,2.050402112308602920e+00
3.749743642502127727e+01,7.807273576648744218e+00,2.024513905350163512e+00
3.765752175818126091e+01,7.742530964438684826e+00,1.997983607018346541e+00
3.780955309534775921e+01,7.679768054724471327e+00,1.972106109552376862e+00
3.796113254141148019e+01,7.615921533930803733e+00,1.945653499972144873e+00
3.811224487608246392e+01,7.550977325976560017e+00,1.918619818692920642e+00
3.826287433610195166e+01,7.484920913823464694e+00,1.891007967983048266e+00
3.841300443057514258e+01,7.417737393325723794e+00,1.862826109268433949e+00
3.856261802119239945e+01,7.349411411998013399e+00,1.834078329352257342e+00
3.871169725665860284e+01,7.279927168965017792e+00,1.804778209422444046e+00
3.886022341655351653e+01,7.209268458783125944e+00,1.774935903534271109e+00
3.900817698551284707e+01,7.137418607986843355e+00,1.744571075755148692e+00
3.915553763116101038e+01,7.064360451816989794e+00,1.713703421389196180e+00
3.930228640077822888e+01,6.990075173238722073e+00,1.682360953323099206e+00
3.944839872426057070e+01,6.914545796810964262e+00,1.650583032227566749e+00
3.960212967283276697e+01,6.833333904796690561e+00,1.616578110350793018e+00
3.975509470682817437e+01,6.750688486971723634e+00,1.582193268033057709e+00
3.990190008621091522e+01,6.669583454395528577e+00,1.548743922353951863e+00
4.004793617634029346e+01,6.587101350988696424e+00,1.515127522984975883e+00
4.019037284411108857e+01,6.504855356902481844e+00,1.482105713335725383e+00
4.033201146875669707e+01,6.421242565148748582e+00,1.449179868796281134e+00
4.047282110319780912e+01,6.336241139438189229e+00,1.416524711028913197e+00
4.061276924017312950e+01,6.249828730715403680e+00,1.384363969361158242e+00
4.075182179690436612e+01,6.161982434220491633e+00,1.352971227723818837e+00
4.088994292085359916e+01,6.072678856402948355e+00,1.322690821683986107e+00
4.102709489303612855e+01,5.981894124974433957e+00,1.293941232966585586e+00
4.116323822681815869e+01,5.889603764751991655e+00,1.267245451234855436e+00
4.129833141149258324e+01,5.795782803063651123e+00,1.243232122538207474e+00
4.143233059033067178e+01,5.700405936643508475e+00,1.222666137429340383e+00
4.156614538201952058e+01,5.602741007350611646e+00,1.206352887414307906e+00
4.169875404751201842e+01,5.503444677215811431e+00,1.195550141602328198e+00
4.183086434788547336e+01,5.401897937370645053e+00,1.191488215969049191e+00
4.196164573863328684e+01,5.298645436267233499e+00,1.195697836803732095e+00
4.208937751699760810e+01,5.195025892176469817e+00,1.209423066107659261e+00
4.221569730399988174e+01,5.089689733595025523e+00,1.234222213877263163e+00
4.234054213358711394e+01,4.982609720650644114e+00,1.271635617304144983e+00
4.246384572096484789e+01,4.873758627443941727e+00,1.323222387800609967e+00
4.258553820241260723e+01,4.763109439522830613e+00,1.390393403278450624e+00
4.270554601478715284e+01,4.650635449007310740e+00,1.474607249886204396e+00
4.282379166672272675e+01,4.536310467253775514e+00,1.577157087337400787e+00
4.294019361381797495e+01,4.420108966380920990e+00,1.699508520854806193e+00
4.305466604873095804e+01,4.302006330446316085e+00,1.843040876101646575e+00
4.316711871546670665e+01,4.181979124115112079e+00,2.009519624620451417e+00
4.327746361394191155e+01,4.059997655203400946e+00,2.200773532459524784e+00
4.338559406299162191e+01,3.936049127960881133e+00,2.419184088559579671e+00
4.349139908474877814e+01,3.810123353926718970e+00,2.667289581432161327e+00
4.359477613439735677e+01,3.682197051749325656e+00,2.948500690454578077e+00
4.369561083353891462e+01,3.552257576558231378e+00,3.266529642512799647e+00
4.379378375857303496e+01,3.420295748761930099e+00,3.626182779084850427e+00
4.388917049718816799e+01,3.286306358518451987e+00,4.032744357371292665e+00
4.398164174480208288e+01,3.150288743591055152e+00,4.493115178304419643e+00
4.407106347724889162e+01,3.012247410437199679e+00,5.015014272269171514e+00
4.415729722081861297e+01,2.872192681263514569e+00,5.608434635279349045e+00
4.424020041864920927e+01,2.730141381421940405e+00,6.284760299348011614e+00
4.431962691827883560e+01,2.586117540760421551e+00,7.059065119948606082e+00
4.439542758608276785e+01,2.440153107543590050e+00,7.949022177880522122e+00
4.446745106025925764e+01,2.292288660728065253e+00,8.978524484828817265e+00
4.453554466116057853e+01,2.142574082254762757e+00,1.017621219914236264e+01
4.459955544670106775e+01,1.991069203448853742e+00,1.158372491987364228e+01
4.465933143314979503e+01,1.837844362396304776e+00,1.324904100948751307e+01
4.471472297723446587e+01,1.682980832548489403e+00,1.525936995499222348e+01
4.476558427861536416e+01,1.526571168088168395e+00,1.768225442037404349e+01
4.481177501307887923e+01,1.368719367798083120e+00,2.078728096922516144e+01
4.485316206690642815e+01,1.209540816296284849e+00,2.448127759762454403e+01
4.488962131467426531e+01,1.049162041685473667e+00,3.017471479736400752e+01
4.492103941390374899e+01,8.877202078487858028e-01,3.557868523158256835e+01
4.494731555295805947e+01,7.253623630153051005e-01,5.097336261404965541e+01
4.496914045786285641e+01,5.552993278728088899e-01,5.494548254397201958e+01
4.498520313588669950e+01,3.845957674440569907e-01,1.303521315033441965e+02
4.499629634185256322e+01,1.924399963708420813e-01,1.426057844161376522e+02
4.499999999999997868e+01,-3.722954036219075462e-17,1.088640782580848054e+03
