x,y,stress
9.999999999999994671e+00,4.488291767391033149e-16,1.022232474444010563e+03
1.000353613708254308e+01,1.736993945553562957e-01,1.556189309220937389e+02
1.001412617576020381e+01,3.471118060909941239e-01,1.264674645513749454e+02
1.003059904740293184e+01,5.107304037888149573e-01,5.762900740405512323e+01
1.005326789145826538e+01,6.736063922605599608e-01,5.083451578594735309e+01
1.008203165927807810e+01,8.355174509886800216e-01,3.606983940214207962e+01
1.011676561640768135e+01,9.962538590262426386e-01,3.033038982571000020e+01
1.015732412535659179e+01,1.155620591981903367e+00,2.482784637547834450e+01
1.020354370395420673e+01,1.313438894352011665e+00,2.122605489413967916e+01
1.025524621938521896e+01,1.469547323708086939e+00,1.827228805588117311e+01
1.031224208634364992e+01,1.623802284172452648e+00,1.598652745649012807e+01
1.037433336058058586e+01,1.776078104594807749e+00,1.411274819018023940e+01
1.044131664492126710e+01,1.926266733415737065e+00,1.256438405280697701e+01
1.051298572120968977e+01,2.074277069580362731e+00,1.121325451219703417e+01
1.058913389001473782e+01,2.220034063247194656e+00,1.012963381152381181e+01
1.066955597324114713e+01,2.363477603250134340e+00,9.180832178214892281e+00
1.075405004627249816e+01,2.504561380643152813e+00,8.362335368591384821e+00
1.084241879703536782e+01,2.643251572349319289e+00,7.647823582760296723e+00
1.093447057789249044e+01,2.779525501354506378e+00,7.022775953933664717e+00
1.103002029183322819e+01,2.913370468884725284e+00,6.472866760574210510e+00
1.112888993681781535e+01,3.044782465767743140e+00,5.987825565142760098e+00
1.123090901723428736e+01,3.173765057840073123e+00,5.558806660886985718e+00
1.133591480367085502e+01,3.300328366045059525e+00,5.178603531448893627e+00
1.144375235625346932e+01,3.424488015955846620e+00,4.841118637592702889e+00
1.155427456066422565e+01,3.546264334473002489e+00,4.541447837981449354e+00
1.166734198982447523e+01,3.665681531028005757e+00,4.275252253605403396e+00
1.178282265066753176e+01,3.782766927729399598e+00,4.039007540068033641e+00
1.190059183810050136e+01,3.897550439676180201e+00,3.829507110396968450e+00
1.202053180183436432e+01,4.010063972191103332e+00,3.644106456777000957e+00
1.214253145606338080e+01,4.120340961655990064e+00,3.480333387471499673e+00
1.226648611928066757e+01,4.228416016519034315e+00,3.336125080211233662e+00
1.239229700428547787e+01,4.334324405127298441e+00,3.209527587130781345e+00
1.251987128518662828e+01,4.438102089230990366e+00,3.098839032063066323e+00
1.264912150486687636e+01,4.539785225219029385e+00,3.002472170407821661e+00
1.277996510995404122e+01,4.639409840968908405e+00,2.918987390223537481e+00
1.291232447631246849e+01,4.737011916940845779e+00,2.847067667256048651e+00
1.304612636113128765e+01,4.832627038813670062e+00,2.785493599096435346e+00
1.318130196584682956e+01,4.926290519587626981e+00,2.733149177315117306e+00
1.331778609964934823e+01,5.018036896694900051e+00,2.689012780178988482e+00
1.345551720786469119e+01,5.107900065138260004e+00,2.652152032808992477e+00
1.359443766984436586e+01,5.195913551461091018e+00,2.621718234877186138e+00
1.373449292021530255e+01,5.282110022439701957e+00,2.596943003139761785e+00
1.387563134466698500e+01,5.366521326932845781e+00,2.577128386455487696e+00
1.401780422914682411e+01,5.449178558784758764e+00,2.561624156816598497e+00
1.416096548193446303e+01,5.530111980315193243e+00,2.549890786764838602e+00
1.430507151669989696e+01,5.609351043143802507e+00,2.541303335296805077e+00
1.445008107188546376e+01,5.686924370500565651e+00,2.535610066094606374e+00
1.459595501448866806e+01,5.762859733047364763e+00,2.532051258925833270e+00
1.474265635158855048e+01,5.837184131570126056e+00,2.531506533085908117e+00
1.489015001751381106e+01,5.909923757065620897e+00,2.531601846623007024e+00
1.503840260085036107e+01,5.981103928006873183e+00,2.533400978159009664e+00
1.518738238203600055e+01,6.050749180777108549e+00,2.536371112257070237e+00
1.533705931590377780e+01,6.118883322045266304e+00,2.540404038292942701e+00
1.548740478532879372e+01,6.185529373208669135e+00,2.545196711939056833e+00
1.563839154590957037e+01,6.250709605138128566e+00,2.550666242049713706e+00
1.579056027613962421e+01,6.314680629997680761e+00,2.556550507467586275e+00
1.594332395868914531e+01,6.377217652200418918e+00,2.563107378302751815e+00
1.609608791792569704e+01,6.438116486682263329e+00,2.569691617396966610e+00
1.624939626376989921e+01,6.497631634199735551e+00,2.576276896974035502e+00
1.640322750882867453e+01,6.555781901003304490e+00,2.582914902224978437e+00
1.655756113018771458e+01,6.612585461573137202e+00,2.589840454277713810e+00
1.671237749099594083e+01,6.668059868253518374e+00,2.596638914272078491e+00
1.686765780451372976e+01,6.722222075274041586e+00,2.603047597436647820e+00
1.702338407637580531e+01,6.775088453066551608e+00,2.609384589914864883e+00
1.717953905842028561e+01,6.826674805437360938e+00,2.615520498812135219e+00
1.733610619119288643e+01,6.876996381815730253e+00,2.621422189504118982e+00
1.749306961747642575e+01,6.926067910869435629e+00,2.627058803798045350e+00
1.765075457137240988e+01,6.974005660484901448e+00,2.632427245419563633e+00
1.780880747117551266e+01,7.020716013138466494e+00,2.637491342514624471e+00
1.796954748592846229e+01,7.066872700340073088e+00,2.642314862849537427e+00
1.813063749037323902e+01,7.111792697117903295e+00,2.646793994179425624e+00
1.828937722914567487e+01,7.154772359061126963e+00,2.650880422632809541e+00
1.844842956346341367e+01,7.196580418864500395e+00,2.654538533396113564e+00
1.860778235758373356e+01,7.237228269676746706e+00,2.658188083937906843e+00
1.876742390178398523e+01,7.276726886761525570e+00,2.661256364943369146e+00
1.892734287811654426e+01,7.315086836492993072e+00,2.664074310292068759e+00
1.908752835152856520e+01,7.352318290893128605e+00,2.666571813866088103e+00
1.924796977238853302e+01,7.388431043396670006e+00,2.668767141898654049e+00
1.940865686184237049e+01,7.423434497837286372e+00,2.670672336656957579e+00
1.956957966374224256e+01,7.457337695385732879e+00,2.672295487495438326e+00
1.973072858002932506e+01,7.490149334506408962e+00,2.673651901894952054e+00
1.989303324956061658e+01,7.522059114965800930e+00,2.674756052745024260e+00
2.005554798990999288e+01,7.552881197551825743e+00,2.675617713137627085e+00
2.022257218657161104e+01,7.583395821925329017e+00,2.676263563605284723e+00
2.038979883746036492e+01,7.612780743349015999e+00,2.676670042430112861e+00
2.055195695222852237e+01,7.640172899408026908e+00,2.676870122819299702e+00
2.071428827663104499e+01,7.666519187435826055e+00,2.676889791452945477e+00
2.087678490298065981e+01,7.691826029371858553e+00,2.676743703839316257e+00
2.103943909785709465e+01,7.716099552893484592e+00,2.676444298617985051e+00
2.120224330903430854e+01,7.739345600655972213e+00,2.676010689574524815e+00
2.136519016766738233e+01,7.761569737823741377e+00,2.675455306933038901e+00
2.152827246588843479e+01,7.782777255638549718e+00,2.674796469889763273e+00
2.169148312926662570e+01,7.802973174496058206e+00,2.674047074724501982e+00
2.185481521728451781e+01,7.822162250564393737e+00,2.673225856212005258e+00
2.201826195225865845e+01,7.840348984788792386e+00,2.672345061239040920e+00
2.218192382792799222e+01,7.857548554113804151e+00,2.671418249035910630e+00
2.234568725635465469e+01,7.873752720123287752e+00,2.670468158732226538e+00
2.251758886331247922e+01,7.889686273639016534e+00,2.669453162127584989e+00
2.268958778946802468e+01,7.904532513189343135e+00,2.668417601288842977e+00
2.285399796630381886e+01,7.917704273719689212e+00,2.667441993409674250e+00
2.301848416448062551e+01,7.929890031348895363e+00,2.666493070382448760e+00
2.318255977378684207e+01,7.941061307615720821e+00,2.665578109803682150e+00
2.334669885514987442e+01,7.951257650561804446e+00,2.664705321894726087e+00
2.351089544460360159e+01,7.960481372345444839e+00,2.663885230696656947e+00
2.367514367827475397e+01,7.968734561888786594e+00,2.663125172939282859e+00
2.383943773470332417e+01,7.976019083509885199e+00,2.662435824914558324e+00
2.400377181751686351e+01,7.982336578593530518e+00,2.661821564752371305e+00
2.416814018321100477e+01,7.987688468774522654e+00,2.661291392432309610e+00
2.433253711908127670e+01,7.992075956530972469e+00,2.660848342052775983e+00
2.449695693859606394e+01,7.995500026449842146e+00,2.660498831166173250e+00
2.466139398684895667e+01,7.997961446363937910e+00,2.660248669563249013e+00
2.483069392493042926e+01,7.999490391821059809e+00,2.660094703080554623e+00
2.499999999999998579e+01,7.999999999999993783e+00,2.660040300977758232e+00
2.516930607506956008e+01,7.999490391821060697e+00,2.660095418288784597e+00
2.533860601315100780e+01,7.997961446363938798e+00,2.660249788359462020e+00
2.550304306140391120e+01,7.995500026449843034e+00,2.660498977232817808e+00
2.566746288091870198e+01,7.992075956530972469e+00,2.660847400956737996e+00
2.583185981678897036e+01,7.987688468774521766e+00,2.661286883934118386e+00
2.599622818248311162e+01,7.982336578593530518e+00,2.661812906875871576e+00
2.616056226529665096e+01,7.976019083509886087e+00,2.662423175031493727e+00
2.632485632172522116e+01,7.968734561888787482e+00,2.663108390382262769e+00
2.648910455539636999e+01,7.960481372345445727e+00,2.663863715202235749e+00
2.665330114485009005e+01,7.951257650561803558e+00,2.664678738434017813e+00
2.681744022621313306e+01,7.941061307615719933e+00,2.665549161369906717e+00
2.698151583551934607e+01,7.929890031348895363e+00,2.666461656778112754e+00
2.714600203369615627e+01,7.917704273719687436e+00,2.667408348684308095e+00
2.731041221053193624e+01,7.904532513189343135e+00,2.668381652031371232e+00
2.748241113668749946e+01,7.889686273639014757e+00,2.669416666621394985e+00
2.765431274364532399e+01,7.873752720123285975e+00,2.670430365725837696e+00
2.781807617207198291e+01,7.857548554113806816e+00,2.671378340848539423e+00
2.798173804774130957e+01,7.840348984788792386e+00,2.672303015075003785e+00
2.814518478271545376e+01,7.822162250564394625e+00,2.673183995394486701e+00
2.830851687073333522e+01,7.802973174496059983e+00,2.674005122452831174e+00
2.847172753411152613e+01,7.782777255638550606e+00,2.674754432258265258e+00
2.863480983233258215e+01,7.761569737823742265e+00,2.675413150336278356e+00
2.879775669096565593e+01,7.739345600655974877e+00,2.675969938606286735e+00
2.896056090214286627e+01,7.716099552893487257e+00,2.676404602589159243e+00
2.912321509701929401e+01,7.691826029371860329e+00,2.676702260652459309e+00
2.928571172336890172e+01,7.666519187435831384e+00,2.676846511567386067e+00
2.944804304777143145e+01,7.640172899408031348e+00,2.676823430347206934e+00
2.961020116253959245e+01,7.612780743349020440e+00,2.676620553618425546e+00
2.977742781342833922e+01,7.583395821925333458e+00,2.676207087581328636e+00
2.994445201008995383e+01,7.552881197551830184e+00,2.675554206110728916e+00
3.010696675043934434e+01,7.522059114965804483e+00,2.674685974794304588e+00
3.026927141997063941e+01,7.490149334506412515e+00,2.673574997006053611e+00
3.043042033625771126e+01,7.457337695385736431e+00,2.672213482357840952e+00
3.059134313815757977e+01,7.423434497837291701e+00,2.670583543865597598e+00
3.075203022761142790e+01,7.388431043396674447e+00,2.668674339224584191e+00
3.091247164847140283e+01,7.352318290893131270e+00,2.666472717695788752e+00
3.107265712188342022e+01,7.315086836492994848e+00,2.663970887862897374e+00
3.123257609821598635e+01,7.276726886761526458e+00,2.661158762955240231e+00
3.139221764241625223e+01,7.237228269676745818e+00,2.658031510072218939e+00
3.155157043653656856e+01,7.196580418864498618e+00,2.654582653761489830e+00
3.171062277085430381e+01,7.154772359061124298e+00,2.650810945727472667e+00
3.186936250962673967e+01,7.111792697117901518e+00,2.646715788406991177e+00
3.203045251407150573e+01,7.066872700340073976e+00,2.642225051396960733e+00
3.219119252882445181e+01,7.020716013138468270e+00,2.637399964191679214e+00
3.234924542862754748e+01,6.974005660484904112e+00,2.632332303112271177e+00
3.250693038252352096e+01,6.926067910869442734e+00,2.626966131279203420e+00
3.266389380880704607e+01,6.876996381815740911e+00,2.621328949547157006e+00
3.282046094157964689e+01,6.826674805437372484e+00,2.615428416766770514e+00
3.297661592362413074e+01,6.775088453066563154e+00,2.609291198278160362e+00
3.313234219548620274e+01,6.722222075274053132e+00,2.602945177875917171e+00
3.328762250900400232e+01,6.668059868253529032e+00,2.596429353856367861e+00
3.344243886981222857e+01,6.612585461573145196e+00,2.589786005006025071e+00
3.359677249117127218e+01,6.555781901003310708e+00,2.583069299195228652e+00
3.375060373623005461e+01,6.497631634199740880e+00,2.576338014608669624e+00
3.390391208207425677e+01,6.438116486682270434e+00,2.569664699778861028e+00
3.405667604131081561e+01,6.377217652200425135e+00,2.563131681470584233e+00
3.420943972386034915e+01,6.314680629997681649e+00,2.556814085612602483e+00
3.436160845409040832e+01,6.250709605138125902e+00,2.550846192014743163e+00
3.451259521467117253e+01,6.185529373208670023e+00,2.545375122336270390e+00
3.466294068409617779e+01,6.118883322045273410e+00,2.540525984589625974e+00
3.481261761796395149e+01,6.050749180777116543e+00,2.536465849512848703e+00
3.496159739914958209e+01,5.981103928006884729e+00,2.533385577444567271e+00
3.510984998248612499e+01,5.909923757065636885e+00,2.531498785985428324e+00
3.525734364841139268e+01,5.837184131570142043e+00,2.531057318081096685e+00
3.540404498551126977e+01,5.762859733047380750e+00,2.532338834508157888e+00
3.554991892811447229e+01,5.686924370500583414e+00,2.535664355138252724e+00
3.569492848330003909e+01,5.609351043143820270e+00,2.541384668256246648e+00
3.583903451806548190e+01,5.530111980315210118e+00,2.549912692932409186e+00
3.598219577085311016e+01,5.449178558784781856e+00,2.561694794425111166e+00
3.612436865533293684e+01,5.366521326932875091e+00,2.577248018278263331e+00
3.626550707978461929e+01,5.282110022439733932e+00,2.597126031556892922e+00
3.640556233015556131e+01,5.195913551461121216e+00,2.621975344362879490e+00
3.654448279213522710e+01,5.107900065138293755e+00,2.652481220713273302e+00
3.668221390035056828e+01,5.018036896694936466e+00,2.689433029534473718e+00
3.681869803415307985e+01,4.926290519587666950e+00,2.733658214089942806e+00
3.695387363886863596e+01,4.832627038813707365e+00,2.786115131640743314e+00
3.708767552368744447e+01,4.737011916940887524e+00,2.847803898686126267e+00
3.722003489004587351e+01,4.639409840968949261e+00,2.919861256581432141e+00
3.735087849513304548e+01,4.539785225219071130e+00,3.003460605825447161e+00
3.748012871481329711e+01,4.438102089231029446e+00,3.099967155290294318e+00
3.760770299571444042e+01,4.334324405127344626e+00,3.210782458525098360e+00
3.773351388071925072e+01,4.228416016519081388e+00,3.337532264628574552e+00
3.785746854393653393e+01,4.120340961656043355e+00,3.481870007693334212e+00
3.797946819816554864e+01,4.010063972191159287e+00,3.645802576015769070e+00
3.809940816189941160e+01,3.897550439676234380e+00,3.831380390814640435e+00
3.821717734933238830e+01,3.782766927729448447e+00,4.041107398501493364e+00
3.833265801017544305e+01,3.665681531028065265e+00,4.277560168781441519e+00
3.844572543933569619e+01,3.546264334473061997e+00,4.544026601532506149e+00
3.855624764374644542e+01,3.424488015955912346e+00,4.843974039220895200e+00
3.866408519632906149e+01,3.300328366045119921e+00,5.181802606725086413e+00
3.876909098276562560e+01,3.173765057840143733e+00,5.562283508250693842e+00
3.887111006318210116e+01,3.044782465767816859e+00,5.991622486027543992e+00
3.896997970816669010e+01,2.913370468884799003e+00,6.476762016113279508e+00
3.906552942210743140e+01,2.779525501354573880e+00,7.026750879761531010e+00
3.915758120296455758e+01,2.643251572349394340e+00,7.652047014789026491e+00
3.924594995372743256e+01,2.504561380643223423e+00,8.366571717574979417e+00
3.933044402675879070e+01,2.363477603250200065e+00,9.186942257446295557e+00
3.941086610998520712e+01,2.220034063247246170e+00,1.013589236175615227e+01
3.948701427879026227e+01,2.074277069580409805e+00,1.124134945672295949e+01
3.955868335507869205e+01,1.926266733415772592e+00,1.254373628333899582e+01
3.962566663941937151e+01,1.776078104594851270e+00,1.409194605757425833e+01
3.968775791365630567e+01,1.623802284172493504e+00,1.597096363091176308e+01
3.974475378061474373e+01,1.469547323708116693e+00,1.825945297195666939e+01
3.979645629604576129e+01,1.313438894352024100e+00,2.120792396088474518e+01
3.984267587464337623e+01,1.155620591981924239e+00,2.481006563982721502e+01
3.988323438359228845e+01,9.962538590262732807e-01,3.029137778112679769e+01
3.991796834072189171e+01,8.355174509887060008e-01,3.605729777184475893e+01
3.994673210854170264e+01,6.736063922605834975e-01,5.075096526134493047e+01
3.996940095259704151e+01,5.107304037888231729e-01,5.763924896470730630e+01
3.998587382423976777e+01,3.471118060909895719e-01,1.263627006916334068e+02
3.999646386291743028e+01,1.736993945553529928e-01,1.543522145408232120e+02
3.999999999999997868e+01,-3.407557072511529257e-17,1.021169657766278306e+03
