x,y,stress
7.999999999999995559e+00,-3.403755706223929143e-13,9.550570770436370367e+02
8.002660612186721423e+00,2.122978412364906753e-01,1.390516319262509626e+02
8.010638266319778822e+00,4.244624323894951590e-01,1.185846108720741938e+02
8.022169444109520597e+00,6.126431041862935301e-01,5.425626816306635192e+01
8.037869266787629030e+00,8.005219371679971330e-01,4.909430103948659507e+01
8.055504116192556907e+00,9.689014417100734189e-01,3.583159617909824846e+01
8.076467704483581755e+00,1.136899000569418616e+00,3.088598795651788009e+01
8.100262093446696454e+00,1.301364271273295126e+00,2.581075060173687774e+01
8.127221817133408521e+00,1.465340425291964177e+00,2.243868167254588286e+01
8.157322109462624482e+00,1.628769264372271541e+00,1.957689839977586388e+01
8.190535648296995319e+00,1.791593964742453693e+00,1.731134388114446665e+01
8.226832681892274124e+00,1.953759191812354024e+00,1.540955959267555997e+01
8.266181156579120781e+00,2.115211177332965597e+00,1.381222449151318443e+01
8.308546862157792035e+00,2.275897837357315989e+00,1.244376144833676712e+01
8.353893579093037758e+00,2.435768856421611339e+00,1.126082220513742094e+01
8.402183216729762094e+00,2.594775717634752343e+00,1.022723351760039634e+01
8.453375988980281974e+00,2.752871839664922327e+00,9.317213737504303595e+00
8.507459790480824680e+00,2.910095130958286536e+00,8.510370630877677200e+00
8.564365572801742488e+00,3.066319221093077196e+00,7.791330438633772282e+00
8.624017092377188831e+00,3.221421846738092842e+00,7.147697667341391892e+00
8.686398481938391924e+00,3.375446859267919653e+00,6.568993503875715234e+00
8.751463685657197900e+00,3.528357558428038665e+00,6.018689044441906333e+00
8.819165821350784640e+00,3.680119206340054294e+00,5.550330479181291743e+00
8.889457331626010372e+00,3.830699047208530050e+00,5.116632336171386797e+00
8.962290134396466712e+00,3.980066319980973599e+00,4.723974683158315813e+00
9.037615737408646766e+00,4.128192197185966528e+00,4.365938223940413643e+00
9.115385333549255620e+00,4.275049700581786460e+00,4.039867979616596827e+00
9.195549933471109938e+00,4.420613700220846987e+00,3.742894159177363012e+00
9.278060504442775525e+00,4.564860922062874415e+00,3.472867196694139569e+00
9.363205458345349896e+00,4.708328235897861980e+00,3.227006760997028323e+00
9.450615967377220983e+00,4.850426619008738172e+00,3.004920347023715355e+00
9.540001312114270604e+00,4.990764980840839193e+00,2.805734712936978070e+00
9.631542598010936373e+00,5.129706703604916207e+00,2.627865749969776399e+00
9.725073049020986460e+00,5.267065313061714882e+00,2.470596085724784619e+00
9.820658359489593536e+00,5.403002042609558409e+00,2.332995754604997085e+00
9.918251403270692990e+00,5.537504632745132938e+00,2.214351363612891532e+00
1.001780563231278620e+01,5.670562203306487525e+00,2.114059852058285838e+00
1.011927508550934895e+01,5.802165133038583278e+00,2.031394626998270780e+00
1.022261440921151454e+01,5.932304970661600230e+00,1.965617994794546020e+00
1.032777894033776533e+01,6.060974433003016415e+00,1.915788760662466172e+00
1.043472470194936186e+01,6.188167297447778381e+00,1.880907778974997502e+00
1.054340843815595186e+01,6.313878353300188095e+00,1.859782604585692445e+00
1.065378767547534089e+01,6.438103387064234795e+00,1.851154588954459834e+00
1.076786763129568492e+01,6.563051337595131152e+00,1.853819680675423465e+00
1.088361871170046591e+01,6.686452818134717369e+00,1.866695296241077440e+00
1.099889360850996844e+01,6.806148973688914694e+00,1.887883292124442169e+00
1.111570047464540600e+01,6.924350654325888144e+00,1.916298778755622267e+00
1.123400079428690468e+01,7.041057614859090208e+00,1.950795863040613254e+00
1.135375690864225007e+01,7.156270298902618343e+00,1.990361142038100883e+00
1.147493196424384365e+01,7.269989739895585501e+00,2.034058759193193122e+00
1.159748988735731778e+01,7.382217497232673509e+00,2.081111552196089676e+00
1.172139533240451037e+01,7.492955576114661120e+00,2.130803635037562316e+00
1.184661393668524809e+01,7.602206620561335448e+00,2.182569216672829882e+00
1.197311221774868883e+01,7.709973776438320492e+00,2.235882840696791440e+00
1.210085712301766314e+01,7.816260284569541916e+00,2.290336386215305442e+00
1.222983077397378970e+01,7.921081333500120891e+00,2.345561894810554104e+00
1.235998785886669360e+01,8.024429266938437166e+00,2.401252392913401312e+00
1.249655956662548029e+01,8.130342318279177860e+00,2.459370066494407592e+00
1.263434435802708400e+01,8.234672396354486779e+00,2.517453971684673775e+00
1.276804885488780350e+01,8.333579351707147254e+00,2.573137019610574061e+00
1.290281794435655094e+01,8.431030760540489055e+00,2.628438163721156684e+00
1.303851569548564804e+01,8.526956365751519940e+00,2.683182514260928020e+00
1.317522166530745764e+01,8.621439618442403585e+00,2.737298112108232484e+00
1.331290949897450737e+01,8.714486179637308538e+00,2.790686578518228877e+00
1.345155354353017607e+01,8.806101879391661669e+00,2.843280669888710310e+00
1.359112876659242275e+01,8.896292652251487354e+00,2.894976380499907354e+00
1.373161072483800815e+01,8.985064510910902413e+00,2.945756362783448434e+00
1.387297562286554609e+01,9.072423577485961843e+00,2.995373894616802701e+00
1.401520018758538733e+01,9.158375999434717585e+00,3.044375033733417002e+00
1.415826169948853597e+01,9.242927967043709003e+00,3.092281116989661349e+00
1.430213809161334026e+01,9.326085766603886995e+00,3.138519071112241932e+00
1.445332136411463253e+01,9.411494489539308006e+00,3.185866066888938697e+00
1.460534677849305218e+01,9.495395087589963978e+00,3.231869758588790553e+00
1.475548083837104762e+01,9.576350467011211620e+00,3.275813326485779164e+00
1.490638331943025108e+01,9.655864333541851252e+00,3.318456598295051574e+00
1.505412078370005879e+01,9.731951811641293304e+00,3.358745986049181287e+00
1.520254857278766281e+01,9.806683716950578500e+00,3.397787462502649625e+00
1.535164813479295454e+01,9.880066280450670035e+00,3.435547477199625721e+00
1.550140129963071800e+01,9.952105665290043035e+00,3.472029425878904174e+00
1.565179029333042671e+01,1.002280797602921147e+01,3.507201598124685571e+00
1.580279786378237539e+01,1.009217931695307691e+01,3.541159583695021151e+00
1.595440712970307118e+01,1.016022571915982553e+01,3.574601957199427194e+00
1.610660154025555002e+01,1.022695312475659613e+01,3.605577984182178231e+00
1.625936496042984558e+01,1.029236742619153056e+01,3.635599399200581949e+00
1.641268158747010730e+01,1.035647443007038682e+01,3.664375628393078177e+00
1.656751822527845874e+01,1.041967598423204500e+01,3.692642370260051266e+00
1.672288411974277622e+01,1.048156509706682193e+01,3.718735904204176990e+00
1.689050195313487635e+01,1.054664871838365592e+01,3.745679338944711834e+00
1.705869591423643428e+01,1.061022867390206237e+01,3.771062995198365631e+00
1.721712536982166952e+01,1.066856265207374754e+01,3.793615787527939265e+00
1.737603249612125467e+01,1.072558258682904331e+01,3.814892801180172821e+00
1.753290012116806551e+01,1.078043023734196559e+01,3.834599691221912021e+00
1.769020359091199524e+01,1.083401509502646221e+01,3.853094966443392000e+00
1.784792988604855069e+01,1.088634213119499705e+01,3.870386151414099363e+00
1.800606634352213220e+01,1.093741624968670045e+01,3.886498496166968852e+00
1.816460052230514322e+01,1.098724224212264211e+01,3.901457976943448980e+00
1.832352016905355541e+01,1.103582477992284616e+01,3.915282800119814777e+00
1.848281328600141293e+01,1.108316843762142412e+01,3.928000625250074318e+00
1.864246809533604221e+01,1.112927768288991892e+01,3.939632136793925987e+00
1.880247303740053866e+01,1.117415687736830066e+01,3.950213062683364029e+00
1.896281675007769607e+01,1.121781027219977922e+01,3.959775041739236556e+00
1.912564918930220159e+01,1.126080386536217226e+01,3.968435384464864324e+00
1.928880668622217343e+01,1.130254694852180641e+01,3.976139884837889937e+00
1.946593903154771965e+01,1.134636816189069286e+01,3.983388975560238965e+00
1.964342577197069062e+01,1.138873118234041648e+01,3.989494376762348526e+00
1.980897890663377581e+01,1.142686617548024053e+01,3.994284490854912217e+00
1.997481634781089710e+01,1.146374520070236436e+01,3.998235498296121460e+00
2.013729819439857849e+01,1.149860754102858884e+01,4.001324787429167529e+00
2.030003182761928215e+01,1.153227501687215018e+01,4.003687749460659084e+00
2.046300745506379215e+01,1.156475085342159836e+01,4.005362243013655288e+00
2.062621542139412512e+01,1.159603816400891141e+01,4.006389996582397472e+00
2.078964620465391278e+01,1.162613995038767634e+01,4.006823176989904312e+00
2.095329039828859763e+01,1.165505910045090410e+01,4.006703171392444141e+00
2.111713872271806380e+01,1.168279839139480281e+01,4.006075807150837775e+00
2.128118200232450263e+01,1.170936048664957596e+01,4.004989606898961441e+00
2.144541115264842901e+01,1.173474793512777481e+01,4.003494734375977693e+00
2.160981723221058459e+01,1.175896318007613495e+01,4.001647835762240923e+00
2.177581260638746485e+01,1.178220237983818386e+01,3.999451127107606752e+00
2.194196995613495105e+01,1.180425369406148661e+01,3.997028228275483652e+00
2.212357737420436976e+01,1.182697810026295038e+01,3.994126473318095005e+00
2.230535580433277332e+01,1.184829138731939224e+01,3.990969922324163921e+00
2.247782960987172274e+01,1.186719571112493377e+01,3.987877093222410796e+00
2.265043727299772058e+01,1.188483607118168450e+01,3.984715432957817161e+00
2.281587268311500338e+01,1.190054819073527348e+01,3.981681648385754002e+00
2.298141383489885925e+01,1.191510405258353167e+01,3.978689509447925765e+00
2.314705247725294157e+01,1.192850505731986566e+01,3.975765701909908856e+00
2.331278040916378202e+01,1.194075249428882834e+01,3.972945511225080661e+00
2.347858947746122027e+01,1.195184754190310805e+01,3.970279273567193012e+00
2.364447157359918705e+01,1.196179126780364932e+01,3.967787406744557099e+00
2.381041862609565385e+01,1.197058462874635509e+01,3.965507265198225717e+00
2.397642259994421821e+01,1.197822847090949239e+01,3.963459880889983467e+00
2.414247548861721526e+01,1.198472352977155886e+01,3.961683446172612921e+00
2.430856931283744515e+01,1.199007043032757736e+01,3.960188887796248114e+00
2.447488210098620698e+01,1.199427374500555565e+01,3.958988896846842742e+00
2.464121997268685504e+01,1.199732725028118629e+01,3.958134188465078918e+00
2.482060500843867601e+01,1.199933183130110237e+01,3.957581564866070600e+00
2.499999999999985789e+01,1.199999999999999467e+01,3.957380123785281700e+00
2.517939499156102201e+01,1.199933183130110947e+01,3.957587892023996634e+00
2.535878002731282876e+01,1.199732725028119340e+01,3.958147140384116636e+00
2.552511789901351591e+01,1.199427374500556098e+01,3.959008787918190553e+00
2.569143068716223866e+01,1.199007043032758624e+01,3.960214943154884093e+00
2.585752451138246499e+01,1.198472352977156952e+01,3.961712287680191569e+00
2.602357740005546205e+01,1.197822847090950482e+01,3.963491027297668001e+00
2.618958137390403706e+01,1.197058462874636930e+01,3.965533096345966069e+00
2.635552842640050741e+01,1.196179126780366708e+01,3.967807149963868518e+00
2.652141052253845643e+01,1.195184754190312582e+01,3.970288861102817535e+00
2.668721959083588047e+01,1.194075249428884966e+01,3.972944212497290017e+00
2.685294752274671382e+01,1.192850505731988697e+01,3.975748474923969766e+00
2.701858616510079614e+01,1.191510405258356009e+01,3.978656630535089445e+00
2.718412731688464490e+01,1.190054819073530723e+01,3.981637403383155416e+00
2.734956272700193836e+01,1.188483607118171648e+01,3.984659218574652773e+00
2.752217039012792554e+01,1.186719571112496396e+01,3.987803783884277475e+00
2.769464419566687852e+01,1.184829138731942955e+01,3.990880072481071128e+00
2.787642262579529984e+01,1.182697810026298946e+01,3.994017316965623454e+00
2.805803004386475052e+01,1.180425369406152214e+01,3.996897166637872534e+00
2.822418739361222251e+01,1.178220237983821939e+01,3.999298152709825249e+00
2.839018276778910277e+01,1.175896318007617758e+01,4.001472535291928700e+00
2.855458884735126190e+01,1.173474793512781922e+01,4.003302893479369295e+00
2.871881799767520604e+01,1.170936048664961682e+01,4.004779330542512561e+00
2.888286127728164843e+01,1.168279839139484189e+01,4.005850741268953463e+00
2.904670960171112526e+01,1.165505910045094673e+01,4.006463719149693681e+00
2.921035379534580301e+01,1.162613995038772430e+01,4.006576185831937309e+00
2.937378457860558711e+01,1.159603816400896115e+01,4.006134069238366457e+00
2.953699254493592363e+01,1.156475085342164988e+01,4.005102877503107450e+00
2.969996817238043718e+01,1.153227501687220347e+01,4.003425231895414882e+00
2.986270180560111953e+01,1.149860754102864924e+01,4.001064787427145220e+00
3.002518365218879381e+01,1.146374520070242831e+01,3.997978823156660422e+00
3.019102109336590800e+01,1.142686617548030981e+01,3.994033259773438260e+00
3.035657422802898253e+01,1.138873118234048754e+01,3.989252693753070567e+00
3.053406096845193218e+01,1.134636816189077457e+01,3.983151525745223243e+00
3.071119331377747130e+01,1.130254694852188990e+01,3.975904858750627824e+00
3.087435081069743958e+01,1.126080386536225930e+01,3.968212773183363407e+00
3.103718324992194511e+01,1.121781027219986804e+01,3.959561954637899284e+00
3.119752696259909897e+01,1.117415687736839303e+01,3.950004715513969256e+00
3.135753190466359897e+01,1.112927768289001307e+01,3.939425754222287246e+00
3.151718671399822469e+01,1.108316843762151827e+01,3.927787871268617614e+00
3.167647983094609287e+01,1.103582477992294564e+01,3.915062172149719188e+00
3.183539947769449796e+01,1.098724224212274869e+01,3.901226946764513315e+00
3.199393365647749476e+01,1.093741624968680881e+01,3.886253819361417783e+00
3.215207011395106917e+01,1.088634213119510719e+01,3.870128441049685897e+00
3.230979640908762462e+01,1.083401509502657944e+01,3.852822477541829826e+00
3.246709987883155435e+01,1.078043023734208461e+01,3.834324208626955333e+00
3.262396750387836875e+01,1.072558258682916410e+01,3.814615273761116754e+00
3.278287463017796455e+01,1.066856265207387011e+01,3.793338564204042918e+00
3.294130408576320690e+01,1.061022867390218316e+01,3.770793149284853651e+00
3.310949804686474351e+01,1.054664871838378915e+01,3.745385050831933960e+00
3.327711588025682943e+01,1.048156509706696404e+01,3.718440634736242867e+00
3.343248177472116112e+01,1.041967598423218178e+01,3.692029116559321089e+00
3.358731841252953387e+01,1.035647443007052360e+01,3.664349964154033579e+00
3.374063503956980270e+01,1.029236742619166911e+01,3.635547638652871782e+00
3.389339845974409826e+01,1.022695312475673646e+01,3.605457424974882308e+00
3.404559287029657355e+01,1.016022571915996942e+01,3.574077887265902476e+00
3.419720213621727112e+01,1.009217931695322612e+01,3.541403762802361577e+00
3.434820970666923046e+01,1.002280797602935714e+01,3.507442333807855306e+00
3.449859870036893028e+01,9.952105665290192249e+00,3.472189179462709330e+00
3.464835186520669907e+01,9.880066280450819249e+00,3.435657270661732099e+00
3.479745142721200324e+01,9.806683716950731267e+00,3.397847050973092475e+00
3.494587921629960903e+01,9.731951811641447847e+00,3.358771313996543384e+00
3.509361668056941852e+01,9.655864333542007572e+00,3.318443481093859670e+00
3.524451916162860954e+01,9.576350467011380374e+00,3.275769374486900087e+00
3.539465322150658011e+01,9.495395087590148719e+00,3.231798258675889546e+00
3.554667863588501575e+01,9.411494489539487418e+00,3.185746104038737592e+00
3.569786190838632223e+01,9.326085766604062854e+00,3.138385605377286947e+00
3.584173830051112475e+01,9.242927967043884863e+00,3.091870872877751086e+00
3.598479981241429471e+01,9.158375999434893444e+00,3.044247812086057881e+00
3.612702437713413417e+01,9.072423577486141255e+00,2.995537218797114321e+00
3.626838927516167388e+01,8.985064510911083602e+00,2.945778404139567819e+00
3.640887123340726816e+01,8.896292652251668542e+00,2.895024167445027441e+00
3.654844645646952728e+01,8.806101879391837528e+00,2.843323927110542826e+00
3.668709050102519598e+01,8.714486179637487950e+00,2.790743498235586539e+00
3.682477833469225459e+01,8.621439618442582997e+00,2.737350806059574815e+00
3.696148430451406597e+01,8.526956365751702904e+00,2.683234545923780523e+00
3.709718205564316662e+01,8.431030760540672020e+00,2.628490002850095486e+00
3.723195114511191406e+01,8.333579351707339100e+00,2.573188398804661325e+00
3.736565564197263001e+01,8.234672396354678625e+00,2.517504694875608351e+00
3.750344043337424438e+01,8.130342318279367930e+00,2.459422380082231907e+00
3.764001214113303462e+01,8.024429266938634342e+00,2.401307724490627127e+00
3.777016922602594207e+01,7.921081333500313626e+00,2.345608328001855369e+00
3.789914287698206152e+01,7.816260284569741756e+00,2.290370676123278493e+00
3.802688778225104471e+01,7.709973776438524773e+00,2.235904798216419742e+00
3.815338606331448545e+01,7.602206620561543282e+00,2.182572553207374977e+00
3.827860466759523206e+01,7.492955576114866290e+00,2.130798960496897987e+00
3.840251011264242464e+01,7.382217497232873349e+00,2.081093333886556263e+00
3.852506803575590055e+01,7.269989739895792447e+00,2.034035868666861813e+00
3.864624309135749769e+01,7.156270298902829730e+00,1.990332969577432998e+00
3.876599920571285196e+01,7.041057614859302483e+00,1.950768288023209562e+00
3.888429952535435064e+01,6.924350654326104859e+00,1.916271590169950967e+00
3.900110639148979175e+01,6.806148973689135850e+00,1.887853541426844695e+00
3.911638128829929428e+01,6.686452818134939413e+00,1.866666200854641300e+00
3.923213236870407883e+01,6.563051337595354084e+00,1.853796327274581213e+00
3.934621232452443707e+01,6.438103387064453287e+00,1.851141915346658173e+00
3.945659156184382965e+01,6.313878353300406587e+00,1.859781832111846445e+00
3.956527529805043031e+01,6.188167297447995985e+00,1.880928457938911391e+00
3.967222105966202861e+01,6.060974433003227801e+00,1.915845128836145994e+00
3.977738559078829184e+01,5.932304970661807175e+00,1.965725701223555832e+00
3.988072491449045742e+01,5.802165133038792000e+00,2.031569098079329283e+00
3.998219436768702906e+01,5.670562203306695359e+00,2.114315679237753542e+00
4.008174859672912760e+01,5.537504632745339883e+00,2.214695611868302105e+00
4.017934164051023060e+01,5.403002042609765354e+00,2.333451276283077913e+00
4.027492695097883058e+01,5.267065313061926268e+00,2.471180579898380802e+00
4.036845740198889132e+01,5.129706703605134699e+00,2.628600169018763921e+00
4.045999868788556597e+01,4.990764980841055021e+00,2.806617504014932152e+00
4.054938403262261204e+01,4.850426619008953999e+00,3.005990197970281219e+00
4.063679454165448135e+01,4.708328235898092906e+00,3.228301379909504831e+00
4.072193949555705217e+01,4.564860922063121329e+00,3.474437733339561518e+00
4.080445006652872308e+01,4.420613700221101006e+00,3.744742012491232952e+00
4.088461466645057385e+01,4.275049700582047585e+00,4.042087602975784399e+00
4.096238426259117915e+01,4.128192197186232093e+00,4.368620214631193654e+00
4.103770986560336809e+01,3.980066319981243161e+00,4.727160793313631260e+00
4.111054266837383153e+01,3.830699047208803609e+00,5.120791416123779527e+00
4.118083417864905726e+01,3.680119206340330962e+00,5.553569031218215990e+00
4.124853631434266532e+01,3.528357558428306007e+00,6.029917522000092234e+00
4.131360151806147485e+01,3.375446859268173672e+00,6.555672021461107057e+00
4.137598290762267794e+01,3.221421846738365069e+00,7.137365710568916555e+00
4.143563442719812429e+01,3.066319221093364522e+00,7.783574915697364816e+00
4.149254020951904209e+01,2.910095130958584519e+00,8.504491319281584083e+00
4.154662401101958835e+01,2.752871839665227416e+00,9.312937579193544479e+00
4.159781678327011889e+01,2.594775717635050771e+00,1.022394279229654757e+01
4.164610642090685388e+01,2.435768856421901774e+00,1.125886197392476440e+01
4.169145313784209606e+01,2.275897837357616194e+00,1.244322498015191236e+01
4.173381884342077086e+01,2.115211177333274239e+00,1.381350747962686931e+01
4.177316731810763173e+01,1.953759191812657114e+00,1.541304551832840097e+01
4.180946435170291409e+01,1.791593964742749900e+00,1.731669052991892599e+01
4.184267789053728848e+01,1.628769264372583736e+00,1.958713460085222380e+01
4.187277818286650444e+01,1.465340425292295246e+00,2.244714071447340231e+01
4.189973790655322716e+01,1.301364271273622863e+00,2.583689082178110041e+01
4.192353229551633831e+01,1.136899000569749685e+00,3.088459326042386976e+01
4.194449588380736316e+01,9.689014417104306887e-01,3.590735762906328432e+01
4.196213073321231235e+01,8.005219371683821583e-01,4.903700681841752385e+01
4.197783055589042789e+01,6.126431041866395866e-01,5.445552911384234562e+01
4.198936173368017677e+01,4.244624323898003038e-01,1.183846298123315393e+02
4.199733938781324838e+01,2.122978412368156098e-01,1.387164429601204461e+02
4.199999999999997868e+01,-4.116329476087281385e-17,9.543693879926371437e+02
