x,y,stress
3.999999999999997780e+00,4.484286002407141281e-16,9.120671320390742949e+02
4.005001526132390133e+00,1.745905561118627769e-01,1.351642359968440417e+02
4.019948093897945718e+00,3.486124393805590249e-01,1.090174260104737556e+02
4.042960889547011938e+00,5.114577234495609748e-01,4.814578490999338101e+01
4.074415325166211410e+00,6.728859311186000669e-01,4.200407805410520723e+01
4.114016909890694684e+00,8.325104277349676396e-01,2.887200776588049678e+01
4.161416902730342038e+00,9.899965504005479033e-01,2.372225693184698869e+01
4.216226133893599126e+00,1.145060978763581483e+00,1.887573001759790614e+01
4.278029695966911738e+00,1.297474076656206954e+00,1.558376151864094439e+01
4.346400032004511083e+00,1.447057954519931133e+00,1.273482421727234204e+01
4.420908072648888520e+00,1.593682559656550701e+00,1.083741980470172805e+01
4.501132217988605078e+00,1.737260633251213493e+00,9.205978992000988015e+00
4.586665137385019797e+00,1.877742062291454683e+00,7.892405412132806219e+00
4.677118511991189997e+00,2.015108035207122672e+00,6.803355893983416891e+00
4.772126077223816765e+00,2.149365492045885784e+00,5.896993247559082718e+00
4.871345314562056217e+00,2.280542102221139622e+00,5.136281400941865805e+00
4.974457988747936987e+00,2.408681717125584321e+00,4.494507305009618925e+00
5.081169963980880944e+00,2.533840550617566745e+00,3.950179013753328583e+00
5.191210453268229941e+00,2.656083945161146875e+00,3.486859056359506326e+00
5.304330848047555058e+00,2.775483641961529635e+00,3.090948144283064192e+00
5.420303391000691029e+00,2.892115626999270273e+00,2.752085022374201717e+00
5.538919641197787236e+00,3.006058312576654679e+00,2.461359472710070939e+00
5.659989137115370106e+00,3.117391311844918800e+00,2.211997892201642557e+00
5.783337805116778974e+00,3.226194244108061771e+00,1.997955917077702370e+00
5.908806484351171839e+00,3.332545869391572602e+00,1.814752859864744661e+00
6.036249717927700154e+00,3.436523587257914514e+00,1.658198920230513407e+00
6.165534401861903824e+00,3.538202895395801573e+00,1.525224219086142474e+00
6.296538702867322534e+00,3.637657126583131895e+00,1.412842560407517212e+00
6.429150985372296567e+00,3.734957214876256426e+00,1.318778471050273682e+00
6.563268845134200724e+00,3.830171555184247456e+00,1.240799302323955411e+00
6.698798252695460143e+00,3.923365940797360452e+00,1.177075402103054058e+00
6.835652511971693990e+00,4.014603371430451872e+00,1.125860662643362708e+00
6.973752276510620796e+00,4.103944552566766824e+00,1.085564955199414428e+00
7.113024390639197669e+00,4.191447567936206653e+00,1.054734099325642882e+00
7.253400959295194461e+00,4.277167732021785795e+00,1.032024438195574767e+00
7.396297046979980472e+00,4.362023576536657288e+00,1.016101317250857727e+00
7.540197143465111829e+00,4.445165579406966216e+00,1.006139529618285344e+00
7.683549937965282517e+00,4.525813005962866065e+00,1.001165291619894537e+00
7.827782334255995345e+00,4.604876688425050268e+00,1.000220457971166876e+00
7.972847119154265805e+00,4.682400140746964645e+00,1.002585976368068899e+00
8.118702386566118534e+00,4.758426019028201281e+00,1.007659927459033877e+00
8.265308009070627904e+00,4.832994446012638612e+00,1.014924553253201411e+00
8.412626821080447570e+00,4.906143879621548187e+00,1.023952221751813330e+00
8.560624089822983507e+00,4.977911039931488979e+00,1.034378136648275159e+00
8.709267174491932550e+00,5.048330932842826080e+00,1.045909604300723217e+00
8.858525604771157802e+00,5.117437061877200044e+00,1.058300783334132467e+00
9.008370842220024599e+00,5.185261469653013044e+00,1.071349908593921096e+00
9.158776099401395143e+00,5.251834798956863892e+00,1.084889221056767550e+00
9.309716246432635955e+00,5.317186383418854412e+00,1.098785456163357432e+00
9.468534333472776510e+00,5.384429713330269429e+00,1.113606402803880346e+00
9.627888937658584112e+00,5.450391588663570097e+00,1.128611974027354137e+00
9.784483180464190966e+00,5.513791216112759130e+00,1.143301348912129756e+00
9.941547875567383841e+00,5.576016274663956551e+00,1.158285032046526997e+00
1.009489773625692877e+01,5.635493949556689586e+00,1.172712188028437907e+00
1.024865705267410299e+01,5.693905004043029905e+00,1.186870027391927707e+00
1.040280929793976483e+01,5.751271083188242095e+00,1.200994023612008466e+00
1.055733883583934940e+01,5.807612969085771404e+00,1.214988043026734132e+00
1.071223099690497449e+01,5.862950671170777284e+00,1.228808998654362883e+00
1.086747157709531386e+01,5.917303306564867249e+00,1.242451745154602882e+00
1.102304708340171757e+01,5.970689249193252834e+00,1.255901141642957075e+00
1.117894499694583743e+01,6.023126268527730254e+00,1.269146166394304887e+00
1.133515336916283367e+01,6.074631435226568676e+00,1.282177165023139054e+00
1.149166063940953997e+01,6.125221109253302210e+00,1.294987240928843208e+00
1.164904509249045894e+01,6.175095948044017291e+00,1.307614118187384600e+00
1.180670917779053930e+01,6.224079665132084216e+00,1.320015175184971579e+00
1.197871585162205932e+01,6.276427877607914319e+00,1.333250070951088162e+00
1.215102994309649631e+01,6.327755148638612326e+00,1.346181221143464724e+00
1.232201212634181253e+01,6.377609625921306424e+00,1.358699916450431200e+00
1.249327359443683427e+01,6.426496112185042797e+00,1.370886291392306777e+00
1.265194460874081983e+01,6.470872080120408043e+00,1.382137322303681248e+00
1.281083794503406281e+01,6.514445315758909061e+00,1.392927203634108935e+00
1.296967645553020709e+01,6.557155684633861448e+00,1.403514042521841088e+00
1.312872191651745979e+01,6.599088858040763839e+00,1.413847156873688116e+00
1.328796747664918421e+01,6.640255648134077759e+00,1.423941378176740713e+00
1.344740655008867414e+01,6.680666493083605495e+00,1.433793964078940997e+00
1.360703279307123914e+01,6.720331470302937760e+00,1.443405346824962798e+00
1.376684015624321589e+01,6.759260327170787619e+00,1.452754047184265707e+00
1.392682282757414569e+01,6.797462483013306134e+00,1.461993297942931980e+00
1.408697516110086134e+01,6.834947028210979880e+00,1.470889059656034892e+00
1.424729173103812663e+01,6.871722752585727179e+00,1.479585455510108449e+00
1.440776734430493278e+01,6.907798161906730350e+00,1.488057547683993453e+00
1.457391136173777113e+01,6.944383404852630726e+00,1.496593000482473901e+00
1.474021479840144444e+01,6.980237033362940657e+00,1.504901355821093301e+00
1.492592004345381618e+01,7.019381402198580311e+00,1.513889362618412227e+00
1.511181037252995552e+01,7.057637213106703555e+00,1.522583154802673810e+00
1.528996518762279599e+01,7.093444057674230585e+00,1.530648593414883685e+00
1.546827800962658550e+01,7.128455586024243118e+00,1.538455194876870546e+00
1.563092043467801240e+01,7.159678966173872894e+00,1.545356016834243951e+00
1.579368566990762979e+01,7.190255703518651842e+00,1.552055725113437035e+00
1.595545636187272720e+01,7.219989689786159737e+00,1.558509485821544249e+00
1.611734079688240584e+01,7.249098058026129721e+00,1.564767621758132554e+00
1.627933546671510712e+01,7.277586603509319296e+00,1.570832982892479635e+00
1.644143695556219953e+01,7.305460932487491732e+00,1.576709317422833045e+00
1.660364194725063669e+01,7.332726470375590999e+00,1.582399401965469465e+00
1.676594723744760174e+01,7.359388470143197303e+00,1.587907150598886874e+00
1.692834971253601495e+01,7.385452014741000326e+00,1.593236312630893936e+00
1.709084633285114663e+01,7.410922020304070656e+00,1.598390234804635046e+00
1.725343414923856855e+01,7.435803244404548984e+00,1.603372818314074078e+00
1.741611029202298511e+01,7.460100289524142170e+00,1.608188792374026566e+00
1.758219227923442674e+01,7.484295308309692807e+00,1.612929975155235729e+00
1.774836043440633304e+01,7.507891284802434839e+00,1.617510381669089226e+00
1.793358444575523691e+01,7.533479222857809354e+00,1.622411719797634877e+00
1.811890812946209550e+01,7.558335006462006511e+00,1.627110699298016439e+00
1.831256406574762963e+01,7.583519073753905992e+00,1.631810783941669785e+00
1.850632062906685960e+01,7.607916900266658899e+00,1.636291859252512415e+00
1.867947777948164756e+01,7.629050565631406933e+00,1.640127210793218993e+00
1.885270930054484850e+01,7.649565709014370718e+00,1.643806439283834075e+00
1.901611420043903777e+01,7.668346324023848304e+00,1.647135054196839254e+00
1.917958062195331692e+01,7.686583707370756358e+00,1.650331982293129274e+00
1.934310641801883079e+01,7.704280919729399990e+00,1.653397715239464105e+00
1.950668946230256040e+01,7.721440908251308244e+00,1.656335653023949028e+00
1.967032768196776971e+01,7.738066512895203530e+00,1.659149535775317430e+00
1.983401904564305696e+01,7.754160467615349717e+00,1.661841997195068199e+00
1.999776155640572384e+01,7.769725402102712231e+00,1.664416585712499064e+00
2.016155326097500478e+01,7.784763844977381275e+00,1.666875849339666038e+00
2.032539224908349240e+01,7.799278225807033671e+00,1.669223776941544113e+00
2.048927662074740397e+01,7.813270874314342862e+00,1.671462511343109192e+00
2.065320450403749319e+01,7.826744024151816248e+00,1.673594572964238303e+00
2.081717408750486697e+01,7.839699817343211308e+00,1.675626328513429852e+00
2.098982061453010317e+01,7.852781115878141094e+00,1.677651923954341928e+00
2.116250929221304133e+01,7.865293689181206638e+00,1.679573967269359702e+00
2.135683169714204865e+01,7.878693214084311336e+00,1.681603847014489839e+00
2.155120202712810951e+01,7.891378619359064039e+00,1.683497074800180293e+00
2.174587995776694882e+01,7.903368347622560464e+00,1.685267675455122349e+00
2.194060035654256069e+01,7.914647393687336496e+00,1.686907160305771924e+00
2.211370446421578251e+01,7.924077816704367727e+00,1.688263957981225083e+00
2.228683806449718219e+01,7.932950334885655153e+00,1.689531635320904446e+00
2.245112869970519043e+01,7.940853967746483555e+00,1.690651104456234455e+00
2.261544261112175747e+01,7.948257942847842372e+00,1.691693929655723849e+00
2.277977822999199375e+01,7.955163382449588205e+00,1.692660159232806993e+00
2.294413399964369304e+01,7.961571330348617970e+00,1.693550569341551348e+00
2.310850837683348757e+01,7.967482752742852448e+00,1.694368239284232747e+00
2.327289983076582658e+01,7.972898538919158007e+00,1.695112880036516501e+00
2.343730684108821194e+01,7.977819501853189443e+00,1.695787002309310232e+00
2.360172789734594545e+01,7.982246378807286824e+00,1.696390355029240959e+00
2.376616149832129921e+01,7.986179831861632827e+00,1.696924430374319170e+00
2.393060614976590728e+01,7.989620448353378812e+00,1.697389823218903082e+00
2.409506036546163799e+01,7.992568741339554528e+00,1.697785242549158635e+00
2.425952266382673272e+01,7.995025149910346407e+00,1.698116390304761358e+00
2.443371994655188573e+01,7.997090871523903743e+00,1.698390250279963265e+00
2.460792289223772045e+01,7.998605552316151446e+00,1.698594306125854603e+00
2.480396020616955610e+01,7.999651406457171099e+00,1.698734208243117605e+00
2.500000000000012434e+01,7.999999999999993783e+00,1.698775055040966153e+00
2.519603979383069969e+01,7.999651406457169323e+00,1.698726814812055563e+00
2.539207710776250693e+01,7.998605552316150558e+00,1.698579394215583349e+00
2.556628005344839494e+01,7.997090871523901967e+00,1.698369814664648203e+00
2.574047733617345557e+01,7.995025149910342854e+00,1.698090708297754770e+00
2.590493963453856097e+01,7.992568741339550087e+00,1.697757413118387682e+00
2.606939385023429168e+01,7.989620448353374371e+00,1.697360522536285332e+00
2.623383850167890330e+01,7.986179831861629275e+00,1.696895710071693930e+00
2.639827210265424284e+01,7.982246378807281495e+00,1.696362447079141411e+00
2.656269315891197991e+01,7.977819501853182338e+00,1.695760376512010614e+00
2.672710016923437593e+01,7.972898538919150901e+00,1.695087585723432433e+00
2.689149162316671138e+01,7.967482752742846230e+00,1.694342974594209350e+00
2.705586600035649170e+01,7.961571330348609088e+00,1.693525065420046660e+00
2.722022177000820164e+01,7.955163382449578435e+00,1.692633322292275588e+00
2.738455738887843793e+01,7.948257942847831714e+00,1.691665445444485716e+00
2.754887130029499076e+01,7.940853967746473785e+00,1.690619512302949268e+00
2.771316193550299545e+01,7.932950334885645383e+00,1.689496596731796307e+00
2.788629553578442710e+01,7.924077816704354404e+00,1.688224874933099695e+00
2.805939964345767024e+01,7.914647393687323174e+00,1.686864180156899318e+00
2.825412004223327855e+01,7.903368347622547141e+00,1.685221665235363764e+00
2.844879797287211431e+01,7.891378619359048052e+00,1.683448183812682464e+00
2.864316830285817161e+01,7.878693214084293572e+00,1.681554560448094149e+00
2.883749070778715407e+01,7.865293689181188874e+00,1.679524331172581819e+00
2.901017938547007446e+01,7.852781115878127771e+00,1.677604311662787895e+00
2.918282591249529290e+01,7.839699817343196209e+00,1.675581302153482000e+00
2.934679549596267023e+01,7.826744024151800261e+00,1.673552081275278658e+00
2.951072337925275590e+01,7.813270874314327763e+00,1.671422656279456520e+00
2.967460775091665326e+01,7.799278225807021236e+00,1.669184810675856445e+00
2.983844673902512312e+01,7.784763844977367064e+00,1.666837493793535963e+00
3.000223844359442538e+01,7.769725402102697132e+00,1.664377203820502471e+00
3.016598095435710647e+01,7.754160467615331953e+00,1.661801272090960291e+00
3.032967231803240082e+01,7.738066512895183990e+00,1.659106700417716684e+00
3.049331053769760302e+01,7.721440908251287816e+00,1.656290379533103430e+00
3.065689358198132908e+01,7.704280919729378674e+00,1.653349935823937411e+00
3.082041937804683940e+01,7.686583707370736818e+00,1.650281557545324018e+00
3.098388579956111499e+01,7.668346324023828764e+00,1.647082328738592949e+00
3.114729069945527939e+01,7.649565709014352066e+00,1.643751601124269213e+00
3.132052222051851231e+01,7.629050565631384728e+00,1.640070546085575565e+00
3.149367937093331804e+01,7.607916900266634030e+00,1.636233952953179749e+00
3.168743593425255867e+01,7.583519073753878459e+00,1.631751577754299243e+00
3.188109187053810345e+01,7.558335006461976313e+00,1.627050127004936009e+00
3.206641555424496914e+01,7.533479222857774715e+00,1.622351166423901425e+00
3.225163956559389078e+01,7.507891284802398424e+00,1.617449570126600067e+00
3.241780772076579353e+01,7.484295308309656392e+00,1.612870019264094124e+00
3.258388970797721385e+01,7.460100289524106643e+00,1.608129515695779332e+00
3.274656585076164106e+01,7.435803244404512569e+00,1.603313972954066857e+00
3.290915366714906298e+01,7.410922020304033353e+00,1.598331652841307848e+00
3.307165028746418756e+01,7.385452014740963023e+00,1.593176807292927544e+00
3.323405276255259366e+01,7.359388470143158223e+00,1.587846381632371573e+00
3.339635805274955516e+01,7.332726470375554584e+00,1.582337307265395898e+00
3.355856304443797455e+01,7.305460932487456205e+00,1.576645782603108614e+00
3.372066453328506697e+01,7.277586603509283769e+00,1.570768572059029644e+00
3.388265920311776824e+01,7.249098058026090641e+00,1.564702277247310924e+00
3.404454363812745754e+01,7.219989689786118880e+00,1.558443873663182710e+00
3.420631433009257449e+01,7.190255703518609209e+00,1.551990127491331695e+00
3.436907956532219544e+01,7.159678966173828485e+00,1.545290945083762635e+00
3.453172199037364010e+01,7.128455586024191604e+00,1.538391563655834071e+00
3.471003481237746513e+01,7.093444057674173742e+00,1.530585823966831960e+00
3.488818962747031804e+01,7.057637213106643159e+00,1.522522198098328561e+00
3.507407995654643429e+01,7.019381402198524356e+00,1.513831460278119545e+00
3.525978520159877405e+01,6.980237033362885590e+00,1.504846085385261434e+00
3.542608863826242072e+01,6.944383404852580099e+00,1.496541443518000891e+00
3.559223265569523420e+01,6.907798161906687717e+00,1.488009367976043107e+00
3.575270826896203857e+01,6.871722752585682770e+00,1.479529574104612832e+00
3.591302483889931096e+01,6.834947028210931030e+00,1.470828127236998073e+00
3.607317717242602839e+01,6.797462483013259060e+00,1.461898690632331466e+00
3.623315984375695109e+01,6.759260327170740545e+00,1.452739348396945740e+00
3.639296720692893672e+01,6.720331470302889798e+00,1.443347882727944453e+00
3.655259344991149817e+01,6.680666493083551316e+00,1.433721938355359660e+00
3.671203252335101297e+01,6.640255648134020028e+00,1.423860123163318336e+00
3.687127808348273561e+01,6.599088858040706107e+00,1.413760104878907908e+00
3.703032354446998653e+01,6.557155684633802828e+00,1.403421019392429692e+00
3.718916205496613259e+01,6.514445315758844224e+00,1.392840834591383636e+00
3.734805539125939333e+01,6.470872080120337877e+00,1.382000383654276243e+00
3.750672640556341264e+01,6.426496112184965526e+00,1.370920255212418004e+00
3.767798787365843793e+01,6.377609625921226488e+00,1.358673864832211642e+00
3.784897005690376659e+01,6.327755148638523508e+00,1.346138170543313528e+00
3.802128414837818582e+01,6.276427877607832606e+00,1.333200048637341872e+00
3.819329082220966853e+01,6.224079665132010497e+00,1.319971424844621710e+00
3.835095490750973823e+01,6.175095948043948901e+00,1.307569028001390077e+00
3.850833936059063234e+01,6.125221109253235596e+00,1.294938483326400602e+00
3.866484663083733864e+01,6.074631435226504728e+00,1.282123492256093789e+00
3.882105500305433310e+01,6.023126268527665417e+00,1.269086212534937808e+00
3.897695291659844230e+01,5.970689249193189774e+00,1.255833527913823078e+00
3.913252842290484068e+01,5.917303306564800636e+00,1.242374086945577050e+00
3.928776900309517828e+01,5.862950671170709782e+00,1.228720004818014244e+00
3.944266116416078916e+01,5.807612969085710120e+00,1.214885162406264429e+00
3.959719070206038793e+01,5.751271083188178146e+00,1.200888169591493471e+00
3.975134294732604445e+01,5.693905004042960627e+00,1.186749772582278650e+00
3.990510226374321689e+01,5.635493949556618531e+00,1.172497272848882943e+00
4.005845212443276893e+01,5.576016274663885497e+00,1.158163089767992204e+00
4.021551681953594226e+01,5.513791216112696958e+00,1.143400934239528599e+00
4.037211106234151714e+01,5.450391588663513254e+00,1.128647074196133415e+00
4.053146566652732474e+01,5.384429713330216138e+00,1.113666161388803033e+00
4.069028375356744931e+01,5.317186383418806450e+00,1.098851001456067067e+00
4.084122390059870611e+01,5.251834798956809713e+00,1.084965341744201561e+00
4.099162915778007488e+01,5.185261469652952648e+00,1.071438316143727310e+00
4.114147439522895411e+01,5.117437061877135207e+00,1.058404313053492807e+00
4.129073282550819357e+01,5.048330932842755914e+00,1.046030934559180503e+00
4.143937591017713373e+01,4.977911039931420589e+00,1.034519424318405045e+00
4.158737317891966256e+01,4.906143879621475357e+00,1.024116870248014344e+00
4.173469199092948401e+01,4.832994446012571110e+00,1.015118283119890830e+00
4.188129761343398627e+01,4.758426019028133780e+00,1.007885850839713271e+00
4.202715288084582568e+01,4.682400140746906025e+00,1.002846575580983890e+00
4.217221766574408548e+01,4.604876688424991649e+00,1.000519925641561780e+00
4.231645006203478232e+01,4.525813005962813662e+00,1.001508731494080040e+00
4.245980285653495656e+01,4.445165579406914702e+00,1.006529831675179398e+00
4.260370295302007548e+01,4.362023576536610214e+00,1.016534851899553837e+00
4.274659904070485794e+01,4.277167732021732505e+00,1.032502390045513696e+00
4.288697560936084585e+01,4.191447567936155139e+00,1.055232235357468795e+00
4.302624772348945470e+01,4.103944552566704651e+00,1.086074223621576573e+00
4.316434748802836197e+01,4.014603371430393253e+00,1.126330167119061976e+00
4.330120174730460292e+01,3.923365940797292062e+00,1.177483724485239858e+00
4.343673115486586056e+01,3.830171555184185284e+00,1.241074834484929612e+00
4.357084901462778248e+01,3.734957214876180931e+00,1.318883621595975830e+00
4.370346129713274053e+01,3.637657126583067058e+00,1.412753122741773337e+00
4.383446559813815924e+01,3.538202895395722969e+00,1.524903955264883093e+00
4.396375028207234692e+01,3.436523587257842127e+00,1.657688705993728862e+00
4.409119351564891787e+01,3.332545869391479343e+00,1.814040560630734822e+00
4.421666219488329119e+01,3.226194244107980502e+00,1.997158116483106705e+00
4.434001086288471072e+01,3.117391311844812218e+00,2.211161671903591142e+00
4.446108035880227050e+01,3.006058312576576963e+00,2.460662003507859463e+00
4.457969660899938447e+01,2.892115626999172573e+00,2.751644590207199759e+00
4.469566915195250090e+01,2.775483641961448367e+00,3.090939252102598456e+00
4.480878954673185177e+01,2.656083945161018089e+00,3.487508023658565826e+00
4.491883003601918034e+01,2.533840550617452614e+00,3.951781231172867059e+00
4.502554201125217759e+01,2.408681717125420008e+00,4.497520692738245174e+00
4.512865468543801484e+01,2.280542102221012613e+00,5.141092559016584573e+00
4.522787392277626140e+01,2.149365492045723247e+00,5.904576001993996570e+00
4.532288148800886063e+01,2.015108035207009873e+00,6.814746085697440670e+00
4.541333486261504504e+01,1.877742062291312575e+00,7.909758035836525814e+00
4.549886778201143755e+01,1.737260633251103359e+00,9.234622792852031026e+00
4.557909192735115056e+01,1.593682559656404596e+00,1.086773534194674085e+01
4.565359996799551112e+01,1.447057954519844092e+00,1.287486571003130109e+01
4.572197030403309981e+01,1.297474076656128128e+00,1.549373189303816645e+01
4.578377386610640798e+01,1.145060978763503101e+00,1.866627404786234123e+01
4.583858309726965530e+01,9.899965504004379913e-01,2.362772381044163694e+01
4.588598309010929199e+01,8.325104277348759352e-01,2.850402067362176339e+01
4.592558467483377882e+01,6.728859311185176884e-01,4.217713928085460395e+01
4.595703911045297474e+01,5.114577234495052416e-01,4.671292774025918959e+01
4.598005190610201964e+01,3.486124393805303812e-01,1.110090445884691235e+02
4.599499847386758944e+01,1.745905561118485383e-01,1.328901670365995642e+02
4.599999999999997868e+01,-3.420379549042068757e-17,9.137813621509657196e+02
