x,y,stress
6.999999999999997335e+00,6.263859849653172779e-16,9.520517961818031836e+02
7.003022641067843779e+00,2.015795571898450766e-01,1.289052772824685746e+02
7.012082751614396869e+00,4.029781145186471236e-01,1.159236153630539832e+02
7.025188586969542293e+00,5.817298453028436622e-01,5.038988615937032733e+01
7.043021543529648376e+00,7.600720611893935219e-01,4.665818965873783242e+01
7.063611723796999087e+00,9.239659689897958827e-01,3.338578600382178507e+01
7.088152120402888556e+00,1.087315146938539590e+00,2.870281415053079144e+01
7.116522726371695917e+00,1.249605015419608778e+00,2.377143870475877208e+01
7.148736495452568285e+00,1.411176011452398793e+00,2.049761474180784049e+01
7.184742156708640692e+00,1.571944562469352213e+00,1.757888582678759093e+01
7.224483589587936905e+00,1.731830703316534326e+00,1.550707655889796222e+01
7.267900260072313934e+00,1.890758304017203573e+00,1.370224022291530197e+01
7.314927665437356730e+00,2.048655234233488720e+00,1.220568125989735719e+01
7.365497798252636841e+00,2.205453526666575126e+00,1.092165191727341877e+01
7.419539614542170369e+00,2.361089495899172164e+00,9.817987736338844584e+00
7.476979482897950113e+00,2.515503770339392986e+00,8.861447120847703474e+00
7.537741622289495957e+00,2.668641291109776326e+00,8.016190566707429355e+00
7.601748536026644132e+00,2.820451306566136296e+00,7.242432074087161276e+00
7.668921430850911491e+00,2.970887338466975169e+00,6.597965071782453172e+00
7.739180595380099170e+00,3.119907075229012339e+00,6.010823645502415324e+00
7.812445754133038101e+00,3.267472247839988686e+00,5.487886635390352374e+00
7.888636406893450470e+00,3.413548511250245721e+00,5.017869222479587776e+00
7.967672151123604607e+00,3.558105324404116754e+00,4.595012375631500667e+00
8.049472929438936220e+00,3.701115729195631587e+00,4.213670746770523223e+00
8.133959322744130915e+00,3.842556254618942901e+00,3.869338774248296087e+00
8.221052762329927432e+00,3.982406711164528268e+00,3.558191194803998147e+00
8.310675662994791324e+00,4.120649907569473136e+00,3.277514838725957613e+00
8.402751673460299386e+00,4.257271595711854317e+00,3.024347521377417358e+00
8.497205777133567395e+00,4.392260211266163950e+00,2.796541188959649205e+00
8.594033014010326710e+00,4.525699563210804577e+00,2.592063187455250439e+00
8.693095922450323698e+00,4.657487801113509462e+00,2.409450020376941559e+00
8.794252419239688479e+00,4.787529836541283501e+00,2.247371696651737860e+00
8.897502520614983368e+00,4.915916002360741999e+00,2.104596338607795047e+00
9.002779404100815341e+00,5.042645579266417322e+00,1.980048351277632124e+00
9.110018073328163268e+00,5.167719545879161380e+00,1.872861167193661025e+00
9.219155356266238499e+00,5.291140400185829762e+00,1.782084825324116606e+00
9.330129902110423146e+00,5.412912004946491606e+00,1.706901229117355756e+00
9.442882255542743408e+00,5.533039535288232003e+00,1.646332620250181566e+00
9.557354689616676779e+00,5.651529183409538248e+00,1.599443197856635912e+00
9.673491255813024381e+00,5.768388122268505391e+00,1.565133721860019644e+00
9.791237959696022841e+00,5.883624591828000128e+00,1.542293975358998370e+00
9.912209268218964198e+00,5.998813429716147283e+00,1.529631426446907971e+00
1.003472924631126695e+01,6.112353717990947288e+00,1.526346359647033690e+00
1.015703908282654488e+01,6.222735062338544232e+00,1.531064268452649202e+00
1.028075874335151063e+01,6.331533944252018209e+00,1.542571245766350962e+00
1.040584282435012220e+01,6.438761799202021407e+00,1.559831587863857782e+00
1.053224714228999659e+01,6.544430153973059383e+00,1.581910788665427114e+00
1.065992873070800506e+01,6.648550634543041404e+00,1.607955111640268830e+00
1.078884704813459372e+01,6.751135922989743854e+00,1.637237755601530287e+00
1.091896349124983878e+01,6.852199275574754722e+00,1.669111247547187871e+00
1.105023890852879553e+01,6.951752604403238500e+00,1.703033492751137468e+00
1.118263594439026143e+01,7.049808358555437415e+00,1.738526321620956105e+00
1.131611952972611945e+01,7.146379824326256625e+00,1.775204035111632050e+00
1.145065527599406430e+01,7.241479915666486633e+00,1.812730151031944015e+00
1.158621014741725297e+01,7.335121679391765959e+00,1.850827683483156294e+00
1.172831170497257247e+01,7.431027932182391993e+00,1.890806103793415183e+00
1.187144744818542463e+01,7.525383804494545359e+00,1.930927942399190522e+00
1.201062740685313024e+01,7.615047675410894001e+00,1.969646752722785887e+00
1.215071159928354305e+01,7.703292205248807534e+00,2.008191563141745295e+00
1.229098232807157309e+01,7.789710142067667320e+00,2.046245998480848982e+00
1.243209402150331222e+01,7.874747978956888161e+00,2.083923226558582975e+00
1.257402095559236166e+01,7.958418250340251632e+00,2.121093368038986071e+00
1.271673818717589555e+01,8.040733296006349562e+00,2.157706540475939239e+00
1.286022171259211255e+01,8.121705364129820026e+00,2.193653342779973592e+00
1.300444824876146299e+01,8.201346494421674294e+00,2.229278715875341543e+00
1.314939528872326058e+01,8.279668562062601822e+00,2.264525020933236377e+00
1.329504116903213173e+01,8.356683321979408774e+00,2.298316287055389928e+00
1.344136485632219191e+01,8.432402303214562522e+00,2.331596325993471552e+00
1.358834608661000054e+01,8.506836892795366367e+00,2.364102842148701811e+00
1.373967765805841523e+01,8.581817922935680798e+00,2.396598755326377450e+00
1.389165908317588283e+01,8.655472865663519144e+00,2.428278311537593659e+00
1.405034972543713501e+01,8.730661915185665478e+00,2.460276729851774480e+00
1.420970000500180852e+01,8.804442717652770867e+00,2.491403972603797978e+00
1.435985194506111107e+01,8.872425234866279098e+00,2.519979225762122521e+00
1.451055007377046913e+01,8.939188288208093525e+00,2.547351498141241510e+00
1.466171354902952473e+01,9.004714098768122454e+00,2.573957427676823784e+00
1.481339101986935169e+01,9.069041201822800602e+00,2.599790197256995228e+00
1.496556736092181517e+01,9.132179157106701695e+00,2.625078557258076817e+00
1.511822786809722707e+01,9.194137309994575347e+00,2.649026507828504240e+00
1.527135828906299508e+01,9.254924812722951089e+00,2.672274721815001808e+00
1.542494478738981378e+01,9.314550617499547158e+00,2.694754011130345628e+00
1.557897394945776703e+01,9.373023486586903985e+00,2.716823220882831347e+00
1.573343270389471193e+01,9.430351969027650938e+00,2.737433493371523419e+00
1.588830836244697764e+01,9.486544424097184347e+00,2.757445424702579029e+00
1.604358860573564272e+01,9.541609022523543260e+00,2.776625550874236570e+00
1.620606582995248957e+01,9.597883212381278284e+00,2.795780096695374084e+00
1.636895743313391804e+01,9.652946458843093325e+00,2.814077424846547881e+00
1.654003794121671334e+01,9.709342910094127532e+00,2.832323995004007333e+00
1.671154472850107453e+01,9.764429432594752711e+00,2.849610817752844749e+00
1.686964158334973618e+01,9.813943518738613037e+00,2.864722163246771203e+00
1.702807659202596469e+01,9.862364693162634310e+00,2.879085463878279683e+00
1.718596213083047530e+01,9.909441543744682335e+00,2.892626779024736638e+00
1.734416201851097483e+01,9.955451004061622200e+00,2.905440570149137702e+00
1.750266665013337430e+01,1.000039954596232938e+01,2.917540061139680674e+00
1.766146657684323173e+01,1.004429344633038035e+01,2.928939832001081101e+00
1.782055254153851465e+01,1.008713880396288687e+01,2.939657016858884475e+00
1.797991564133519304e+01,1.012894158719178073e+01,2.949705781807176130e+00
1.813954713849378564e+01,1.016970758570917788e+01,2.959101896406143961e+00
1.829943843465464326e+01,1.020944240986463392e+01,2.967863257986799841e+00
1.845958116258482917e+01,1.024815151853402817e+01,2.976004581090411882e+00
1.861996711143097727e+01,1.028584020425713952e+01,2.983557210829902218e+00
1.878439923475850648e+01,1.032337081912115728e+01,2.990672865465404229e+00
1.894906941361898234e+01,1.035984277665844466e+01,2.997226575020905059e+00
1.912979309545585238e+01,1.039860228894731087e+01,3.003748420429045218e+00
1.931078214065385623e+01,1.043610317303937585e+01,3.009578701943240286e+00
1.947928530548803749e+01,1.046984600519330222e+01,3.014463314675725591e+00
1.964800068428275281e+01,1.050251123736427772e+01,3.018837114827068735e+00
1.980994337036708686e+01,1.053282065880904028e+01,3.022581809942497255e+00
1.997206678791219403e+01,1.056214800003565024e+01,3.025905864814779633e+00
2.013436410531140908e+01,1.059049714791788865e+01,3.028826691974752627e+00
2.029682862392820653e+01,1.061787185145687928e+01,3.031360931811202253e+00
2.045945375286505552e+01,1.064427571965167552e+01,3.033535182227354188e+00
2.062223299566506896e+01,1.066971222186267454e+01,3.035369027013410381e+00
2.078515998195208425e+01,1.069418469501204250e+01,3.036884276041107888e+00
2.094822839775529033e+01,1.071769633508468722e+01,3.038105140277766125e+00
2.111143200325495073e+01,1.074025020271722930e+01,3.039057761077665454e+00
2.127476471923017343e+01,1.076184923678182948e+01,3.039764733484441095e+00
2.143830062597590214e+01,1.078250612286799637e+01,3.040245907800796843e+00
2.160195376598922934e+01,1.080221272154010315e+01,3.040545216932251993e+00
2.177759079126072095e+01,1.082229431099981731e+01,3.040656552526584289e+00
2.195334870786133408e+01,1.084128879183156613e+01,3.040585457316787199e+00
2.213814057517984324e+01,1.086007824536711119e+01,3.040349700233907715e+00
2.232304995206629528e+01,1.087767372429874335e+01,3.039932571522626858e+00
2.249035771048746213e+01,1.089255963709160291e+01,3.039467783174131021e+00
2.265774911238385769e+01,1.090647349313824499e+01,3.038945470212226052e+00
2.282201318536784029e+01,1.091917856111888874e+01,3.038376586723139372e+00
2.298634667343016957e+01,1.093095181181046271e+01,3.037775130848418215e+00
2.315074416678227820e+01,1.094179474361028959e+01,3.037154111924276645e+00
2.331520029475103684e+01,1.095170873475525575e+01,3.036528483237002085e+00
2.347970972352581853e+01,1.096069504398518113e+01,3.035913870465327680e+00
2.364426714899181903e+01,1.096875481088710558e+01,3.035322344235732217e+00
2.380886729901884991e+01,1.097588905669877235e+01,3.034769085913212816e+00
2.397350492393527688e+01,1.098209868445801973e+01,3.034262220654846409e+00
2.413817479844867364e+01,1.098738447964644038e+01,3.033812648463251271e+00
2.430287171637017352e+01,1.099174711043706765e+01,3.033430365704061327e+00
2.446888642457584240e+01,1.099521053458765429e+01,3.033115041991955252e+00
2.463491803181903705e+01,1.099773721590844566e+01,3.032899466999340987e+00
2.481745550952392421e+01,1.099943432588562331e+01,3.032755313996094770e+00
2.500000000000001421e+01,1.099999999999999467e+01,3.032691757072106586e+00
2.518254449047610422e+01,1.099943432588561976e+01,3.032749158587660254e+00
2.536508196818099137e+01,1.099773721590844566e+01,3.032887225537378661e+00
2.553111357542422866e+01,1.099521053458765429e+01,3.033099920486844070e+00
2.569712828362984425e+01,1.099174711043706765e+01,3.033412228320844228e+00
2.586182520155134412e+01,1.098738447964643505e+01,3.033791109527134822e+00
2.602649507606474799e+01,1.098209868445801796e+01,3.034236990088372110e+00
2.619113270098116786e+01,1.097588905669877413e+01,3.034736147104076132e+00
2.635573285100820229e+01,1.096875481088710558e+01,3.035281177062220781e+00
2.652029027647420634e+01,1.096069504398517935e+01,3.035864281195451486e+00
2.668479970524898448e+01,1.095170873475525397e+01,3.036470171888892455e+00
2.684925583321772535e+01,1.094179474361029136e+01,3.037086578449814223e+00
2.701365332656984464e+01,1.093095181181046094e+01,3.037698570133833709e+00
2.717798681463216326e+01,1.091917856111888341e+01,3.038296059168018814e+00
2.734225088761614941e+01,1.090647349313824321e+01,3.038861649172420520e+00
2.750964228951253787e+01,1.089255963709160291e+01,3.039383815006833522e+00
2.767695004793370472e+01,1.087767372429873980e+01,3.039849530511791187e+00
2.786185942482014255e+01,1.086007824536711119e+01,3.040267490211990609e+00
2.804665129213862684e+01,1.084128879183156968e+01,3.040504027518381225e+00
2.822240920873924352e+01,1.082229431099981909e+01,3.040575319860808534e+00
2.839804623401073869e+01,1.080221272154010315e+01,3.040463523782183319e+00
2.856169937402404813e+01,1.078250612286799637e+01,3.040160557274195874e+00
2.872523528076976618e+01,1.076184923678183480e+01,3.039674724428591990e+00
2.888856799674499243e+01,1.074025020271723641e+01,3.038957616135609552e+00
2.905177160224466348e+01,1.071769633508468900e+01,3.037993759196505827e+00
2.921484001804787667e+01,1.069418469501204427e+01,3.036761705463610905e+00
2.937776700433489552e+01,1.066971222186267632e+01,3.035235421611472528e+00
2.954054624713490540e+01,1.064427571965167907e+01,3.033394937668340674e+00
2.970317137607175439e+01,1.061787185145688106e+01,3.031214406934015670e+00
2.986563589468855184e+01,1.059049714791788865e+01,3.028676796382071768e+00
3.002793321208777044e+01,1.056214800003565202e+01,3.025753572083972998e+00
3.019005662963287051e+01,1.053282065880904561e+01,3.022425789651796979e+00
3.035199931571720455e+01,1.050251123736428127e+01,3.018676973880620729e+00
3.052071469451192698e+01,1.046984600519330577e+01,3.014293370512465486e+00
3.068921785934610469e+01,1.043610317303937940e+01,3.009399772553503105e+00
3.087020690454410499e+01,1.039860228894731620e+01,3.003555595471052886e+00
3.105093058638098569e+01,1.035984277665844822e+01,2.997017421188689301e+00
3.121560076524146154e+01,1.032337081912115551e+01,2.990452748450751042e+00
3.138003288856900141e+01,1.028584020425713952e+01,2.983324208765465890e+00
3.154041883741513885e+01,1.024815151853402817e+01,2.975763715899571782e+00
3.170056156534531056e+01,1.020944240986463747e+01,2.967613587835872924e+00
3.186045286150617528e+01,1.016970758570918143e+01,2.958845892318332726e+00
3.202008435866476077e+01,1.012894158719178428e+01,2.949443231573219748e+00
3.217944745846142496e+01,1.008713880396289397e+01,2.939389984963527436e+00
3.233853342315670432e+01,1.004429344633038923e+01,2.928667592621763571e+00
3.249733334986655109e+01,1.000039954596233827e+01,2.917263838743555215e+00
3.265583798148895767e+01,9.955451004061631082e+00,2.905159612556609261e+00
3.281403786916944654e+01,9.909441543744694769e+00,2.892345659238042543e+00
3.297192340797396071e+01,9.862364693162648521e+00,2.878804397404901128e+00
3.313035841665016790e+01,9.813943518738629024e+00,2.864441479287510806e+00
3.328845527149882599e+01,9.764429432594774028e+00,2.849333506762893542e+00
3.345996205878317653e+01,9.709342910094152401e+00,2.832044617879635240e+00
3.363104256686596472e+01,9.652946458843123523e+00,2.813793507677126104e+00
3.379393417004740030e+01,9.597883212381304929e+00,2.795495381787704403e+00
3.395641139426425781e+01,9.541609022523566352e+00,2.776333468832056006e+00
3.411169163755292999e+01,9.486544424097207440e+00,2.757138917367217168e+00
3.426656729610520102e+01,9.430351969027674031e+00,2.737143077297156335e+00
3.442102605054213882e+01,9.373023486586923525e+00,2.716323296656163677e+00
3.457505521261010273e+01,9.314550617499568474e+00,2.694676657797945740e+00
3.472864171093691255e+01,9.254924812722975958e+00,2.672199552498352837e+00
3.488177213190266457e+01,9.194137309994605545e+00,2.648884662437683168e+00
3.503443263907807648e+01,9.132179157106728340e+00,2.624731663635396561e+00
3.518660898013055061e+01,9.069041201822832576e+00,2.599736005564214913e+00
3.533828645097037935e+01,9.004714098768152652e+00,2.573900599199897332e+00
3.548944992622943317e+01,8.939188288208123723e+00,2.547221807591465215e+00
3.564014805493878413e+01,8.872425234866314625e+00,2.519690255814769575e+00
3.579029999499808667e+01,8.804442717652806394e+00,2.491331801040885363e+00
3.594965027456274242e+01,8.730661915185711663e+00,2.460222266498412580e+00
3.610834091682397684e+01,8.655472865663572435e+00,2.428155655794814294e+00
3.626032234194143200e+01,8.581817922935737641e+00,2.396442480393198515e+00
3.641165391338983426e+01,8.506836892795433869e+00,2.363895371398485157e+00
3.655863514367764111e+01,8.432402303214635353e+00,2.331346134955024851e+00
3.670495883096769063e+01,8.356683321979486934e+00,2.298038755523814203e+00
3.685060471127656712e+01,8.279668562062676429e+00,2.263991652050376224e+00
3.699555175123837358e+01,8.201346494421748901e+00,2.229231460730831227e+00
3.713977828740772935e+01,8.121705364129892857e+00,2.193794103190427780e+00
3.728326181282394458e+01,8.040733296006420616e+00,2.157716045027205265e+00
3.742597904440746959e+01,7.958418250340328015e+00,2.121046816932429468e+00
3.756790597849653324e+01,7.874747978956963657e+00,2.083841297827957018e+00
3.770901767192827236e+01,7.789710142067742815e+00,2.046168506552693778e+00
3.784928840071629708e+01,7.703292205248889246e+00,2.008106527798047214e+00
3.798937259314671167e+01,7.615047675410978378e+00,1.969563506644217421e+00
3.812855255181441549e+01,7.525383804494632400e+00,1.930839298999632581e+00
3.827168829502725345e+01,7.431027932182491469e+00,1.890710731186467930e+00
3.841378985258256051e+01,7.335121679391875205e+00,1.850721608000788887e+00
3.854934472400575629e+01,7.241479915666595879e+00,1.812615672685059742e+00
3.868388047027370646e+01,7.146379824326361430e+00,1.775079138926504152e+00
3.881736405560956626e+01,7.049808358555543109e+00,1.738392411649394731e+00
3.894976109147103216e+01,6.951752604403346858e+00,1.702887780565997433e+00
3.908103650874998891e+01,6.852199275574862192e+00,1.668960266249168045e+00
3.921115295186524463e+01,6.751135922989849547e+00,1.637079733645260937e+00
3.934007126929183329e+01,6.648550634543147986e+00,1.607794945677044396e+00
3.946775285770983999e+01,6.544430153973169517e+00,1.581748119433030730e+00
3.959415717564970549e+01,6.438761799202137759e+00,1.559671279144386302e+00
3.971924125664831706e+01,6.331533944252142554e+00,1.542414175031496804e+00
3.984296091717329347e+01,6.222735062338669465e+00,1.530911360921377584e+00
3.996527075368857140e+01,6.112353717991069857e+00,1.526201112036431162e+00
4.008779073178087771e+01,5.998813429716273404e+00,1.529488685334140285e+00
4.020876204030381729e+01,5.883624591828132466e+00,1.542158531162967527e+00
4.032650874418681752e+01,5.768388122268631513e+00,1.565000080378009528e+00
4.044264531038317756e+01,5.651529183409660817e+00,1.599319518064000745e+00
4.055711774445710915e+01,5.533039535288357236e+00,1.646223474569991518e+00
4.066987009788943652e+01,5.412912004946610622e+00,1.706819359494055721e+00
4.078084464373363005e+01,5.291140400185944337e+00,1.782052440302522411e+00
4.088998192667171594e+01,5.167719545879275067e+00,1.872902967034523414e+00
4.099722059589905854e+01,5.042645579266527456e+00,1.980193066764601495e+00
4.110249747938490117e+01,4.915916002360853021e+00,2.104879392990525400e+00
4.120574758076019606e+01,4.787529836541400741e+00,2.247822463006261984e+00
4.130690407754956084e+01,4.657487801113625814e+00,2.410119398799465795e+00
4.140596698598955072e+01,4.525699563210927145e+00,2.592974363940272919e+00
4.150279422286632069e+01,4.392260211266290071e+00,2.797754607190222842e+00
4.159724832653957804e+01,4.257271595711994649e+00,3.025798697638300450e+00
4.168932433700508255e+01,4.120649907569623238e+00,3.279248772176837523e+00
4.177894723766993934e+01,3.982406711164681035e+00,3.560229611202106348e+00
4.186604067725574652e+01,3.842556254619095224e+00,3.871579460768872050e+00
4.195052707056095187e+01,3.701115729195781689e+00,4.216361137969095729e+00
4.203232784887628526e+01,3.558105324404264636e+00,4.598524831465420348e+00
4.211136359310643940e+01,3.413548511250413142e+00,5.022422370161083727e+00
4.218755424586684200e+01,3.267472247840173871e+00,5.493743646347712506e+00
4.226081940461978803e+01,3.119907075229194415e+00,6.018893363804628471e+00
4.233107856914897837e+01,2.970887338467150585e+00,6.606146553951059097e+00
4.239825146397325994e+01,2.820451306566292615e+00,7.265083832765648175e+00
4.246225837771041967e+01,2.668641291109915770e+00,8.008397220916773307e+00
4.252302051710198327e+01,2.515503770339501344e+00,8.851177073251413674e+00
4.258046038545777634e+01,2.361089495899248991e+00,9.813819181730652375e+00
4.263450220174729566e+01,2.205453526666653730e+00,1.092110361525639206e+01
4.268507233456259797e+01,2.048655234233565547e+00,1.220897731319733026e+01
4.273209973992764077e+01,1.890758304017266633e+00,1.371940599434499752e+01
4.277551641041203112e+01,1.731830703316585396e+00,1.552765179846172039e+01
4.281525784329132733e+01,1.571944562469397288e+00,1.769242078892467518e+01
4.285126350454739708e+01,1.411176011452433432e+00,2.044522968906831295e+01
4.288347727362827300e+01,1.249605015419630982e+00,2.370448167886539892e+01
4.291184787959706881e+01,1.087315146938544475e+00,2.867582879204212531e+01
4.293638827620296183e+01,9.239659689898118700e-01,3.338809230806517547e+01
4.295697845647032409e+01,7.600720611894259404e-01,4.660107819388594663e+01
4.297481141303043017e+01,5.817298453028244554e-01,5.051250961654898930e+01
4.298791724838557826e+01,4.029781145185810098e-01,1.157485080766775951e+02
4.299697735893213490e+01,2.015795571898134075e-01,1.286121362034193396e+02
4.299999999999997868e+01,-3.891030360572558130e-17,9.513792547522162977e+02
