x,y,stress
2.999999999999998668e+00,5.665909332979728723e-16,8.180272710456835057e+02
3.004151682906363252e+00,1.942653098773217679e-01,1.255694397493707015e+02
3.016581213903007264e+00,3.881771542933339370e-01,9.862564656233570304e+01
3.034547471740891122e+00,5.601975796659340867e-01,4.494152439330753879e+01
3.058927318073424662e+00,7.314269940373311352e-01,3.892105318101865663e+01
3.088228865018541658e+00,8.946911522370086800e-01,2.703490913485865121e+01
3.123203984871201211e+00,1.056834908220013913e+00,2.220495621325320457e+01
3.163712589967557332e+00,1.217685800174254318e+00,1.755114495577787181e+01
3.209598785026641199e+00,1.377086312803482704e+00,1.444466253205151496e+01
3.260693766777527092e+00,1.534894705125135372e+00,1.189594620890678200e+01
3.316818698939330456e+00,1.690985376171002308e+00,9.919054507205416371e+00
3.377787493754107029e+00,1.845248887709105334e+00,8.318365257160634130e+00
3.443409407424843582e+00,1.997591629695365967e+00,7.006246120765324825e+00
3.513491384493991010e+00,2.147935175881830805e+00,5.815314271392741041e+00
3.587840147393781987e+00,2.296215465530221156e+00,4.948569292798471686e+00
3.666263988489441683e+00,2.442381805221025548e+00,4.190569375573882205e+00
3.748574274805582807e+00,2.586395775744746217e+00,3.561126364715572645e+00
3.834586693328143614e+00,2.728230118235844603e+00,3.026782998657996604e+00
3.924122196913761851e+00,2.867867538946951900e+00,2.575583393806228472e+00
4.017007763829295364e+00,3.005299617108919907e+00,2.191848872072904797e+00
4.113076945915964622e+00,3.140525740741326732e+00,1.865063799588761340e+00
4.212170193533865792e+00,3.273552040562721199e+00,1.586018252400899442e+00
4.314135101629783975e+00,3.404390499155264482e+00,1.347253461299529942e+00
4.418826479326128265e+00,3.533058063395053239e+00,1.142778075829806061e+00
4.526106279626920248e+00,3.659575798670165359e+00,9.680287194387405814e-01
4.635843485304527611e+00,3.783968178326015064e+00,8.194424391330408231e-01
4.747914139818206536e+00,3.906262674341744123e+00,6.946750737648712537e-01
4.862542487032449401e+00,4.026841884234513280e+00,5.920057351814961288e-01
4.979288277166799226e+00,4.145372360409641743e+00,5.113663099792568056e-01
5.097692632831582138e+00,4.261546334574570771e+00,4.529101578774450965e-01
5.217998288383504324e+00,4.375750426351967981e+00,4.163296317970344718e-01
5.340112066712179306e+00,4.488019093358216693e+00,4.004073977529747919e-01
5.463946272878726695e+00,4.598387355911460972e+00,4.022658776524944413e-01
5.589418118019449544e+00,4.706890302834675133e+00,4.177963454278520450e-01
5.716449672183311570e+00,4.813563111180998000e+00,4.428375194252308078e-01
5.844967532305473945e+00,4.918440825846019493e+00,4.739308345663378885e-01
5.974902304768591854e+00,5.021558022828407353e+00,5.085810892295997698e-01
6.106188630599146627e+00,5.122948933203468336e+00,5.451117662132332065e-01
6.238764910837597988e+00,5.222647319769004426e+00,5.824443167051412962e-01
6.373036598146177845e+00,5.321021666524152316e+00,6.200310659654729717e-01
6.508493186168295530e+00,5.417758062936700370e+00,6.573310524138041844e-01
6.650448061590304327e+00,5.516578014269507335e+00,6.955105530041837403e-01
6.793570489926398004e+00,5.613699383060345660e+00,7.329389836885510379e-01
6.931879686571668309e+00,5.705279350464302013e+00,7.680744153446499300e-01
7.071171211975813442e+00,5.795358257483807840e+00,8.024313576731748610e-01
7.211403887353804443e+00,5.883964908604728983e+00,8.359884855815661320e-01
7.352538783600404138e+00,5.971127373509632186e+00,8.687506930185538989e-01
7.494539040094504223e+00,6.056872958667950613e+00,9.007442927680328060e-01
7.637369664590232254e+00,6.141228170095224925e+00,9.319918465272516439e-01
7.780997528827030330e+00,6.224218791595341749e+00,9.625194371039452745e-01
7.925391165158866436e+00,6.305869840856808572e+00,9.923545044364598944e-01
8.070520692377241900e+00,6.386205600968827056e+00,1.021524923734823176e+00
8.216357784273432330e+00,6.465249670392675618e+00,1.050054204368699784e+00
8.362875538284098909e+00,6.543024953839389646e+00,1.077967790457192931e+00
8.510048283892754029e+00,6.619553622819486449e+00,1.105294252107007935e+00
8.666659750054279243e+00,6.699296809643454864e+00,1.133620699441806101e+00
8.823951495493210118e+00,6.777689682616931499e+00,1.161321979698664020e+00
8.984652006961114878e+00,6.856085983473524159e+00,1.188896749980985490e+00
9.146003379700538005e+00,6.933133871614028720e+00,1.215864082729955609e+00
9.296408587053152317e+00,7.003499962315506977e+00,1.240388151658595062e+00
9.447334643394176723e+00,7.072741883389809026e+00,1.264437843568220865e+00
9.598607594644095187e+00,7.140807996163126781e+00,1.287978318280356138e+00
9.750364939005855547e+00,7.207787204519852331e+00,1.311061030724677723e+00
9.902590033363646072e+00,7.273696132898429312e+00,1.333674108679327341e+00
1.005526719479599329e+01,7.338551005740520772e+00,1.355891071757813870e+00
1.020838137127109135e+01,7.402367534244232772e+00,1.377896709633906536e+00
1.036191800498034254e+01,7.465160893837757605e+00,1.399137898665578916e+00
1.051586321187619788e+01,7.526945830392355319e+00,1.420070537788497456e+00
1.067020369402500535e+01,7.587736651030095203e+00,1.440583013902124732e+00
1.082492668193034824e+01,7.647547227751660515e+00,1.460700466082099913e+00
1.098001993942986054e+01,7.706391024611851215e+00,1.480426874758745015e+00
1.114223349087846238e+01,7.766774799150341302e+00,1.500586336204605464e+00
1.130482456721126461e+01,7.826134563342320050e+00,1.520335642964411260e+00
1.148461928774425367e+01,7.890449350384848515e+00,1.541629810579313808e+00
1.166484269740473856e+01,7.953552921390250496e+00,1.562407406375729391e+00
1.183229827920288457e+01,8.010989757776350473e+00,1.581239618129811175e+00
1.200009774962934728e+01,8.067414066938651374e+00,1.599650436851804303e+00
1.215764597637101296e+01,8.119382268107411704e+00,1.616527892554841861e+00
1.231547763636260484e+01,8.170483214090333846e+00,1.633047540767506911e+00
1.247356818409000745e+01,8.220721977218714116e+00,1.649206095972957309e+00
1.263192544444131471e+01,8.270113620445039615e+00,1.665010730854914023e+00
1.279054146986571894e+01,8.318667675837206232e+00,1.680466914512682930e+00
1.294940868976108383e+01,8.366393432345393677e+00,1.695569257030485666e+00
1.310851972024275547e+01,8.413299889595116099e+00,1.710322489684307001e+00
1.326786746624115310e+01,8.459395800893890538e+00,1.724729972983092718e+00
1.342744505898000185e+01,8.504689665667564569e+00,1.738791693221731771e+00
1.358724583343525261e+01,8.549189734135005381e+00,1.752514266015385846e+00
1.374726336584817510e+01,8.592904028142234196e+00,1.765899064861859102e+00
1.390749140698810393e+01,8.635840332398771579e+00,1.778961840069471112e+00
1.407650328733314460e+01,8.680238070967213559e+00,1.792364497540052337e+00
1.424573524543446190e+01,8.723789427831132315e+00,1.805410619372085357e+00
1.443581425380330963e+01,8.771643592038781634e+00,1.819601039472822146e+00
1.462615282478357415e+01,8.818454714442450992e+00,1.833324040240031039e+00
1.480951732965469425e+01,8.862518145610719600e+00,1.846111885986461587e+00
1.499310655285113292e+01,8.905635734651827562e+00,1.858479300743878904e+00
1.515800061563410139e+01,8.943521688333882835e+00,1.869236868597804913e+00
1.532306464386119416e+01,8.980660144718770610e+00,1.879676782427064596e+00
1.548506036982027467e+01,9.016352497679086753e+00,1.889601602688519844e+00
1.564721022108775017e+01,9.051338006102621847e+00,1.899222757085491153e+00
1.580950977812996605e+01,9.085622206797452804e+00,1.908543932291176137e+00
1.597195478644435163e+01,9.119210487860215153e+00,1.917567738167398117e+00
1.613454110381861639e+01,9.152108082137788259e+00,1.926298333929732598e+00
1.629726464652614482e+01,9.184320061564907434e+00,1.934739100757203234e+00
1.646012143740517075e+01,9.215851352090544069e+00,1.942895349369488267e+00
1.662310763928335788e+01,9.246706744299604708e+00,1.950770063432335277e+00
1.678621949759818577e+01,9.276890886293251981e+00,1.958367192987270133e+00
1.694945333113427210e+01,9.306408286371688376e+00,1.965693441369344763e+00
1.711438069239857640e+01,9.335538249516112330e+00,1.972813672971317711e+00
1.727942513287752391e+01,9.363997386256881938e+00,1.979678401635948548e+00
1.746160766890667304e+01,9.394616018597186979e+00,1.986930083052927731e+00
1.764392376050140143e+01,9.424429113940799851e+00,1.993874176157963918e+00
1.784504865654961492e+01,9.456366425084549832e+00,2.001167161076546908e+00
1.804632450179916603e+01,9.487338202604750137e+00,2.008075344037401511e+00
1.823246255959053030e+01,9.515108006238468974e+00,2.014154279935597369e+00
1.841872023343446685e+01,9.542063863528689183e+00,2.019930856717468082e+00
1.858606790042984969e+01,9.565579164725621197e+00,2.024877519283282634e+00
1.875350548225879876e+01,9.588445463848024986e+00,2.029602213502829766e+00
1.891794565265547234e+01,9.610262839388829192e+00,2.034024837709435207e+00
1.908246679049601369e+01,9.631461024679531135e+00,2.038239645766567687e+00
1.924706616170847795e+01,9.652042907256506155e+00,2.042252081410499631e+00
1.941174108825140010e+01,9.672011276636556687e+00,2.046067071459136244e+00
1.957648893895428088e+01,9.691368825129556441e+00,2.049690739781099502e+00
1.974130711804146898e+01,9.710118148471758914e+00,2.053128438983522486e+00
1.990619307130947746e+01,9.728261748501648043e+00,2.056384494320792733e+00
2.007114429558268753e+01,9.745802035920585027e+00,2.059466247081934043e+00
2.023615832554531480e+01,9.762741330449888011e+00,2.062374767212177940e+00
2.040123272413745426e+01,9.779081861515749097e+00,2.065122906356963384e+00
2.056809932305835886e+01,9.794987928031025248e+00,2.067733574448708644e+00
2.073502267835475266e+01,9.810286897830147623e+00,2.070203446596687868e+00
2.091943212921050232e+01,9.826479720042421206e+00,2.072765383154508090e+00
2.110390467519965085e+01,9.841937183543059575e+00,2.075158304814075816e+00
2.130945984664248982e+01,9.858292576090272874e+00,2.077623792731954744e+00
2.151508510569890120e+01,9.873741871726185337e+00,2.079875365319680203e+00
2.170863782758184968e+01,9.887454851481111362e+00,2.081829151765118180e+00
2.190224538335519355e+01,9.900370603454963003e+00,2.083618561471606068e+00
2.207450788177056467e+01,9.911191352301568003e+00,2.085086187228478938e+00
2.224680865331971447e+01,9.921384548812017812e+00,2.086445983592051689e+00
2.241243418702640255e+01,9.930590762136299432e+00,2.087647219098464291e+00
2.257809079501194915e+01,9.939219790401029542e+00,2.088753814201603110e+00
2.274377640735075445e+01,9.947272717925637053e+00,2.089763797766222009e+00
2.290948897126744299e+01,9.954750554536609286e+00,2.090684152659890938e+00
2.307522644767440667e+01,9.961654236031135312e+00,2.091516861241752068e+00
2.324098681135902211e+01,9.967984624776997649e+00,2.092267307791479070e+00
2.340676804975272773e+01,9.973742510194004041e+00,2.092940151545707561e+00
2.357256816041775238e+01,9.978928609156486829e+00,2.093537371809174541e+00
2.373838515242513481e+01,9.983543566483785270e+00,2.094063403713063654e+00
2.390421704213679988e+01,9.987587955210678103e+00,2.094519325392008025e+00
2.407031590433006940e+01,9.991067161896387105e+00,2.094908187344950878e+00
2.423642575201993665e+01,9.993974986280951711e+00,2.095237930384235892e+00
2.441595675586084369e+01,9.996475551319839781e+00,2.095517836309709114e+00
2.459549580655762924e+01,9.998309530230130804e+00,2.095729290154893842e+00
2.479774613700100616e+01,9.999577401968286594e+00,2.095879876413143883e+00
2.500000000000008882e+01,9.999999999999994671e+00,2.095925669119404144e+00
2.520225386299916792e+01,9.999577401968286594e+00,2.095885889283225723e+00
2.540450419344250932e+01,9.998309530230130804e+00,2.095741411511262697e+00
2.558404324413934461e+01,9.996475551319836228e+00,2.095534665519237283e+00
2.576357424798020190e+01,9.993974986280948158e+00,2.095259357800395073e+00
2.592968409567016153e+01,9.991067161896383553e+00,2.094931360314794322e+00
2.609578295786331381e+01,9.987587955210674551e+00,2.094543537604216965e+00
2.626161484757499309e+01,9.983543566483781717e+00,2.094085356688053068e+00
2.642743183958237552e+01,9.978928609156481500e+00,2.093556590581237220e+00
2.659323195024740016e+01,9.973742510193998712e+00,2.092953604340546558e+00
2.675901318864110223e+01,9.967984624776990543e+00,2.092274495391422739e+00
2.692477355232573188e+01,9.961654236031128207e+00,2.091516681224865781e+00
2.709051102873268846e+01,9.954750554536602181e+00,2.090676678463997185e+00
2.725622359264937700e+01,9.947272717925629948e+00,2.089750713965770945e+00
2.742190920498817519e+01,9.939219790401022436e+00,2.088735624737041441e+00
2.758756581297373600e+01,9.930590762136290550e+00,2.087627317321433473e+00
2.775319134668041343e+01,9.921384548812010706e+00,2.086424994119964182e+00
2.792549211822956323e+01,9.911191352301559121e+00,2.085065945616234817e+00
2.809775461664493790e+01,9.900370603454952345e+00,2.083599104987621686e+00
2.829136217241830664e+01,9.887454851481098927e+00,2.081811128998040328e+00
2.848491489430126578e+01,9.873741871726171127e+00,2.079858787373509266e+00
2.869054015335767005e+01,9.858292576090258663e+00,2.077611727842336276e+00
2.889609532480049836e+01,9.841937183543045364e+00,2.075150466411165961e+00
2.908056787078964689e+01,9.826479720042403443e+00,2.072763153272441095e+00
2.926497732164539656e+01,9.810286897830133412e+00,2.070208962536336017e+00
2.943190067694177969e+01,9.794987928031011037e+00,2.067731282320499631e+00
2.959876727586266654e+01,9.779081861515731333e+00,2.065111405838589764e+00
2.976384167445482376e+01,9.762741330449870247e+00,2.062358380822781445e+00
2.992885570441746879e+01,9.745802035920567263e+00,2.059445065466938285e+00
3.009380692869067175e+01,9.728261748501628503e+00,2.056363569723167029e+00
3.025869288195866602e+01,9.710118148471739374e+00,2.053108178783480842e+00
3.042351106104585057e+01,9.691368825129538678e+00,2.049673350120217563e+00
3.058825891174872780e+01,9.672011276636538923e+00,2.046052832631297225e+00
3.075293383829164995e+01,9.652042907256490167e+00,2.042240534293807475e+00
3.091753320950411776e+01,9.631461024679509819e+00,2.038230841853196917e+00
3.108205434734467687e+01,9.610262839388807876e+00,2.034018098232146521e+00
3.124649451774136111e+01,9.588445463848000117e+00,2.029597535634318106e+00
3.141393209957032440e+01,9.565579164725594552e+00,2.024873500297378115e+00
3.158127976656571789e+01,9.542063863528660761e+00,2.019927690627576489e+00
3.176753744040967220e+01,9.515108006238435223e+00,2.014150483466806918e+00
3.195367549820105069e+01,9.487338202604714610e+00,2.008071085161837299e+00
3.215495134345056982e+01,9.456366425084516081e+00,2.001160990421394281e+00
3.235607623949875489e+01,9.424429113940767877e+00,1.993865426774004579e+00
3.253839233109348328e+01,9.394616018597155005e+00,1.986919851212088473e+00
3.272057486712261465e+01,9.363997386256851740e+00,1.979665954811234085e+00
3.288561930760155150e+01,9.335538249516083908e+00,1.972799894966941858e+00
3.305054666886584869e+01,9.306408286371658178e+00,1.965678362786223099e+00
3.321378050240193147e+01,9.276890886293221783e+00,1.958351758143111798e+00
3.337689236071675936e+01,9.246706744299576286e+00,1.950754494627918056e+00
3.353987856259494293e+01,9.215851352090517423e+00,1.942879790124101946e+00
3.370273535347396177e+01,9.184320061564877236e+00,1.934723668753485448e+00
3.386545889618150085e+01,9.152108082137754508e+00,1.926282854865968064e+00
3.402804521355577805e+01,9.119210487860179626e+00,1.917552302833651412e+00
3.419049022187017783e+01,9.085622206797419054e+00,1.908528294461224073e+00
3.435278977891238839e+01,9.051338006102584544e+00,1.899206697573953662e+00
3.451493963017986744e+01,9.016352497679049449e+00,1.889584503735689758e+00
3.467693535613894795e+01,8.980660144718731530e+00,1.879658911898814067e+00
3.484199938436604072e+01,8.943521688333843755e+00,1.869217925616406983e+00
3.500689344714901097e+01,8.905635734651786706e+00,1.858460517727926087e+00
3.519048267034546740e+01,8.862518145610675191e+00,1.846091855482596022e+00
3.537384717521658928e+01,8.818454714442404807e+00,1.833304285524139265e+00
3.556418574619684136e+01,8.771643592038737225e+00,1.819584000053453776e+00
3.575426475456568198e+01,8.723789427831086130e+00,1.805396203957835732e+00
3.592349671266700994e+01,8.680238070967165598e+00,1.792356166007530449e+00
3.609250859301204883e+01,8.635840332398723618e+00,1.778962509525967350e+00
3.625273663415198655e+01,8.592904028142182682e+00,1.765899639741058458e+00
3.641275416656491615e+01,8.549189734134948537e+00,1.752509677645457398e+00
3.657255494102017224e+01,8.504689665667504173e+00,1.738782320911424595e+00
3.673213253375903520e+01,8.459395800893828365e+00,1.724715341127265322e+00
3.689148027975741684e+01,8.413299889595059255e+00,1.710306845517453267e+00
3.705059131023907071e+01,8.366393432345336834e+00,1.695553044512747576e+00
3.720945853013444804e+01,8.318667675837144060e+00,1.680452756935598702e+00
3.736807455555887003e+01,8.270113620444975666e+00,1.665001559025191424e+00
3.752643181591016486e+01,8.220721977218650167e+00,1.649197502314480479e+00
3.768452236363756214e+01,8.170483214090268120e+00,1.633036911865933138e+00
3.784235402362916290e+01,8.119382268107342426e+00,1.616514762545311346e+00
3.799990225037083036e+01,8.067414066938582096e+00,1.599635526376329553e+00
3.816770172079730372e+01,8.010989757776277642e+00,1.581222457277567051e+00
3.833515730259544796e+01,7.953552921390172337e+00,1.562389494650200605e+00
3.851538071225593285e+01,7.890449350384770355e+00,1.541609316649129813e+00
3.869517543278892902e+01,7.826134563342241002e+00,1.520311545910926210e+00
3.885776650912173125e+01,7.766774799150259589e+00,1.500563452987254021e+00
3.901998006057034019e+01,7.706391024611762397e+00,1.480404223046964729e+00
3.917507331806985604e+01,7.647547227751571697e+00,1.460677482012928685e+00
3.932979630597520071e+01,7.587736651030005497e+00,1.440559908191454630e+00
3.948413678812399752e+01,7.526945830392265613e+00,1.420038868777211638e+00
3.963808199501985996e+01,7.465160893837661682e+00,1.399108653145820336e+00
3.979161862872912536e+01,7.402367534244132408e+00,1.377763648492476678e+00
3.994473280520421810e+01,7.338551005740418631e+00,1.355994694741870843e+00
4.009740996663656176e+01,7.273696132898328948e+00,1.333795248145047019e+00
4.024963506099434341e+01,7.207787204519749302e+00,1.311154514273050742e+00
4.040139240535610554e+01,7.140807996163023752e+00,1.288064993929394220e+00
4.055266535660602756e+01,7.072741883389704221e+00,1.264514037380775724e+00
4.070359141294702710e+01,7.003499962315408389e+00,1.240465005163069234e+00
4.085399662029963963e+01,6.933133871613929244e+00,1.215936959560566022e+00
4.101534799303906453e+01,6.856085983473417578e+00,1.188975375261351886e+00
4.117604850450698706e+01,6.777689682616819589e+00,1.161403468056924737e+00
4.133334024994589129e+01,6.699296809643355388e+00,1.133704418968152883e+00
4.148995171610738453e+01,6.619553622819396743e+00,1.105382281611011042e+00
4.163712446171604142e+01,6.543024953839294611e+00,1.078054285101196275e+00
4.178364221572673642e+01,6.465249670392570813e+00,1.050141433082661724e+00
4.192947930762291975e+01,6.386205600968723139e+00,1.021611909053674827e+00
4.207460883484128544e+01,6.305869840856703767e+00,9.924416683186191301e-01
4.221900247117312688e+01,6.224218791595231615e+00,9.626072241033024612e-01
4.236263033540993206e+01,6.141228170095115679e+00,9.320797265851872293e-01
4.250546095990563344e+01,6.056872958667855578e+00,9.008347783983287060e-01
4.264746121639972642e+01,5.971127373509538927e+00,8.688440325616302307e-01
4.278859611264631013e+01,5.883964908604639277e+00,8.360861831564508906e-01
4.292882878802430469e+01,5.795358257483719022e+00,8.025408400519150609e-01
4.306812031342844449e+01,5.705279350464212307e+00,7.681991100964087327e-01
4.320642951007371124e+01,5.613699383060248849e+00,7.330703593064143986e-01
4.334955193840979604e+01,5.516578014269422958e+00,6.956477509805013559e-01
4.349150681383178352e+01,5.417758062936629315e+00,6.574756970077508811e-01
4.362696340185387811e+01,5.321021666524093696e+00,6.201815570567508207e-01
4.376123508916243310e+01,5.222647319768952912e+00,5.826046412749867898e-01
4.389381136940087913e+01,5.122948933203427480e+00,5.452844559438743133e-01
4.402509769523142324e+01,5.021558022828377155e+00,5.087724400415253312e-01
4.415503246769453227e+01,4.918440825845993736e+00,4.741486449501168265e-01
4.428355032781669109e+01,4.813563111180966025e+00,4.430948606183066074e-01
4.441058188198056200e+01,4.706890302834643158e+00,4.181056613125774812e-01
4.453605372712129196e+01,4.598387355911421004e+00,4.026577079804448123e-01
4.465988793328784112e+01,4.488019093358180278e+00,4.009139294762309458e-01
4.478200171161650189e+01,4.375750426351924460e+00,4.169971106558565954e-01
4.490230736716841164e+01,4.261546334574538797e+00,4.537311990038853105e-01
4.502071172283320522e+01,4.145372360409616874e+00,5.123835630715122269e-01
4.513745751296755060e+01,4.026841884234483082e+00,5.932035763867982148e-01
4.525208586018180057e+01,3.906262674341696606e+00,6.961069329026988717e-01
4.536415651469547328e+01,3.783968178325990195e+00,8.210435153822275289e-01
4.547389372037306288e+01,3.659575798670154256e+00,9.698455039796904931e-01
4.558117352067386463e+01,3.533058063395034587e+00,1.144784383700834463e+00
4.568586489837021958e+01,3.404390499155220073e+00,1.349510029867547978e+00
4.578782980646612799e+01,3.273552040562681231e+00,1.588390720601223105e+00
4.588692305408404337e+01,3.140525740741289873e+00,1.867562039911332628e+00
4.598299223617070908e+01,3.005299617108885712e+00,2.194138920570755769e+00
4.607587780308622172e+01,2.867867538946911043e+00,2.577504575156682520e+00
4.616541330667184440e+01,2.728230118235822399e+00,3.028501368413300643e+00
4.625142572519440876e+01,2.586395775744728454e+00,3.561492895104998446e+00
4.633373601151055965e+01,2.442381805220973590e+00,4.193324769658878459e+00
4.641215985260623000e+01,2.296215465530129229e+00,4.946333630065372411e+00
4.648650861550601121e+01,2.147935175881746428e+00,5.847050578523766085e+00
4.655659059257516930e+01,1.997591629695282256e+00,6.932738194193161618e+00
4.662221250624589430e+01,1.845248887709051377e+00,8.247085527762216373e+00
4.668318130106064245e+01,1.690985376170969223e+00,9.862354208011044676e+00
4.673930623322245026e+01,1.534894705125097181e+00,1.184297002982297187e+01
4.679040121497335036e+01,1.377086312803439849e+00,1.439341703770146630e+01
4.683628741003243334e+01,1.217685800174193034e+00,1.749047073533860441e+01
4.687679601512878236e+01,1.056834908219933089e+00,2.214578784136048384e+01
4.691177113498144280e+01,8.946911522369415115e-01,2.688519272601433130e+01
4.694107268192656335e+01,7.314269940372796208e-01,3.893420404178044691e+01
4.696545252825908534e+01,5.601975796658872353e-01,4.420601413024204618e+01
4.698341878609696920e+01,3.881771542932965779e-01,9.968424350079513374e+01
4.699584831709359634e+01,1.942653098773038933e-01,1.229327360207934987e+02
4.699999999999997868e+01,-3.803569911973666149e-17,8.180994064803086303e+02
