x,y,stress
9.999999999999994449e-01,8.027676974056477462e-16,7.496902698389571924e+02
1.003267487674541103e+00,2.310093772629365771e-01,1.073668018791533569e+02
1.013062174944450833e+00,4.618341683879726434e-01,7.587401672659906637e+01
1.027220468337268544e+00,6.665949690004361328e-01,2.915630811501320707e+01
1.046485875473794680e+00,8.709385631000869932e-01,2.033886464543644479e+01
1.067849530988620232e+00,1.051970777811959801e+00,1.104627360909439737e+01
1.093182879753256787e+00,1.232490319363563902e+00,7.525227214516836405e+00
1.119797902663761668e+00,1.397073930598921043e+00,5.069368674066637936e+00
1.149672297930911968e+00,1.561097274114954470e+00,3.483044102611684956e+00
1.182599101780964945e+00,1.723689736321164512e+00,2.464264126642288222e+00
1.218681756099232238e+00,1.885611134599543881e+00,1.769105120773690087e+00
1.257880399653656944e+00,2.046806603623429144e+00,1.298842045489151165e+00
1.300152565323286824e+00,2.207223537298944382e+00,9.692079214286022371e-01
1.345453410361094670e+00,2.366811697861824992e+00,7.342161664227787599e-01
1.393735939714306538e+00,2.525523266307532655e+00,5.641226427556857992e-01
1.444951237566711510e+00,2.683312903869055521e+00,4.392646953998779469e-01
1.499048711200209327e+00,2.840137831103144439e+00,3.472857842016756624e-01
1.555976307384742130e+00,2.995957811397058190e+00,2.793845580788248406e-01
1.615680724320379680e+00,3.150735130975227172e+00,2.295153478469849628e-01
1.679906324587533417e+00,3.308751356387867215e+00,1.922725213816492695e-01
1.746950128493103493e+00,3.465592694206146351e+00,1.666163316989303089e-01
1.816430629255836537e+00,3.620527365632931538e+00,1.484485693529683237e-01
1.888583602262964289e+00,3.774235732449469527e+00,1.381629956178588026e-01
1.961599198512785192e+00,3.923196982365513730e+00,1.328508322438901323e-01
2.037051344569866362e+00,4.070939066654760019e+00,1.315148037773629652e-01
2.114883562696287189e+00,4.217441329452210397e+00,1.333477499405560096e-01
2.195039589719558037e+00,4.362685250437589701e+00,1.377759350251324399e-01
2.277463499389535073e+00,4.506654349976105145e+00,1.443948012461024055e-01
2.362099821302062086e+00,4.649334106641634712e+00,1.529339084409267746e-01
2.448893651719961984e+00,4.790711876583879203e+00,1.632318749623303811e-01
2.537790719690020680e+00,4.930776757414608191e+00,1.751929363250857019e-01
2.628737479496093155e+00,5.069519515293884560e+00,1.887769952175457622e-01
2.721681222432368319e+00,5.206932551502314155e+00,2.039968589734118543e-01
2.817271850927300481e+00,5.344001063856906875e+00,2.209901112834258274e-01
2.914784132001899675e+00,5.479709265359188564e+00,2.396902791798664889e-01
3.021786486342028066e+00,5.624196489928730891e+00,2.617160832605405218e-01
3.130891963137616418e+00,5.767102325746014557e+00,2.857900031097471150e-01
3.235041728381967019e+00,5.899648636136897828e+00,3.102679584402636137e-01
3.340937736812785275e+00,6.030804069346345386e+00,3.365710251145598852e-01
3.446811673747726790e+00,6.158521408766583605e+00,3.642645163685321319e-01
3.554286051457636209e+00,6.284894980906536865e+00,3.937232697530276826e-01
3.663317410427728849e+00,6.409927644937626567e+00,4.249342666578850847e-01
3.773863498731118593e+00,6.533623150590133655e+00,4.578672343482794727e-01
3.885883079863082568e+00,6.655985854151950321e+00,4.924877476785390895e-01
3.999336038227945700e+00,6.777020785689283677e+00,5.287494970587892640e-01
4.114183349487764652e+00,6.896733566222424727e+00,5.666040705493015084e-01
4.230386986554364626e+00,7.015130269397954699e+00,6.059953231632830839e-01
4.347910067856631144e+00,7.132217538463161866e+00,6.468656756508092132e-01
4.466716622309047757e+00,7.248002317133369843e+00,6.891534389661895244e-01
4.588289660794786506e+00,7.363923872120101244e+00,7.333473109938686285e-01
4.711107704947604446e+00,7.478525563306621216e+00,7.788658838495279291e-01
4.847915693171259477e+00,7.603353338436741993e+00,8.304661069533060269e-01
4.986151119767389339e+00,7.726598538742548428e+00,8.834932021157020365e-01
5.120291384014909575e+00,7.843549225776094147e+00,9.357150580236077708e-01
5.255673259207010339e+00,7.959060401380933847e+00,9.890766519441435145e-01
5.383015592177527786e+00,8.065496736105819409e+00,1.039818527234734002e+00
5.511378677747807764e+00,8.170699815726633730e+00,1.091421232460095592e+00
5.640679638859553258e+00,8.274634534805546338e+00,1.143803871984832687e+00
5.770946921723971279e+00,8.377355542675621436e+00,1.196927269111407677e+00
5.902155175764693062e+00,8.478872366064598154e+00,1.250732305846262715e+00
6.034279363982865796e+00,8.579194227360266822e+00,1.305162411681494161e+00
6.167294907314659014e+00,8.678330182808322135e+00,1.360162950920436487e+00
6.301178958460787349e+00,8.776290064701482763e+00,1.415681277469027721e+00
6.435909383262592875e+00,8.873083689476176872e+00,1.471665047281278893e+00
6.571463696401875332e+00,8.968720116342515425e+00,1.528063515354226576e+00
6.707820337792324672e+00,9.063208591864951202e+00,1.584822443596725750e+00
6.844958860793897593e+00,9.156558662015076067e+00,1.641920447533233185e+00
6.989561409208351783e+00,9.253220530426904844e+00,1.701964161218343374e+00
7.134978973812011738e+00,9.348651924118668077e+00,1.762589760738887401e+00
7.298113411691144137e+00,9.453657930163378964e+00,1.830545448967775712e+00
7.462205625646315177e+00,9.557160875367191721e+00,1.898166100667477485e+00
7.618263803152820479e+00,9.653686361371596192e+00,1.962443673013508194e+00
7.775130511022664059e+00,9.748892274430597027e+00,2.026757829697455104e+00
7.918634991191652261e+00,9.834435496974188951e+00,2.085371857674804374e+00
8.062774846887643676e+00,9.918903739803452524e+00,2.143980092081759992e+00
8.206517333186390317e+00,1.000172487070358862e+01,2.202128985722230592e+00
8.350855601497999103e+00,1.008350328682311137e+01,2.260198821277968673e+00
8.495774935038033604e+00,1.016424738812504280e+01,2.318158027320578185e+00
8.641261161712264993e+00,1.024396553986992409e+01,2.375974800490072258e+00
8.787300495851894766e+00,1.032266598741090213e+01,2.433620932183705676e+00
8.933879437950553282e+00,1.040035680951716657e+01,2.491064451513746558e+00
9.080984928231336184e+00,1.047704600745498560e+01,2.548280105847364752e+00
9.228604237378474906e+00,1.055274145175062905e+01,2.605236042989679923e+00
9.376724999447720421e+00,1.062745090509804591e+01,2.661906997633381344e+00
9.525335188162491917e+00,1.070118201515822953e+01,2.718263727427712162e+00
9.678037873591106788e+00,1.077569163584809608e+01,2.775629548367714694e+00
9.831229464329005907e+00,1.084919083688189012e+01,2.832617879463564581e+00
1.000299977883081581e+01,1.093014728538378932e+01,2.895808451371265413e+00
1.017534977072158320e+01,1.100986222457639130e+01,2.958426719409726680e+00
1.035897768897546989e+01,1.109316068660601218e+01,3.024265695210419214e+00
1.054322342902997534e+01,1.117508356533369529e+01,3.089346820425464824e+00
1.070908521982049955e+01,1.124744353130248697e+01,3.147098741077800632e+00
1.087541810174572809e+01,1.131871395441093853e+01,3.204213219912332988e+00
1.102877379022107007e+01,1.138329583679894341e+01,3.256112839313959562e+00
1.118250858808420389e+01,1.144697000878156068e+01,3.307419024747763281e+00
1.133614627245193063e+01,1.150955399159286685e+01,3.357886869849497913e+00
1.149014341757217572e+01,1.157124818635412922e+01,3.407744905375993394e+00
1.164449160830692165e+01,1.163205860505644829e+01,3.457169603127883128e+00
1.179918277100658663e+01,1.169199120476419829e+01,3.505445158657832572e+00
1.195420898994339787e+01,1.175105181733579585e+01,3.553115506571749016e+00
1.210956247779041028e+01,1.180924614321059174e+01,3.599994108183492969e+00
1.226523567086490196e+01,1.186657979152071896e+01,3.646075582352965583e+00
1.242122116428140366e+01,1.192305825884292503e+01,3.691330336478545693e+00
1.257751175982482472e+01,1.197868694987660554e+01,3.735728002806778747e+00
1.273410037455658461e+01,1.203347114779946381e+01,3.779254877200189711e+00
1.289635451169449887e+01,1.208924755515598193e+01,3.823296688892421358e+00
1.305891258658738963e+01,1.214413185277057927e+01,3.866374300159116650e+00
1.324171199018074496e+01,1.220467535949875426e+01,3.913459525673793404e+00
1.342487503666886539e+01,1.226410968087147424e+01,3.959221800352391796e+00
1.362394621753920454e+01,1.232733092016289334e+01,4.007306219183779383e+00
1.382342153828836651e+01,1.238926523485232778e+01,4.053642879870994697e+00
1.400504968139224182e+01,1.244444384808046422e+01,4.094299014408506743e+00
1.418699316841810010e+01,1.249857360743505375e+01,4.133476421409615575e+00
1.435007203549139199e+01,1.254612951692563882e+01,4.167282162106134002e+00
1.451339072291366250e+01,1.259285519087901406e+01,4.199881022145786069e+00
1.467311276008201482e+01,1.263769015594020928e+01,4.230519140891958685e+00
1.483305267990312615e+01,1.268174155783740353e+01,4.259954643206119052e+00
1.499320528687890963e+01,1.272501334830753628e+01,4.288163296428926685e+00
1.515356548224404243e+01,1.276750939263019369e+01,4.315130668339135056e+00
1.531412826415163053e+01,1.280923347170952553e+01,4.340843869342169370e+00
1.547488873102958706e+01,1.285018928480694811e+01,4.365288218916491658e+00
1.563584207207707699e+01,1.289038044885738010e+01,4.388447727731746184e+00
1.579698356090396061e+01,1.292981049870389398e+01,4.410313957023922704e+00
1.595830855912315194e+01,1.296848288975545493e+01,4.430880553734176885e+00
1.611981251101203938e+01,1.300640099833877450e+01,4.450146244518554006e+00
1.628265585503044477e+01,1.304383305804628534e+01,4.468208309448119309e+00
1.644567170662871902e+01,1.308050656963023606e+01,4.484986211250530985e+00
1.662496396131228593e+01,1.311992753732302042e+01,4.501826286264964061e+00
1.680445336124669709e+01,1.315844092981893887e+01,4.517106439493880465e+00
1.700686981039464030e+01,1.320074272395647519e+01,4.532344975241550777e+00
1.720952133964984654e+01,1.324190362434532808e+01,4.545519245037660916e+00
1.741401157101439523e+01,1.328224226965417998e+01,4.556791816186791522e+00
1.761872495249618709e+01,1.332143275029779694e+01,4.565972179199484948e+00
1.780066353380766486e+01,1.335527053884873183e+01,4.572496223989185538e+00
1.798276674096761241e+01,1.338821087749201055e+01,4.577470721815523724e+00
1.814783585780462971e+01,1.341727340290931814e+01,4.580687390719646146e+00
1.831303199021082051e+01,1.344560504479446372e+01,4.582711175656422498e+00
1.847666166567565327e+01,1.347292985330543225e+01,4.583545127103745287e+00
1.864040855159650789e+01,1.349954326229950929e+01,4.583247941054458430e+00
1.880426913199351802e+01,1.352544747451137575e+01,4.581859490554808900e+00
1.896823992772014478e+01,1.355064462670504888e+01,4.579413932124644759e+00
1.913231749820973704e+01,1.357513679101609405e+01,4.575953277528530982e+00
1.929649846561340354e+01,1.359892597937303016e+01,4.571518491638048687e+00
1.946077949339647262e+01,1.362201414092019824e+01,4.566159948919330525e+00
1.962515726378101633e+01,1.364440315978312768e+01,4.559925717845252358e+00
1.978962849688286596e+01,1.366609485876342944e+01,4.552860586957315547e+00
1.995418997025700136e+01,1.368709100252544530e+01,4.545038672674444946e+00
2.012197208808374427e+01,1.370777287122714050e+01,4.536311863648408327e+00
2.028984124454948201e+01,1.372773597007375379e+01,4.526971127405431616e+00
2.047692757684657394e+01,1.374912850189930147e+01,4.515783467272341589e+00
2.066411326279524019e+01,1.376963351402089586e+01,4.503979481128919993e+00
2.087498257431023774e+01,1.379166095937696745e+01,4.489980015572988314e+00
2.108596583087701504e+01,1.381256887605349704e+01,4.475353958368316398e+00
2.129406717687259842e+01,1.383208755274329249e+01,4.460552846612138467e+00
2.150226725455716448e+01,1.385052330951578270e+01,4.445415993920224018e+00
2.168717150124091120e+01,1.386598385727557137e+01,4.431904685492646045e+00
2.187214485691882615e+01,1.388059436467347219e+01,4.418390043801618816e+00
2.203947910717396397e+01,1.389307643469347653e+01,4.406262157438804117e+00
2.220686360748873156e+01,1.390486552173090296e+01,4.394312342133479099e+00
2.237239568932610112e+01,1.391584056523651824e+01,4.382723041287293064e+00
2.253797117721490295e+01,1.392614006147775640e+01,4.371430998838644832e+00
2.270358725187942639e+01,1.393576482373260816e+01,4.360500984414920289e+00
2.286924111911240587e+01,1.394471561176301400e+01,4.350003208812122324e+00
2.303492999621298054e+01,1.395299313123715557e+01,4.340005190655135792e+00
2.320065110791746577e+01,1.396059803385731968e+01,4.330567174609299741e+00
2.336640169430030411e+01,1.396753091802086821e+01,4.321748462416141301e+00
2.353217900449422473e+01,1.397379232874000543e+01,4.313604717046062298e+00
2.369798029796124794e+01,1.397938275791243612e+01,4.306192272993434322e+00
2.386380284342953928e+01,1.398430264445555693e+01,4.299561254456963688e+00
2.403255110699991803e+01,1.398862089375687212e+01,4.293643586474442664e+00
2.420131569161259222e+01,1.399224563657224785e+01,4.288647030009702377e+00
2.438909618651524980e+01,1.399546380627655751e+01,4.284141067695062866e+00
2.457688942235442653e+01,1.399782420952625728e+01,4.280826100740980245e+00
2.478844191387327101e+01,1.399945606969981071e+01,4.278510198616695348e+00
2.500000000000004263e+01,1.399999999999999112e+01,4.277695275837700706e+00
2.521155808612681071e+01,1.399945606969980716e+01,4.278460234351918245e+00
2.542311057764565518e+01,1.399782420952625728e+01,4.280730348240986416e+00
2.561090381348484968e+01,1.399546380627655751e+01,4.284086704778419019e+00
2.579868430838746463e+01,1.399224563657224607e+01,4.288627741538599381e+00
2.596744889300019921e+01,1.398862089375686502e+01,4.293643717417801042e+00
2.613619715657052822e+01,1.398430264445555338e+01,4.299579356980649081e+00
2.630201970203890838e+01,1.397938275791243257e+01,4.306197833348771375e+00
2.646782099550582856e+01,1.397379232874000188e+01,4.313596074363329258e+00
2.663359830569975983e+01,1.396753091802086111e+01,4.321709463405271734e+00
2.679934889208260529e+01,1.396059803385731612e+01,4.330497369478841563e+00
2.696507000378708341e+01,1.395299313123715379e+01,4.339906751163920440e+00
2.713075888088765097e+01,1.394471561176300867e+01,4.349876197764811714e+00
2.729641274812063401e+01,1.393576482373260106e+01,4.360347048094055822e+00
2.746202882278516455e+01,1.392614006147775108e+01,4.371250344564051815e+00
2.762760431067396283e+01,1.391584056523651647e+01,4.382523344608616256e+00
2.779313639251132528e+01,1.390486552173089585e+01,4.394093905425314084e+00
2.796052089282609998e+01,1.389307643469346587e+01,4.406025827894165303e+00
2.812785514308123780e+01,1.388059436467346686e+01,4.418137527635394690e+00
2.831282849875916696e+01,1.386598385727556426e+01,4.431634615697527479e+00
2.849773274544291368e+01,1.385052330951577204e+01,4.445131423908577517e+00
2.870593282312748684e+01,1.383208755274328006e+01,4.460246643876491390e+00
2.891403416912308799e+01,1.381256887605348460e+01,4.475028448533031167e+00
2.912501742568985108e+01,1.379166095937695680e+01,4.489636905414058354e+00
2.933588673720483797e+01,1.376963351402088520e+01,4.503617273070601001e+00
2.952307242315350422e+01,1.374912850189929081e+01,4.515408354226515542e+00
2.971015875545059259e+01,1.372773597007374136e+01,4.526580843064903270e+00
2.987802791191632323e+01,1.370777287122712806e+01,4.535914731090099572e+00
3.004581002974305193e+01,1.368709100252543465e+01,4.544632170238901203e+00
3.021037150311719088e+01,1.366609485876341701e+01,4.552445244440159300e+00
3.037484273621904762e+01,1.364440315978311702e+01,4.559501929343158899e+00
3.053922050660359488e+01,1.362201414092018936e+01,4.565728562328173368e+00
3.070350153438665686e+01,1.359892597937301773e+01,4.571078582876038077e+00
3.086768250179032691e+01,1.357513679101607629e+01,4.575503188192965531e+00
3.103176007227991917e+01,1.355064462670503644e+01,4.578954130415284318e+00
3.119573086800653883e+01,1.352544747451136509e+01,4.581389777917617145e+00
3.135959144840354540e+01,1.349954326229949686e+01,4.582767093048847329e+00
3.152333833432439647e+01,1.347292985330541626e+01,4.583054038851348544e+00
3.168696800978924344e+01,1.344560504479444951e+01,4.582212408998601383e+00
3.185216414219543068e+01,1.341727340290930393e+01,4.580183992775971547e+00
3.201723325903243023e+01,1.338821087749199279e+01,4.576968457601208407e+00
3.219933646619239909e+01,1.335527053884871229e+01,4.571989877888716691e+00
3.238127504750389107e+01,1.332143275029777563e+01,4.565472062275870435e+00
3.258598842898567938e+01,1.328224226965416221e+01,4.556290472083080800e+00
3.279047866035023162e+01,1.324190362434530321e+01,4.545019675294633466e+00
3.299313018960540234e+01,1.320074272395645565e+01,4.531846287689464070e+00
3.319554663875332068e+01,1.315844092981892821e+01,4.516605993674303932e+00
3.337503603868773894e+01,1.311992753732300976e+01,4.501328597935985165e+00
3.355432829337131295e+01,1.308050656963022185e+01,4.484484026197579354e+00
3.371734414496960142e+01,1.304383305804626225e+01,4.467703460426116102e+00
3.388018748898802102e+01,1.300640099833875318e+01,4.449635213755207097e+00
3.404169144087691024e+01,1.296848288975543717e+01,4.430363098332628979e+00
3.420301643909608913e+01,1.292981049870387089e+01,4.409788154460338561e+00
3.436415792792297452e+01,1.289038044885735523e+01,4.387914234846909345e+00
3.452511126897046978e+01,1.285018928480692857e+01,4.364747103576927856e+00
3.468587173584842276e+01,1.280923347170950599e+01,4.340299122630687734e+00
3.484643451775600909e+01,1.276750939263017059e+01,4.314581568574477721e+00
3.500679471312114543e+01,1.272501334830751141e+01,4.287612217288679695e+00
3.516694732009693070e+01,1.268174155783738044e+01,4.259402009149998669e+00
3.532688723991803670e+01,1.263769015594018619e+01,4.229969303942842096e+00
3.548660927708638724e+01,1.259285519087899097e+01,4.199336803684432518e+00
3.564992796450866308e+01,1.254612951692561218e+01,4.166740462718155236e+00
3.581300683158197984e+01,1.249857360743502355e+01,4.132946559351847959e+00
3.599495031860781324e+01,1.244444384808043935e+01,4.093776964255726014e+00
3.617657846171168501e+01,1.238926523485230113e+01,4.053139548623036603e+00
3.637605378246090027e+01,1.232733092016284893e+01,4.006811862023791804e+00
3.657512496333129803e+01,1.226410968087141384e+01,3.958748081372676975e+00
3.675828800981938116e+01,1.220467535949870630e+01,3.912993207826384712e+00
3.694108741341269564e+01,1.214413185277053842e+01,3.865905267383255683e+00
3.710364548830558817e+01,1.208924755515593752e+01,3.822821214490368380e+00
3.726589962544349532e+01,1.203347114779942828e+01,3.778769823916687365e+00
3.742248824017526232e+01,1.197868694987656468e+01,3.735235116459960647e+00
3.757877883571870115e+01,1.192305825884287351e+01,3.690827577793597936e+00
3.773476432913519574e+01,1.186657979152066567e+01,3.645562451596133791e+00
3.789043752220968742e+01,1.180924614321054733e+01,3.599467138466134752e+00
3.804579101005669628e+01,1.175105181733575321e+01,3.552570533837988265e+00
3.820081722899349330e+01,1.169199120476415210e+01,3.504897718836851528e+00
3.835550839169316362e+01,1.163205860505640032e+01,3.456477516837344499e+00
3.850985658242790066e+01,1.157124818635408836e+01,3.407335782748412534e+00
3.866385372754814398e+01,1.150955399159282955e+01,3.357500658967727869e+00
3.881749141191585295e+01,1.144697000878152160e+01,3.306998819452324323e+00
3.897122620977899032e+01,1.138329583679889900e+01,3.255698204716992894e+00
3.912458189825434829e+01,1.131871395441089412e+01,3.203794922636162390e+00
3.929091478017959815e+01,1.124744353130243546e+01,3.146688150943902862e+00
3.945677657097013480e+01,1.117508356533363312e+01,3.088924716804961168e+00
3.964102231102464202e+01,1.109316068660594112e+01,3.023844793966004474e+00
3.982465022927855358e+01,1.100986222457631492e+01,2.958005500903314822e+00
3.999700022116932985e+01,1.093014728538371472e+01,2.895380912866422296e+00
4.016877053567112910e+01,1.084919083688180486e+01,2.832194344549169962e+00
4.032196212640904776e+01,1.077569163584800371e+01,2.775194736322490474e+00
4.047466481183766263e+01,1.070118201515814249e+01,2.717826361764695609e+00
4.062327500055241813e+01,1.062745090509796420e+01,2.661462051976651644e+00
4.077139576262165122e+01,1.055274145175054556e+01,2.604786596679226296e+00
4.091901507176878283e+01,1.047704600745490744e+01,2.547825860677815690e+00
4.106612056204956218e+01,1.040035680951709374e+01,2.490605749234780841e+00
4.121269950414821892e+01,1.032266598741082753e+01,2.433156958990839058e+00
4.135873883828784159e+01,1.024396553986984415e+01,2.375505922979726403e+00
4.150422506496207120e+01,1.016424738812496464e+01,2.317684018610005392e+00
4.164914439850210215e+01,1.008350328682303676e+01,2.259719861255641504e+00
4.179348266681369495e+01,1.000172487070352112e+01,2.201644340588730930e+00
4.193722515311245047e+01,9.918903739803377917e+00,2.143489551546753358e+00
4.208136500880846143e+01,9.834435496974101909e+00,2.084873030772929514e+00
4.222486948897749670e+01,9.748892274430490446e+00,2.026249547556452146e+00
4.238173619684730653e+01,9.653686361371500269e+00,1.961893895083731465e+00
4.253779437435378696e+01,9.557160875367102904e+00,1.897604601261435597e+00
4.270188658830897310e+01,9.453657930163274159e+00,1.829779966019521087e+00
4.286502102618815258e+01,9.348651924118545509e+00,1.762141510479193318e+00
4.301043859079180010e+01,9.253220530426789381e+00,1.701708876581762508e+00
4.315504113920622586e+01,9.156558662014965932e+00,1.641543605891693902e+00
4.329217966220781477e+01,9.063208591864826857e+00,1.584438965059131954e+00
4.342853630359829253e+01,8.968720116342385751e+00,1.527662766650078163e+00
4.356409061673758032e+01,8.873083689476040092e+00,1.471257167893867734e+00
4.369882104153938229e+01,8.776290064701329996e+00,1.415268162847453048e+00
4.383270509268550796e+01,8.678330182808167592e+00,1.359747768959794323e+00
4.396572063601732339e+01,8.579194227360108727e+00,1.304745743978457773e+00
4.409784482423549434e+01,8.478872366064436505e+00,1.250313756794400044e+00
4.422905307827620192e+01,8.377355542675456235e+00,1.196507441872467270e+00
4.435932036114061816e+01,8.274634534805375807e+00,1.143385494782098943e+00
4.448862132225237787e+01,8.170699815726461424e+00,1.091005472062834603e+00
4.461698440782264896e+01,8.065496736105652431e+00,1.039405304564331001e+00
4.474432674079314154e+01,7.959060401380773087e+00,9.886670774034806985e-01
4.487970861598524408e+01,7.843549225775925393e+00,9.353151527805567689e-01
4.501384888023278563e+01,7.726598538742371680e+00,8.831040525320952295e-01
4.515208430682890395e+01,7.603353338436573239e+00,8.300907201459868379e-01
4.528889229505254121e+01,7.478525563306452462e+00,7.785053290700191253e-01
4.541171033920534938e+01,7.363923872119932490e+00,7.330065918020876037e-01
4.553328337769109879e+01,7.248002317133203753e+00,6.888346052116861573e-01
4.565208993214353228e+01,7.132217538462983342e+00,6.465701321777502786e-01
4.576961301344578459e+01,7.015130269397762852e+00,6.057256219844534550e-01
4.588581665051237479e+01,6.896733566222235545e+00,5.663621591726195614e-01
4.600066396177220440e+01,6.777020785689095383e+00,5.285368929877671818e-01
4.611411692013706443e+01,6.655985854151770020e+00,4.923023153920347839e-01
4.622613650126900353e+01,6.533623150589958684e+00,4.577104274699109743e-01
4.633668258957239772e+01,6.409927644937442714e+00,4.248032435449816124e-01
4.644571394854249746e+01,6.284894980906348572e+00,3.936176794368302922e-01
4.655318832625240333e+01,6.158521408766394423e+00,3.641854483582980251e-01
4.665906226318733019e+01,6.030804069346157981e+00,3.365187227970549699e-01
4.676495827161814134e+01,5.899648636136714863e+00,3.102439181478609531e-01
4.686910803686250659e+01,5.767102325745824487e+00,2.857950471241245682e-01
4.697821351365804787e+01,5.624196489928599441e+00,2.617617717050355064e-01
4.708521586799811587e+01,5.479709265359111292e+00,2.397788740028700960e-01
4.718272814907272306e+01,5.344001063856824274e+00,2.211235718046567211e-01
4.727831877756766943e+01,5.206932551502220896e+00,2.041868972792551251e-01
4.737126252050395436e+01,5.069519515293780643e+00,1.890197526864335342e-01
4.746220928031002018e+01,4.930776757414488287e+00,1.754854131612424983e-01
4.755110634828007221e+01,4.790711876583763740e+00,1.635801475179863851e-01
4.763790017869798277e+01,4.649334106641516584e+00,1.533399010564377440e-01
4.772253650061050934e+01,4.506654349975995011e+00,1.448503114399350422e-01
4.780496041028046506e+01,4.362685250437485784e+00,1.382804298686710620e-01
4.788511643730372924e+01,4.217441329452107368e+00,1.339053181273485715e-01
4.796294865543016073e+01,4.070939066654660543e+00,1.321238673213017967e-01
4.803840080148724923e+01,3.923196982365399155e+00,1.335083639937435784e-01
4.811141639773706657e+01,3.774235732449330971e+00,1.388407155477905941e-01
4.818356937074418056e+01,3.620527365632821848e+00,1.494653221603673976e-01
4.825304987150691005e+01,3.465592694206070856e+00,1.667384874546496420e-01
4.832009367541248679e+01,3.308751356387767295e+00,1.925843736384423577e-01
4.838431927567963697e+01,3.150735130975088616e+00,2.294531274583838099e-01
4.844402369261528207e+01,2.995957811396903647e+00,2.789183910843645031e-01
4.850095128879983264e+01,2.840137831102973021e+00,3.462009588044517305e-01
4.855504876243331580e+01,2.683312903868920074e+00,4.373684483310921745e-01
4.860626406028568880e+01,2.525523266307431847e+00,5.615315222475161239e-01
4.865454658963889756e+01,2.366811697861719743e+00,7.313653557852499709e-01
4.869984743467671962e+01,2.207223537298842242e+00,9.673561442336544580e-01
4.874211960034634927e+01,2.046806603623334109e+00,1.300925533725126204e+00
4.878131824390074911e+01,1.885611134599456840e+00,1.782464782912608126e+00
4.881740089821900597e+01,1.723689736321110111e+00,2.489865614150231998e+00
4.885032770206907315e+01,1.561097274114929601e+00,3.573973300030054645e+00
4.888020209733622323e+01,1.397073930598904390e+00,5.150521455004493099e+00
4.890681712024670702e+01,1.232490319363541920e+00,7.927457883968263452e+00
4.893215046901134002e+01,1.051970777811974012e+00,1.150132654132046817e+01
4.895351412452617268e+01,8.709385631001331785e-01,2.109651028944179174e+01
4.897277953166270237e+01,6.665949690005158468e-01,2.825659663767635266e+01
4.898693782505550587e+01,4.618341683880802240e-01,7.661682496121508734e+01
4.899673251232542270e+01,2.310093772629919495e-01,1.071221726634292395e+02
4.899999999999997868e+01,-4.486836539198455331e-17,7.500201531823546475e+02
