x,y,stress
1.999999999999998890e+00,7.436542081294272808e-16,8.784567629297821441e+02
2.003364029386295986e+00,2.223353107623883274e-01,1.265526266414043448e+02
2.013446767897088652e+00,4.444673875588313061e-01,1.046478108557343774e+02
2.028012815412941539e+00,6.414171009316004257e-01,4.273234852543764362e+01
2.047825117576844267e+00,8.379084593948353810e-01,3.808998451639448746e+01
2.069783246499719898e+00,1.011906414242263796e+00,2.499721594724131180e+01
2.095808598806178313e+00,1.185342705673776864e+00,2.035389852094882812e+01
2.124214741544256047e+00,1.349254396583449589e+00,1.555423035357813966e+01
2.156200428652410128e+00,1.512505384922429252e+00,1.247382475979001093e+01
2.191719875849076349e+00,1.675024173584150899e+00,9.896195318383949058e+00
2.230723251527644280e+00,1.836742278939240469e+00,7.945859828602345409e+00
2.273157025717067015e+00,1.997594405531383233e+00,6.386631794004333784e+00
2.318964331529182576e+00,2.157518594083510433e+00,5.159161822165497568e+00
2.368085335115746037e+00,2.316456342772282628e+00,4.181815308440117285e+00
2.420457601227662181e+00,2.474352675648328059e+00,3.404494599068151661e+00
2.476016460807359820e+00,2.631156197848194100e+00,2.786079948633096937e+00
2.534695369606846160e+00,2.786819113805353521e+00,2.277534927630299855e+00
2.596435103287368040e+00,2.941318746156722508e+00,1.843303510712090976e+00
2.661158365118330149e+00,3.094592544456687744e+00,1.532586757463779703e+00
2.730247497424334480e+00,3.249784889525101583e+00,1.265984944238356391e+00
2.802298413936848309e+00,3.403624634729601528e+00,1.053302051221779445e+00
2.875653606099524584e+00,3.552934071347750411e+00,8.833001998445947356e-01
2.951705445241363801e+00,3.700888239904542854e+00,7.447230885214709550e-01
3.030383041022799429e+00,3.847463083887701085e+00,6.315963011166850771e-01
3.111615895562492629e+00,3.992637453586059149e+00,5.398468266651610392e-01
3.195334106216263681e+00,4.136392990706982964e+00,4.663736748067576765e-01
3.281468555348757032e+00,4.278714015640440849e+00,4.091544488154829073e-01
3.369951030833865158e+00,4.419587328364733558e+00,3.668636628285552037e-01
3.460714376580933394e+00,4.559002093479747053e+00,3.386013803468373995e-01
3.553692600965602910e+00,4.696949684240282252e+00,3.234523162006610053e-01
3.648820955624978435e+00,4.833423512277763123e+00,3.201325683385208842e-01
3.746263758182999393e+00,4.968730118124248918e+00,3.269964037171698146e-01
3.845740537111469681e+00,5.102548533231631822e+00,3.421734011772151751e-01
3.952735707673306287e+00,5.241996423698971341e+00,3.651683031941379554e-01
4.061853633386914630e+00,5.379789687707780210e+00,3.935343878288169450e-01
4.167344228250900784e+00,5.509070822266496137e+00,4.243101075957540491e-01
4.274630527777994793e+00,5.636865754989666577e+00,4.579874433728244321e-01
4.383327213028924696e+00,5.762800946129035040e+00,4.938520569967891904e-01
4.493701680663889420e+00,5.887268349792915245e+00,5.315867792034251194e-01
4.605702793118300775e+00,6.010274190644182113e+00,5.709033147837763167e-01
4.719280892500631985e+00,6.131825480491907676e+00,6.115760730285786373e-01
4.834387808834088140e+00,6.251929964019813823e+00,6.534509522450496766e-01
4.950976972394837361e+00,6.370596174604034267e+00,6.963888520171972463e-01
5.069003260412674905e+00,6.487833219017388409e+00,7.402944171369154613e-01
5.188422933375353985e+00,6.603650675702784412e+00,7.850725204412715152e-01
5.309193697104668708e+00,6.718058622682274716e+00,8.306534031606269686e-01
5.431274626115160764e+00,6.831067532728006597e+00,8.769670311349362368e-01
5.559074152605130159e+00,6.946666656692680242e+00,9.256415008405327605e-01
5.688194562148052746e+00,7.060788558844498297e+00,9.749705879718814083e-01
5.826209700886235687e+00,7.179946656471050126e+00,1.027807020743158661e+00
5.965610846621646424e+00,7.297480337260490835e+00,1.081220305080912159e+00
6.094937631192904881e+00,7.404102250839098787e+00,1.130798958629369633e+00
6.225363567320585823e+00,7.509376814185587001e+00,1.180782536886063605e+00
6.355868050099155120e+00,7.612543388345099693e+00,1.230739306462512728e+00
6.487392211874076331e+00,7.714406849411202138e+00,1.280998455006286951e+00
6.619906356015195392e+00,7.814979392987456031e+00,1.331518520085036794e+00
6.753381518655637628e+00,7.914273013097161247e+00,1.382256192939310679e+00
6.887789975727963032e+00,8.012299892153693648e+00,1.433173935707745761e+00
7.023104682980764402e+00,8.109071989704537131e+00,1.484232350948780255e+00
7.159299641242546919e+00,8.204601319766053891e+00,1.535396481391348766e+00
7.296349702432263662e+00,8.298899815245471601e+00,1.586629360838044400e+00
7.434230522441493072e+00,8.391979304884017665e+00,1.637897497381629375e+00
7.572918663719209853e+00,8.483851590430761647e+00,1.689171249592563928e+00
7.715846683082754787e+00,8.576753372005228471e+00,1.741674916846917442e+00
7.859574957176121757e+00,8.668412242940732426e+00,1.794125770914900109e+00
8.020192844054145453e+00,8.768818184217996858e+00,1.852280616877643116e+00
8.181740470241798846e+00,8.867721327930173203e+00,1.910258525556940867e+00
8.336625159174396060e+00,8.960646757613274005e+00,1.965363412035631141e+00
8.492304499836391685e+00,9.052234701721859622e+00,2.020247154219585450e+00
8.636666083238557334e+00,9.135586561969773811e+00,2.070677002584461412e+00
8.781666714002035690e+00,9.217821714387440579e+00,2.120878717490975340e+00
8.926992448314663875e+00,9.298786876703182713e+00,2.170713502798324868e+00
9.072920859481699907e+00,9.378660707722092482e+00,2.220267092572375311e+00
9.219435926219139432e+00,9.457453405354733889e+00,2.269522055190872134e+00
9.366522021157658529e+00,9.535174946048242006e+00,2.318446157416430786e+00
9.514163981398992220e+00,9.611835134766403499e+00,2.367016665392506880e+00
9.662347254987851741e+00,9.687443688301062394e+00,2.415213517799513543e+00
9.811057703969778387e+00,9.762010139210625326e+00,2.463014608725008880e+00
9.960281543810326710e+00,9.835543815945165136e+00,2.510400690388710832e+00
1.011000548910027419e+01,9.908053924089362141e+00,2.557350024134096067e+00
1.026021656203595533e+01,9.979549460238526848e+00,2.603850556616211342e+00
1.041692328525304312e+01,1.005283063776177421e+01,2.651689984266461408e+00
1.057412952479344881e+01,1.012503402542797559e+01,2.699012399834391118e+00
1.075133538887059537e+01,1.020488310216134664e+01,2.751494181498866265e+00
1.092913684324649282e+01,1.028339705536010307e+01,2.803260799198129316e+00
1.110441237494528899e+01,1.035925902292992440e+01,2.853726140769340613e+00
1.128022981369786670e+01,1.043385649150404504e+01,2.902926599942769581e+00
1.143780060418493782e+01,1.049946261435516526e+01,2.946374529104404338e+00
1.159578087534956659e+01,1.056407649344160937e+01,2.989149625670822097e+00
1.175014191608390668e+01,1.062610590866612448e+01,3.030188918744030513e+00
1.190487248392071251e+01,1.068720772797572494e+01,3.070574569047075375e+00
1.205996341318422260e+01,1.074738914787281630e+01,3.110271935412685096e+00
1.221540568982794461e+01,1.080665718183770707e+01,3.149292781009924713e+00
1.237119050487643612e+01,1.086501868864735343e+01,3.187799291689787484e+00
1.252730944016284020e+01,1.092248044627900860e+01,3.225323025800611365e+00
1.268375425727926675e+01,1.097904907596890389e+01,3.262185830675318421e+00
1.284051685388482511e+01,1.103473103301653246e+01,3.298290073974089243e+00
1.299758938770718864e+01,1.108953265675866184e+01,3.333620361577076530e+00
1.315496418387427013e+01,1.114346014188623535e+01,3.368145320382486041e+00
1.331372008207455693e+01,1.119688179181720855e+01,3.402092558553944990e+00
1.347276741341402051e+01,1.124942944179826654e+01,3.435162125292684721e+00
1.364776746554360365e+01,1.130613965612850613e+01,3.470831156421265717e+00
1.382310092578378935e+01,1.136181053003744879e+01,3.505131980514712975e+00
1.401816522237753482e+01,1.142241706425314618e+01,3.542078437339010843e+00
1.421361722165167585e+01,1.148176140367544917e+01,3.577651821748669470e+00
1.439654882622247278e+01,1.153606927726858622e+01,3.609724007307046456e+00
1.457979915334464849e+01,1.158929179658946218e+01,3.640583087151542330e+00
1.474387722458332384e+01,1.163595714558213068e+01,3.667172870236601323e+00
1.490819637012143417e+01,1.168176639856249821e+01,3.692802421354665743e+00
1.506867001563068342e+01,1.172562086750216359e+01,3.716847235565497787e+00
1.522936140569032126e+01,1.176867064480963876e+01,3.739953411224186564e+00
1.539026503594609885e+01,1.181092025954341729e+01,3.762113873900501115e+00
1.555137551140132324e+01,1.185237413314674981e+01,3.783323836251442973e+00
1.571268755313379017e+01,1.189303658394200447e+01,3.803578728313200319e+00
1.587419599056814690e+01,1.193291182769124070e+01,3.822878804490721372e+00
1.603589576135067674e+01,1.197200398003027466e+01,3.841225569775823079e+00
1.619778189774234889e+01,1.201031705557209506e+01,3.858617538458985141e+00
1.635984952662440151e+01,1.204785497037044273e+01,3.875054720943132303e+00
1.652209388198172491e+01,1.208462154701070190e+01,3.890546141677638126e+00
1.668567914692163257e+01,1.212087667843682048e+01,3.905181486200480556e+00
1.684943424816925983e+01,1.215635682612989754e+01,3.918904141726865298e+00
1.702957332770373711e+01,1.219445615105654745e+01,3.932840613279137809e+00
1.720990594028916831e+01,1.223162867149290101e+01,3.945684128328525553e+00
1.741269037966133482e+01,1.227228360409147889e+01,3.958743014377630320e+00
1.761570343511160175e+01,1.231178111289177579e+01,3.970371024061333021e+00
1.781195287805840266e+01,1.234882913706080032e+01,3.980338963004380393e+00
1.800840101232866886e+01,1.238480873742045851e+01,3.989026427379594342e+00
1.818289743593026486e+01,1.241584770233368751e+01,3.995751963899122572e+00
1.835754015885242652e+01,1.244605265402574545e+01,4.001554848995823477e+00
1.852159988352545739e+01,1.247364905659070899e+01,4.006191596078817696e+00
1.868578061011556812e+01,1.250051621322698914e+01,4.010066878719613648e+00
1.885007226925391421e+01,1.252665571692271662e+01,4.013198037115109251e+00
1.901447750137890580e+01,1.255207112431570238e+01,4.015607313385973320e+00
1.917899266393947855e+01,1.257676486371802582e+01,4.017327467184554912e+00
1.934361418946963340e+01,1.260073929073463894e+01,4.018384461252693107e+00
1.950833855188960797e+01,1.262399668417032750e+01,4.018807894238836553e+00
1.967316226110794375e+01,1.264653924655806883e+01,4.018631993559433013e+00
1.983808187437010773e+01,1.266836910692277840e+01,4.017879307037598657e+00
2.000309399723963466e+01,1.268948832185775366e+01,4.016599081442943309e+00
2.016819527164381398e+01,1.270989887492538450e+01,4.014810304218812576e+00
2.033338238335837644e+01,1.272960267856901417e+01,4.012598651796007942e+00
2.050817407641517676e+01,1.274967448180805185e+01,4.009821331211262496e+00
2.068305427909540839e+01,1.276895992404345570e+01,4.006656056500085938e+00
2.088020289316923694e+01,1.278975021844437343e+01,4.002595400995122787e+00
2.107745370470504653e+01,1.280954744687240066e+01,3.998127979773799190e+00
2.128851064615923150e+01,1.282962361742688451e+01,3.992967299485000954e+00
2.149967200943027379e+01,1.284856997544636847e+01,3.987436972214617459e+00
2.168983330357585260e+01,1.286466068403905005e+01,3.982297695788324710e+00
2.188006950422873231e+01,1.287984017674054549e+01,3.977032689664145249e+00
2.205018367848740368e+01,1.289263946749409762e+01,3.972285413628182216e+00
2.222035087978270340e+01,1.290471331955390077e+01,3.967551581031824703e+00
2.238633984944884858e+01,1.291578977708555875e+01,3.962974204168464354e+00
2.255237328174974110e+01,1.292617849473504243e+01,3.958472865107407923e+00
2.271844825731556483e+01,1.293588041801523936e+01,3.954078884524944826e+00
2.288456188252898116e+01,1.294489642926192907e+01,3.949827720138067377e+00
2.305071127880095361e+01,1.295322734732356196e+01,3.945755769598582319e+00
2.321689357624803307e+01,1.296087392765602075e+01,3.941892431588351009e+00
2.338310592206493865e+01,1.296783686310479844e+01,3.938266528370609976e+00
2.354934547526267252e+01,1.297411678393950396e+01,3.934907813603620852e+00
2.371560940488051372e+01,1.297971425807534018e+01,3.931844925597969276e+00
2.388189489313592873e+01,1.298462979142204254e+01,3.929102280967690319e+00
2.404939078775850803e+01,1.298889170740974919e+01,3.926675786938469859e+00
2.421690283685603262e+01,1.299246271557018773e+01,3.924639067405936821e+00
2.440098633223932723e+01,1.299559034297815074e+01,3.922822003328562346e+00
2.458508210165123842e+01,1.299788447889756782e+01,3.921495705653851527e+00
2.479253835411832085e+01,1.299947113825133727e+01,3.920580562000616887e+00
2.499999999999970868e+01,1.299999999999999112e+01,3.920256278546468742e+00
2.520746164588113913e+01,1.299947113825133549e+01,3.920585018366703256e+00
2.541491789834825354e+01,1.299788447889757315e+01,3.921504631495118520e+00
2.559901366776022869e+01,1.299559034297815785e+01,3.922837073609605429e+00
2.578309716314350197e+01,1.299246271557019661e+01,3.924660471161911524e+00
2.595060921224112249e+01,1.298889170740975807e+01,3.926700640793027830e+00
2.611810510686363784e+01,1.298462979142205498e+01,3.929129413234089707e+00
2.628439059511917009e+01,1.297971425807535262e+01,3.931869877903502619e+00
2.645065452473687628e+01,1.297411678393951817e+01,3.934930385387663598e+00
2.661689407793462436e+01,1.296783686310481620e+01,3.938281122555634894e+00
2.678310642375152995e+01,1.296087392765603852e+01,3.941898917529586210e+00
2.694928872119860941e+01,1.295322734732358150e+01,3.945754836893827999e+00
2.711543811747057120e+01,1.294489642926195216e+01,3.949819588332679210e+00
2.728155174268399463e+01,1.293588041801526067e+01,3.954062687841530810e+00
2.744762671824982192e+01,1.292617849473506553e+01,3.958448939021941282e+00
2.761366015055071443e+01,1.291578977708558362e+01,3.962946090751347850e+00
2.777964912021684896e+01,1.290471331955392742e+01,3.967519501091013812e+00
2.794981632151214157e+01,1.289263946749412426e+01,3.972246862170827342e+00
2.811993049577079873e+01,1.287984017674058101e+01,3.976988469046579322e+00
2.831016669642363581e+01,1.286466068403909091e+01,3.982248573051092144e+00
2.850032799056919330e+01,1.284856997544641466e+01,3.987383134589685074e+00
2.871148935384023559e+01,1.282962361742693247e+01,3.992909185004675621e+00
2.892254629529441345e+01,1.280954744687245217e+01,3.998065890333673433e+00
2.911979710683025147e+01,1.278975021844442495e+01,4.002543448253939040e+00
2.931694572090409778e+01,1.276895992404350544e+01,4.006614134882873657e+00
2.949182592358436850e+01,1.274967448180810159e+01,4.009793891235191587e+00
2.966661761664120078e+01,1.272960267856906036e+01,4.012596192926888961e+00
2.983180472835575969e+01,1.270989887492543247e+01,4.014788818098384837e+00
2.999690600275993191e+01,1.268948832185780162e+01,4.016550848157904419e+00
3.016191812562945884e+01,1.266836910692282991e+01,4.017811870168029209e+00
3.032683773889162637e+01,1.264653924655812567e+01,4.018545471062740404e+00
3.049166144810996215e+01,1.262399668417038612e+01,4.018712087553860002e+00
3.065638581052992961e+01,1.260073929073469756e+01,4.018279038644990919e+00
3.082100733606009513e+01,1.257676486371808444e+01,4.017216464305565005e+00
3.098552249862066788e+01,1.255207112431576455e+01,4.015490282201800376e+00
3.114992773074565591e+01,1.252665571692278412e+01,4.013075830022210688e+00
3.131421938988399489e+01,1.250051621322705309e+01,4.009938984526819183e+00
3.147840011647411274e+01,1.247364905659077650e+01,4.006057973233640546e+00
3.164245984114714361e+01,1.244605265402581651e+01,4.001417822919505873e+00
3.181710256406928750e+01,1.241584770233376211e+01,3.995607496576314865e+00
3.199159898767084798e+01,1.238480873742053845e+01,3.988878569396822282e+00
3.218804712194109641e+01,1.234882913706088203e+01,3.980183803368612327e+00
3.238429656488789021e+01,1.231178111289186816e+01,3.970210251279501001e+00
3.258730962033818201e+01,1.227228360409156771e+01,3.958577317495358461e+00
3.279009405971037694e+01,1.223162867149298449e+01,3.945508699639268979e+00
3.297042667229586499e+01,1.219445615105662384e+01,3.932665431574714709e+00
3.315056575183039200e+01,1.215635682612996327e+01,3.918725565564559421e+00
3.331432085307802282e+01,1.212087667843688976e+01,3.905007231787293254e+00
3.347790611801792693e+01,1.208462154701077118e+01,3.890375726282579549e+00
3.364015047337524322e+01,1.204785497037051023e+01,3.874889619786530126e+00
3.380221810225729939e+01,1.201031705557216966e+01,3.858457602092118410e+00
3.396410423864897865e+01,1.197200398003034749e+01,3.841071307487569086e+00
3.412580400943151204e+01,1.193291182769131176e+01,3.822729167329888877e+00
3.428731244686587587e+01,1.189303658394207908e+01,3.803433495076624649e+00
3.444862448859834103e+01,1.185237413314682797e+01,3.783181591668245858e+00
3.460973496405355121e+01,1.181092025954350255e+01,3.761976865437892226e+00
3.477063859430931814e+01,1.176867064480972580e+01,3.739821718288781849e+00
3.493132998436897196e+01,1.172562086750224530e+01,3.716721823567642247e+00
3.509180362987823543e+01,1.168176639856258170e+01,3.692685712624585115e+00
3.525612277541633688e+01,1.163595714558222305e+01,3.667068829497064808e+00
3.542020084665499269e+01,1.158929179658955633e+01,3.640498724557494015e+00
3.560345117377717372e+01,1.153606927726868392e+01,3.609649708500537457e+00
3.578638277834795645e+01,1.148176140367555220e+01,3.577594456036936155e+00
3.598183477762212590e+01,1.142241706425324388e+01,3.542010148060401153e+00
3.617689907421589623e+01,1.136181053003753583e+01,3.505055173121307988e+00
3.635223253445611391e+01,1.130613965612858962e+01,3.470648050521598194e+00
3.652723258658571837e+01,1.124942944179834292e+01,3.435223976488984476e+00
3.668627991792519794e+01,1.119688179181728316e+01,3.402054998114070639e+00
3.684503581612548828e+01,1.114346014188630640e+01,3.368085009918226014e+00
3.700241061229256445e+01,1.108953265675872935e+01,3.333533159509918686e+00
3.715948314611492265e+01,1.103473103301661240e+01,3.298195199698473967e+00
3.731624574272048278e+01,1.097904907596898738e+01,3.262084457261331671e+00
3.747269055983689867e+01,1.092248044627909032e+01,3.225214793831256088e+00
3.762880949512330631e+01,1.086501868864743159e+01,3.187604999069921785e+00
3.778459431017181203e+01,1.080665718183778878e+01,3.149269339085534636e+00
3.794003658681554469e+01,1.074738914787289801e+01,3.110226421974898514e+00
3.809512751607906011e+01,1.068720772797580132e+01,3.070490719440788219e+00
3.824985808391588193e+01,1.062610590866619731e+01,3.030081271458412218e+00
3.840421912465023269e+01,1.056407649344168043e+01,2.989018831245132013e+00
3.856219939581486500e+01,1.049946261435523631e+01,2.946223401494401983e+00
3.871977018630192902e+01,1.043385649150411432e+01,2.902790032494191319e+00
3.889558762505454581e+01,1.035925902292998479e+01,2.853451943468261476e+00
3.907086315675336863e+01,1.028339705536015103e+01,2.803328894568396290e+00
3.924866461112927141e+01,1.020488310216139460e+01,2.751578312799329851e+00
3.942587047520640198e+01,1.012503402542802711e+01,2.699072930576220664e+00
3.958307671474683787e+01,1.005283063776181329e+01,2.651733960683321012e+00
3.973978343796395762e+01,9.979549460238555270e+00,2.603880936717215100e+00
3.988999451089962633e+01,9.908053924089397668e+00,2.557371165597540408e+00
4.003971845618956849e+01,9.835543815945200663e+00,2.510414354594386666e+00
4.018894229603012747e+01,9.762010139210662629e+00,2.463023821442516859e+00
4.033765274501203635e+01,9.687443688301106803e+00,2.415218657083743725e+00
4.048583601860089942e+01,9.611835134766446131e+00,2.367021740972642174e+00
4.063347797884223667e+01,9.535174946048279310e+00,2.318451042636896275e+00
4.078056407378076642e+01,9.457453405354769416e+00,2.269529850079934796e+00
4.092707914051820950e+01,9.378660707722126233e+00,2.220278560218319708e+00
4.107300755168524375e+01,9.298786876703220017e+00,2.170720723359130577e+00
4.121833328599787194e+01,9.217821714387472554e+00,2.120878109746534346e+00
4.136333391676134852e+01,9.135586561969809338e+00,2.070668864807692966e+00
4.150769550016351417e+01,9.052234701721900478e+00,2.020230856655721663e+00
4.166337484082553289e+01,8.960646757613302427e+00,1.965346624052103586e+00
4.181825952975815142e+01,8.867721327930185637e+00,1.910239482760412999e+00
4.197980715594584211e+01,8.768818184217989753e+00,1.852263946324592458e+00
4.214042504282389956e+01,8.668412242940705781e+00,1.794111358091690978e+00
4.228415331691726919e+01,8.576753372005198273e+00,1.741662569323293219e+00
4.242708133628080702e+01,8.483851590430724343e+00,1.689161982196433431e+00
4.256576947755851847e+01,8.391979304883982138e+00,1.637891812545277048e+00
4.270365029756775499e+01,8.298899815245439626e+00,1.586626787924601212e+00
4.284070035875746640e+01,8.204601319766027245e+00,1.535397484316649352e+00
4.297689531701922760e+01,8.109071989704514039e+00,1.484235516372840236e+00
4.311221002427203075e+01,8.012299892153672332e+00,1.433177694821509585e+00
4.324661848134436326e+01,7.914273013097141707e+00,1.382260264892445134e+00
4.338009364398480727e+01,7.814979392987437379e+00,1.331520452974301216e+00
4.351260778812591212e+01,7.714406849411185263e+00,1.280996660110850671e+00
4.364413194990085287e+01,7.612543388345077489e+00,1.230731583164523357e+00
4.377463643267942928e+01,7.509376814185554139e+00,1.180768245091886381e+00
4.390506236880710134e+01,7.404102250839077470e+00,1.130776984535277307e+00
4.403438915337833492e+01,7.297480337260478400e+00,1.081188717245331832e+00
4.417379029911375454e+01,7.179946656471041244e+00,1.027773525415908606e+00
4.431180543785193748e+01,7.060788558844490304e+00,9.749362047572105450e-01
4.444092584739483698e+01,6.946666656692689124e+00,9.256071755385418820e-01
4.456872537388476729e+01,6.831067532728032354e+00,8.769348397143397200e-01
4.469080630289527534e+01,6.718058622682293368e+00,8.306261970378167048e-01
4.481157706662461493e+01,6.603650675702793293e+00,7.850529418728552367e-01
4.493099673958729312e+01,6.487833219017398179e+00,7.402785679718586476e-01
4.504902302760510935e+01,6.370596174604043149e+00,6.963757846014658748e-01
4.516561219116587012e+01,6.251929964019815600e+00,6.534365118904325032e-01
4.528071910749934403e+01,6.131825480491908564e+00,6.115587805284800060e-01
4.539429720688166014e+01,6.010274190644197212e+00,5.708763683548250256e-01
4.550629831933604663e+01,5.887268349792941002e+00,5.315462337127306869e-01
4.561667278697103711e+01,5.762800946129049251e+00,4.937933104442500110e-01
4.572536947222197767e+01,5.636865754989672794e+00,4.579058873545610586e-01
4.583265577174905303e+01,5.509070822266528999e+00,4.242046013831398121e-01
4.593814636661300455e+01,5.379789687707837942e+00,3.934009782428724011e-01
4.604726429232659513e+01,5.241996423699060159e+00,3.650079889522847565e-01
4.615425946288841885e+01,5.102548533231749950e+00,3.419848841261571848e-01
4.625373624181688825e+01,4.968730118124367046e+00,3.267989411069746053e-01
4.635117904437489500e+01,4.833423512277884804e+00,3.199413784064831789e-01
4.644630739903427497e+01,4.696949684240394163e+00,3.232989199014386639e-01
4.653928562341897646e+01,4.559002093479851858e+00,3.385198798650872476e-01
4.663004896916604736e+01,4.419587328364840140e+00,3.669035225590044913e-01
4.671853144465114127e+01,4.278714015640547430e+00,4.093534808010116377e-01
4.680466589378366393e+01,4.136392990707069117e+00,4.668268685139712049e-01
4.688838410443744920e+01,3.992637453586124430e+00,5.406170625690032150e-01
4.696961695897714151e+01,3.847463083887766810e+00,6.329072585030923737e-01
4.704829455475856292e+01,3.700888239904617905e+00,7.468024806487624234e-01
4.712434639390040303e+01,3.552934071347820133e+00,8.867138807353521779e-01
4.719770158606309707e+01,3.403624634729665033e+00,1.058623275865480995e+00
4.726975250257560646e+01,3.249784889525173526e+00,1.274551588999588869e+00
4.733884163488159658e+01,3.094592544456769456e+00,1.542070443053168205e+00
4.740356489671258089e+01,2.941318746156788233e+00,1.866380241370575677e+00
4.746530463039310632e+01,2.786819113805408143e+00,2.268683711759342803e+00
4.752398353919259222e+01,2.631156197848270040e+00,2.768699328707897589e+00
4.757954239877226854e+01,2.474352675648420874e+00,3.392862901350505389e+00
4.763191466488419934e+01,2.316456342772347465e+00,4.172412660649496452e+00
4.768103566847078412e+01,2.157518594083552177e+00,5.151149077521897546e+00
4.772684297428289568e+01,1.997594405531416539e+00,6.378951445358023165e+00
4.776927674847230776e+01,1.836742278939268447e+00,7.937431610940318905e+00
4.780828012415087613e+01,1.675024173584199971e+00,9.889571345175978578e+00
4.784379957134755301e+01,1.512505384922495644e+00,1.246342301566274458e+01
4.787578525845571420e+01,1.349254396583522420e+00,1.555354805033109322e+01
4.790419140119377772e+01,1.185342705673866348e+00,2.033695697470217567e+01
4.793021675350023258e+01,1.011906414242337959e+00,2.500291661479332461e+01
4.795217488242312953e+01,8.379084593948907811e-01,3.807010942105142703e+01
4.797198718458702871e+01,6.414171009316248506e-01,4.265610876865257239e+01
4.798655323210288515e+01,4.444673875588191492e-01,1.047864755500642104e+02
4.799663597061368137e+01,2.223353107623794178e-01,1.259047352688919545e+02
4.799999999999997868e+01,-4.324421930407257865e-17,8.782330076239383061e+02
