x,y,stress
-6.953727905068403582e-19,-9.634730715256479625e-17,1.030007607862110706e-09
3.186247122776814447e-03,2.394760811198258788e-01,1.551389667099695376e-10
1.273841090128511981e-02,4.787828109515969710e-01,2.783835445738617745e-10
2.655505679561540044e-02,6.911853302452027892e-01,2.887018454776244199e-10
4.536215348426606009e-02,9.032042857117190682e-01,2.731765158167030954e-09
6.623454574516070281e-02,1.091165660197786824e+00,2.404157028639400537e-08
9.099654211673773030e-02,1.278654302248067642e+00,1.279118768555349753e-07
1.164400341936725758e-01,1.446042749756513368e+00,3.472474632404781043e-07
1.449514779952209287e-01,1.612936039886164519e+00,6.957919036019537378e-07
1.757232774615466175e-01,1.775359871412210522e+00,1.368007887709345826e-06
2.093653696376767959e-01,1.937213582596642558e+00,2.943809636745719228e-06
2.458475015862793822e-01,2.098450921680084846e+00,6.187228082473154127e-06
2.851373934569741420e-01,2.259027198218834354e+00,1.520501924721124763e-05
3.272008840625238446e-01,2.418899370055339837e+00,4.622320753585570973e-05
3.720020737486071094e-01,2.578026092195442764e+00,1.237639105209247306e-04
4.195034731490989155e-01,2.736367770905347552e+00,2.725303204208945644e-04
4.696661575637433028e-01,2.893886619808306637e+00,5.140829217057318271e-04
5.224499115616826339e-01,3.050546672397854042e+00,8.739439468501587890e-04
5.778133747026711342e-01,3.206313795949073064e+00,1.407550877093451287e-03
6.360716495995677455e-01,3.362088386874959145e+00,2.231905748287776534e-03
6.968540274012827718e-01,3.516895577130652484e+00,3.514698773561366566e-03
7.646763077870485370e-01,3.681531039135510053e+00,5.620590788907355202e-03
8.352848778312699229e-01,3.844990962693503267e+00,8.695772986665900942e-03
9.040958645845899033e-01,3.997432351256669847e+00,1.253589093228882692e-02
9.752686077521518504e-01,4.148785527226330316e+00,1.784358689783876323e-02
1.047891002508534841e+00,4.297293432618237929e+00,2.418298860467081937e-02
1.122728970686451611e+00,4.444697306833552020e+00,3.138223456846466614e-02
1.199736858263302786e+00,4.590979283145618872e+00,3.972163802029621271e-02
1.278869127538924788e+00,4.736123103062954698e+00,4.906939069769696710e-02
1.360080425873270160e+00,4.880114026370195646e+00,5.936113601409891138e-02
1.443325657386618444e+00,5.022938762296601745e+00,7.049926423021624089e-02
1.528560069173198199e+00,5.164585436072490765e+00,8.242121866225714244e-02
1.615739318161785620e+00,5.305043529602817109e+00,9.505621788615456480e-02
1.704819525271207725e+00,5.444303811685492711e+00,1.083764157486251517e-01
1.795757331537024326e+00,5.582358281757773710e+00,1.223659882572541019e-01
1.889973143943033618e+00,5.721328266795854489e+00,1.372506078030120424e-01
1.986016727120299752e+00,5.859041441193330257e+00,1.529070725206600478e-01
2.093049872366167907e+00,6.008143549053627908e+00,1.708819917667522281e-01
2.202159493812319013e+00,6.155732984104666627e+00,1.898969929660724310e-01
2.306047775223815322e+00,6.292410640688303580e+00,2.088279183919035387e-01
2.411660931445875011e+00,6.427759930539663102e+00,2.289562234009698272e-01
2.514948682000080371e+00,6.556835227584081771e+00,2.496488823278016633e-01
2.619758193369983612e+00,6.684677973069246271e+00,2.717261934432226300e-01
2.726052593404753477e+00,6.811288871730692307e+00,2.953207815897471167e-01
2.833795758938196574e+00,6.936669246524020949e+00,3.205360866749332183e-01
2.942952376999097286e+00,7.060821061066572035e+00,3.474658891679479611e-01
3.053487908895968328e+00,7.183746831049158565e+00,3.761882191388381536e-01
3.165368591229851258e+00,7.305449585585632732e+00,4.067636280105344504e-01
3.278561483513064534e+00,7.425932881383454642e+00,4.392283391291293970e-01
3.393034436759086336e+00,7.545200732492916451e+00,4.736092318781311428e-01
3.508756016453472792e+00,7.663257501499153079e+00,5.099025306084911113e-01
3.625867842196691893e+00,7.780278325373266135e+00,5.481503787477953749e-01
3.744171215350482473e+00,7.896094437375944963e+00,5.882887142527474245e-01
3.873250175252026750e+00,8.019835351383724387e+00,6.336695727725152327e-01
4.003649079367126440e+00,8.142184552461948499e+00,6.811545668792540198e-01
4.144081485632408857e+00,8.271096580982549185e+00,7.339725463934659855e-01
4.285933345251760507e+00,8.398445055136868120e+00,7.889921613994852478e-01
4.414999649353139155e+00,8.511920688246139122e+00,8.404408038124443481e-01
4.545158824919944607e+00,8.624141122500823542e+00,8.935102449882793563e-01
4.671368309676932284e+00,8.730911985337458603e+00,9.460476122264930288e-01
4.798539595286670512e+00,8.836535469631058959e+00,9.999530347404187447e-01
4.926649692393504587e+00,8.941018883445057241e+00,1.055167592715597680e+00
5.055675670921477405e+00,9.044369173156823649e+00,1.111616503573126247e+00
5.185595442158927426e+00,9.146593569551148661e+00,1.169232931384360352e+00
5.316387580480676611e+00,9.247699430806127552e+00,1.227949124902208089e+00
5.448031069337290866e+00,9.347694043794113838e+00,1.287702564812326145e+00
5.580505700302430760e+00,9.446584928525483704e+00,1.348426019370867479e+00
5.713791912022588626e+00,9.544379703857364561e+00,1.410057259258834295e+00
5.847870217494556933e+00,9.641085671534320056e+00,1.472534729240397411e+00
5.982894851410521575e+00,9.736831940436115218e+00,1.535883888151260646e+00
6.118676494459431403e+00,9.831501623072822937e+00,1.599968879216031592e+00
6.266008754775881151e+00,9.932448133697535653e+00,1.669856413948639595e+00
6.414179776639774566e+00,1.003215944774484747e+01,1.740469624625273992e+00
6.579783891002034757e+00,1.014152009608087290e+01,1.819684810942713504e+00
6.746369408289232261e+00,1.024937994610843717e+01,1.899619200868505553e+00
6.903354613177778099e+00,1.034911171394424656e+01,1.975125579441307400e+00
7.061156068717779455e+00,1.044754689997970587e+01,2.051136137228203538e+00
7.204122213048763435e+00,1.053519929403721811e+01,2.120072373870595772e+00
7.347719752336760557e+00,1.062181343937394118e+01,2.189325996813276998e+00
7.489881269065221225e+00,1.070618826334956530e+01,2.257853565686485098e+00
7.632628470131966658e+00,1.078956839784013155e+01,2.326604762276405669e+00
7.775948064805278115e+00,1.087196084320290801e+01,2.395537435055440145e+00
7.919827058912086493e+00,1.095337250480006475e+01,2.464619358123893988e+00
8.064252808032330577e+00,1.103381022756478025e+01,2.533813158437221436e+00
8.209212997497621345e+00,1.111328078747112968e+01,2.603083730710402222e+00
8.354695597234590210e+00,1.119179087019321450e+01,2.672397960938640349e+00
8.500688925133115248e+00,1.126934710884880353e+01,2.741720396581643460e+00
8.647181652238426608e+00,1.134595608799189570e+01,2.811019181520638899e+00
8.794162568535133673e+00,1.142162422478412331e+01,2.880258826400392547e+00
8.943529776103945395e+00,1.149731773161419213e+01,2.950300067007348037e+00
9.093375740925173645e+00,1.157205900801669252e+01,3.020220546811780871e+00
9.259849641785592667e+00,1.165371872031794531e+01,3.097446405288105886e+00
9.426883246912556302e+00,1.173422739059093445e+01,3.174423309838689811e+00
9.613014162770989302e+00,1.182229419631269884e+01,3.259554354462934622e+00
9.799799935737468104e+00,1.190896345121192645e+01,3.344226820806064815e+00
9.975209545526299237e+00,1.198882987816976353e+01,3.423016975755043045e+00
1.015116304984188922e+01,1.206749082626304848e+01,3.501374280437458797e+00
1.030827337502490693e+01,1.213652094958514915e+01,3.571122267114064996e+00
1.046579441445305747e+01,1.220460865734497879e+01,3.639702012458360780e+00
1.061792005439966502e+01,1.226931454963192891e+01,3.705482243949068000e+00
1.077041013331152541e+01,1.233315685464597955e+01,3.770855075832367120e+00
1.092325666029244147e+01,1.239614080677044861e+01,3.835825323295773526e+00
1.107645196906885587e+01,1.245827161699916985e+01,3.899841320239565423e+00
1.122998856628915298e+01,1.251955441066374242e+01,3.963341923813688883e+00
1.138385897931019564e+01,1.257999417065396486e+01,4.026261169833223796e+00
1.153805590656939728e+01,1.263959580212616984e+01,4.088629227105936792e+00
1.169257233254677963e+01,1.269836417792386563e+01,4.149928325070797008e+00
1.184740136233182994e+01,1.275630407553486201e+01,4.210552118517881581e+00
1.200253618520062204e+01,1.281342016706987508e+01,4.270338194387358399e+00
1.215821488610452938e+01,1.286980496479537450e+01,4.329330471397186741e+00
1.231418716055289231e+01,1.292537252603988485e+01,4.387394438292949950e+00
1.248306846888381472e+01,1.298451050353172675e+01,4.449029615644035651e+00
1.265227728955110997e+01,1.304270477284950225e+01,4.509495472729318166e+00
1.284318616517791334e+01,1.310710783730614182e+01,4.576555225111195391e+00
1.303448973105832742e+01,1.317032888888452824e+01,4.641318441476555812e+00
1.323524168856041783e+01,1.323527734029130976e+01,4.707482032103698089e+00
1.343640322534083431e+01,1.329894592318929192e+01,4.771551238246790838e+00
1.361645590724627297e+01,1.335475093739300512e+01,4.827051471608836408e+00
1.379681833937426028e+01,1.340954657862996946e+01,4.880797841011555782e+00
1.395872525550921495e+01,1.345780408261321881e+01,4.927444004049823079e+00
1.412086918526083679e+01,1.350525914515102244e+01,4.972603184746624549e+00
1.427975289490475852e+01,1.355092132373481384e+01,5.015287052017980862e+00
1.443885338371384286e+01,1.359582235739164524e+01,5.056444948242654114e+00
1.459816578004640775e+01,1.363996569459823682e+01,5.096031548539070144e+00
1.475768527111462447e+01,1.368335470701555323e+01,5.134004664680832164e+00
1.491740714268277834e+01,1.372599270211401468e+01,5.170323501332001470e+00
1.507732676333807653e+01,1.376788292010924053e+01,5.204950320001466402e+00
1.523743959161832962e+01,1.380902853709019418e+01,5.237848722583863470e+00
1.539774114226259627e+01,1.384943265763768316e+01,5.268983946709028920e+00
1.555822699510837026e+01,1.388909831877778167e+01,5.298315812858869656e+00
1.571889284361770223e+01,1.392802850308074269e+01,5.325832193260334968e+00
1.588091794236783549e+01,1.396650433263175195e+01,5.351650992146133490e+00
1.604311709408129616e+01,1.400423969730159968e+01,5.375641736121856695e+00
1.622151327883510419e+01,1.404484750786135194e+01,5.399727213260347547e+00
1.640010897473888818e+01,1.408456867523134015e+01,5.421517974915040838e+00
1.660143803579634891e+01,1.412823755802666703e+01,5.443124861792939306e+00
1.680300562897972938e+01,1.417079186147782721e+01,5.461673029140414748e+00
1.701446551072817570e+01,1.421419171150558114e+01,5.477823586320814897e+00
1.722617073922367581e+01,1.425637851295857850e+01,5.490474555823263714e+00
1.741553817886595823e+01,1.429305208827538820e+01,5.498988734827756630e+00
1.760508914550978332e+01,1.432876497272152605e+01,5.504788477491676879e+00
1.777398169750948398e+01,1.435975199706268768e+01,5.507734136633853694e+00
1.794301123221151073e+01,1.438998288502354050e+01,5.508598233200981298e+00
1.810586990921591877e+01,1.441837540449284738e+01,5.507477427818230353e+00
1.826884850245392045e+01,1.444607129382067789e+01,5.504467583972919797e+00
1.843194362018394372e+01,1.447307253975328578e+01,5.499590150636020525e+00
1.859515191039915294e+01,1.449938107443517410e+01,5.492881584033857401e+00
1.875847005806099332e+01,1.452499877570377862e+01,5.484391878774463436e+00
1.892189479449139355e+01,1.454992746923079316e+01,5.474165818269054462e+00
1.908542288337550019e+01,1.457416892695225208e+01,5.462259178875835453e+00
1.924905112661331330e+01,1.459772486862418894e+01,5.448729973113892733e+00
1.941277636247757599e+01,1.462059696211996851e+01,5.433649874469181462e+00
1.957659545730281891e+01,1.464278682286436961e+01,5.417092789797205654e+00
1.974074347801356666e+01,1.466432676603121088e+01,5.399088063757166545e+00
1.990497944196778235e+01,1.468518558223770754e+01,5.379822371391153268e+00
2.008245334760820100e+01,1.470695021313929374e+01,5.357563358852641677e+00
2.026002247086827524e+01,1.472792384175031444e+01,5.334069631743253659e+00
2.046007407252791666e+01,1.475059544988960347e+01,5.306100392209180505e+00
2.066023629703950704e+01,1.477226869376832674e+01,5.276855977415597643e+00
2.087988801267936978e+01,1.479489384200836533e+01,5.243495753286983252e+00
2.109965957832527295e+01,1.481632356741097745e+01,5.208969390881889261e+00
2.130172494077833889e+01,1.483496525682085831e+01,5.176643651102723176e+00
2.150388053429009716e+01,1.485260157431465267e+01,5.143894886932998567e+00
2.168348665211254911e+01,1.486742298170003096e+01,5.114736803091179951e+00
2.186315623685132081e+01,1.488145409676131514e+01,5.085659470185397879e+00
2.202851009283167727e+01,1.489366607599937709e+01,5.059151279739905860e+00
2.219391186579340669e+01,1.490521093369373240e+01,5.033033962439286135e+00
2.235887071456623687e+01,1.491605835987324191e+01,5.007508560399597464e+00
2.252387174039115791e+01,1.492624413518376691e+01,4.982635071947039584e+00
2.268891224030242171e+01,1.493576895951832917e+01,4.958560298932654042e+00
2.285398952260888805e+01,1.494463348667787450e+01,4.935422465852394858e+00
2.301910090818675769e+01,1.495283832466930285e+01,4.913366814306106001e+00
2.318424372919408682e+01,1.496038403582643106e+01,4.892519779770601929e+00
2.334941532739920333e+01,1.496727113691360067e+01,4.873014771171876980e+00
2.351461305469233309e+01,1.497350009931462900e+01,4.854969429802090453e+00
2.367983427056517698e+01,1.497907134908092530e+01,4.838499204722919167e+00
2.384507634286033095e+01,1.498398526709848078e+01,4.823724232796468669e+00
2.401569464280762034e+01,1.498836920638695425e+01,4.810313241828364283e+00
2.418632949150973843e+01,1.499205317857765962e+01,4.798934158658925142e+00
2.437767562666040888e+01,1.499535182830882896e+01,4.788584326043864081e+00
2.456903490100027909e+01,1.499777106339604593e+01,4.780946007551682975e+00
2.478451456838650557e+01,1.499944278199541259e+01,4.775609089282610853e+00
2.499999999999981526e+01,1.499999999999999289e+01,4.773771645705325639e+00
2.521548543161315692e+01,1.499944278199541436e+01,4.775525102065660832e+00
2.543096509899939761e+01,1.499777106339604948e+01,4.780768068534499093e+00
2.562232437333931045e+01,1.499535182830883429e+01,4.788425432663033554e+00
2.581367050848995603e+01,1.499205317857766495e+01,4.798801370485144879e+00
2.598430535719215229e+01,1.498836920638695958e+01,4.810211254508326206e+00
2.615492365713940259e+01,1.498398526709848788e+01,4.823655199943917005e+00
2.632016572943463117e+01,1.497907134908093418e+01,4.838434876788559436e+00
2.648538694530738624e+01,1.497350009931463788e+01,4.854908604206443101e+00
2.665058467260065456e+01,1.496727113691360245e+01,4.872951145770633374e+00
2.681575627080565027e+01,1.496038403582643994e+01,4.892452730593394250e+00
2.698089909181298296e+01,1.495283832466931528e+01,4.913287655349624750e+00
2.714601047739083484e+01,1.494463348667788694e+01,4.935330911741684368e+00
2.731108775969731184e+01,1.493576895951833805e+01,4.958460233019321706e+00
2.747612825960857563e+01,1.492624413518378113e+01,4.982526095379705033e+00
2.764112928543348957e+01,1.491605835987326323e+01,5.007391776135018624e+00
2.780608813420631975e+01,1.490521093369374839e+01,5.032910298917755654e+00
2.797148990716805272e+01,1.489366607599939307e+01,5.059024088385265294e+00
2.813684376314841273e+01,1.488145409676133468e+01,5.085532551546982916e+00
2.831651334788716667e+01,1.486742298170005228e+01,5.114607059124354649e+00
2.849611946570959020e+01,1.485260157431467753e+01,5.143770312375991693e+00
2.869827505922134137e+01,1.483496525682088141e+01,5.176517650383374303e+00
2.890034042167439310e+01,1.481632356741100587e+01,5.208848272927837364e+00
2.912011198732028561e+01,1.479489384200840085e+01,5.243375129965376580e+00
2.933976370296014480e+01,1.477226869376835872e+01,5.276735127825801897e+00
2.953992592747177071e+01,1.475059544988963722e+01,5.305986785309349862e+00
2.973997752913142989e+01,1.472792384175034641e+01,5.333958741976957185e+00
2.991754665239151834e+01,1.470695021313932571e+01,5.357457558039708800e+00
3.009502055803193699e+01,1.468518558223773951e+01,5.379716707833139822e+00
3.025925652198617044e+01,1.466432676603124285e+01,5.398981458931970678e+00
3.042340454269692174e+01,1.464278682286440336e+01,5.416983391588315655e+00
3.058722363752215756e+01,1.462059696212000404e+01,5.433529237948385493e+00
3.075094887338640959e+01,1.459772486862422269e+01,5.448595535501850939e+00
3.091457711662422625e+01,1.457416892695228405e+01,5.462109875408556192e+00
3.107810520550834710e+01,1.454992746923082869e+01,5.474001358738643574e+00
3.124152994193874733e+01,1.452499877570381592e+01,5.484211702564548041e+00
3.140484808960057350e+01,1.449938107443521318e+01,5.492683186874952384e+00
3.156805637981578627e+01,1.447307253975332131e+01,5.499379407312162904e+00
3.173115149754581310e+01,1.444607129382071875e+01,5.504244639032789266e+00
3.189413009078380767e+01,1.441837540449289001e+01,5.507247331970704707e+00
3.205698876778820505e+01,1.438998288502358136e+01,5.508365142455140528e+00
3.222601830249023180e+01,1.435975199706273386e+01,5.507496646731399714e+00
3.239491085448991470e+01,1.432876497272157579e+01,5.504562887822932460e+00
3.258446182113372203e+01,1.429305208827544682e+01,5.498761441161724939e+00
3.277382926077598313e+01,1.425637851295863534e+01,5.490262985831407150e+00
3.298553448927148679e+01,1.421419171150564331e+01,5.477612972440189409e+00
3.319699437101992601e+01,1.417079186147789294e+01,5.461467287904373968e+00
3.339856196420332424e+01,1.412823755802673098e+01,5.442938528039640289e+00
3.359989102526078852e+01,1.408456867523139877e+01,5.421343917146861813e+00
3.377848672116459028e+01,1.404484750786141234e+01,5.399578526722733862e+00
3.395688290591841962e+01,1.400423969730165652e+01,5.375512751224773567e+00
3.411908205763189272e+01,1.396650433263180879e+01,5.351522439579079027e+00
3.428110715638202066e+01,1.392802850308079776e+01,5.325684112668596093e+00
3.444177300489135973e+01,1.388909831877783674e+01,5.298157536187626526e+00
3.460225885773714083e+01,1.384943265763774178e+01,5.268811278624821348e+00
3.476256040838141104e+01,1.380902853709025635e+01,5.237668908309183635e+00
3.492267323666165169e+01,1.376788292010930093e+01,5.204763182155919488e+00
3.508259285731696053e+01,1.372599270211407507e+01,5.170131916635720692e+00
3.524231472888511973e+01,1.368335470701561363e+01,5.133809382455435610e+00
3.540183421995333646e+01,1.363996569459830077e+01,5.095835205499295029e+00
3.556114661628588891e+01,1.359582235739170919e+01,5.056246204043528536e+00
3.572024710509497680e+01,1.355092132373487601e+01,5.015086922275853176e+00
3.587913081473890742e+01,1.350525914515108994e+01,4.972404712584233444e+00
3.604127474449051505e+01,1.345780408261329164e+01,4.927243439935575786e+00
3.620318166062545373e+01,1.340954657863004407e+01,4.880608310860512056e+00
3.638354409275343215e+01,1.335475093739308505e+01,4.826856054653426931e+00
3.656359677465884772e+01,1.329894592318938074e+01,4.771361528488484716e+00
3.676475831143924466e+01,1.323527734029141101e+01,4.707279416549283724e+00
3.696551026894131553e+01,1.317032888888463127e+01,4.641123830372873016e+00
3.715681383482173317e+01,1.310710783730624485e+01,4.576179291219671263e+00
3.734772271044855074e+01,1.304270477284960883e+01,4.509559165029956240e+00
3.751693153111585133e+01,1.298451050353183334e+01,4.449042712841429825e+00
3.768581283944675420e+01,1.292537252603999320e+01,4.387365565120491695e+00
3.784178511389514199e+01,1.286980496479547753e+01,4.329263963366384971e+00
3.799746381479906887e+01,1.281342016706997988e+01,4.270260086624511509e+00
3.815259863766786452e+01,1.275630407553496504e+01,4.210465588431271833e+00
3.830742766745289885e+01,1.269836417792397221e+01,4.149835502579015234e+00
3.846194409343030429e+01,1.263959580212627465e+01,4.088414138874924220e+00
3.861614102068951127e+01,1.257999417065406966e+01,4.026240795750389623e+00
3.877001143371054326e+01,1.251955441066385610e+01,3.963357449239441443e+00
3.892354803093081728e+01,1.245827161699928531e+01,3.899804318242924062e+00
3.907674333970724234e+01,1.239614080677056229e+01,3.835622430713559794e+00
3.922958986668816550e+01,1.233315685464609679e+01,3.770850609831454925e+00
3.938207994560001879e+01,1.226931454963205148e+01,3.705524818616904970e+00
3.953420558554660857e+01,1.220460865734510669e+01,3.639691204385748335e+00
3.969172662497475557e+01,1.213652094958528238e+01,3.570846327016259369e+00
3.984883695015775373e+01,1.206749082626319414e+01,3.501542393136026998e+00
4.002479045447339701e+01,1.198882987816988788e+01,3.423200049830172897e+00
4.020020006426226189e+01,1.190896345121203304e+01,3.344360438169239558e+00
4.038698583722871405e+01,1.182229419631282674e+01,3.259669612341119294e+00
4.057311675308709908e+01,1.173422739059108544e+01,3.174526903375215703e+00
4.074015035821406627e+01,1.165371872031809808e+01,3.097535009057672983e+00
4.090662425907449773e+01,1.157205900801683818e+01,3.020305861655634416e+00
4.105647022389573664e+01,1.149731773161433246e+01,2.950372585917245605e+00
4.120583743146456612e+01,1.142162422478426365e+01,2.880325057184331072e+00
4.135281834776128562e+01,1.134595608799203426e+01,2.811077297243494755e+00
4.149931107486661119e+01,1.126934710884892965e+01,2.741771403037656984e+00
4.164530440276514156e+01,1.119179087019334418e+01,2.672442717383130439e+00
4.179078700250211398e+01,1.111328078747125936e+01,2.603122314922770908e+00
4.193574719196740119e+01,1.103381022756492058e+01,2.533845760045996709e+00
4.208017294108763195e+01,1.095337250480020508e+01,2.464645988614391658e+00
4.222405193519444566e+01,1.087196084320304657e+01,2.395560233235132230e+00
4.236737152986777488e+01,1.078956839784026656e+01,2.326623886321121049e+00
4.251011873093450077e+01,1.070618826334971807e+01,2.257872806442028146e+00
4.265228024766294368e+01,1.062181343937410283e+01,2.189347158203288402e+00
4.279587778695095324e+01,1.053519929403737621e+01,2.120101635253316186e+00
4.293884393128195143e+01,1.044754689997985864e+01,2.051174277391183853e+00
4.309664538682200430e+01,1.034911171394437268e+01,1.975161407170482386e+00
4.325363059171058921e+01,1.024937994610852776e+01,1.899643460845759524e+00
4.342021610899783468e+01,1.014152009608094218e+01,1.819703231568255530e+00
4.358582022336013040e+01,1.003215944774489543e+01,1.740481754622007493e+00
4.373399124522405401e+01,9.932448133697567627e+00,1.669865144300959559e+00
4.388132350554051442e+01,9.831501623072830043e+00,1.599978769980765270e+00
4.401710514858943668e+01,9.736831940436115218e+00,1.535899866694312221e+00
4.415212978250541909e+01,9.641085671534321833e+00,1.472559685279815955e+00
4.428620808797738562e+01,9.544379703857366337e+00,1.410090672331523187e+00
4.441949429969752572e+01,9.446584928525485481e+00,1.348468326948723872e+00
4.455196893066268871e+01,9.347694043794115615e+00,1.287755006973589245e+00
4.468361241951929941e+01,9.247699430806129328e+00,1.228010853857804285e+00
4.481440455784103705e+01,9.146593569551159320e+00,1.169301254990123828e+00
4.494432432907846220e+01,9.044369173156837860e+00,1.111691648756867101e+00
4.507335030760645367e+01,8.941018883445066123e+00,1.055248935834363966e+00
4.520146040471329485e+01,8.836535469631062512e+00,1.000040456114692722e+00
4.532863169032304285e+01,8.730911985337462156e+00,9.461392101057775061e-01
4.545484117508002697e+01,8.624141122500819989e+00,8.936068354443832407e-01
4.558500035064682265e+01,8.511920688246153333e+00,8.405431616248042470e-01
4.571406665474817999e+01,8.398445055136898318e+00,7.891009861867237518e-01
4.585591851436750943e+01,8.271096580982598923e+00,7.340868212916238367e-01
4.599635092063277142e+01,8.142184552462012448e+00,6.812762028750311005e-01
4.612674982474787555e+01,8.019835351383779454e+00,6.338007025984238041e-01
4.625582878464944514e+01,7.896094437375996478e+00,5.884290203485841309e-01
4.637413215780323839e+01,7.780278325373316761e+00,5.482981293231923292e-01
4.649124398354644683e+01,7.663257501499197488e+00,5.100563639051760578e-01
4.660696556324084128e+01,7.545200732492966189e+00,4.737570104150767292e-01
4.672143851648686308e+01,7.425932881383504380e+00,4.393658479229695102e-01
4.683463140877008613e+01,7.305449585585679806e+00,4.068777684058509925e-01
4.694651209110395484e+01,7.183746831049201198e+00,3.762730734587072523e-01
4.705704762300084809e+01,7.060821061066605786e+00,3.475151926518558199e-01
4.716620424106175591e+01,6.936669246524049370e+00,3.205469699171193954e-01
4.727394740659519101e+01,6.811288871730732275e+00,2.952990921776704192e-01
4.738024180662993956e+01,6.684677973069295120e+00,2.716720262864331659e-01
4.748505131799985435e+01,6.556835227584121739e+00,2.495663796492874620e-01
4.758833906855407747e+01,6.427759930539697741e+00,2.288480586793620597e-01
4.769395222477614027e+01,6.292410640688328449e+00,2.087000981688003631e-01
4.779784050618763303e+01,6.155732984104679062e+00,1.897586208372686045e-01
4.790695012763379168e+01,6.008143549053651000e+00,1.707390799953452387e-01
4.801398327287965628e+01,5.859041441193358679e+00,1.527806794613266739e-01
4.811002685605692619e+01,5.721328266795876694e+00,1.371646722049718881e-01
4.820424266846291772e+01,5.582358281757795915e+00,1.223044423433133771e-01
4.829518047472874542e+01,5.444303811685514027e+00,1.083366460287922273e-01
4.838426068183817819e+01,5.305043529602842867e+00,9.503378162220539604e-02
4.847143993082676161e+01,5.164585436072521851e+00,8.240931986060966163e-02
4.855667434261332716e+01,5.022938762296640824e+00,7.050075874863599712e-02
4.863991957412668654e+01,4.880114026370228508e+00,5.937187364758639979e-02
4.872113087246103191e+01,4.736123103062987560e+00,4.909419908113062114e-02
4.880026314173665725e+01,4.590979283145654399e+00,3.974652401500606419e-02
4.887727102931349776e+01,4.444697306833582218e+00,3.140729337336682636e-02
4.895210899749142186e+01,4.297293432618252140e+00,2.413236189627835857e-02
4.902473139224782273e+01,4.148785527226333869e+00,1.796923312539628476e-02
4.909590413541537401e+01,3.997432351256688943e+00,1.287657181867141003e-02
4.916471512216867978e+01,3.844990962693542347e+00,8.898385356834112581e-03
4.923532369221289429e+01,3.681531039135547356e+00,5.793080542088117381e-03
4.930314597259867782e+01,3.516895577130692008e+00,3.646901277943591022e-03
4.936392835040039273e+01,3.362088386874992452e+00,2.206873223898865848e-03
4.942218662529727879e+01,3.206313795949101042e+00,1.408544666047232196e-03
4.947755008843827085e+01,3.050546672397879799e+00,8.812275434536481289e-04
4.953033384243622805e+01,2.893886619808325289e+00,5.210246960314977686e-04
4.958049652685087239e+01,2.736367770905376418e+00,2.804818113452644244e-04
4.962799792625134643e+01,2.578026092195481400e+00,1.310633264925427203e-04
4.967279911593743691e+01,2.418899370055361153e+00,5.171014506481704269e-05
4.971486260654300082e+01,2.259027198218843679e+00,1.739322122991387868e-05
4.975415249841369558e+01,2.098450921680103942e+00,4.825472696759254773e-06
4.979063463036228399e+01,1.937213582596676975e+00,7.910264869271874316e-07
4.982427672253841422e+01,1.775359871412232282e+00,9.117420080140446683e-07
4.985504852200475767e+01,1.612936039886169404e+00,6.949359258883010169e-07
4.988355996580630602e+01,1.446042749756534462e+00,3.494616328152938266e-07
4.990900345788322312e+01,1.278654302248097840e+00,1.276961007807095523e-07
4.993376545425480373e+01,1.091165660197814580e+00,2.414922845602365917e-08
4.995463784651570904e+01,9.032042857117501544e-01,2.695007295835139567e-09
4.997344494320436326e+01,6.911853302452403147e-01,2.575335080397513766e-10
4.998726158909867934e+01,4.787828109516380493e-01,2.791317987537836496e-10
4.999681375287718765e+01,2.394760811198486938e-01,1.558454470281240104e-10
4.999999999999997868e+01,-9.592191504134905795e-17,1.031807984634272221e-09
