x,y,stress
9.999999999999994449e-01,6.859501322963530028e-16,1.160777459383591122e+03
1.003747875240235787e+00,2.120636490316610834e-01,1.074825843178707601e+02
1.014976329738945582e+00,4.238630489371091326e-01,1.095378512053844560e+02
1.031202918148213188e+00,6.117120337653167983e-01,2.795798951348938388e+01
1.053254730647650961e+00,7.989666771447406779e-01,2.507184379233617832e+01
1.077918355766516401e+00,9.661793061626035017e-01,1.306007881599788156e+01
1.107148048480183222e+00,1.132654583572993534e+00,9.309698384371772661e+00
1.140087235423350664e+00,1.294658532856475253e+00,6.153542032991047073e+00
1.177254085027615860e+00,1.455745261942022806e+00,4.240670009716554389e+00
1.218567776111611822e+00,1.615818784749933235e+00,2.952590535683159878e+00
1.263941137474254406e+00,1.774789401218699769e+00,2.097120971298471748e+00
1.313281538155286698e+00,1.932573964257565224e+00,1.521094743423673901e+00
1.366491779095024173e+00,2.089096046883492708e+00,1.127136563135047620e+00
1.423470958811456244e+00,2.244285987234766910e+00,8.530596034944771811e-01
1.484115303725374035e+00,2.398080844733807560e+00,6.586879272211774161e-01
1.548318971188201276e+00,2.550424323660124948e+00,5.186124221138921353e-01
1.615974783110725399e+00,2.701266585135873033e+00,4.148314240415986176e-01
1.687383010415195450e+00,2.851398301575996719e+00,3.355846664195538120e-01
1.762063548264754864e+00,2.999929560219471991e+00,2.810977385451552402e-01
1.839552412968195272e+00,3.146174962090977356e+00,2.399918183820833328e-01
1.920069547365055529e+00,3.290775376014522191e+00,2.101906704137187776e-01
2.003414549016282908e+00,3.433549824729647426e+00,1.893944419663150802e-01
2.089572961032472254e+00,3.574644489041729045e+00,1.758716688721451982e-01
2.178443818950411615e+00,3.714046764487402452e+00,1.685221315255331365e-01
2.269928493619227883e+00,3.851747957577735360e+00,1.664583682445615331e-01
2.363930904722855164e+00,3.987742967953141537e+00,1.690177586945956212e-01
2.460357703225961590e+00,4.122029995447473283e+00,1.755834185716613205e-01
2.559118363346451819e+00,4.254610186894491441e+00,1.856493734843477073e-01
2.660125237997127190e+00,4.385487305249756496e+00,1.987842407631602581e-01
2.763293627151418352e+00,4.514667476340732399e+00,2.146122277223551367e-01
2.868541831390969410e+00,4.642158962463172500e+00,2.328309142867438508e-01
2.979594585909107085e+00,4.772361716149470467e+00,2.539239961632003273e-01
3.092707498502497376e+00,4.900778898650478332e+00,2.770611822432785809e-01
3.204998032731280588e+00,5.024387754909860782e+00,3.014199832291521441e-01
3.319101641214890819e+00,5.146325056679503795e+00,3.273628878200580128e-01
3.433778214255087224e+00,5.265407816305907929e+00,3.544693275091498341e-01
3.550099721487674831e+00,5.382884404338365236e+00,3.828606862852184101e-01
3.668004455321286272e+00,5.498771819274909767e+00,4.124252576842207807e-01
3.787433453096687330e+00,5.613087842115032089e+00,4.430543419737651978e-01
3.908330171263968200e+00,5.725850675567475179e+00,4.746505415827578789e-01
4.030640381307997622e+00,5.837078832386306537e+00,5.071247847505961914e-01
4.154312233743330474e+00,5.946791184154210264e+00,5.403937562648059023e-01
4.279295994416323801e+00,6.055006719917588320e+00,5.743770653503815771e-01
4.405544061978241110e+00,6.161744570673152843e+00,6.090016119376617798e-01
4.533010929981419856e+00,6.267023982875362442e+00,6.441986660168841361e-01
4.663932786542564379e+00,6.372683310226184616e+00,6.805362181079436246e-01
4.796027725625262583e+00,6.476872399860459595e+00,7.173367823385222719e-01
4.939900249692532164e+00,6.587723392943007461e+00,7.575058271750638728e-01
5.085040416245374395e+00,6.696909450959818599e+00,7.980635066440264769e-01
5.220609384433527289e+00,6.796611414463108680e+00,8.359424381586998409e-01
5.357188608854660750e+00,6.894924957022571022e+00,8.740583704674195209e-01
5.492314264543602498e+00,6.990175198925112632e+00,9.116861067774155725e-01
5.628349277226054603e+00,7.084122180532526514e+00,9.494567030290849141e-01
5.765263593332154990e+00,7.176784018033537826e+00,9.873320536091800825e-01
5.903027534894346395e+00,7.268177946827465874e+00,1.025276495992123671e+00
6.041612869466168156e+00,7.358321096024709185e+00,1.063258967784349140e+00
6.180992911263659018e+00,7.447230562331397685e+00,1.101246592484961262e+00
6.321141799863962518e+00,7.534922964755687680e+00,1.139212589368332917e+00
6.462034857449779679e+00,7.621414704200146772e+00,1.177128360381779482e+00
6.603648364727921383e+00,7.706721847053748853e+00,1.214970025189716418e+00
6.745959479325173369e+00,7.790860104467949299e+00,1.252711472181809560e+00
6.890377298477702084e+00,7.874667701060599434e+00,1.290704441390699175e+00
7.035462702868009899e+00,7.957314240683746931e+00,1.328558851560938558e+00
7.196276514439941430e+00,8.047164563523553582e+00,1.370126572098432582e+00
7.357850720595679128e+00,8.135640245291289929e+00,1.411461008160179276e+00
7.522314003677962546e+00,8.223905583935900765e+00,1.453100532518378118e+00
7.687506012952429302e+00,8.310799479418955471e+00,1.494444313582339978e+00
7.836831648110906379e+00,8.387872974191852293e+00,1.531407859567020857e+00
7.986710912404658025e+00,8.463864283261944621e+00,1.568119984142283929e+00
8.134688465225822895e+00,8.537582603334110232e+00,1.603960471245263530e+00
8.283170725568444581e+00,8.610279017103740884e+00,1.639522347658188606e+00
8.432143061408842399e+00,8.681965740291433420e+00,1.674789226618853322e+00
8.581591420572751261e+00,8.752654736121343149e+00,1.709754411664581086e+00
8.731502295650082957e+00,8.822357712703013277e+00,1.744396990998367425e+00
8.881862513388137259e+00,8.891086041123958950e+00,1.778712627087054354e+00
9.032659359096426144e+00,8.958850831124337333e+00,1.812661713222870619e+00
9.183880695209603928e+00,9.025662996930423176e+00,1.846309390884014245e+00
9.335514704564113586e+00,9.091533154934220207e+00,1.879701705773320963e+00
9.487550024739681120e+00,9.156471697180169400e+00,1.912505602253742110e+00
9.641676628988056663e+00,9.221197091910411814e+00,1.945342227703181326e+00
9.796191286695060896e+00,9.284990584395233171e+00,1.977833019946592552e+00
9.967365286402623425e+00,9.354409302135904269e+00,2.013397294854628594e+00
1.013898626712350826e+01,9.422715516655165047e+00,2.048207277259792569e+00
1.032477921975137924e+01,9.495234265816705488e+00,2.085294935284750295e+00
1.051106153764111717e+01,9.566486583824508116e+00,2.121730950982096520e+00
1.068028724062485324e+01,9.629976979320723274e+00,2.154223363716637696e+00
1.084989086873187070e+01,9.692450819751448066e+00,2.186170657742839918e+00
1.100591258303727393e+01,9.748916829145754193e+00,2.215025059857338441e+00
1.116223559551611721e+01,9.804543287246969996e+00,2.243412403213605799e+00
1.131828341217545564e+01,9.859140824768232392e+00,2.271217375490584889e+00
1.147461502671979083e+01,9.912920373489408021e+00,2.298540964696704769e+00
1.163122306463919742e+01,9.965889363882240559e+00,2.325376421970833274e+00
1.178810049844637398e+01,1.001805509518747250e+01,2.351718417602393973e+00
1.194524043809071756e+01,1.006942467051541357e+01,2.377556881547383760e+00
1.210263619055872475e+01,1.012000502429363991e+01,2.402888296591529027e+00
1.226028125550236325e+01,1.016980292718466572e+01,2.427709429124383700e+00
1.241816930593726731e+01,1.021882498609723378e+01,2.452013561585158818e+00
1.257629417742143474e+01,1.026707764695031422e+01,2.475794473721358635e+00
1.273464990521979345e+01,1.031456721162447643e+01,2.499054355454294996e+00
1.289803747036693160e+01,1.036270359186439372e+01,2.522452383840105838e+00
1.306165772023593696e+01,1.041004303078519300e+01,2.545304153400659519e+00
1.324524764365317608e+01,1.046214362643906881e+01,2.570195739532593837e+00
1.342911386793736561e+01,1.051326060409947694e+01,2.594366462113860905e+00
1.362873703135580605e+01,1.056757278775430109e+01,2.619733168129456669e+00
1.382866564179433766e+01,1.062074960463212037e+01,2.644197388858721354e+00
1.401063804545568381e+01,1.066810578115924990e+01,2.665694549494860954e+00
1.419284790889915193e+01,1.071453993039148500e+01,2.686456423826768525e+00
1.435651604272176662e+01,1.075542013650746043e+01,2.704475716415509989e+00
1.452036508230601264e+01,1.079556913728785972e+01,2.721914588139080049e+00
1.468110909200382785e+01,1.083421075146770463e+01,2.738434538171166999e+00
1.484201809905089675e+01,1.087215944166555737e+01,2.754389522927870537e+00
1.500308792007475667e+01,1.090941965535110825e+01,2.769780199258585096e+00
1.516431447491709683e+01,1.094599573190664898e+01,2.784607438494083986e+00
1.532569376086844848e+01,1.098189189975365743e+01,2.798873136160858532e+00
1.548722188152833112e+01,1.101711228576624357e+01,2.812579765574441115e+00
1.564889503120903314e+01,1.105166091434509568e+01,2.825732781647208203e+00
1.581070945524967009e+01,1.108554170174107689e+01,2.838334057706460190e+00
1.597266148509973505e+01,1.111875846640934462e+01,2.850389400717574961e+00
1.613474754382150778e+01,1.115131493242188121e+01,2.861903649253163096e+00
1.629831264105004607e+01,1.118347706559872101e+01,2.872960840409843009e+00
1.646200690653080656e+01,1.121497518873617416e+01,2.883498255450669845e+00
1.664229260011210698e+01,1.124887468836170790e+01,2.894442902947216290e+00
1.682272602331697087e+01,1.128197888570819707e+01,2.904770286544762659e+00
1.702606464050821700e+01,1.131830767918338232e+01,2.915620949133272966e+00
1.722957879502061829e+01,1.135363988218322895e+01,2.925671540946298776e+00
1.743293018715532483e+01,1.138792622086583606e+01,2.934953854938086693e+00
1.763644467565228879e+01,1.142123081135818374e+01,2.943462202089801583e+00
1.781731707457265301e+01,1.144998980341002515e+01,2.950428795190497500e+00
1.799830964868010952e+01,1.147798253422866921e+01,2.956837647579759309e+00
1.816304933610684813e+01,1.150278341988897246e+01,2.962204777169334058e+00
1.832788240727204609e+01,1.152695587339530192e+01,2.967144614979173145e+00
1.849154579975066781e+01,1.155032492966384439e+01,2.971630298781015256e+00
1.865529568139832506e+01,1.157308004713435068e+01,2.975711427956013733e+00
1.881912938950863889e+01,1.159522356938799881e+01,2.979402686137745615e+00
1.898304430056542458e+01,1.161675776745647504e+01,2.982716973600354038e+00
1.914703783815549443e+01,1.163768484205531450e+01,2.985668759652460036e+00
1.931110744582717587e+01,1.165800692128672367e+01,2.988274299191774563e+00
1.947525059947645332e+01,1.167772606355165266e+01,2.990547452797173822e+00
1.963946483209042881e+01,1.169684426152631040e+01,2.992506584159532412e+00
1.980374770065655810e+01,1.171536343910814360e+01,2.994166368231441222e+00
1.996809678789826137e+01,1.173328545276257984e+01,2.995552335477118966e+00
2.013602933018551155e+01,1.175097644158969423e+01,2.996688674723064327e+00
2.030402595895545304e+01,1.176804813686019990e+01,2.997593249251878866e+00
2.049147768894500032e+01,1.178636104328557010e+01,2.998297563924567033e+00
2.067900266363720263e+01,1.180390806067152987e+01,2.998747166516931628e+00
2.089000915597974384e+01,1.182273207915654822e+01,2.998943529049453716e+00
2.110109935059329445e+01,1.184059303546549025e+01,2.998836469639858837e+00
2.130784814674912653e+01,1.185714989671354225e+01,2.998510590776633400e+00
2.151466839923920915e+01,1.187278888501705154e+01,2.997960067707003962e+00
2.169840057855324034e+01,1.188591015930524009e+01,2.997340710340528958e+00
2.188218279105605291e+01,1.189831097101194146e+01,2.996610585535891769e+00
2.204881192259726319e+01,1.190893035637327380e+01,2.995873230870133241e+00
2.221547758832035768e+01,1.191896005256806568e+01,2.995087849199548735e+00
2.238053631897792428e+01,1.192831096618257369e+01,2.994265184590279905e+00
2.254562668767069766e+01,1.193708561211367503e+01,2.993414997172165748e+00
2.271074663511217295e+01,1.194528483368384286e+01,2.992549829514429938e+00
2.287589411489425117e+01,1.195290941767796866e+01,2.991683367967203466e+00
2.304106709141690246e+01,1.195996009462061060e+01,2.990827440121721192e+00
2.320626354113784728e+01,1.196643753917752484e+01,2.989994656024200559e+00
2.337148144925382454e+01,1.197234237033291215e+01,2.989197138194404690e+00
2.353671881092889251e+01,1.197767515173238984e+01,2.988444501635833639e+00
2.370197362888837844e+01,1.198243639186015308e+01,2.987746629253517305e+00
2.386724391337537199e+01,1.198662654428065188e+01,2.987115429869377614e+00
2.403550616345272672e+01,1.199030599733865721e+01,2.986542357013469040e+00
2.420378030037960926e+01,1.199339437138143971e+01,2.986066510928614193e+00
2.439102579163387929e+01,1.199613636148681373e+01,2.985629640597324830e+00
2.457828056125743998e+01,1.199814728109079986e+01,2.985314839912713847e+00
2.478913824565634272e+01,1.199953683815081895e+01,2.985101861068105933e+00
2.499999999999988276e+01,1.199999999999999467e+01,2.985020797241549229e+00
2.521086175434343701e+01,1.199953683815082428e+01,2.985107656189585068e+00
2.542171943874234330e+01,1.199814728109079986e+01,2.985326558416407927e+00
2.560897420836596083e+01,1.199613636148681550e+01,2.985646107325214960e+00
2.579621969962020245e+01,1.199339437138144149e+01,2.986087317275650577e+00
2.596449383654715248e+01,1.199030599733866254e+01,2.986565338633229150e+00
2.613275608662443972e+01,1.198662654428065899e+01,2.987140307012061680e+00
2.629802637111156827e+01,1.198243639186014953e+01,2.987771602494765588e+00
2.646328118907092986e+01,1.197767515173239516e+01,2.988469441714970642e+00
2.662851855074598006e+01,1.197234237033292281e+01,2.989222308702307540e+00
2.679373645886196442e+01,1.196643753917753017e+01,2.990020096987500597e+00
2.695893290858291280e+01,1.195996009462061771e+01,2.990852536746789525e+00
2.712410588510556764e+01,1.195290941767797577e+01,2.991708122286094618e+00
2.728925336488763875e+01,1.194528483368385530e+01,2.992574313262872376e+00
2.745437331232912115e+01,1.193708561211368213e+01,2.993439096142341160e+00
2.761946368102189808e+01,1.192831096618258258e+01,2.994287991428223439e+00
2.778452241167946468e+01,1.191896005256807456e+01,2.995109447686827853e+00
2.795118807740255562e+01,1.190893035637328268e+01,2.995894202955116992e+00
2.811781720894375525e+01,1.189831097101195212e+01,2.996631314370224342e+00
2.830159942144655361e+01,1.188591015930524897e+01,2.997361471530163524e+00
2.848533160076058124e+01,1.187278888501706575e+01,2.997981810576224149e+00
2.869215185325064255e+01,1.185714989671355646e+01,2.998535264739619066e+00
2.889890064940646752e+01,1.184059303546550801e+01,2.998864752408298084e+00
2.910999084402002879e+01,1.182273207915656066e+01,2.998975726323630298e+00
2.932099733636258421e+01,1.180390806067154763e+01,2.998783759157142015e+00
2.950852231105479362e+01,1.178636104328558787e+01,2.998338001182460744e+00
2.969597404104435157e+01,1.176804813686021767e+01,2.997636874072697299e+00
2.986397066981429660e+01,1.175097644158970844e+01,2.996731973344522793e+00
3.003190321210155744e+01,1.173328545276259582e+01,2.995594303748741805e+00
3.019625229934325716e+01,1.171536343910816669e+01,2.994203032863201663e+00
3.036053516790938289e+01,1.169684426152633350e+01,2.992537022357350196e+00
3.052474940052336549e+01,1.167772606355167220e+01,2.990571780592042650e+00
3.068889255417265005e+01,1.165800692128674321e+01,2.988292887787795227e+00
3.085296216184432438e+01,1.163768484205533404e+01,2.985683042346788163e+00
3.101695569943439423e+01,1.161675776745649635e+01,2.982727358977640186e+00
3.118087061049117636e+01,1.159522356938801657e+01,2.979410925317134584e+00
3.134470431860149731e+01,1.157308004713437199e+01,2.975718426643676029e+00
3.150845420024915811e+01,1.155032492966386570e+01,2.971636178801594586e+00
3.167211759272777272e+01,1.152695587339532501e+01,2.967149630031151286e+00
3.183695066389297423e+01,1.150278341988899555e+01,2.962207904833278338e+00
3.200169035131970219e+01,1.147798253422869408e+01,2.956839696834156594e+00
3.218268292542715869e+01,1.144998980341005002e+01,2.950429444072706797e+00
3.236355532434750870e+01,1.142123081135820861e+01,2.943461164052708856e+00
3.256706981284444424e+01,1.138792622086586448e+01,2.934951479651589867e+00
3.277042120497912947e+01,1.135363988218326803e+01,2.925666533355407051e+00
3.297393535949154142e+01,1.131830767918342140e+01,2.915615611186185951e+00
3.317727397668279110e+01,1.128197888570823260e+01,2.904762618026168308e+00
3.335770739988770828e+01,1.124887468836173632e+01,2.894435906389529745e+00
3.353799309346904778e+01,1.121497518873619725e+01,2.883491483954599310e+00
3.370168735894981893e+01,1.118347706559874055e+01,2.872958209164991228e+00
3.386525245617836788e+01,1.115131493242189897e+01,2.861906626929943354e+00
3.402733851490014416e+01,1.111875846640936416e+01,2.850396449230617968e+00
3.418929054475020735e+01,1.108554170174109643e+01,2.838345115579427702e+00
3.435110496879084252e+01,1.105166091434511877e+01,2.825743838517948525e+00
3.451277811847153743e+01,1.101711228576626844e+01,2.812589145681775982e+00
3.467430623913142540e+01,1.098189189975367874e+01,2.798878957483435848e+00
3.483568552508277349e+01,1.094599573190667208e+01,2.784609161685207557e+00
3.499691207992511721e+01,1.090941965535113134e+01,2.769779213141448260e+00
3.515798190094896114e+01,1.087215944166557868e+01,2.754385362733006826e+00
3.531889090799602116e+01,1.083421075146772949e+01,2.738429489072674361e+00
3.547963491769385058e+01,1.079556913728788636e+01,2.721910336539293596e+00
3.564348395727808594e+01,1.075542013650748885e+01,2.704472447181346606e+00
3.580715209110068997e+01,1.071453993039151875e+01,2.686458284553780551e+00
3.598936195454417941e+01,1.066810578115927832e+01,2.665697179809977335e+00
3.617133435820553444e+01,1.062074960463214701e+01,2.644205159828139085e+00
3.637126296864406783e+01,1.056757278775432773e+01,2.619742602647076257e+00
3.657088613206252603e+01,1.051326060409949825e+01,2.594376575357681514e+00
3.675475235634671378e+01,1.046214362643908657e+01,2.570209688030978157e+00
3.693834227976397955e+01,1.041004303078520898e+01,2.545318527873900560e+00
3.710196252963299202e+01,1.036270359186440793e+01,2.522471045367433273e+00
3.726535009478014615e+01,1.031456721162448531e+01,2.499074492630472655e+00
3.742370582257851197e+01,1.026707764695031955e+01,2.475815597125180290e+00
3.758183069406268118e+01,1.021882498609724266e+01,2.452034547363504124e+00
3.773971874449759412e+01,1.016980292718467105e+01,2.427728092675957239e+00
3.789736380944124505e+01,1.012000502429364168e+01,2.402903217787985213e+00
3.805475956190924336e+01,1.006942467051541890e+01,2.377565986510764784e+00
3.821189950155357451e+01,1.001805509518748138e+01,2.351721342183691998e+00
3.836877693536074929e+01,9.965889363882249441e+00,2.325375368680243415e+00
3.852538497328016120e+01,9.912920373489416903e+00,2.298534674051173177e+00
3.868171658782449640e+01,9.859140824768235944e+00,2.271207612947991006e+00
3.883776440448382772e+01,9.804543287246978878e+00,2.243399579900072993e+00
3.899408741696267811e+01,9.748916829145761298e+00,2.215013383649069745e+00
3.915010913126808845e+01,9.692450819751453395e+00,2.186167826488485399e+00
3.931971275937507926e+01,9.629976979320732156e+00,2.154225129786780712e+00
3.948893846235881711e+01,9.566486583824520551e+00,2.121746905018279339e+00
3.967522078024855858e+01,9.495234265816717922e+00,2.085310910537768514e+00
3.986101373287643668e+01,9.422715516655175705e+00,2.048223907677876987e+00
4.003263471359731795e+01,9.354409302135914928e+00,2.013329935970862294e+00
4.020380871330488759e+01,9.284990584395243829e+00,1.977926683817512243e+00
4.035832337101188472e+01,9.221197091910424248e+00,1.945443913093316102e+00
4.051244997526026737e+01,9.156471697180180058e+00,1.912576088119603668e+00
4.066448529543581003e+01,9.091533154934236194e+00,1.879684316902926478e+00
4.081611930479031258e+01,9.025662996930448045e+00,1.846422909352930741e+00
4.096734064090347971e+01,8.958850831124363978e+00,1.812801088458082299e+00
4.111813748661176504e+01,8.891086041123989148e+00,1.778827731739240470e+00
4.126849770434981224e+01,8.822357712703043475e+00,1.744514688187049689e+00
4.141840857942714393e+01,8.752654736121380452e+00,1.709871752567253544e+00
4.156785693859104924e+01,8.681965740291470723e+00,1.674911464754254231e+00
4.171682927443145417e+01,8.610279017103778187e+00,1.639644355035449586e+00
4.186531153477408651e+01,8.537582603334142206e+00,1.604083115099933954e+00
4.201328908759526115e+01,8.463864283261973043e+00,1.568241760880620284e+00
4.216316835188904122e+01,8.387872974191868281e+00,1.531534917641323323e+00
4.231249398704753162e+01,8.310799479418962576e+00,1.494574064154516213e+00
4.247768599632198061e+01,8.223905583935913199e+00,1.453241028601854445e+00
4.264214927940425781e+01,8.135640245291309469e+00,1.411613812676355106e+00
4.280372348555999196e+01,8.047164563523574898e+00,1.370282036982734652e+00
4.296453729713193326e+01,7.957314240683765583e+00,1.328717770618220051e+00
4.310962270152224818e+01,7.874667701060611869e+00,1.290858133468012259e+00
4.325404052067479199e+01,7.790860104467955516e+00,1.252863551929055408e+00
4.339635163527204753e+01,7.706721847053755070e+00,1.215120756822573034e+00
4.353796514255018479e+01,7.621414704200155654e+00,1.177279438283884039e+00
4.367885820013599130e+01,7.534922964755694785e+00,1.139363697095171046e+00
4.381900708873630634e+01,7.447230562331402126e+00,1.101397060001750416e+00
4.395838713053380786e+01,7.358321096024708297e+00,1.063408178554255512e+00
4.409697246510563673e+01,7.268177946827460545e+00,1.025423880226662865e+00
4.423473640666779971e+01,7.176784018033537826e+00,9.874766810846729026e-01
4.437165072277391431e+01,7.084122180532531843e+00,9.495980439348452595e-01
4.450768573545635576e+01,6.990175198925126843e+00,9.118243415268048047e-01
4.464281139114527974e+01,6.894924957022599443e+00,8.741930733436574785e-01
4.477939061556640610e+01,6.796611414463138878e+00,8.360762186756600656e-01
4.491495958375456610e+01,6.696909450959846133e+00,7.981945214265440125e-01
4.506009975030739412e+01,6.587723392943042988e+00,7.576388215224093559e-01
4.520397227437465659e+01,6.476872399860506668e+00,7.174721556267332767e-01
4.533606721345734769e+01,6.372683310226226361e+00,6.806719714590900860e-01
4.546698907001851353e+01,6.267023982875398858e+00,6.443351884665583507e-01
4.559445593802168872e+01,6.161744570673187482e+00,6.091365543110447422e-01
4.572070400558360603e+01,6.055006719917626512e+00,5.745093357190622640e-01
4.584568776625657449e+01,5.946791184154258225e+00,5.405214923864664067e-01
4.596935961869191800e+01,5.837078832386361604e+00,5.072476836464447913e-01
4.609166982873595231e+01,5.725850675567532022e+00,4.747640317997751103e-01
4.621256654690323273e+01,5.613087842115087156e+00,4.431579699053753152e-01
4.633199554467861958e+01,5.498771819274958617e+00,4.125130446687821362e-01
4.644990027851225989e+01,5.382884404338410533e+00,3.829316693147436501e-01
4.656622178574483684e+01,5.265407816305958555e+00,3.545122976185537955e-01
4.668089835878503635e+01,5.146325056679553533e+00,3.273719522468577781e-01
4.679500196726865369e+01,5.024387754909906079e+00,3.013912602691376508e-01
4.690729250149744445e+01,4.900778898650517412e+00,2.769850276023571034e-01
4.702040541409083829e+01,4.772361716149510436e+00,2.538465281083821523e-01
4.713145816860897241e+01,4.642158962463213356e+00,2.327665545347840648e-01
4.723670637284853058e+01,4.514667476340768815e+00,2.145579056871682599e-01
4.733987476200282885e+01,4.385487305249778700e+00,1.987425457182622202e-01
4.744088163665350777e+01,4.254610186894519863e+00,1.856154425209087244e-01
4.753964229677398379e+01,4.122029995447509698e+00,1.755522886651577630e-01
4.763606909527710087e+01,3.987742967953170403e+00,1.689858803979653601e-01
4.773007150638073171e+01,3.851747957577759784e+00,1.664277553256209852e-01
4.782155618104955153e+01,3.714046764487429986e+00,1.684628384110014865e-01
4.791042703896747668e+01,3.574644489041759687e+00,1.757933647748149142e-01
4.799658545098365892e+01,3.433549824729686062e+00,1.892701438062844022e-01
4.807993045263489762e+01,3.290775376014570597e+00,2.100736534971688885e-01
4.816044758703175432e+01,3.146174962091023986e+00,2.397959953527876997e-01
4.823793645173518740e+01,2.999929560219511959e+00,2.808342766308550842e-01
4.831261698958476103e+01,2.851398301576018035e+00,3.366798853832104754e-01
4.838402521688924907e+01,2.701266585135873921e+00,4.125393365995563277e-01
4.845168102881176253e+01,2.550424323660136494e+00,5.150217008108570749e-01
4.851588469627458977e+01,2.398080844733823991e+00,6.558495395569869935e-01
4.857652904118852177e+01,2.244285987234756252e+00,8.507373133263430587e-01
4.863350822090497161e+01,2.089096046883450519e+00,1.125645626777554975e+00
4.868671846184470553e+01,1.932573964257499499e+00,1.520305878678325229e+00
4.873605886252574493e+01,1.774789401218615614e+00,2.097466506994195345e+00
4.878143222388838041e+01,1.615818784749882164e+00,2.952281955467221941e+00
4.882274591497236571e+01,1.455745261942002600e+00,4.276485264795962138e+00
4.885991276457662025e+01,1.294658532856457267e+00,6.141863892481696396e+00
4.889285195151978769e+01,1.132654583572975548e+00,9.658164395252629930e+00
4.892208164423346517e+01,9.661793061626022805e-01,1.305301576528054142e+01
4.894674526935232706e+01,7.989666771447564431e-01,2.639350977616486915e+01
4.896879708185174707e+01,6.117120337653971784e-01,2.786333243737602672e+01
4.898502367026101467e+01,4.238630489372555155e-01,1.119746644726301952e+02
4.899625212475974223e+01,2.120636490317320266e-01,1.075913713313844227e+02
4.899999999999997868e+01,-4.086439964463232122e-17,1.163174034606207442e+03
