x,y,stress
-7.443209170585917623e-19,-9.431176022064720725e-17,1.689030472974645276e-10
3.411315575597483572e-03,2.312699263609074019e-01,1.031504094428341111e-11
1.363619853404072872e-02,4.623389237088257886e-01,6.249233020716497694e-11
2.841358631648912766e-02,6.672869354053418967e-01,6.865553023961101391e-11
4.851663381241163447e-02,8.717813065812841655e-01,7.834345114431337104e-10
7.080181831717165253e-02,1.052900976618646345e+00,6.802537259287240137e-09
9.721926718145461332e-02,1.233464264607382788e+00,3.143071874472373667e-08
1.249541966006865457e-01,1.397993345129857179e+00,7.474869062846213393e-08
1.560727695439715623e-01,1.561916174185988382e+00,3.090606157347905966e-07
1.903516216878492762e-01,1.724340606504229267e+00,1.391876124992021233e-06
2.278978581635050238e-01,1.886041048540042064e+00,5.064669205857466669e-06
2.686657694418100317e-01,2.046959503880210196e+00,1.858133609992545216e-05
3.126067872718819030e-01,2.207040663545114967e+00,6.092980866445983629e-05
3.596697692773245802e-01,2.366232015573491498e+00,1.567384217847536513e-04
4.098012813954913791e-01,2.524483911769715760e+00,3.283451125687339715e-04
4.629458824222251745e-01,2.681749621508364267e+00,6.019945970578157411e-04
5.190464030618496816e-01,2.837985356684971538e+00,1.032651562859622073e-03
5.780442191852298572e-01,2.993150277450402186e+00,1.750716628128714007e-03
6.398795161756782868e-01,3.147206477537384472e+00,2.914667641873116850e-03
7.063638890517575097e-01,3.304438693328958898e+00,4.739383262955274533e-03
7.757178908020808672e-01,3.460426478600064026e+00,7.622852188254066255e-03
8.477896767592693061e-01,3.614960991077166508e+00,1.133916547292833366e-02
9.225899203853197283e-01,3.768193514389955201e+00,1.601604748349251886e-02
9.979678509802306641e-01,3.916096164828352322e+00,2.151048050222616193e-02
1.075805773853672820e+00,4.062719168912726886e+00,2.790298525935034149e-02
1.156041928901490268e+00,4.208043734891445453e+00,3.513079742086493151e-02
1.238615012356808931e+00,4.352053374658893858e+00,4.310733378731058246e-02
1.323464321792455989e+00,4.494733811490735143e+00,5.176443883275583940e-02
1.410529864913690590e+00,4.636072847432958888e+00,6.103760157433050365e-02
1.499752468974409725e+00,4.776060256266963400e+00,7.088007355734134152e-02
1.591073885862548165e+00,4.914687688769539875e+00,8.127918732199572449e-02
1.684436860979753758e+00,5.051948541310467888e+00,9.226991624864835928e-02
1.779785193163191837e+00,5.187837833637272134e+00,1.039138329667425031e-01
1.877621681744098270e+00,5.323112126996396576e+00,1.163603036920278638e-01
1.977355604072985384e+00,5.456993695970455249e+00,1.296862371061318353e-01
2.087294788596976591e+00,5.600222312656888413e+00,1.451813873125311904e-01
2.199324586083973632e+00,5.741821777961704676e+00,1.619896029822064099e-01
2.306965856780865298e+00,5.874029004959285594e+00,1.792529025333099435e-01
2.416360808680915184e+00,6.004788917090497335e+00,1.979604910662864092e-01
2.524516039486089269e+00,6.130724415946113837e+00,2.176973247255778732e-01
2.634239154567679098e+00,6.255296302336518011e+00,2.389917866757594878e-01
2.745485343125923183e+00,6.378510066508946252e+00,2.619142637374395899e-01
2.858210986719880164e+00,6.500371822117498866e+00,2.864957850202747291e-01
2.972373707372854224e+00,6.620888310530276932e+00,3.127551474783744068e-01
3.087932436674373893e+00,6.740066924255228464e+00,3.406907167959282723e-01
3.204847317309047927e+00,6.857915558475196072e+00,3.702878756119200587e-01
3.323079610739755108e+00,6.974442486425302512e+00,4.015107191757576466e-01
3.442591746586733503e+00,7.089656384514128717e+00,4.343173342893611455e-01
3.563347372890570686e+00,7.203566353672314015e+00,4.686583484320820392e-01
3.686023145579567117e+00,7.316832163415978307e+00,5.046836332095868682e-01
3.809886445621218254e+00,7.428798143473426485e+00,5.421442732576816637e-01
3.946915855924698402e+00,7.549989034419275491e+00,5.847179831691945440e-01
4.085287484676119796e+00,7.669645194261911492e+00,6.288426065755146066e-01
4.226493775308939327e+00,7.789063314161821516e+00,6.749195783885183486e-01
4.368988296476675970e+00,7.906941334646194974e+00,7.223758991800038887e-01
4.499240567214986442e+00,8.012479974150215511e+00,7.665329813993121411e-01
4.630490107250186504e+00,8.116775820870429925e+00,8.116718734336867414e-01
4.761412532274193588e+00,8.218838570308824032e+00,8.572796057301141914e-01
4.893259597052185939e+00,8.319704043988034314e+00,9.037221669349975173e-01
5.026006133204489856e+00,8.419382925208346080e+00,9.509377168164578897e-01
5.159627656919234973e+00,8.517885799321941676e+00,9.988642133546634660e-01
5.294100384494684342e+00,8.615223176433765673e+00,1.047443065856191735e+00
5.429401541915377827e+00,8.711405718437266188e+00,1.096623835217038545e+00
5.565509247155342898e+00,8.806444145856708872e+00,1.146350607939933042e+00
5.702401722818774665e+00,8.900348698209642251e+00,1.196579215423107412e+00
5.840057939182341507e+00,8.993129605588265463e+00,1.247263581515983599e+00
5.978457959961320789e+00,9.084797316848144177e+00,1.298324909521700210e+00
6.120359980673526046e+00,9.177154397931126084e+00,1.350745821675839231e+00
6.262995347331767881e+00,9.268374848059972138e+00,1.403481016166892248e+00
6.422823674370833125e+00,9.368726690365615895e+00,1.462557633531560208e+00
6.583512984703559390e+00,9.467694053275849342e+00,1.521905974416018603e+00
6.750759028239680326e+00,9.568714018099305108e+00,1.583587657879192978e+00
6.918874150123145661e+00,9.668281009418729255e+00,1.645436633387731495e+00
7.069391531198456313e+00,9.755792770899082811e+00,1.700677262513794030e+00
7.220560658630289730e+00,9.842173840731303969e+00,1.755976360280966597e+00
7.365284741769708710e+00,9.923491021303609827e+00,1.808712455792633733e+00
7.510571253994894114e+00,1.000379903029871009e+01,1.861434738365981501e+00
7.656406309356175832e+00,1.008310686621511287e+01,1.914104130892172906e+00
7.802776188118101253e+00,1.016142325937875412e+01,1.966697880651419927e+00
7.949667621290564590e+00,1.023875683797632519e+01,2.019186341712420507e+00
8.097067860854318511e+00,1.031511616838041689e+01,2.071542544141374176e+00
8.244964411700317797e+00,1.039050962039671688e+01,2.123739120503125744e+00
8.393345231643419169e+00,1.046494547802751995e+01,2.175750734151048693e+00
8.542198676265019941e+00,1.053843191487913877e+01,2.227550073778676865e+00
8.691513230552986968e+00,1.061097686895914016e+01,2.279114012256038269e+00
8.841344836743092017e+00,1.068261999397004303e+01,2.330427421161917589e+00
8.991616062238932727e+00,1.075333638759183863e+01,2.381482682020221286e+00
9.153263886265436966e+00,1.082816084772777643e+01,2.435813752018991085e+00
9.315392757071892404e+00,1.090193720359658158e+01,2.489981722829023081e+00
9.498588481006128958e+00,1.098380066971978941e+01,2.550682619043187493e+00
9.682362205845834069e+00,1.106435824378740840e+01,2.610305794654946165e+00
9.865868352249908213e+00,1.114326915167282195e+01,2.669242739279402699e+00
1.004991543119245812e+01,1.122091008013581614e+01,2.727492629761958831e+00
1.021373009392264564e+01,1.128877527910748491e+01,2.778651544394968198e+00
1.037794875343714196e+01,1.135565698666220058e+01,2.829248377122258962e+00
1.053207042589568054e+01,1.141739632052046538e+01,2.876092532475024388e+00
1.068652952191287753e+01,1.147828658454519690e+01,2.922399030059452230e+00
1.084129681744732920e+01,1.153832572540200374e+01,2.968130670371961433e+00
1.099638605352372878e+01,1.159752829541596775e+01,3.013273151085904100e+00
1.115178981799578573e+01,1.165590025022429543e+01,3.057805081631324473e+00
1.130750088973496403e+01,1.171344743450819337e+01,3.101701921082865798e+00
1.146351222457060537e+01,1.177017558042750345e+01,3.144939994175273590e+00
1.161981693898034251e+01,1.182609030546992024e+01,3.187497158693934463e+00
1.177640836959282744e+01,1.188119713704817748e+01,3.229352510893634065e+00
1.193327991155671874e+01,1.193550145886018043e+01,3.270482041075302160e+00
1.209042510473468468e+01,1.198900854620517187e+01,3.310858610220785980e+00
1.224783775701061472e+01,1.204172361039273831e+01,3.350479088147620299e+00
1.241390956391934530e+01,1.209639312832188196e+01,3.391327378431403972e+00
1.258026431119372646e+01,1.215019554886965736e+01,3.431301624365074243e+00
1.276794588994363622e+01,1.220975760878067362e+01,3.475157413177918375e+00
1.295596824034755379e+01,1.226823505471633169e+01,3.517803041379564011e+00
1.315966788689978806e+01,1.233026072382845051e+01,3.562494640354814557e+00
1.336374389410775976e+01,1.239103666961015549e+01,3.605618234882504325e+00
1.354908577440533968e+01,1.244506690547044947e+01,3.643400350802223464e+00
1.373471992760061688e+01,1.249808427678537015e+01,3.679852861191083235e+00
1.390027410911652339e+01,1.254445105623110912e+01,3.711204412875110492e+00
1.406604847192794949e+01,1.259002436727916852e+01,3.741479175753921194e+00
1.422631888539063816e+01,1.263327972410515443e+01,3.769665515413570755e+00
1.438678498690158492e+01,1.267580339063716721e+01,3.796807499444092127e+00
1.454744221232595791e+01,1.271759920716393921e+01,3.822887440466244957e+00
1.470828607665548127e+01,1.275867092801924052e+01,3.847888823852155138e+00
1.486931218660550869e+01,1.279902222689204194e+01,3.871798493565227872e+00
1.503051623353997357e+01,1.283865669685652122e+01,3.894604429619016983e+00
1.519189399383781947e+01,1.287757785225712226e+01,3.916297326771820408e+00
1.535344131462679940e+01,1.291578912703743320e+01,3.936866732292084059e+00
1.551515411858737359e+01,1.295329387772833840e+01,3.956302325739122328e+00
1.567702841149878168e+01,1.299009538680665621e+01,3.974602333251009423e+00
1.583950646707069687e+01,1.302629526542059146e+01,3.991795048605957241e+00
1.600213906258785457e+01,1.306179440756863208e+01,4.007873612932382201e+00
1.617900466662494452e+01,1.309957239609908797e+01,4.023985377112010653e+00
1.635604336541961601e+01,1.313653072527755050e+01,4.038780045134076069e+00
1.655568824161229813e+01,1.317718910176050073e+01,4.053759329799455635e+00
1.675554017056041189e+01,1.321681722023382299e+01,4.067021623485256754e+00
1.696929378631673657e+01,1.325802522315076715e+01,4.079295581512906388e+00
1.718326858887668251e+01,1.329806886245283870e+01,4.089552873739413563e+00
1.737602516678934350e+01,1.333311675596032764e+01,4.097190032615109168e+00
1.756894929232995750e+01,1.336723032700414571e+01,4.103280461025727632e+00
1.774046396777892554e+01,1.339675368276892264e+01,4.107451432053534468e+00
1.791210294894275989e+01,1.342554557354885425e+01,4.110469351357046719e+00
1.807593294595806910e+01,1.345232945802334257e+01,4.112294356097118353e+00
1.823986962611323648e+01,1.347845242845325764e+01,4.113115578188891064e+00
1.840390991845375979e+01,1.350391663153654953e+01,4.112949868649297791e+00
1.856805080368400240e+01,1.352872415501522951e+01,4.111826260821493051e+00
1.873228929102892693e+01,1.355287702497769509e+01,4.109781957322085510e+00
1.889662243869702607e+01,1.357637720981322005e+01,4.106847175921216397e+00
1.906104733929601025e+01,1.359922661881080153e+01,4.103059513655161972e+00
1.922556111440905013e+01,1.362142710227316122e+01,4.098455998493027330e+00
1.939016093171914079e+01,1.364298045461245223e+01,4.093082275760717259e+00
1.955484397407249375e+01,1.366388841097571571e+01,4.086980229122740838e+00
1.971968849923585410e+01,1.368416245733204839e+01,4.080181916585733148e+00
1.988461080144974602e+01,1.370379378105677937e+01,4.072780868240352348e+00
2.006166167113973842e+01,1.372414582561657426e+01,4.064149153167428530e+00
2.023879563504295831e+01,1.374376151522091938e+01,4.054953286653917743e+00
2.043844275217568196e+01,1.376497993100258377e+01,4.043880850751019551e+00
2.063818649950479411e+01,1.378526855830857478e+01,4.032234594072635403e+00
2.085863317238855430e+01,1.380657349738219075e+01,4.018797161946157992e+00
2.107918572809449742e+01,1.382675286405385684e+01,4.004819249301760919e+00
2.128326310386555420e+01,1.384441720848387902e+01,3.991638863118714742e+00
2.148742116384734047e+01,1.386112323438663374e+01,3.978265726826213378e+00
2.166870791930244167e+01,1.387515123621066060e+01,3.966374554596668212e+00
2.185005131185349825e+01,1.388842703026433156e+01,3.954523894126591443e+00
2.201632901979641943e+01,1.389993672886034837e+01,3.943770720214350600e+00
2.218264914458264769e+01,1.391081632082694419e+01,3.933195416223488561e+00
2.234833980540898679e+01,1.392102667763463764e+01,3.922879713303180527e+00
2.251406770564161519e+01,1.393061362973285000e+01,3.912844210772452591e+00
2.267983045904870565e+01,1.393957792227832471e+01,3.903142467699507012e+00
2.284562567792025334e+01,1.394792025047181561e+01,3.893834927911234978e+00
2.301145098690965440e+01,1.395564126069266386e+01,3.884975496426451347e+00
2.317730403344775780e+01,1.396274155114524440e+01,3.876616591206360596e+00
2.334318247251877665e+01,1.396922167128311010e+01,3.868807450280720595e+00
2.350908396040574644e+01,1.397508212184097154e+01,3.861594435881089638e+00
2.367500616472361941e+01,1.398032335545640592e+01,3.855025023967113995e+00
2.384094676157534565e+01,1.398494577669787731e+01,3.849144763138732994e+00
2.401213435599882473e+01,1.398906589064489303e+01,3.843820572424034410e+00
2.418333651625824743e+01,1.399252828664481996e+01,3.839321044965028129e+00
2.437533779979843018e+01,1.399562904558906418e+01,3.835234028196140788e+00
2.456735065118959582e+01,1.399790336586337780e+01,3.832227688124377973e+00
2.478367278538821949e+01,1.399947585859406018e+01,3.830133082439516112e+00
2.499999999999992539e+01,1.399999999999999289e+01,3.829404633095464305e+00
2.521632721461165616e+01,1.399947585859406196e+01,3.830112019064425333e+00
2.543264934881027983e+01,1.399790336586337780e+01,3.832189162432950713e+00
2.562466220020147745e+01,1.399562904558906773e+01,3.835251628600216289e+00
2.581666348374162467e+01,1.399252828664482173e+01,3.839388026845914847e+00
2.598786564400112198e+01,1.398906589064488948e+01,3.843916983215457162e+00
2.615905323842455132e+01,1.398494577669788086e+01,3.849268763112645431e+00
2.632499383527637349e+01,1.398032335545640414e+01,3.855145094036147579e+00
2.649091603959413987e+01,1.397508212184097331e+01,3.861708037275420224e+00
2.665681752748110966e+01,1.396922167128311187e+01,3.868898291419348379e+00
2.682269596655214272e+01,1.396274155114524795e+01,3.876684032117334588e+00
2.698854901309023546e+01,1.395564126069266919e+01,3.885018832902216612e+00
2.715437432207962942e+01,1.394792025047181916e+01,3.893853815173045518e+00
2.732016954095118777e+01,1.393957792227832648e+01,3.903140840809107281e+00
2.748593229435827823e+01,1.393061362973285533e+01,3.912821828430148141e+00
2.765166019459091018e+01,1.392102667763463941e+01,3.922845473760491419e+00
2.781735085541724928e+01,1.391081632082694775e+01,3.933149285608229739e+00
2.798367098020347754e+01,1.389993672886035192e+01,3.943720294432922824e+00
2.814994868814640228e+01,1.388842703026433689e+01,3.954470463224951882e+00
2.833129208069744465e+01,1.387515123621066948e+01,3.966322223859770180e+00
2.851257883615253164e+01,1.386112323438664085e+01,3.978217557740399091e+00
2.871673689613432856e+01,1.384441720848388790e+01,3.991593996120148535e+00
2.892081427190538179e+01,1.382675286405386572e+01,4.004779211866849487e+00
2.914136682761132136e+01,1.380657349738219963e+01,4.018759275554399046e+00
2.936181350049507444e+01,1.378526855830858189e+01,4.032198594137661019e+00
2.956155724782419369e+01,1.376497993100258910e+01,4.043851261384959983e+00
2.976120436495693511e+01,1.374376151522093004e+01,4.054930253348842051e+00
2.993833832886015855e+01,1.372414582561658314e+01,4.064133141478726508e+00
3.011538919855014740e+01,1.370379378105678647e+01,4.072772371872446229e+00
3.028031150076403222e+01,1.368416245733205550e+01,4.080178363054873358e+00
3.044515602592739967e+01,1.366388841097572637e+01,4.086981520903214538e+00
3.060983906828074907e+01,1.364298045461246645e+01,4.093083874463730787e+00
3.077443888559083263e+01,1.362142710227317188e+01,4.098458632796617707e+00
3.093895266070387962e+01,1.359922661881080863e+01,4.103059463740264867e+00
3.110337756130287445e+01,1.357637720981323071e+01,4.106844862731721335e+00
3.126771070897096649e+01,1.355287702497770930e+01,4.109776733272311411e+00
3.143194919631588746e+01,1.352872415501524372e+01,4.111817758252391819e+00
3.159609008154613363e+01,1.350391663153656197e+01,4.112936170874531783e+00
3.176013037388665694e+01,1.347845242845327007e+01,4.113097357928531927e+00
3.192406705404181011e+01,1.345232945802335678e+01,4.112274369760728909e+00
3.208789705105712642e+01,1.342554557354886846e+01,4.110448995682669526e+00
3.225953603222095722e+01,1.339675368276893686e+01,4.107427131863775394e+00
3.243105070766992526e+01,1.336723032700416169e+01,4.103257727550333911e+00
3.262397483321053215e+01,1.333311675596034362e+01,4.097163258960896393e+00
3.281673141112317893e+01,1.329806886245285824e+01,4.089527326114271943e+00
3.303070621368312487e+01,1.325802522315078669e+01,4.079263078995484904e+00
3.324445982943944955e+01,1.321681722023384253e+01,4.066984645505023366e+00
3.344431175838756332e+01,1.317718910176052560e+01,4.053720462449144080e+00
3.364395663458024899e+01,1.313653072527756827e+01,4.038736140629108462e+00
3.382099533337493114e+01,1.309957239609910218e+01,4.023936623713950667e+00
3.399786093741204240e+01,1.306179440756864807e+01,4.007816241198333351e+00
3.416049353292921609e+01,1.302629526542060745e+01,3.991732188973577067e+00
3.432297158850115437e+01,1.299009538680666331e+01,3.974529934589585700e+00
3.448484588141256779e+01,1.295329387772834551e+01,3.956220238385963039e+00
3.464655868537313665e+01,1.291578912703744209e+01,3.936774383954499967e+00
3.480810600616212014e+01,1.287757785225712936e+01,3.916198632811640490e+00
3.496948376645996603e+01,1.283865669685652655e+01,3.894497364235970149e+00
3.513068781339442381e+01,1.279902222689204905e+01,3.871685325534175437e+00
3.529171392334445301e+01,1.275867092801925118e+01,3.847769333247778700e+00
3.545255778767398169e+01,1.271759920716394809e+01,3.822765425119620808e+00
3.561321501309836179e+01,1.267580339063717254e+01,3.796682296149769265e+00
3.577368111460931743e+01,1.263327972410515976e+01,3.769537748182373971e+00
3.593395152807200787e+01,1.259002436727917207e+01,3.741352511434375749e+00
3.609972589088344819e+01,1.254445105623111090e+01,3.711075397546545585e+00
3.626528007239936358e+01,1.249808427678537015e+01,3.679730498181655651e+00
3.645091422559464434e+01,1.244506690547044947e+01,3.643273049070069991e+00
3.663625610589220827e+01,1.239103666961015726e+01,3.605495153604040048e+00
3.684033211310016043e+01,1.233026072382845761e+01,3.562368918162119868e+00
3.704403175965236983e+01,1.226823505471634235e+01,3.517672831954085311e+00
3.723205411005628207e+01,1.220975760878068606e+01,3.475030400683792209e+00
3.741973568880618473e+01,1.215019554886967867e+01,3.431170658343448920e+00
3.758609043608059608e+01,1.209639312832189617e+01,3.391204031720397971e+00
3.775216224298933554e+01,1.204172361039274186e+01,3.350357650121787323e+00
3.790957489526527269e+01,1.198900854620517187e+01,3.310743392212065483e+00
3.806672008844324750e+01,1.193550145886018221e+01,3.270369914766881436e+00
3.822359163040714947e+01,1.188119713704817570e+01,3.229244982576851886e+00
3.838018306101963617e+01,1.182609030546991491e+01,3.187391893648538588e+00
3.853648777542937154e+01,1.177017558042749634e+01,3.144836489884793362e+00
3.869249911026502531e+01,1.171344743450818804e+01,3.101598485829107243e+00
3.884821018200421605e+01,1.165590025022428833e+01,3.057703100464577606e+00
3.900361394647627122e+01,1.159752829541595709e+01,3.013171319303855622e+00
3.915870318255269211e+01,1.153832572540198420e+01,2.968028551707094564e+00
3.931347047808714734e+01,1.147828658454517736e+01,2.922295890360177228e+00
3.946792957410434610e+01,1.141739632052044762e+01,2.875988414912538094e+00
3.962205124656289001e+01,1.135565698666217926e+01,2.829146749364232605e+00
3.978626990607734371e+01,1.128877527910747780e+01,2.778545764981466437e+00
3.995008456880749037e+01,1.122091008013582325e+01,2.727388022841705784e+00
4.013413164775001718e+01,1.114326915167284682e+01,2.669124943788167226e+00
4.031763779415405224e+01,1.106435824378744393e+01,2.610201474148316159e+00
4.050141151899376979e+01,1.098380066971982494e+01,2.550416109090344552e+00
4.068460724292800990e+01,1.090193720359661178e+01,2.490052685852606640e+00
4.084673611373442981e+01,1.082816084772782617e+01,2.436011987127738365e+00
4.100838393776089674e+01,1.075333638759190258e+01,2.381602380401622199e+00
4.115865516325675344e+01,1.068261999397010165e+01,2.330538933432479975e+00
4.130848676944687270e+01,1.061097686895919701e+01,2.279201710958063565e+00
4.145780132373484861e+01,1.053843191487919384e+01,2.227627619294321182e+00
4.160665476835644228e+01,1.046494547802757324e+01,2.175817509668818150e+00
4.175503558829956319e+01,1.039050962039676484e+01,2.123798357750079635e+00
4.190293213914555537e+01,1.031511616838046841e+01,2.071594870555891976e+00
4.205033237870930662e+01,1.023875683797638025e+01,2.019234392796355859e+00
4.219722381188176286e+01,1.016142325937880919e+01,1.966741544816813736e+00
4.234359369064368650e+01,1.008310686621516794e+01,1.914145414988827287e+00
4.248942874600496822e+01,1.000379903029877227e+01,1.861474380118597338e+00
4.263471525823015185e+01,9.923491021303675552e+00,1.808755061719926838e+00
4.277943934136954596e+01,9.842173840731369694e+00,1.756022336285785856e+00
4.293060846880138826e+01,9.755792770899146760e+00,1.700733405086796157e+00
4.308112584987672022e+01,9.668281009418794980e+00,1.645501912383583454e+00
4.324924097176017312e+01,9.568714018099379714e+00,1.583645597723121634e+00
4.341648701529627630e+01,9.467694053275934607e+00,1.521949493224656891e+00
4.357717632562901144e+01,9.368726690365695831e+00,1.462579543256476988e+00
4.373700465266808379e+01,9.268374848060052074e+00,1.403484250338646211e+00
4.387964001932632385e+01,9.177154397931209573e+00,1.350736244211008463e+00
4.402154204003850424e+01,9.084797316848232995e+00,1.298309717786351403e+00
4.415994206081748530e+01,8.993129605588352504e+00,1.247256250873056249e+00
4.429759827718105925e+01,8.900348698209736398e+00,1.196596563901098254e+00
4.443449075284450345e+01,8.806444145856795913e+00,1.146380410992479781e+00
4.457059845808448273e+01,8.711405718437339019e+00,1.096654008115393708e+00
4.470589961550517444e+01,8.615223176433838503e+00,1.047473265288847211e+00
4.484037234308063802e+01,8.517885799322016283e+00,9.988897301468573353e-01
4.497399386679538935e+01,8.419382925208422463e+00,9.509626262252123263e-01
4.510674040294769327e+01,8.319704043988110698e+00,9.037482018813972617e-01
4.523858746772567940e+01,8.218838570308903968e+00,8.573095814285820460e-01
4.536950989274968293e+01,8.116775820870515190e+00,8.117070987846780605e-01
4.550075943278488921e+01,8.012479974150300777e+00,7.665738436516309484e-01
4.563101170352320679e+01,7.906941334646267805e+00,7.224229372619054290e-01
4.577350622469094077e+01,7.789063314161902341e+00,6.749709616352360664e-01
4.591471251532375675e+01,7.669645194261996757e+00,6.288991926663837218e-01
4.605308414407516437e+01,7.549989034419374967e+00,5.847772186210518086e-01
4.619011355437861965e+01,7.428798143473538396e+00,5.422056619243387221e-01
4.631397685442029655e+01,7.316832163416086665e+00,5.047451173966748250e-01
4.643665262710928943e+01,7.203566353672419709e+00,4.687174535115239404e-01
4.655740825341312217e+01,7.089656384514244181e+00,4.343661580990106352e-01
4.667692038926009701e+01,6.974442486425424192e+00,4.015456258666986189e-01
4.679515268269081929e+01,6.857915558475307094e+00,3.703048531577782243e-01
4.691206756332550754e+01,6.740066924255324388e+00,3.406798950981827501e-01
4.702762629262702632e+01,6.620888310530376408e+00,3.127357269565752551e-01
4.714178901328001103e+01,6.500371822117594789e+00,2.864788973396908411e-01
4.725451465687395824e+01,6.378510066509047505e+00,2.618992644642634260e-01
4.736576084543220588e+01,6.255296302336621039e+00,2.389803277691144312e-01
4.747548396051379882e+01,6.130724415946217754e+00,2.176856819714940994e-01
4.758363919131897291e+01,6.004788917090602141e+00,1.979478102310087140e-01
4.769303414321905876e+01,5.874029004959346878e+00,1.792385527467976469e-01
4.780067541391598951e+01,5.741821777961720663e+00,1.619729675624787812e-01
4.791270521140297234e+01,5.600222312656932822e+00,1.451622142509465530e-01
4.802264439592692469e+01,5.456993695970524527e+00,1.296633524671932658e-01
4.812237831825581935e+01,5.323112126996454307e+00,1.163338907735219363e-01
4.822021480683675065e+01,5.187837833637318319e+00,1.038823788382372826e-01
4.831556313902019184e+01,5.051948541310521179e+00,9.223270487386969751e-02
4.840892611413738678e+01,4.914687688769601159e+00,8.123306714981688714e-02
4.850024753102553632e+01,4.776060256267013138e+00,7.082244275746665818e-02
4.858947013508626611e+01,4.636072847432999744e+00,6.096598649249509311e-02
4.867653567820747895e+01,4.494733811490806197e+00,5.167990886428630581e-02
4.876138498764310469e+01,4.352053374658982676e+00,4.301667142936699967e-02
4.884395807109840604e+01,4.208043734891562693e+00,3.504228156786086401e-02
4.892419422614623414e+01,4.062719168912868994e+00,2.782283046000709123e-02
4.900203214901968352e+01,3.916096164828477111e+00,2.144594818896656402e-02
4.907741007961459445e+01,3.768193514390064003e+00,1.597303628407697670e-02
4.915221032324064510e+01,3.614960991077299735e+00,1.131416664726283237e-02
4.922428210919782288e+01,3.460426478600221678e+00,7.602893264828147583e-03
4.929363611094814956e+01,3.304438693329116106e+00,4.746492332484574320e-03
4.936012048382421824e+01,3.147206477537542124e+00,2.918581039243472574e-03
4.942195578081467744e+01,2.993150277450543406e+00,1.748077277919792222e-03
4.948095359693808604e+01,2.837985356685101213e+00,1.033875646268759716e-03
4.953705411757771060e+01,2.681749621508487280e+00,6.024423628015753655e-04
4.959019871860443374e+01,2.524483911769829003e+00,3.294128259830144171e-04
4.964033023072260420e+01,2.366232015573598080e+00,1.578152882772309771e-04
4.968739321272806109e+01,2.207040663545221104e+00,6.188152597128680093e-05
4.973133423055814006e+01,2.046959503880312781e+00,1.917857802858604006e-05
4.977210214183643444e+01,1.886041048540136655e+00,5.083340833668621015e-06
4.980964837831209024e+01,1.724340606504342732e+00,1.065934774567825447e-06
4.984392723045598217e+01,1.561916174186116502e+00,3.166138520724936303e-08
4.987504580339926719e+01,1.397993345130003950e+00,7.942803040504323220e-08
4.990278073281848492e+01,1.233464264607541772e+00,3.028517222920076090e-08
4.992919818168277146e+01,1.052900976618781348e+00,7.229952877729885782e-09
4.995148336618755280e+01,8.717813065813900808e-01,6.977149493770576104e-10
4.997158641368348242e+01,6.672869354054424829e-01,1.047831102537960832e-10
4.998636380146592018e+01,4.623389237089190473e-01,4.401205419768752780e-11
4.999658868442435988e+01,2.312699263609550582e-01,1.646813416346656459e-11
4.999999999999997868e+01,-9.418844812637546920e-17,1.784034645646186311e-10
