x,y,stress
8.999999999999994671e+00,5.669437972644100484e-16,9.876293055364292286e+02
9.002982476679132873e+00,1.930737781640946560e-01,1.351527253726285380e+02
9.011921872536806433e+00,3.859635821820533996e-01,1.207969357957801577e+02
9.024878004410487264e+00,5.574345624545513633e-01,5.341158480556005372e+01
9.042512037172087958e+00,7.284878163130645845e-01,4.900282092895893271e+01
9.063864342023904896e+00,8.925867190413412366e-01,3.506895027759750860e+01
9.089473793175665506e+00,1.056075396433261648e+00,2.999410371835537958e+01
9.119292158112969560e+00,1.218849105045535008e+00,2.478465873830246480e+01
9.153264282742451741e+00,1.380806929416930062e+00,2.138448562022890087e+01
9.191328614726323565e+00,1.541852202966532026e+00,1.853820329447860260e+01
9.233417762591233924e+00,1.701892851428893794e+00,1.631327753061027153e+01
9.279459088709167247e+00,1.860841696361762443e+00,1.446541116995449805e+01
9.329375316631649540e+00,2.018616678357545435e+00,1.292861188232662251e+01
9.383085140105096755e+00,2.175141002864267037e+00,1.162466486320956882e+01
9.440503839989677459e+00,2.330343259202943607e+00,1.050758125675181809e+01
9.501543868099640022e+00,2.484157421884382710e+00,9.540756708684149601e+00
9.566115441182942547e+00,2.636522880695903126e+00,8.696448945864705848e+00
9.634127083989932672e+00,2.787384353614823507e+00,7.916329303711836296e+00
9.705486126482803400e+00,2.936691735396508740e+00,7.268299267812271758e+00
9.780099208603033389e+00,3.084400006233118052e+00,6.679946656364736945e+00
9.857872721783433434e+00,3.230469047931659787e+00,6.156556048890130306e+00
9.938713206772483488e+00,3.374863430810393528e+00,5.686874922393082343e+00
1.002252772334174757e+01,3.517552205210368044e+00,5.265653270972189937e+00
1.010922417627602776e+01,3.658508670273710184e+00,4.886722689787131202e+00
1.019871158460725802e+01,3.797710105916249024e+00,4.545771053187532829e+00
1.029090034075530369e+01,3.935137545960496919e+00,4.238909109721689106e+00
1.038570243098875601e+01,4.070775540571561990e+00,3.962872423540552802e+00
1.048303159601622170e+01,4.204611881879340984e+00,3.714839080482434941e+00
1.058280349331836945e+01,4.336637382150875020e+00,3.492526331164141684e+00
1.068493583744195341e+01,4.466845661625632680e+00,3.293841779801873759e+00
1.078934840056102473e+01,4.595232801474918638e+00,3.117061310893258774e+00
1.089596312002675838e+01,4.721797182033934170e+00,2.960542646804672717e+00
1.100470428039370852e+01,4.846539427485939022e+00,2.822907187097375648e+00
1.111549841230265478e+01,4.969462042582473593e+00,2.702791782853151581e+00
1.122827426586272814e+01,5.090569187220948422e+00,2.598991390556118386e+00
1.134296292877575141e+01,5.209866632290372834e+00,2.510296246104343432e+00
1.145949770409701429e+01,5.327361476621997660e+00,2.435576542201931094e+00
1.157781410250996501e+01,5.443062016414927484e+00,2.373733633637676199e+00
1.169784997031126039e+01,5.556977757023284781e+00,2.323645599854534893e+00
1.181954518132669563e+01,5.669119019580437957e+00,2.284220175831982225e+00
1.194284190417390512e+01,5.779497114686804160e+00,2.254414538452416128e+00
1.206768448681497041e+01,5.888124153070005029e+00,2.233064500637253591e+00
1.219401893575884976e+01,5.995012542414722923e+00,2.219426732134319735e+00
1.232179292352441635e+01,6.100174988717169455e+00,2.212427599619989582e+00
1.245095698035384579e+01,6.203625429784932699e+00,2.211796645953319373e+00
1.258146380068012427e+01,6.305378367233588577e+00,2.214239947307306000e+00
1.271326630618764320e+01,6.405447362442528991e+00,2.223185806002039744e+00
1.284631965658610042e+01,6.503846641547103680e+00,2.235218513664859685e+00
1.298058118334203925e+01,6.600590980577296207e+00,2.250589094631290976e+00
1.311661635735144316e+01,6.696115746788416700e+00,2.268593997730752765e+00
1.325378851652738277e+01,6.790000569125531626e+00,2.288769711057858203e+00
1.339182506375073700e+01,6.882106402471220186e+00,2.310631779705107025e+00
1.353091893519735756e+01,6.972607663457766058e+00,2.333873171367945254e+00
1.367064580813752528e+01,7.061275712339455168e+00,2.358072183950573386e+00
1.381135441273220721e+01,7.148377490800386980e+00,2.383032124245090699e+00
1.395301186776209867e+01,7.233927583524038418e+00,2.408521565500173267e+00
1.409558643177997261e+01,7.317940410314481170e+00,2.434335417689749370e+00
1.423904757285263400e+01,7.400430278365556447e+00,2.460297429739202180e+00
1.438336582496459748e+01,7.481411307614317607e+00,2.486251710162408202e+00
1.452851276834965333e+01,7.560897432405298879e+00,2.512067854656311994e+00
1.467446106780457704e+01,7.638902432607010518e+00,2.537627544071729524e+00
1.482118435829780267e+01,7.715439880632584568e+00,2.562833159544017914e+00
1.496865714036524153e+01,7.790523099826328846e+00,2.587603304591791442e+00
1.512048058644336734e+01,7.865944599117749014e+00,2.612447348807988678e+00
1.527303927254817495e+01,7.939867634252911088e+00,2.636693655507259315e+00
1.542300899432738603e+01,8.010765297721681222e+00,2.659784057089642939e+00
1.557363690144989654e+01,8.080253678293962238e+00,2.682209153651719191e+00
1.572453839165165945e+01,8.148183557933132093e+00,2.703812375882188146e+00
1.587605288549667293e+01,8.214734975843006382e+00,2.724836568077166010e+00
1.602816043796840972e+01,8.279919583536424099e+00,2.745431517709341573e+00
1.618084173870197873e+01,8.343748772522822321e+00,2.764630935359341457e+00
1.633407811633513873e+01,8.406233687396310827e+00,2.783200039825918459e+00
1.648785147896126446e+01,8.467385211886595542e+00,2.801063226269913109e+00
1.664214429843282161e+01,8.527213973686800230e+00,2.818467427877371367e+00
1.679693961914092881e+01,8.585730357782892952e+00,2.834531340498811058e+00
1.695222102247219453e+01,8.642944501714188377e+00,2.849973931940957161e+00
1.710797252878527175e+01,8.698866269376535953e+00,2.864622567181007273e+00
1.726946885883652882e+01,8.755330703783716473e+00,2.878952868980154900e+00
1.743143450431209374e+01,8.810434517197721860e+00,2.892430597112182422e+00
1.759157596925696510e+01,8.863444355996119128e+00,2.904924542477607563e+00
1.775214308667548124e+01,8.915150599978796109e+00,2.916625505511138083e+00
1.791006320953549036e+01,8.964617870132943978e+00,2.927349401261285955e+00
1.806836564432312642e+01,9.012847712588540006e+00,2.937345069792352437e+00
1.822703743503872076e+01,9.059848277859039456e+00,2.946627025675187195e+00
1.838606591854611949e+01,9.105627465984435176e+00,2.955213121558866618e+00
1.854543877381622252e+01,9.150192949157650801e+00,2.963117060872574093e+00
1.870514402902481521e+01,9.193552179735252849e+00,2.970364286445397184e+00
1.886517002326874604e+01,9.235712385316936945e+00,2.976971838863191167e+00
1.902550533639981722e+01,9.276680556866537586e+00,2.982967268835832630e+00
1.918613881754451356e+01,9.316463463422584468e+00,2.988362763355366436e+00
1.934705964224524877e+01,9.355067671447923061e+00,2.993195690489384386e+00
1.950975578778115249e+01,9.392841741067146089e+00,2.997524975032094474e+00
1.967272318512894813e+01,9.429427875210860677e+00,3.001352008363121104e+00
1.984529162274635539e+01,9.466820792441335897e+00,3.004907820750595260e+00
2.001813954780806881e+01,9.502899771971041076e+00,3.007894634755066132e+00
2.018081786841551661e+01,9.535613418887095349e+00,3.010269745533959540e+00
2.034372306992349166e+01,9.567177882577992065e+00,3.012246534903207706e+00
2.050640468194573884e+01,9.597517605430434529e+00,3.013822517079945751e+00
2.066929352594448588e+01,9.626724306495479055e+00,3.015040858890758457e+00
2.083238067968297713e+01,9.654802666632260610e+00,3.015931250518369744e+00
2.099565734680206575e+01,9.681757167069488190e+00,3.016519600301361681e+00
2.115911490712233700e+01,9.707592101821926889e+00,3.016837156446956936e+00
2.132274487552772158e+01,9.732311574032136647e+00,3.016905811170574658e+00
2.148653891926886317e+01,9.755919501812959638e+00,3.016759497689649017e+00
2.165048881651099322e+01,9.778419615082272642e+00,3.016417771327910557e+00
2.181458645252121897e+01,9.799815458473297269e+00,3.015904949215459929e+00
2.197882387921623959e+01,9.820110401603932004e+00,3.015256068677694135e+00
2.214876346181961608e+01,9.839938750352137831e+00,3.014453939395949966e+00
2.231883548458191058e+01,9.858597073930866372e+00,3.013547195253968525e+00
2.249393155813806899e+01,9.876574656192161683e+00,3.012535804475283907e+00
2.266914973748742668e+01,9.893320368390940089e+00,3.011442781337240415e+00
2.283400226852563364e+01,9.907944528320120625e+00,3.010391877830216778e+00
2.299894738811761030e+01,9.921484508939395042e+00,3.009345099560714498e+00
2.316396450335673762e+01,9.933941455133004084e+00,3.008304951006034678e+00
2.332905959329330514e+01,9.945318429048400688e+00,3.007290736514317775e+00
2.349422545390920547e+01,9.955617192231713375e+00,3.006323354813128290e+00
2.365945492594946487e+01,9.964839336865713548e+00,3.005412647080839328e+00
2.382474090352303975e+01,9.972986287500990699e+00,3.004576354883813583e+00
2.399007631997025669e+01,9.980059301249221804e+00,3.003822165416087486e+00
2.415545414748530817e+01,9.986059468684798546e+00,3.003167895801411191e+00
2.432086738888392574e+01,9.990987714257910213e+00,3.002616221450999046e+00
2.448630907381741650e+01,9.994844796825992361e+00,3.002174465402651204e+00
2.465177225298387143e+01,9.997631310016320327e+00,3.001860915554110054e+00
2.482588209821425806e+01,9.999407852707872024e+00,3.001666013732265270e+00
2.500000000000004263e+01,9.999999999999994671e+00,3.001593318361442719e+00
2.517411790178582365e+01,9.999407852707872024e+00,3.001666201593684580e+00
2.534822774701618542e+01,9.997631310016318551e+00,3.001861410782609152e+00
2.551369092618265100e+01,9.994844796825988809e+00,3.002176276820905709e+00
2.567913261111614887e+01,9.990987714257906660e+00,3.002619137597594356e+00
2.584454585251475578e+01,9.986059468684798546e+00,3.003170983066641764e+00
2.600992368002981081e+01,9.980059301249218251e+00,3.003825512238444961e+00
2.617525909647702065e+01,9.972986287500983593e+00,3.004579872045571864e+00
2.634054507405059198e+01,9.964839336865709996e+00,3.005416005214887942e+00
2.650577454609084072e+01,9.955617192231711599e+00,3.006325063683111143e+00
2.667094040670673039e+01,9.945318429048395359e+00,3.007290846577688193e+00
2.683603549664329435e+01,9.933941455132998755e+00,3.008303140482994742e+00
2.700105261188241812e+01,9.921484508939391489e+00,3.009341185323588075e+00
2.716599773147437702e+01,9.907944528320117072e+00,3.010386772692276391e+00
2.733085026251258043e+01,9.893320368390936537e+00,3.011436535075286525e+00
2.750606844186193811e+01,9.876574656192156354e+00,3.012527290431460614e+00
2.768116451541810008e+01,9.858597073930862820e+00,3.013536325291533480e+00
2.785123653818037681e+01,9.839938750352137831e+00,3.014443132221167332e+00
2.802117612078372488e+01,9.820110401603932004e+00,3.015245265843227607e+00
2.818541354747876326e+01,9.799815458473293717e+00,3.015894063624233734e+00
2.834951118348900323e+01,9.778419615082269090e+00,3.016406835302337441e+00
2.851346108073111552e+01,9.755919501812961414e+00,3.016749593799284312e+00
2.867725512447223224e+01,9.732311574032138424e+00,3.016896634152819168e+00
2.884088509287763102e+01,9.707592101821925112e+00,3.016824494971845017e+00
2.900434265319790228e+01,9.681757167069489967e+00,3.016503729357085106e+00
2.916761932031698379e+01,9.654802666632264163e+00,3.015911980745696663e+00
2.933070647405546438e+01,9.626724306495482608e+00,3.015018049291344759e+00
2.949359531805420787e+01,9.597517605430436305e+00,3.013799847720612046e+00
2.965627693007645860e+01,9.567177882577997394e+00,3.012226624573627998e+00
2.981918213158443010e+01,9.535613418887100678e+00,3.010268111698590765e+00
2.998186045219187790e+01,9.502899771971044629e+00,3.007912181474198920e+00
3.015470837725355580e+01,9.466820792441346555e+00,3.004941736805844865e+00
3.032727681487093818e+01,9.429427875210880217e+00,3.001412257786124194e+00
3.049024421221872672e+01,9.392841741067169181e+00,2.997560948102108824e+00
3.065294035775463044e+01,9.355067671447944377e+00,2.993198886062650832e+00
3.081386118245536920e+01,9.316463463422604008e+00,2.988332145795777883e+00
3.097449466360007975e+01,9.276680556866557126e+00,2.982903920090171468e+00
3.113482997673113672e+01,9.235712385316961814e+00,2.976889612186250034e+00
3.129485597097505334e+01,9.193552179735279495e+00,2.970262549759443704e+00
3.145456122618365669e+01,9.150192949157673894e+00,2.963004755083841424e+00
3.161393408145377037e+01,9.105627465984460045e+00,2.955090013746182187e+00
3.177296256496116555e+01,9.059848277859066101e+00,2.946500853328898550e+00
3.193163435567674568e+01,9.012847712588566651e+00,2.937214892981760972e+00
3.208993679046437819e+01,8.964617870132970623e+00,2.927216410380533151e+00
3.224785691332439796e+01,8.915150599978824530e+00,2.916490224716819846e+00
3.240842403074289280e+01,8.863444355996156432e+00,2.904793387633806567e+00
3.256856549568772863e+01,8.810434517197766269e+00,2.892302949070064688e+00
3.273053114116330420e+01,8.755330703783759105e+00,2.878824606836074551e+00
3.289202747121457548e+01,8.698866269376580362e+00,2.864497056655582075e+00
3.304777897752764204e+01,8.642944501714234562e+00,2.849830802735647151e+00
3.320306038085890066e+01,8.585730357782939137e+00,2.834376339297790981e+00
3.335785570156701141e+01,8.527213973686848192e+00,2.818123185962025268e+00
3.351214852103856856e+01,8.467385211886648833e+00,2.801068095671078506e+00
3.366592188366469429e+01,8.406233687396365895e+00,2.783218863193765991e+00
3.381915826129785074e+01,8.343748772522875612e+00,2.764574559204914461e+00
3.397183956203141975e+01,8.279919583536475614e+00,2.745152310804407580e+00
3.412394711450317430e+01,8.214734975843059672e+00,2.724957194939948923e+00
3.427546160834818068e+01,8.148183557933192489e+00,2.704014515414928876e+00
3.442636309854993470e+01,8.080253678294022635e+00,2.682340860432103291e+00
3.457699100567244699e+01,8.010765297721743394e+00,2.659917776381175436e+00
3.472696072745166873e+01,7.939867634252975037e+00,2.636826721012268226e+00
3.487951941355649410e+01,7.865944599117804081e+00,2.612592063474576953e+00
3.503134285963463412e+01,7.790523099826374143e+00,2.587751294360600696e+00
3.517881564170207298e+01,7.715439880632628977e+00,2.562985623250764178e+00
3.532553893219530750e+01,7.638902432607055815e+00,2.537788533766051291e+00
3.547148723165022943e+01,7.560897432405347729e+00,2.512237478755520836e+00
3.561663417503527285e+01,7.481411307614368233e+00,2.486433669118258472e+00
3.576095242714724520e+01,7.400430278365603520e+00,2.460486567826968063e+00
3.590441356821992258e+01,7.317940410314526467e+00,2.434534965574621346e+00
3.604698813223780007e+01,7.233927583524082827e+00,2.408728628286487705e+00
3.618864558726770042e+01,7.148377490800422507e+00,2.383251893538736788e+00
3.632935419186237880e+01,7.061275712339490696e+00,2.358305947662748814e+00
3.646908106480255896e+01,6.972607663457803362e+00,2.334135037364929222e+00
3.660817493624917773e+01,6.882106402471258377e+00,2.310948226839950159e+00
3.674621148347252131e+01,6.790000569125568042e+00,2.289134110729718952e+00
3.688338364264846803e+01,6.696115746788451339e+00,2.269016850279889308e+00
3.701941881665788259e+01,6.600590980577335287e+00,2.251059278618819715e+00
3.715368034341381787e+01,6.503846641547140983e+00,2.235785707948676926e+00
3.728673369381228042e+01,6.405447362442560966e+00,2.223642463071180853e+00
3.741853619931979580e+01,6.305378367233621439e+00,2.215207961614356513e+00
3.754904301964608493e+01,6.203625429784966450e+00,2.211148615136003581e+00
3.767820707647550904e+01,6.100174988717206759e+00,2.212176615121539403e+00
3.780598106424106675e+01,5.995012542414760226e+00,2.219093111830456877e+00
3.793231551318494610e+01,5.888124153070044109e+00,2.232731162457622709e+00
3.805715809582601850e+01,5.779497114686846793e+00,2.254028135763918250e+00
3.818045481867322621e+01,5.669119019580484142e+00,2.283930228072867497e+00
3.830215002968864724e+01,5.556977757023333631e+00,2.323474159826586671e+00
3.842218589748996038e+01,5.443062016414965676e+00,2.373670087064044143e+00
3.854050229590292531e+01,5.327361476622028746e+00,2.435636032197077139e+00
3.865703707122418820e+01,5.209866632290400368e+00,2.510432991105928657e+00
3.877172573413722034e+01,5.090569187220967962e+00,2.599228109944780041e+00
3.888450158769730081e+01,4.969462042582487804e+00,2.703109332493756511e+00
3.899529571960625418e+01,4.846539427485952345e+00,2.823329254385899212e+00
3.910403687997320077e+01,4.721797182033947493e+00,2.961070555845426888e+00
3.921065159943893264e+01,4.595232801474930184e+00,3.117724438785224539e+00
3.931506416255800218e+01,4.466845661625642450e+00,3.294637636458629171e+00
3.941719650668159858e+01,4.336637382150885678e+00,3.493493247424661607e+00
3.951696840398374633e+01,4.204611881879350754e+00,3.715989511584427252e+00
3.961429756901120669e+01,4.070775540571568207e+00,3.964262595562604741e+00
3.970909965924465723e+01,3.935137545960504912e+00,4.240535459181402622e+00
3.980128841539271178e+01,3.797710105916257017e+00,4.547694045065002300e+00
3.989077582372393493e+01,3.658508670273723506e+00,4.888834222844281818e+00
3.997747227665820446e+01,3.517552205210385807e+00,5.267940528615524975e+00
4.006128679322747388e+01,3.374863430810410403e+00,5.689400633638567406e+00
4.014212727821653459e+01,3.230469047931674886e+00,6.158935594670149172e+00
4.021990079139693108e+01,3.084400006233137148e+00,6.683014684046584719e+00
4.029451387351715397e+01,2.936691735396529612e+00,7.270077948947740509e+00
4.036587291601001937e+01,2.787384353614851484e+00,7.929965926393609088e+00
4.043388455881701304e+01,2.636522880695947091e+00,8.675698447736703400e+00
4.049845613190030491e+01,2.484157421884441330e+00,9.522926854151535281e+00
4.055949616001026214e+01,2.330343259203011108e+00,1.049285326175244037e+01
4.061691485989484107e+01,2.175141002864343420e+00,1.161161167824058893e+01
4.067062468336829539e+01,2.018616678357624483e+00,1.291679088740081660e+01
4.072054091129077591e+01,1.860841696361855924e+00,1.445324375927158478e+01
4.076658223740869857e+01,1.701892851428997266e+00,1.630015041687308042e+01
4.080867138527361959e+01,1.541852202966625063e+00,1.852383658253494048e+01
4.084673571725750207e+01,1.380806929417011553e+00,2.136538646068118297e+01
4.088070784188698781e+01,1.218849105045604730e+00,2.476361584155785067e+01
4.091052620682429364e+01,1.056075396433319380e+00,2.996119195386941669e+01
4.093613565797605958e+01,8.925867190414106256e-01,3.501474054989995466e+01
4.095748796282787652e+01,7.284878163131478512e-01,4.897960731240726062e+01
4.097512199558948254e+01,5.574345624546145350e-01,5.315366032961264153e+01
4.098807812746315449e+01,3.859635821820927015e-01,1.211730837991462408e+02
4.099701752332083515e+01,1.930737781641158335e-01,1.337795331273544548e+02
4.099999999999997868e+01,-3.759563164399972323e-17,9.872839633110869499e+02
