x,y,stress
9.999999999999994671e+00,5.075588327188493631e-16,8.960183296113201550e+02
1.000308616983739718e+01,1.825574031476290271e-01,1.341910803418578553e+02
1.001233440415552955e+01,3.649065570395702562e-01,1.110810686281404287e+02
1.002604605208754407e+01,5.301444517176123750e-01,5.216317694564564533e+01
1.004477707632958250e+01,6.948889329931055014e-01,4.578030267392315267e+01
1.006823406326283354e+01,8.574682290198781809e-01,3.309686513820263087e+01
1.009650774792707040e+01,1.019279514787215124e+00,2.791447904010727399e+01
1.012952662035774587e+01,1.180189699805260561e+00,2.305633901774368866e+01
1.016720913437668372e+01,1.340072180595288431e+00,1.981461591056349647e+01
1.020946472574270025e+01,1.498807482081085718e+00,1.715755019415307814e+01
1.025619488633674692e+01,1.656283755071659369e+00,1.508108964622527637e+01
1.030729427476272342e+01,1.812397155639119406e+00,1.337130533310046587e+01
1.036265182546373431e+01,1.967052065976903075e+00,1.195282672738743202e+01
1.042215183167243886e+01,2.120161173408287247e+00,1.070688458370403140e+01
1.048567503181506311e+01,2.271645539791024238e+00,9.700963115426365135e+00
1.055309959949481780e+01,2.421434445620610276e+00,8.817372918731766873e+00
1.062430201983608313e+01,2.569465066880660675e+00,8.052745686812999182e+00
1.069915798160173281e+01,2.715682294255588047e+00,7.357619005827801928e+00
1.077754320018507350e+01,2.860038483633286166e+00,6.770342743821827547e+00
1.085933404950406533e+01,3.002492952786835367e+00,6.242540081623303649e+00
1.094440814560859820e+01,3.143011540576301943e+00,5.774264398772013251e+00
1.103264490830857270e+01,3.281566246068575943e+00,5.355886061615469984e+00
1.112392597500150870e+01,3.418134736225946213e+00,4.982356489526475585e+00
1.121813557828575370e+01,3.552699917265090601e+00,4.648042839479725963e+00
1.131516083345888646e+01,3.685249477976336951e+00,4.348828951897403705e+00
1.141489197091570418e+01,3.815775457455459652e+00,4.081015075114109436e+00
1.151722252107279587e+01,3.944273839801699655e+00,3.841474387409843594e+00
1.162204940116937202e+01,4.070744108770416148e+00,3.627425816628963684e+00
1.172927308496826271e+01,4.195188979389943285e+00,3.436614026985901127e+00
1.183879759254753772e+01,4.317613973993545962e+00,3.266929863967622083e+00
1.195053044085200966e+01,4.438027030218857583e+00,3.116615966823447437e+00
1.206438270802771662e+01,4.556438290948969794e+00,2.983992292867690299e+00
1.218026898185102880e+01,4.672859807872617566e+00,2.867605530381484247e+00
1.229810730321951695e+01,4.787305284918738302e+00,2.766074569078411649e+00
1.241781904377372925e+01,4.899789797381082224e+00,2.678121517346109481e+00
1.253932878381630722e+01,5.010329552352985161e+00,2.602565682132921498e+00
1.266256446639423494e+01,5.118941922261268651e+00,2.538257923495688573e+00
1.278745704385088722e+01,5.225645035391956128e+00,2.484153552777484730e+00
1.291394042108189844e+01,5.330457671508436412e+00,2.439229444039191286e+00
1.304195045714133627e+01,5.433398421521615340e+00,2.402516919228261827e+00
1.317142759741728320e+01,5.534487778473187625e+00,2.373153601527001388e+00
1.330231618762440249e+01,5.633747388128700351e+00,2.350165938763992379e+00
1.343455883095008829e+01,5.731195809208438519e+00,2.332953371011173616e+00
1.356810148226719548e+01,5.826852551840751460e+00,2.320796224305696764e+00
1.370289476060942491e+01,5.920738869064253507e+00,2.313067812383882149e+00
1.383889037620935802e+01,6.012875144858909948e+00,2.309185729477291282e+00
1.397604206246917791e+01,6.103281617372611656e+00,2.308616376665255654e+00
1.411430625583923515e+01,6.191978828694597148e+00,2.310855674952402072e+00
1.425364001255079494e+01,6.278986297743791134e+00,2.315494420796702091e+00
1.439400216798761356e+01,6.364323341522293731e+00,2.322076243934060091e+00
1.453535464877054295e+01,6.448009860590864228e+00,2.330408231383775064e+00
1.467766037845699501e+01,6.530065061353403699e+00,2.339854929809282780e+00
1.482088380362316293e+01,6.610507820571514870e+00,2.351249229021391773e+00
1.496499083200913205e+01,6.689356677543972118e+00,2.362788709547290811e+00
1.510994888827546134e+01,6.766629888112061231e+00,2.374905029435153914e+00
1.525572671081580367e+01,6.842345336479949580e+00,2.387574243729305490e+00
1.540229428027292258e+01,6.916520524823629223e+00,2.400610844806593924e+00
1.554962282221821113e+01,6.989172599897500504e+00,2.413811837056278886e+00
1.569768469228263008e+01,7.060318319289191180e+00,2.427120201629935359e+00
1.584746229659150174e+01,7.130440329430358659e+00,2.440396587355342817e+00
1.599793027960608782e+01,7.199068458467396958e+00,2.453799225581503318e+00
1.614804575668636488e+01,7.265772236090355385e+00,2.466873475425575002e+00
1.629879415144785781e+01,7.331033081442472898e+00,2.479425370452107646e+00
1.645015279870327518e+01,7.394865828425307264e+00,2.491663081939902824e+00
1.660209989615720261e+01,7.457284933842598385e+00,2.503834725503444325e+00
1.675461446941632815e+01,7.518304481911791015e+00,2.515762604750581666e+00
1.690767625461549173e+01,7.577938156514539614e+00,2.526687781042004310e+00
1.706126571462411334e+01,7.636199268001790941e+00,2.537355390010560985e+00
1.721536406544450770e+01,7.693100780044016318e+00,2.547523315656468945e+00
1.736995314460533280e+01,7.748655276524663016e+00,2.557204937656855748e+00
1.752501543082593471e+01,7.802874986094513687e+00,2.566384341936034819e+00
1.768149337667105314e+01,7.856093551476109660e+00,2.575108741266506129e+00
1.783841656720796820e+01,7.907984584245033588e+00,2.583320470543954972e+00
1.799735934944357751e+01,7.959063299842693340e+00,2.591103450220578530e+00
1.815672390167452477e+01,8.008810523863788333e+00,2.598329293281295804e+00
1.831392654673179621e+01,8.056470184882504881e+00,2.604932130130517276e+00
1.847150813251999324e+01,8.102861581999844631e+00,2.611020379989349216e+00
1.862945473408609587e+01,8.147994543774501608e+00,2.616613450858972456e+00
1.878775288957182710e+01,8.191878594195083352e+00,2.621692634389154453e+00
1.894638954540343079e+01,8.234522947143910088e+00,2.626321135065044832e+00
1.910535196283133530e+01,8.275936492412521162e+00,2.630228538993669485e+00
1.926462777476493926e+01,8.316127822351022658e+00,2.634216504747239451e+00
1.942420499787644061e+01,8.355105243738451648e+00,2.637429901040999169e+00
1.958407193920508149e+01,8.392876763452795430e+00,2.640316906427732757e+00
1.974421724518105847e+01,8.429450109484792009e+00,2.642799372935072721e+00
1.990592491498354022e+01,8.465113327661786258e+00,2.644961308662445720e+00
2.006789314872322905e+01,8.499573867126038351e+00,2.646766627840409392e+00
2.023401189476457418e+01,8.533623418986307385e+00,2.648270680817186307e+00
2.040038127461523132e+01,8.566426485366712029e+00,2.649432134411345174e+00
2.056177548827493595e+01,8.597021504339055653e+00,2.650265884815381945e+00
2.072338476156906495e+01,8.626459433444942704e+00,2.650835646757883080e+00
2.088519948907296353e+01,8.654746098638526064e+00,2.651156768045558554e+00
2.104721032107356393e+01,8.681887084701234159e+00,2.651251503766876461e+00
2.120940810313368274e+01,8.707887729277867805e+00,2.651140200907668998e+00
2.137178380244571940e+01,8.732753116891009526e+00,2.650844922956515415e+00
2.153432856866027123e+01,8.756488094595821892e+00,2.650386941871289093e+00
2.169703375011912527e+01,8.779097278352322675e+00,2.649787596013344793e+00
2.185989083480562556e+01,8.800585048452083115e+00,2.649065974460150130e+00
2.202289144153080258e+01,8.820955552954119483e+00,2.648243946875832755e+00
2.218617221010336493e+01,8.840229314942563477e+00,2.647338767623409694e+00
2.234958036347225985e+01,8.858391460649661653e+00,2.646381947624957043e+00
2.252120486837207380e+01,8.876260862004356156e+00,2.645332581903516722e+00
2.269295170954265473e+01,8.892913479101162366e+00,2.644234903191719610e+00
2.285700321184804551e+01,8.907677773457528758e+00,2.643187591726507968e+00
2.302115022682539802e+01,8.921339321372904863e+00,2.642156212904144486e+00
2.318494028514254524e+01,8.933868197110392373e+00,2.641152556032972498e+00
2.334881020388178996e+01,8.945305249827429250e+00,2.640185436590532841e+00
2.351275254742558118e+01,8.955652639832109685e+00,2.639273449771859958e+00
2.367675992311225031e+01,8.964912317006254128e+00,2.638422368109750948e+00
2.384082500951494055e+01,8.973086024491024659e+00,2.637646983841699821e+00
2.400494053157636642e+01,8.980175298709268006e+00,2.636952413575536891e+00
2.416909925806857018e+01,8.986181470710500108e+00,2.636352579344296565e+00
2.433329400250756791e+01,8.991105667305141935e+00,2.635849658421352881e+00
2.449751760521141719e+01,8.994948811385967247e+00,2.635450327948717142e+00
2.466176293528659969e+01,8.997711622834961176e+00,2.635163965392319341e+00
2.483087759681073692e+01,8.999427934073706226e+00,2.634987944429238560e+00
2.500000000000003908e+01,8.999999999999994671e+00,2.634925010989101146e+00
2.516912240318935190e+01,8.999427934073704449e+00,2.634987291888490013e+00
2.533823706471346071e+01,8.997711622834961176e+00,2.635162676846439567e+00
2.550248239478864676e+01,8.994948811385965470e+00,2.635449167264339199e+00
2.566670599749249959e+01,8.991105667305140159e+00,2.635848875773763478e+00
2.583090074193150087e+01,8.986181470710496555e+00,2.636353202449884581e+00
2.599505946842369752e+01,8.980175298709262677e+00,2.636954304704349994e+00
2.615917499048512695e+01,8.973086024491019330e+00,2.637647791649259332e+00
2.632324007688782075e+01,8.964912317006248799e+00,2.638422002935859823e+00
2.648724745257448632e+01,8.955652639832104356e+00,2.639268604619066760e+00
2.665118979611827754e+01,8.945305249827422145e+00,2.640175276170829921e+00
2.681505971485752227e+01,8.933868197110385267e+00,2.641133349497055693e+00
2.697884977317467303e+01,8.921339321372897757e+00,2.642127716796161430e+00
2.714299678815202554e+01,8.907677773457519876e+00,2.643148357126878345e+00
2.730704829045740922e+01,8.892913479101151708e+00,2.644184151367001689e+00
2.747879513162800080e+01,8.876260862004345498e+00,2.645270712724881790e+00
2.765041963652780765e+01,8.858391460649652771e+00,2.646308433592913012e+00
2.781382778989670967e+01,8.840229314942552818e+00,2.647255139231059928e+00
2.797710855846926847e+01,8.820955552954107048e+00,2.648149660281120976e+00
2.814010916519445615e+01,8.800585048452068904e+00,2.648964481941211702e+00
2.830296624988096355e+01,8.779097278352308464e+00,2.649679218778564493e+00
2.846567143133982114e+01,8.756488094595805904e+00,2.650277063002515643e+00
2.862821619755437652e+01,8.732753116890991762e+00,2.650733296438224418e+00
2.879059189686640963e+01,8.707887729277848265e+00,2.651032498333818488e+00
2.895278967892651778e+01,8.681887084701216395e+00,2.651148165985202088e+00
2.911480051092712529e+01,8.654746098638506524e+00,2.651062862532998388e+00
2.927661523843102032e+01,8.626459433444923164e+00,2.650751499553015034e+00
2.943822451172516352e+01,8.597021504339032560e+00,2.650195152672341070e+00
2.959961872538486816e+01,8.566426485366687160e+00,2.649375870715590775e+00
2.976598810523551464e+01,8.533623418986284292e+00,2.648232004390310035e+00
2.993210685127684556e+01,8.499573867126018811e+00,2.646743912943429144e+00
3.009407508501653439e+01,8.465113327661764941e+00,2.644949924566935451e+00
3.025578275481901258e+01,8.429450109484770692e+00,2.642801142478590215e+00
3.041592806079497535e+01,8.392876763452775890e+00,2.640293688337583156e+00
3.057579500212360912e+01,8.355105243738433884e+00,2.637396504509564199e+00
3.073537222523512469e+01,8.316127822351001342e+00,2.634090988384735876e+00
3.089464803716874286e+01,8.275936492412494516e+00,2.630357621531234980e+00
3.105361045459662961e+01,8.234522947143888771e+00,2.626183133946347059e+00
3.121224711042821554e+01,8.191878594195065588e+00,2.621548506985483140e+00
3.137054526591396098e+01,8.147994543774482068e+00,2.616444301282552232e+00
3.152849186748006005e+01,8.102861581999823315e+00,2.610853372009730666e+00
3.168607345326824998e+01,8.056470184882483565e+00,2.604768268343912396e+00
3.184327609832552142e+01,8.008810523863767017e+00,2.598178741268315495e+00
3.200264065055645091e+01,7.959063299842673800e+00,2.590962977807418355e+00
3.216158343279205667e+01,7.907984584245016713e+00,2.583205354225782902e+00
3.231850662332896462e+01,7.856093551476091896e+00,2.574998144470114880e+00
3.247498456917409015e+01,7.802874986094495036e+00,2.566264303446450068e+00
3.263004685539468852e+01,7.748655276524646141e+00,2.557067718979102011e+00
3.278463593455550296e+01,7.693100780044000331e+00,2.547361864733101999e+00
3.293873428537590087e+01,7.636199268001771401e+00,2.537159887804547598e+00
3.309232374538453314e+01,7.577938156514518298e+00,2.526472762179827747e+00
3.324538553058369672e+01,7.518304481911769699e+00,2.515325712232393762e+00
3.339790010384281516e+01,7.457284933842577068e+00,2.503738747853466062e+00
3.354984720129673548e+01,7.394865828425286836e+00,2.491748038786040009e+00
3.370120584855215640e+01,7.331033081442454247e+00,2.479387144735998749e+00
3.385195424331364933e+01,7.265772236090335845e+00,2.466707123108710320e+00
3.400206972039393349e+01,7.199068458467374754e+00,2.453758368040426685e+00
3.415253770340851958e+01,7.130440329430334678e+00,2.440520931501682256e+00
3.430231530771739301e+01,7.060318319289166311e+00,2.427152277465402186e+00
3.445037717778181019e+01,6.989172599897477411e+00,2.413836675381994645e+00
3.459770571972710229e+01,6.916520524823604354e+00,2.400585561233552045e+00
3.474427328918421409e+01,6.842345336479928264e+00,2.387518974340211653e+00
3.489005111172453866e+01,6.766629888112043467e+00,2.374771806045403721e+00
3.503500916799088571e+01,6.689356677543948138e+00,2.362502356362132794e+00
3.517911619637686016e+01,6.610507820571486448e+00,2.350889395450692643e+00
3.532233962154302276e+01,6.530065061353377942e+00,2.340137887016360718e+00
3.546464535122947126e+01,6.448009860590840248e+00,2.330482859506664006e+00
3.560599783201239887e+01,6.364323341522270638e+00,2.322186801913947551e+00
3.574635998744921750e+01,6.278986297743768041e+00,2.315555145665415093e+00
3.588569374416078261e+01,6.191978828694569614e+00,2.310922008004018924e+00
3.602395793753083808e+01,6.103281617372583234e+00,2.308677991030179122e+00
3.616110962379066507e+01,6.012875144858877974e+00,2.309241883657431327e+00
3.629710523939060351e+01,5.920738869064216203e+00,2.313105005853786089e+00
3.643189851773282584e+01,5.826852551840718597e+00,2.320787444243153530e+00
3.656544116904992592e+01,5.731195809208406544e+00,2.332892183907599115e+00
3.669768381237562238e+01,5.633747388128664824e+00,2.350046417868800308e+00
3.682857240258274345e+01,5.534487778473144992e+00,2.372977305322706343e+00
3.695804954285869570e+01,5.433398421521568267e+00,2.402428269462034471e+00
3.708605957891813887e+01,5.330457671508384010e+00,2.439250306290194459e+00
3.721254295614915719e+01,5.225645035391897508e+00,2.484296253029223411e+00
3.733743553360581302e+01,5.118941922261204702e+00,2.538545952361122016e+00
3.746067121618373363e+01,5.010329552352922988e+00,2.602969304476689061e+00
3.758218095622630983e+01,4.899789797381020939e+00,2.678666622156939958e+00
3.770189269678052568e+01,4.787305284918676129e+00,2.766714714430562161e+00
3.781973101814900673e+01,4.672859807872552729e+00,2.868363898580340354e+00
3.793561729197232779e+01,4.556438290948897851e+00,2.984841830160860798e+00
3.804946955914803652e+01,4.438027030218782976e+00,3.117576497517872358e+00
3.816120240745249959e+01,4.317613973993477572e+00,3.267981114563351941e+00
3.827072691503176571e+01,4.195188979389880224e+00,3.437773241262588986e+00
3.837795059883065818e+01,4.070744108770353087e+00,3.628689913828815783e+00
3.848277747892723255e+01,3.944273839801630377e+00,3.842864507904077076e+00
3.858510802908431714e+01,3.815775457455396591e+00,4.082509590038391423e+00
3.868483916654113841e+01,3.685249477976273003e+00,4.350429327006853697e+00
3.878186442171426762e+01,3.552699917265019991e+00,4.649612774327274600e+00
3.887607402499851617e+01,3.418134736225867165e+00,4.983876967816818215e+00
3.896735509169145217e+01,3.281566246068491122e+00,5.357413124143755923e+00
3.905559185439143732e+01,3.143011540576207352e+00,5.775633296649311355e+00
3.914066595049595776e+01,3.002492952786746550e+00,6.244670210897332652e+00
3.922245679981494249e+01,2.860038483633206230e+00,6.772504001505986970e+00
3.930084201839827784e+01,2.715682294255514773e+00,7.368462439195891278e+00
3.937569798016392753e+01,2.569465066880590953e+00,8.044852391755812349e+00
3.944690040050518576e+01,2.421434445620546327e+00,8.816509927424704074e+00
3.951432496818493689e+01,2.271645539790962065e+00,9.703606919443188872e+00
3.957784816832754871e+01,2.120161173408246835e+00,1.073098780718537704e+01
3.963734817453624260e+01,1.967052065976890196e+00,1.193448610543585708e+01
3.969270572523725349e+01,1.812397155639107416e+00,1.335740050373304655e+01
3.974380511366322821e+01,1.656283755071650043e+00,1.507471510342468513e+01
3.979053527425727310e+01,1.498807482081072617e+00,1.715526476925113286e+01
3.983279086562329496e+01,1.340072180595268003e+00,1.981952800749641241e+01
3.987047337964222748e+01,1.180189699805246573e+00,2.305512581441503883e+01
3.990349225207290118e+01,1.019279514787210905e+00,2.794395333222869482e+01
3.993176593673714336e+01,8.574682290198726298e-01,3.302747076401877990e+01
3.995522292367039086e+01,6.948889329931007275e-01,4.595053086985467417e+01
3.997395394791242751e+01,5.301444517175887272e-01,5.170189890957578172e+01
3.998766559584444735e+01,3.649065570395311209e-01,1.118212095612756087e+02
3.999691383016257618e+01,1.825574031476078773e-01,1.344609687321227511e+02
3.999999999999997868e+01,-3.567861301759423787e-17,8.971101319251649784e+02
