x,y,stress
4.999999999999997335e+00,5.668376448211541757e-16,9.972894016693829826e+02
5.003703658147412803e+00,1.924399963708424144e-01,1.297817841850928744e+02
5.014796864113276520e+00,3.845957674440534380e-01,1.196485316641638263e+02
5.030859542137116058e+00,5.552993278727801352e-01,5.022653363068327081e+01
5.052684447041905891e+00,7.253623630152463697e-01,4.670023417334370208e+01
5.078960586096212815e+00,8.877202078487220760e-01,3.252055635590954097e+01
5.110378685325703607e+00,1.049162041685408830e+00,2.762519458174908138e+01
5.146837933093526551e+00,1.209540816296218457e+00,2.239828619361266604e+01
5.188224986921071924e+00,1.368719367798014064e+00,1.903372932082615421e+01
5.234415721384586995e+00,1.526571168088082464e+00,1.619649776704320487e+01
5.285277022765474619e+00,1.682980832548392147e+00,1.398788958710034791e+01
5.340668566850131249e+00,1.837844362396181763e+00,1.216049058274167827e+01
5.400444553298851424e+00,1.991069203448704750e+00,1.063188771229074270e+01
5.464455338839308673e+00,2.142574082254571355e+00,9.275358625927538014e+00
5.532548939740610017e+00,2.292288660727840544e+00,8.209906555536466755e+00
5.604572413917078499e+00,2.440153107543340028e+00,7.267106569948567518e+00
5.680373081720994755e+00,2.586117540760151989e+00,6.456545547349581859e+00
5.759799581350596220e+00,2.730141381421633984e+00,5.749730809641717677e+00
5.842702779181167649e+00,2.872192681263181502e+00,5.132092636987612089e+00
5.928936522750871241e+00,3.012247410436865724e+00,4.590007040733107502e+00
6.018358255197676421e+00,3.150288743590730967e+00,4.112978486715340054e+00
6.110829502811594871e+00,3.286306358518146897e+00,3.692055407349132956e+00
6.206216241426740332e+00,3.420295748761650323e+00,3.320183843361408371e+00
6.304389166460837579e+00,3.552257576557940943e+00,2.991170032920230870e+00
6.405223865602388322e+00,3.682197051749033445e+00,2.700136717179905776e+00
6.508600915250956298e+00,3.810123353926425871e+00,2.442746993672718414e+00
6.614405937008111636e+00,3.936049127960594696e+00,2.215608860505076549e+00
6.722536386057812230e+00,4.059997655203122946e+00,2.015704201343914814e+00
6.832881284533027788e+00,4.181979124114850954e+00,1.840618957029430680e+00
6.945333951268758632e+00,4.302006330446046078e+00,1.688265604091277572e+00
7.059806386181736393e+00,4.420108966380647431e+00,1.556886897456145169e+00
7.176208333276979268e+00,4.536310467253509060e+00,1.444955378408467439e+00
7.294453985212546065e+00,4.650635449007054945e+00,1.351129695250777418e+00
7.414461797587095226e+00,4.763109439522577482e+00,1.274095118169367380e+00
7.536154279034856351e+00,4.873758627443697478e+00,1.212637769999537207e+00
7.659457866412574312e+00,4.982609720650397200e+00,1.165436672979790922e+00
7.784302695999802957e+00,5.089689733594779497e+00,1.131200077195884335e+00
7.910622483002072158e+00,5.195025892176229121e+00,1.108499071950328707e+00
8.038354261366398745e+00,5.298645436267005238e+00,1.095940597131285887e+00
8.169135652114187351e+00,5.401897937370400804e+00,1.092090430862934669e+00
8.301245952487620983e+00,5.503444677215557412e+00,1.095819223078781546e+00
8.433854617980125923e+00,5.602741007350368285e+00,1.105724445890025942e+00
8.567669409668987157e+00,5.700405936643276661e+00,1.120680938536886773e+00
8.701668588507070368e+00,5.795782803063424637e+00,1.139535500486707820e+00
8.836761773181487811e+00,5.889603764751767834e+00,1.161547667679325047e+00
8.972905106963517952e+00,5.981894124974211913e+00,1.186025521738327537e+00
9.110057079146040238e+00,6.072678856402732528e+00,1.212387866267149894e+00
9.248178203095266170e+00,6.161982434220276694e+00,1.240155294101580763e+00
9.387230759826493909e+00,6.249828730715187852e+00,1.268958394789513333e+00
9.527178896801814290e+00,6.336241139437973402e+00,1.298414479196723148e+00
9.667988531242921013e+00,6.421242565148534531e+00,1.328382422827895759e+00
9.809627155888524186e+00,6.504855356902269570e+00,1.358319456544879733e+00
9.952063823659317521e+00,6.587101350988487702e+00,1.389230006518207050e+00
1.009809991378868688e+01,6.669583454395320743e+00,1.420212701975124947e+00
1.024490529317142418e+01,6.750688486971520241e+00,1.450600791690053848e+00
1.039787032716684401e+01,6.833333904796498715e+00,1.482048155378842935e+00
1.055160127573905093e+01,6.914545796810781297e+00,1.513171701056486684e+00
1.069771359922139631e+01,6.990075173238543549e+00,1.542237770087990789e+00
1.084446236883860948e+01,7.064360451816812159e+00,1.570952020798226156e+00
1.099182301448677812e+01,7.137418607986673713e+00,1.599129880094077860e+00
1.113977658344610866e+01,7.209268458782957190e+00,1.627185996054741679e+00
1.128830274334100636e+01,7.279927168964847262e+00,1.654709100530921129e+00
1.143738197880721152e+01,7.349411411997843757e+00,1.681432085853267200e+00
1.158699556942445774e+01,7.417737393325556816e+00,1.707758928539383936e+00
1.173712566389765222e+01,7.484920913823300381e+00,1.733567349897174426e+00
1.188775512391713640e+01,7.550977325976396592e+00,1.758850679917892457e+00
1.203886745858813079e+01,7.615921533930648302e+00,1.783619836773047806e+00
1.219044690465184999e+01,7.679768054724319448e+00,1.807819795699629806e+00
1.234247824181834652e+01,7.742530964438533836e+00,1.831570730666240987e+00
1.250256357497829818e+01,7.807273576648584346e+00,1.855985339852630478e+00
1.266311473069103322e+01,7.870852270432779463e+00,1.879642355855858815e+00
1.283196764890186437e+01,7.936293037410933948e+00,1.903843574355813528e+00
1.300129854673124896e+01,8.000486913859152338e+00,1.927464987172632593e+00
1.315673061018004653e+01,8.058178611822796711e+00,1.948692491794965509e+00
1.331253729094729010e+01,8.114850821557075378e+00,1.969101854030292476e+00
1.346746557566304325e+01,8.170077260214295478e+00,1.988914533758335823e+00
1.362273996774310802e+01,8.224322983662693431e+00,2.008200609061352004e+00
1.377834975595703426e+01,8.277598773200628202e+00,2.026971104027353476e+00
1.393428472661305939e+01,8.329915147952149823e+00,2.045223984164612041e+00
1.409053497039642622e+01,8.381282311911709471e+00,2.062967279263198783e+00
1.424709089355772207e+01,8.431710172743583698e+00,2.080202492031401285e+00
1.440394325805966780e+01,8.481208367938801729e+00,2.096932643805912821e+00
1.456108309058359040e+01,8.529786248176151275e+00,2.113164625772133487e+00
1.471850173315846000e+01,8.577452905567803043e+00,2.128905422578061923e+00
1.487619080750311440e+01,8.624217173661550717e+00,2.144163906666736619e+00
1.503707228854656464e+01,8.670929468868273204e+00,2.159202306446825315e+00
1.519821760834683566e+01,8.716723322824320164e+00,2.173765357179915370e+00
1.537735527612226072e+01,8.766480315925365474e+00,2.189342932399140018e+00
1.555679738623007502e+01,8.815127968374715905e+00,2.204310630232016788e+00
1.573101848404968628e+01,8.861235546708076782e+00,2.218273734944923969e+00
1.590550695736031273e+01,8.906320737226147699e+00,2.231684822071269281e+00
1.606567021248209670e+01,8.946755714333969323e+00,2.243521035924695539e+00
1.622604421213656423e+01,8.986346585690670352e+00,2.254925508639516796e+00
1.638593068068111691e+01,9.024935038020618805e+00,2.265850148822013299e+00
1.654601369124778643e+01,9.062699866643354696e+00,2.276352145895576218e+00
1.670628729851071270e+01,9.099647378128931763e+00,2.286441199620826925e+00
1.686674575093996609e+01,9.135783700922251782e+00,2.296122958671079850e+00
1.702738343137167831e+01,9.171114777517956895e+00,2.305406155129873014e+00
1.718819487104265775e+01,9.205646373655621773e+00,2.314297954069963303e+00
1.734917474782218960e+01,9.239384083376961598e+00,2.322809076621333180e+00
1.751031785776521943e+01,9.272333328352269533e+00,2.330945805864720555e+00
1.767161912758247766e+01,9.304499365747529893e+00,2.338716711008486993e+00
1.783307361767500510e+01,9.335887293534739229e+00,2.346134629675041161e+00
1.799882298877982123e+01,9.367277091790892740e+00,2.353371189561109578e+00
1.816472337687399019e+01,9.397858712033114514e+00,2.360266565596166100e+00
1.835026455974682236e+01,9.431079187646563611e+00,2.367541541903114943e+00
1.853598132522390785e+01,9.463303632613527583e+00,2.374381394954023783e+00
1.872035310667579466e+01,9.494288215753240223e+00,2.380768696356998948e+00
1.890488486406812640e+01,9.524305374668196933e+00,2.386751867804049798e+00
1.907065958322498034e+01,9.550430909414478364e+00,2.391809040422169463e+00
1.923655393133097746e+01,9.575785730340138358e+00,2.396583538231422228e+00
1.939925513633338738e+01,9.599891366209721610e+00,2.400989776117939289e+00
1.956206325019723735e+01,9.623264050013698778e+00,2.405136689682240370e+00
1.972497441992230804e+01,9.645907229617202816e+00,2.409032396732563974e+00
1.988798487468065801e+01,9.667824229868191566e+00,2.412685255702376352e+00
2.005109090075486122e+01,9.689018251703942042e+00,2.416106236912228145e+00
2.021428885700809275e+01,9.709492376739410346e+00,2.419303610193671350e+00
2.037757515897834537e+01,9.729249567529675957e+00,2.422287348882672386e+00
2.054094628134003386e+01,9.748292670182102881e+00,2.425066094882919021e+00
2.070439875879392844e+01,9.766624416559547939e+00,2.427651061573607993e+00
2.086792916957514521e+01,9.784247424461828047e+00,2.430052455788263011e+00
2.103266511803705185e+01,9.801278665745092766e+00,2.432288523774790878e+00
2.119747327972465811e+01,9.817596326769496784e+00,2.434369357604453388e+00
2.137839723541759795e+01,9.834683439434753538e+00,2.436458449274399918e+00
2.155939976640712530e+01,9.850917089700333307e+00,2.438367039101315470e+00
2.175460170733269294e+01,9.867464085594026102e+00,2.440234578872989335e+00
2.194988466668968741e+01,9.883025807584244760e+00,2.441890478952955856e+00
2.212685856170209675e+01,9.896275287646549401e+00,2.443250312556037862e+00
2.230389080911759692e+01,9.908720846189469356e+00,2.444479296430349891e+00
2.246820004609926968e+01,9.919551262449171958e+00,2.445507695913514468e+00
2.263255324145034564e+01,9.929692792899388110e+00,2.446443451100385413e+00
2.279675916741357966e+01,9.939136404054725205e+00,2.447282938362042692e+00
2.296100303519458663e+01,9.947895397740090573e+00,2.448034696856829395e+00
2.312528192494630375e+01,9.955970973981726146e+00,2.448703864025665755e+00
2.328959293598171243e+01,9.963364236985366773e+00,2.449296352863499671e+00
2.345393318812535455e+01,9.970076195962839449e+00,2.449819424595981676e+00
2.361829981839409953e+01,9.976107765658781545e+00,2.450275653155032263e+00
2.378268997992864442e+01,9.981459766925794952e+00,2.450670740827738836e+00
2.394710083962725378e+01,9.986132927190658037e+00,2.451007441569885703e+00
2.411152957703396638e+01,9.990127880907158087e+00,2.451290785492269197e+00
2.427597338201615784e+01,9.993445169915759152e+00,2.451526949647210518e+00
2.444653847882621278e+01,9.996170270966020510e+00,2.451715429970629856e+00
2.461711365379888505e+01,9.998167307635588585e+00,2.451864221778514263e+00
2.480855463370748382e+01,9.999541847901390668e+00,2.451969536301640051e+00
2.499999999999982236e+01,9.999999999999994671e+00,2.451997994117915525e+00
2.519144536629218578e+01,9.999541847901392444e+00,2.451972376657199693e+00
2.538288634620078454e+01,9.998167307635590362e+00,2.451870118682087263e+00
2.555346152117353142e+01,9.996170270966024063e+00,2.451724315069010451e+00
2.572402661798354373e+01,9.993445169915764481e+00,2.451538344607783415e+00
2.588847042296573520e+01,9.990127880907163416e+00,2.451302436061645995e+00
2.605289916037244069e+01,9.986132927190665143e+00,2.451019038877675360e+00
2.621731002007106426e+01,9.981459766925803834e+00,2.450678756615312981e+00
2.638170018160560559e+01,9.976107765658792204e+00,2.450279768080323883e+00
2.654606681187434702e+01,9.970076195962850107e+00,2.449818800225764370e+00
2.671040706401799270e+01,9.963364236985379208e+00,2.449291123463909425e+00
2.687471807505340493e+01,9.955970973981740357e+00,2.448694235372188999e+00
2.703899696480511849e+01,9.947895397740104784e+00,2.448021015008239765e+00
2.720324083258612902e+01,9.939136404054739415e+00,2.447269047683226617e+00
2.736744675854934883e+01,9.929692792899404097e+00,2.446429800225157436e+00
2.753179995390042833e+01,9.919551262449187945e+00,2.445494382477724216e+00
2.769610919088209400e+01,9.908720846189488896e+00,2.444466448375116396e+00
2.787314143829756574e+01,9.896275287646570717e+00,2.443237260931761412e+00
2.805011533330995377e+01,9.883025807584271405e+00,2.441877306223648070e+00
2.824539829266696600e+01,9.867464085594052747e+00,2.440218434049207463e+00
2.844060023359253719e+01,9.850917089700361728e+00,2.438348142544393138e+00
2.862160276458207164e+01,9.834683439434781960e+00,2.436437905182708530e+00
2.880252672027501504e+01,9.817596326769526982e+00,2.434346956179234134e+00
2.896733488196261064e+01,9.801278665745126517e+00,2.432262699070137035e+00
2.913207083042450662e+01,9.784247424461863574e+00,2.430023059674673025e+00
2.929560124120571984e+01,9.766624416559583466e+00,2.427616938089491860e+00
2.945905371865960376e+01,9.748292670182140185e+00,2.425026762868401242e+00
2.962242484102128870e+01,9.729249567529718590e+00,2.422241159798851573e+00
2.978571114299152711e+01,9.709492376739452979e+00,2.419250827106665724e+00
2.994890909924475153e+01,9.689018251703986451e+00,2.416047501780382856e+00
3.011201512531894764e+01,9.667824229868241304e+00,2.412620311906054749e+00
3.027502558007730116e+01,9.645907229617252554e+00,2.408961598339049992e+00
3.043793674980236474e+01,9.623264050013752069e+00,2.405059951939517937e+00
3.060074486366620050e+01,9.599891366209776677e+00,2.400907356631058143e+00
3.076344606866858911e+01,9.575785730340196977e+00,2.396494604820319285e+00
3.092934041677457202e+01,9.550430909414545866e+00,2.391712738479644607e+00
3.109511513593140819e+01,9.524305374668266211e+00,2.386648378345367583e+00
3.127964689332371861e+01,9.494288215753316607e+00,2.380658681474943972e+00
3.146401867477557701e+01,9.463303632613612848e+00,2.374264258367349001e+00
3.164973544025271579e+01,9.431079187646639994e+00,2.367420828829196910e+00
3.183527662312558704e+01,9.397858712033187345e+00,2.360140788805417333e+00
3.200117701121975244e+01,9.367277091790967347e+00,2.353246394248488471e+00
3.216692638232455437e+01,9.335887293534815612e+00,2.346012200405566350e+00
3.232838087241708536e+01,9.304499365747609829e+00,2.338597924303074116e+00
3.248968214223433648e+01,9.272333328352353021e+00,2.330831793766961368e+00
3.265082525217736276e+01,9.239384083377046863e+00,2.322697444056447402e+00
3.281180512895688395e+01,9.205646373655710590e+00,2.314188091199364639e+00
3.297261656862787760e+01,9.171114777518047489e+00,2.305296426916604524e+00
3.313325424905959693e+01,9.135783700922344153e+00,2.296013129569260069e+00
3.329371270148886452e+01,9.099647378129022357e+00,2.286330474490102294e+00
3.345398630875178725e+01,9.062699866643445290e+00,2.276239942501359970e+00
3.361406931931847453e+01,9.024935038020709399e+00,2.265736841452492545e+00
3.377395578786303076e+01,8.986346585690762723e+00,2.254811313459069488e+00
3.393432978751749118e+01,8.946755714334065246e+00,2.243406119116944097e+00
3.409449304263927161e+01,8.906320737226247175e+00,2.231570134263463956e+00
3.426898151594986786e+01,8.861235546708186916e+00,2.218156534212448516e+00
3.444320261376944359e+01,8.815127968374836698e+00,2.204191992052102478e+00
3.462264472387729342e+01,8.766480315925480937e+00,2.189222288347963286e+00
3.480178239165274334e+01,8.716723322824428521e+00,2.173640713913796318e+00
3.496292771145301970e+01,8.670929468868385115e+00,2.159075398984689365e+00
3.512380919249648059e+01,8.624217173661662628e+00,2.144033441267572559e+00
3.528149826684112611e+01,8.577452905567918506e+00,2.128771196689382084e+00
3.543891690941598682e+01,8.529786248176270291e+00,2.113025341578038230e+00
3.559605674193991121e+01,8.481208367938924297e+00,2.096786934315205908e+00
3.575290910644185516e+01,8.431710172743711595e+00,2.080050220087299007e+00
3.590946502960313325e+01,8.381282311911844474e+00,2.062811374859170765e+00
3.606571527338648053e+01,8.329915147952293708e+00,2.045064098183402290e+00
3.622165024404251454e+01,8.277598773200773863e+00,2.026806556002654247e+00
3.637726003225643723e+01,8.224322983662839093e+00,2.008032189811744583e+00
3.653253442433651088e+01,8.170077260214442916e+00,1.988738285252376281e+00
3.668746270905226936e+01,8.114850821557224592e+00,1.968920707580017693e+00
3.684326938981951827e+01,8.058178611822944148e+00,1.948411309270937641e+00
3.699870145326833182e+01,8.000486913859299776e+00,1.927372989551729310e+00
3.716803235109770043e+01,7.936293037411088491e+00,1.903787834455627381e+00
3.733688526930851026e+01,7.870852270432946440e+00,1.879535269616221527e+00
3.749743642502127727e+01,7.807273576648744218e+00,1.855804413237651440e+00
3.765752175818126091e+01,7.742530964438684826e+00,1.831484973100153235e+00
3.780955309534775921e+01,7.679768054724471327e+00,1.807763933756354691e+00
3.796113254141148019e+01,7.615921533930803733e+00,1.783515708307802594e+00
3.811224487608246392e+01,7.550977325976560017e+00,1.758734833801854247e+00
3.826287433610195166e+01,7.484920913823464694e+00,1.733423970651137402e+00
3.841300443057514258e+01,7.417737393325723794e+00,1.707590600162734340e+00
3.856261802119239945e+01,7.349411411998013399e+00,1.681238468572907818e+00
3.871169725665860284e+01,7.279927168965017792e+00,1.654380025303914481e+00
3.886022341655351653e+01,7.209268458783125944e+00,1.627024578239754993e+00
3.900817698551284707e+01,7.137418607986843355e+00,1.599190152775561868e+00
3.915553763116101038e+01,7.064360451816989794e+00,1.570894802940103308e+00
3.930228640077822888e+01,6.990075173238722073e+00,1.542164207212849858e+00
3.944839872426057070e+01,6.914545796810964262e+00,1.513034446208607831e+00
3.960212967283276697e+01,6.833333904796690561e+00,1.481863267821562413e+00
3.975509470682817437e+01,6.750688486971723634e+00,1.450343829030311227e+00
3.990190008621091522e+01,6.669583454395528577e+00,1.419681928824459982e+00
4.004793617634029346e+01,6.587101350988696424e+00,1.388866896069564483e+00
4.019037284411108857e+01,6.504855356902481844e+00,1.358596903891087448e+00
4.033201146875669707e+01,6.421242565148748582e+00,1.328414879729929332e+00
4.047282110319780912e+01,6.336241139438189229e+00,1.298480985109841335e+00
4.061276924017312950e+01,6.249828730715403680e+00,1.269000305247731220e+00
4.075182179690436612e+01,6.161982434220491633e+00,1.240223625413508168e+00
4.088994292085359916e+01,6.072678856402948355e+00,1.212466586543659242e+00
4.102709489303612855e+01,5.981894124974433957e+00,1.186112796886047649e+00
4.116323822681815869e+01,5.889603764751991655e+00,1.161641663631956201e+00
4.129833141149258324e+01,5.795782803063651123e+00,1.139629445660028217e+00
4.143233059033067178e+01,5.700405936643508475e+00,1.120777292643565293e+00
4.156614538201952058e+01,5.602741007350611646e+00,1.105823480129789038e+00
4.169875404751201842e+01,5.503444677215811431e+00,1.095920963135470938e+00
4.183086434788547336e+01,5.401897937370645053e+00,1.092197531304962110e+00
4.196164573863328684e+01,5.298645436267233499e+00,1.096056350403425084e+00
4.208937751699760810e+01,5.195025892176469817e+00,1.108637810598691376e+00
4.221569730399988174e+01,5.089689733595025523e+00,1.131370362720830247e+00
4.234054213358711394e+01,4.982609720650644114e+00,1.165665982528804490e+00
4.246384572096484789e+01,4.873758627443941727e+00,1.212953855483898558e+00
4.258553820241260723e+01,4.763109439522830613e+00,1.274527286338585030e+00
4.270554601478715284e+01,4.650635449007310740e+00,1.351723312395693100e+00
4.282379166672272675e+01,4.536310467253775514e+00,1.445727330059288329e+00
4.294019361381797495e+01,4.420108966380920990e+00,1.557882810783579375e+00
4.305466604873095804e+01,4.302006330446316085e+00,1.689454136426514541e+00
4.316711871546670665e+01,4.181979124115112079e+00,1.842059655902091420e+00
4.327746361394191155e+01,4.059997655203400946e+00,2.017375738087908488e+00
4.338559406299162191e+01,3.936049127960881133e+00,2.217585414512958764e+00
4.349139908474877814e+01,3.810123353926718970e+00,2.445015449646157801e+00
4.359477613439735677e+01,3.682197051749325656e+00,2.702792299583376412e+00
4.369561083353891462e+01,3.552257576558231378e+00,2.994318838970077667e+00
4.379378375857303496e+01,3.420295748761930099e+00,3.324000880827790549e+00
4.388917049718816799e+01,3.286306358518451987e+00,3.696682327590378403e+00
4.398164174480208288e+01,3.150288743591055152e+00,4.118688913445745392e+00
4.407106347724889162e+01,3.012247410437199679e+00,4.597096416246770900e+00
4.415729722081861297e+01,2.872192681263514569e+00,5.141065082339436820e+00
4.424020041864920927e+01,2.730141381421940405e+00,5.761030274402381579e+00
4.431962691827883560e+01,2.586117540760421551e+00,6.470809693286292408e+00
4.439542758608276785e+01,2.440153107543590050e+00,7.286603663057181102e+00
4.446745106025925764e+01,2.292288660728065253e+00,8.230314111093166574e+00
4.453554466116057853e+01,2.142574082254762757e+00,9.328194515880552373e+00
4.459955544670106775e+01,1.991069203448853742e+00,1.061841450988422153e+01
4.465933143314979503e+01,1.837844362396304776e+00,1.214495425869696810e+01
4.471472297723446587e+01,1.682980832548489403e+00,1.398775579207628184e+01
4.476558427861536416e+01,1.526571168088168395e+00,1.620873321867631134e+01
4.481177501307887923e+01,1.368719367798083120e+00,1.905500755512319344e+01
4.485316206690642815e+01,1.209540816296284849e+00,2.244117113115595075e+01
4.488962131467426531e+01,1.049162041685473667e+00,2.766015523091722272e+01
4.492103941390374899e+01,8.877202078487858028e-01,3.261379479561760064e+01
4.494731555295805947e+01,7.253623630153051005e-01,4.672558239621248788e+01
4.496914045786285641e+01,5.552993278728088899e-01,5.036669233197465445e+01
4.498520313588669950e+01,3.845957674440569907e-01,1.194894538780663424e+02
4.499629634185256322e+01,1.924399963708420813e-01,1.307219690481268231e+02
4.499999999999997868e+01,-3.722954036219075462e-17,9.979207173657831618e+02
