x,y,stress
9.999999999999994449e-01,4.488586228572514502e-16,1.287775595586852205e+03
1.005763953099054975e+00,1.753208251556486186e-01,1.187017773666770211e+02
1.022965518364105764e+00,3.498916445674876141e-01,1.272318907527163105e+02
1.049286165029158058e+00,5.124350143444986738e-01,3.383155815477627471e+01
1.085113510268765014e+00,6.731521359552877781e-01,3.037891388413324023e+01
1.130006984189008579e+00,8.315603422438524461e-01,1.582473852194445030e+01
1.183464930952218497e+00,9.872890663505003994e-01,1.101005249441370282e+01
1.244939047857179348e+00,1.140033096984440997e+00,7.091605359308418066e+00
1.313861205261676490e+00,1.289566205977468627e+00,4.755629553203703175e+00
1.389663125022692514e+00,1.435734138577304364e+00,3.223910757860694698e+00
1.471791497290910966e+00,1.578445249571296172e+00,2.219428562041145803e+00
1.559718678097094413e+00,1.717660280408913831e+00,1.549162637116175745e+00
1.652949501262831022e+00,1.853382283808489683e+00,1.090089398240687846e+00
1.751024943499319697e+00,1.985647356579186562e+00,7.679563203246023706e-01
1.853523370253760127e+00,2.114516483438842798e+00,5.351000793833631253e-01
1.960060157873150688e+00,2.240068750710214829e+00,3.622092759781448401e-01
2.070286259448062882e+00,2.362395859582284707e+00,2.322946158209751866e-01
2.183885957810874689e+00,2.481597604004777136e+00,1.382930687778609613e-01
2.300574292558339451e+00,2.597778378887463546e+00,9.189878234406186064e-02
2.420094451925871581e+00,2.711044600642408486e+00,1.098885407663741792e-01
2.542215113172835661e+00,2.821502711854039447e+00,1.566959639163000018e-01
2.666727809501838298e+00,2.929257647048355562e+00,2.068178995919643659e-01
2.793444827021601018e+00,3.034412030717470454e+00,2.546894119005902457e-01
2.922196865987610526e+00,3.137065308989575030e+00,2.995272426093602558e-01
3.052830860512826039e+00,3.237313130818722406e+00,3.414567649106243219e-01
3.185208510984770758e+00,3.335247322010246318e+00,3.808383852286048032e-01
3.319204534897474357e+00,3.430955616805287711e+00,4.179915111013141615e-01
3.454705360874969156e+00,3.524521699832161570e+00,4.532220714669292216e-01
3.591607722146000103e+00,3.616025136305227594e+00,4.867638634968726175e-01
3.729817551004598997e+00,3.705541474699268978e+00,5.188252848779354442e-01
3.869249316734324040e+00,3.793142578122132846e+00,5.495630969436581248e-01
4.009824466188146808e+00,3.878896335869067791e+00,5.791175582727912108e-01
4.151471750397466742e+00,3.962867505923302058e+00,6.075945860219528205e-01
4.294125886932147473e+00,4.045117457624225032e+00,6.350932066423289335e-01
4.437726340086097565e+00,4.125704006386342826e+00,6.616878185828179992e-01
4.582218225656276900e+00,4.204682408607459010e+00,6.874454521536661478e-01
4.727550019491922662e+00,4.282104516185133214e+00,7.124302454021997910e-01
4.879510184387016558e+00,4.361012746545795515e+00,7.376389375272508486e-01
5.032278758013707609e+00,4.438344391053058224e+00,7.621004301877243314e-01
5.181297399599523068e+00,4.511947439076233302e+00,7.851826025445801660e-01
5.330997076073676233e+00,4.584155368447298429e+00,8.076532056155665273e-01
5.479949132835227665e+00,4.654360131977799853e+00,8.293353208506586416e-01
5.629502917615510249e+00,4.723273850264522622e+00,8.504709101628883383e-01
5.779628559642087104e+00,4.790932659081384770e+00,8.710957370942156164e-01
5.930298323906950664e+00,4.857371008006672319e+00,8.911807470126056341e-01
6.081486418853381259e+00,4.922621748169598632e+00,9.110702167839347387e-01
6.233168415165319942e+00,4.986716045504755890e+00,9.302010111457886810e-01
6.385321413046225025e+00,5.049683610599385197e+00,9.489869301919213740e-01
6.537924302797812892e+00,5.111552938097691623e+00,9.672770899782496823e-01
6.690957268678180192e+00,5.172351219734830252e+00,9.854042636781698006e-01
6.844401378114961965e+00,5.232104300279254439e+00,1.002930383913833268e+00
7.000872582207668948e+00,5.291832408932721776e+00,1.020446238833508268e+00
7.157733371181511650e+00,5.350529792523664341e+00,1.037587134408581857e+00
7.330308579278820957e+00,5.413789031481373470e+00,1.055987581221623728e+00
7.503312747981315312e+00,5.475865585610357300e+00,1.073964920641265142e+00
7.666139742202759955e+00,5.533105302160374883e+00,1.090489513060643789e+00
7.829313092189846834e+00,5.589350102491113859e+00,1.106676058200787960e+00
7.985301965351685460e+00,5.642104126709927669e+00,1.121813771790999281e+00
8.141581658636610541e+00,5.693990311699815621e+00,1.136664243059203994e+00
8.298141268311047369e+00,5.745026011997057758e+00,1.151233835522893711e+00
8.454970263400264585e+00,5.795227835757341239e+00,1.165529393704155980e+00
8.612058668831773289e+00,5.844611753346343974e+00,1.179561988480270385e+00
8.769397119852714084e+00,5.893193155826800478e+00,1.193329350534131139e+00
8.926976680719024060e+00,5.940986837011076105e+00,1.206827199008082774e+00
9.084788781499561594e+00,5.988007012822635922e+00,1.220064829369767789e+00
9.242825248469582533e+00,6.034267366463823556e+00,1.233166300320551079e+00
9.401078360391375455e+00,6.079781096948854824e+00,1.245920326686488666e+00
9.559555920810838714e+00,6.124565169485116201e+00,1.258469348944631472e+00
9.718235689547102041e+00,6.168627432057294691e+00,1.270785934984960841e+00
9.887676074198518350e+00,6.214835883786901327e+00,1.283674924875354062e+00
1.005733092490900482e+01,6.260250624307827749e+00,1.296306562157358844e+00
1.024570477159654480e+01,6.309699520166558884e+00,1.310050945577895254e+00
1.043432346371255903e+01,6.358206132762127538e+00,1.323407700696259237e+00
1.061077826698423365e+01,6.402692991738420325e+00,1.335845084086616064e+00
1.078743160275540625e+01,6.446384857281068470e+00,1.347868046958300203e+00
1.094856058025314560e+01,6.485514202463346756e+00,1.358651427748664320e+00
1.110984372254113772e+01,6.524003189826268923e+00,1.369225886562281946e+00
1.127016191618805330e+01,6.561601652309415833e+00,1.379532301288323604e+00
1.143062295248370930e+01,6.598585762135683375e+00,1.389646238344377505e+00
1.159122249733757037e+01,6.634963668024897565e+00,1.399570560866914670e+00
1.175195640011678755e+01,6.670743260067245828e+00,1.409307502023628311e+00
1.191282066944341089e+01,6.705932176230668951e+00,1.418858961822722087e+00
1.207381142779274263e+01,6.740537804093628793e+00,1.428227383912221704e+00
1.223492493817511750e+01,6.774567297916330055e+00,1.437414230999442655e+00
1.239615762421066059e+01,6.808027593022949908e+00,1.446422255156455838e+00
1.255750602918249292e+01,6.840925406747651927e+00,1.455251092758458320e+00
1.271896679881364989e+01,6.873267244358620687e+00,1.463906968331448066e+00
1.288390028430185019e+01,6.905715247204537555e+00,1.472560510840900783e+00
1.304894417058544498e+01,6.937596962783585397e+00,1.481044322230381738e+00
1.323301528816310579e+01,6.972470236511882469e+00,1.490289958141882254e+00
1.341721526854297686e+01,7.006656342085048728e+00,1.499318739836095871e+00
1.361809644823772381e+01,7.043139069243840922e+00,1.508912126199035475e+00
1.381912061758921162e+01,7.078825516488366887e+00,1.518243560761802557e+00
1.400289424438010499e+01,7.110740428704480642e+00,1.526554392956369188e+00
1.418677944141800040e+01,7.142006107463856779e+00,1.534657625047312957e+00
1.435216926408654459e+01,7.169562985437012870e+00,1.541770848893169177e+00
1.451764392489157096e+01,7.196605767185876523e+00,1.548724502793315860e+00
1.468023639791708845e+01,7.222668629600407009e+00,1.555397226686539236e+00
1.484290617499297582e+01,7.248244576984016696e+00,1.561916617549436337e+00
1.500565108740789810e+01,7.273337838475298689e+00,1.568284669557936217e+00
1.516846907110276810e+01,7.297952525607111163e+00,1.574502182887433044e+00
1.533135810318946568e+01,7.322092626438001517e+00,1.580570956945871020e+00
1.549431620167052515e+01,7.345762009683437732e+00,1.586492425774791215e+00
1.565734144892171820e+01,7.368964431979145857e+00,1.592268732023540467e+00
1.582043196674365326e+01,7.391703537847295280e+00,1.597901153894045301e+00
1.598358591946051810e+01,7.413982863693358460e+00,1.603390904184344157e+00
1.614680153891229608e+01,7.435805844460332992e+00,1.608741023880967846e+00
1.631147546282661409e+01,7.457356855011893160e+00,1.613994794235916297e+00
1.647620861328984532e+01,7.478450377182618070e+00,1.619115149976903645e+00
1.665757466648675944e+01,7.501140206326830651e+00,1.624584626627765260e+00
1.683900820387493624e+01,7.523283952751684822e+00,1.629894635621224941e+00
1.704324715874444607e+01,7.547553571435297926e+00,1.635671343360373564e+00
1.724756587151707166e+01,7.571142325989688615e+00,1.641240208833862901e+00
1.745010064977465447e+01,7.593849995602923286e+00,1.646565765436701412e+00
1.765270815792391090e+01,7.615899323763862583e+00,1.651692095269621241e+00
1.783278472119895497e+01,7.634941789396959777e+00,1.656092553879696005e+00
1.801291476495048371e+01,7.653471542873373501e+00,1.660346049766341148e+00
1.817763824358985403e+01,7.669965812358053192e+00,1.664109037573779926e+00
1.834240358995323916e+01,7.686036473450712947e+00,1.667755013132719899e+00
1.850633420242887084e+01,7.701603761623323052e+00,1.671264754541829323e+00
1.867030367563881654e+01,7.716756258957000014e+00,1.674659687788889739e+00
1.883431076546614236e+01,7.731496019264699093e+00,1.677941065954076993e+00
1.899835425265225552e+01,7.745825028314301974e+00,1.681111084555655166e+00
1.916243293492107469e+01,7.759745204584902467e+00,1.684171509400294031e+00
1.932654563681114368e+01,7.773258401502859627e+00,1.687124089289607110e+00
1.949069120563126845e+01,7.786366408368261993e+00,1.689970236007542370e+00
1.965486849498885036e+01,7.799070950327188001e+00,1.692712066184421715e+00
1.981907638369699143e+01,7.811373691128095764e+00,1.695351034807339285e+00
1.998331376598495623e+01,7.823276233490271458e+00,1.697890551980186125e+00
2.015151042959910299e+01,7.835050513101816883e+00,1.700385797774266905e+00
2.031973572288965357e+01,7.846408423224279005e+00,1.702784145857574316e+00
2.050761625997236237e+01,7.858601008748558492e+00,1.705337967689788181e+00
2.069552952421905800e+01,7.870278365281270894e+00,1.707771789096667048e+00
2.090663341678165565e+01,7.882782574245037921e+00,1.710358644014706053e+00
2.111777452420977852e+01,7.894641821127970971e+00,1.712788685728043658e+00
2.132307564512881370e+01,7.905555200747232725e+00,1.715013343169903060e+00
2.152840803920449275e+01,7.915863462817624985e+00,1.717096328837967034e+00
2.171087132652666796e+01,7.924516336936314076e+00,1.718836147289017013e+00
2.189335651109083258e+01,7.932694415678398947e+00,1.720472664318586364e+00
2.205924741883147533e+01,7.939717139212550734e+00,1.721870858123777159e+00
2.222515439248674696e+01,7.946349489297052315e+00,1.723188373069639345e+00
2.238970601797017679e+01,7.952542328137575112e+00,1.724412940764612712e+00
2.255427158926050879e+01,7.958352792582847890e+00,1.725557462808973819e+00
2.271885019343402234e+01,7.963781594471610603e+00,1.726622675237704074e+00
2.288344092394493856e+01,7.968829397356568478e+00,1.727609400136943973e+00
2.304804288172141113e+01,7.973496816944389387e+00,1.728518333818448438e+00
2.321265517103751108e+01,7.977784421353951494e+00,1.729350408467193567e+00
2.337727690329804275e+01,7.981692731574543842e+00,1.730106181697242507e+00
2.354190719319191416e+01,7.985222221681564925e+00,1.730786630220630729e+00
2.370654515640686455e+01,7.988373319098649006e+00,1.731391884513800994e+00
2.387118992056374722e+01,7.991146405064393221e+00,1.731923946584961405e+00
2.403889996830942977e+01,7.993582750689479433e+00,1.732389017514998963e+00
2.420661524689370836e+01,7.995627559509826732e+00,1.732782598000829566e+00
2.439324610826645667e+01,7.997442992154606856e+00,1.733129701658518540e+00
2.457988105163502723e+01,7.998774212126531502e+00,1.733386042018200346e+00
2.478993963163319592e+01,7.999693568031498003e+00,1.733564145712861437e+00
2.499999999999990408e+01,7.999999999999994671e+00,1.733619468512882067e+00
2.521006036836663711e+01,7.999693568031499780e+00,1.733561238362685275e+00
2.542011894836479868e+01,7.998774212126533278e+00,1.733380186304895654e+00
2.560675389173344385e+01,7.997442992154605967e+00,1.733121113242019229e+00
2.579338475310614243e+01,7.995627559509827620e+00,1.732771311075320453e+00
2.596110003169052050e+01,7.993582750689479433e+00,1.732374987088151519e+00
2.612881007943610712e+01,7.991146405064394997e+00,1.731907111621465933e+00
2.629345484359298979e+01,7.988373319098651670e+00,1.731372253932242256e+00
2.645809280680794018e+01,7.985222221681568477e+00,1.730764228832805562e+00
2.662272309670181158e+01,7.981692731574547395e+00,1.730080691494754186e+00
2.678734482896232905e+01,7.977784421353954158e+00,1.729321767612749916e+00
2.695195711827844320e+01,7.973496816944392052e+00,1.728486621309868188e+00
2.711655907605492288e+01,7.968829397356571143e+00,1.727574578745225020e+00
2.728114980656583910e+01,7.963781594471615932e+00,1.726584589872097286e+00
2.744572841073933844e+01,7.958352792582851443e+00,1.725516041055674687e+00
2.761029398202967755e+01,7.952542328137578664e+00,1.724368536543137376e+00
2.777484560751311093e+01,7.946349489297055868e+00,1.723140990471334177e+00
2.794075258116838611e+01,7.939717139212556951e+00,1.721820827695618839e+00
2.810664348890902176e+01,7.932694415678404276e+00,1.720420191489676176e+00
2.828912867347317928e+01,7.924516336936319405e+00,1.718781932909521304e+00
2.847159196079534027e+01,7.915863462817631202e+00,1.717040587840949817e+00
2.867692435487101221e+01,7.905555200747239830e+00,1.714956320029221937e+00
2.888222547579003319e+01,7.894641821127979853e+00,1.712730508408230934e+00
2.909336658321816316e+01,7.882782574245045915e+00,1.710299620624742278e+00
2.930447047578076436e+01,7.870278365281278887e+00,1.707711990483673725e+00
2.949238374002747420e+01,7.858601008748569150e+00,1.705276839466410843e+00
2.968026427711018300e+01,7.846408423224287887e+00,1.702721538627648634e+00
2.984848957040073358e+01,7.835050513101824876e+00,1.700320366619233470e+00
3.001668623401487324e+01,7.823276233490283005e+00,1.697821751473122642e+00
3.018092361630283449e+01,7.811373691128105534e+00,1.695277545306346667e+00
3.034513150501097911e+01,7.799070950327199547e+00,1.692633667783533857e+00
3.050930879436857168e+01,7.786366408368273540e+00,1.689887390291531677e+00
3.067345436318870711e+01,7.773258401502869397e+00,1.687036994706287540e+00
3.083756706507879386e+01,7.759745204584911349e+00,1.684082034406147343e+00
3.100164574734760947e+01,7.745825028314311744e+00,1.681019737897778699e+00
3.116568923453372975e+01,7.731496019264708863e+00,1.677849107129661954e+00
3.132969632436105556e+01,7.716756258957009784e+00,1.674567551053495862e+00
3.149366579757099771e+01,7.701603761623333710e+00,1.671172791357580012e+00
3.165759641004661162e+01,7.686036473450724493e+00,1.667663240654765788e+00
3.182236175641000031e+01,7.669965812358065627e+00,1.664016045784595166e+00
3.198708523504936352e+01,7.653471542873386824e+00,1.660251612966613832e+00
3.216721527880086740e+01,7.634941789396976652e+00,1.655995537276961693e+00
3.234729184207589725e+01,7.615899323763878570e+00,1.651592520760679861e+00
3.254989935022516789e+01,7.593849995602939273e+00,1.646462538508989271e+00
3.275243412848276137e+01,7.571142325989703714e+00,1.641133408624084522e+00
3.295675284125538695e+01,7.547553571435313025e+00,1.635561488816450915e+00
3.316099179612488967e+01,7.523283952751701698e+00,1.629781714005703819e+00
3.334242533351306292e+01,7.501140206326848414e+00,1.624469087362990560e+00
3.352379138670998771e+01,7.478450377182634945e+00,1.618997012598002661e+00
3.368852453717321538e+01,7.457356855011910035e+00,1.613874882663043575e+00
3.385319846108752984e+01,7.435805844460350755e+00,1.608619330815239445e+00
3.401641408053932025e+01,7.413982863693375336e+00,1.603266931970826592e+00
3.417956803325619575e+01,7.391703537847312155e+00,1.597775014589498666e+00
3.434265855107811660e+01,7.368964431979164509e+00,1.592140693357605441e+00
3.450568379832929367e+01,7.345762009683460825e+00,1.586362375890254084e+00
3.466864189681036379e+01,7.322092626438023721e+00,1.580438474512777081e+00
3.483153092889705960e+01,7.297952525607132479e+00,1.574367249089685172e+00
3.499434891259193847e+01,7.273337838475319117e+00,1.568147409823740901e+00
3.515709382500685365e+01,7.248244576984036236e+00,1.561776840896766716e+00
3.531976360208275167e+01,7.222668629600429213e+00,1.555254575546107576e+00
3.548235607510826384e+01,7.196605767185899616e+00,1.548579067780707197e+00
3.564783073591328133e+01,7.169562985437035962e+00,1.541622771887696697e+00
3.581322055858182551e+01,7.142006107463881648e+00,1.534507039563507869e+00
3.599710575561968540e+01,7.110740428704513505e+00,1.526400464294269010e+00
3.618087938241054502e+01,7.078825516488404190e+00,1.518086910197290917e+00
3.638190355176202928e+01,7.043139069243881778e+00,1.508754008483237374e+00
3.658278473145674781e+01,7.006656342085094025e+00,1.499159125188293862e+00
3.676698471183666328e+01,6.972470236511921549e+00,1.490129919228586175e+00
3.695105582941434363e+01,6.937596962783620036e+00,1.480885617230795814e+00
3.711609971569792776e+01,6.905715247204574858e+00,1.472398531809725908e+00
3.728103320118611919e+01,6.873267244358658878e+00,1.463739678854648618e+00
3.744249397081729569e+01,6.840925406747689230e+00,1.455079360775592079e+00
3.760384237578914934e+01,6.808027593022983659e+00,1.446245822869804964e+00
3.776507506182468177e+01,6.774567297916365582e+00,1.437234663337779939e+00
3.792618857220705308e+01,6.740537804093666097e+00,1.428044599272429327e+00
3.808717933055638838e+01,6.705932176230706254e+00,1.418673961547513018e+00
3.824804359988300462e+01,6.670743260067285796e+00,1.409120215391626685e+00
3.840877750266221824e+01,6.634963668024938421e+00,1.399381757311124463e+00
3.856937704751607754e+01,6.598585762135725119e+00,1.389455799314326390e+00
3.872983808381173532e+01,6.561601652309459354e+00,1.379341068954640592e+00
3.889015627745862957e+01,6.524003189826317772e+00,1.369034366052522822e+00
3.905143941974662170e+01,6.485514202463396494e+00,1.358459283843739041e+00
3.921256839724434684e+01,6.446384857281121761e+00,1.347688308499500165e+00
3.938922173301553187e+01,6.402692991738472728e+00,1.335635175169467725e+00
3.956567653628722070e+01,6.358206132762177276e+00,1.323332164163076863e+00
3.975429522840320118e+01,6.309699520166616615e+00,1.309889614176673378e+00
3.994266907509072695e+01,6.260250624307892586e+00,1.296142033759217105e+00
4.011232392580121342e+01,6.214835883786968829e+00,1.283485129112853063e+00
4.028176431045260841e+01,6.168627432057365745e+00,1.270583536767318611e+00
4.044044407918887885e+01,6.124565169485187255e+00,1.258250737719696311e+00
4.059892163960834210e+01,6.079781096948927654e+00,1.245695096301124627e+00
4.075717475153012259e+01,6.034267366463899940e+00,1.232906840645877189e+00
4.091521121850013998e+01,5.988007012822717634e+00,1.219881523308051774e+00
4.107302331928067929e+01,5.940986837011156929e+00,1.206613661790327585e+00
4.123060288014699637e+01,5.893193155826880414e+00,1.193097326370054834e+00
4.138794133116793006e+01,5.844611753346427463e+00,1.179326874205606890e+00
4.154502973659943876e+01,5.795227835757425616e+00,1.165295594029956749e+00
4.170185873168865243e+01,5.745026011997145687e+00,1.150997563889661013e+00
4.185841834136308393e+01,5.693990311699908879e+00,1.136424566701067507e+00
4.201469803464800634e+01,5.642104126710020928e+00,1.121569229531704792e+00
4.217068690780985918e+01,5.589350102491206229e+00,1.106426497364599637e+00
4.233386025779696382e+01,5.533105302160463701e+00,1.090235209467636412e+00
4.249668725201842534e+01,5.475865585610439012e+00,1.073705853733689652e+00
4.266969142072093035e+01,5.413789031481456071e+00,1.055723232588383187e+00
4.284226662881825831e+01,5.350529792523741612e+00,1.037315179529958442e+00
4.299912741779210990e+01,5.291832408932797271e+00,1.020166950254976612e+00
4.315559862188482754e+01,5.232104300279325493e+00,1.002657954835880938e+00
4.330904273132160398e+01,5.172351219734904859e+00,9.850680193992532585e-01
4.346207569720197483e+01,5.111552938097766230e+00,9.670964914252568878e-01
4.361467858695356625e+01,5.049683610599460692e+00,9.487264867030372750e-01
4.376683158483447755e+01,4.986716045504829609e+00,9.299408768371522083e-01
4.391851358114642068e+01,4.922621748169675016e+00,9.107236887568574968e-01
4.406970167609285483e+01,4.857371008006745150e+00,8.910543371501798982e-01
4.422037144035770950e+01,4.790932659081466483e+00,8.709142319066162097e-01
4.437049708238428281e+01,4.723273850264606111e+00,8.502792705246470240e-01
4.452005086716457072e+01,4.654360131977884230e+00,8.291275068883370292e-01
4.466900292392612926e+01,4.584155368447379253e+00,8.074320033056203716e-01
4.481870260040025755e+01,4.511947439076329225e+00,7.849540386585812657e-01
4.496772124198606235e+01,4.438344391053163029e+00,7.618619307941624230e-01
4.512048981561273564e+01,4.361012746545909202e+00,7.373963095610083229e-01
4.527244998050783664e+01,4.282104516185246901e+00,7.121817915179771141e-01
4.541778177434348152e+01,4.204682408607576249e+00,6.871923023518935469e-01
4.556227365991367861e+01,4.125704006386452960e+00,6.614304382519641257e-01
4.570587411306762249e+01,4.045117457624342272e+00,6.348345747834244213e-01
4.584852824960232454e+01,3.962867505923409972e+00,6.073332982526427060e-01
4.599017553381163737e+01,3.878896335869181478e+00,5.788538789051803635e-01
4.613075068326548234e+01,3.793142578122238096e+00,5.492958557676022036e-01
4.627018244899520028e+01,3.705541474699383109e+00,5.185560457681029911e-01
4.640839227785382803e+01,3.616025136305324406e+00,4.864901242462807973e-01
4.654529463912483322e+01,3.524521699832280586e+00,4.529456889898715866e-01
4.668079546510234223e+01,3.430955616805401842e+00,4.177099300421508454e-01
4.681479148901502896e+01,3.335247322010377324e+00,3.805569247327966753e-01
4.694716913948700920e+01,3.237313130818831208e+00,3.411698376452422243e-01
4.707780313401217853e+01,3.137065308989718915e+00,2.992409059398826732e-01
4.720655517297822001e+01,3.034412030717600572e+00,2.543958472517272029e-01
4.733327219049792944e+01,2.929257647048533642e+00,2.065266014517914972e-01
4.745778488682696405e+01,2.821502711854201095e+00,1.563996482075097616e-01
4.757990554807388861e+01,2.711044600642609215e+00,1.096150688853109872e-01
4.769942570744148469e+01,2.597778378887614537e+00,9.180829037864485231e-02
4.781611404218890726e+01,2.481597604004979196e+00,1.384675546639270727e-01
4.792971374055178302e+01,2.362395859582429924e+00,2.327397338599040688e-01
4.803993984212664259e+01,2.240068750710427548e+00,3.628259559493623443e-01
4.814647662974608977e+01,2.114516483438990235e+00,5.351446535126319626e-01
4.824897505650047691e+01,1.985647356579419487e+00,7.670471361825659251e-01
4.834705049873701910e+01,1.853382283808667319e+00,1.086034012509248248e+00
4.844028132190272373e+01,1.717660280409143869e+00,1.543758157571979206e+00
4.852820850270897779e+01,1.578445249571431619e+00,2.208372145666290809e+00
4.861033687497718603e+01,1.435734138577490882e+00,3.212560415593699314e+00
4.868613879473824824e+01,1.289566205977578983e+00,4.774285598565671584e+00
4.875506095214274183e+01,1.140033096984566230e+00,7.053661149684348430e+00
4.881653506904773110e+01,9.872890663505491382e-01,1.136097874238563143e+01
4.886999301581095523e+01,8.315603422439050707e-01,1.564549920826698326e+01
4.891488648973120945e+01,6.731521359553076511e-01,3.216431632221469528e+01
4.895071383497080575e+01,5.124350143445410843e-01,3.225794905983377703e+01
4.897703448163586160e+01,3.498916445675413489e-01,1.300171340194569893e+02
4.899423604690092304e+01,1.753208251556741815e-01,1.174887707552153699e+02
4.899999999999997868e+01,-3.419835778632244555e-17,1.291073730771649252e+03
