x,y,stress
5.999999999999997335e+00,6.257194088466915164e-16,8.142181568670573597e+02
6.003222942474838675e+00,2.025996736945230026e-01,1.206382863621296053e+02
6.012882023402251974e+00,4.049946618224884998e-01,1.005222337602975813e+02
6.026842460055807926e+00,5.845054938132616673e-01,4.610755174326084216e+01
6.045829217322101989e+00,7.635545300875739017e-01,4.115280097379726953e+01
6.067742430354145178e+00,9.280552168999136597e-01,2.972574317349284811e+01
6.093845259170367790e+00,1.091943377744798216e+00,2.529455783292923243e+01
6.124006687264627935e+00,1.254710847670877705e+00,2.086120116409868430e+01
6.158230287787792356e+00,1.416672985475834867e+00,1.789840744262934891e+01
6.196453243251597520e+00,1.577738268092604645e+00,1.541924731901394985e+01
6.238607078302847775e+00,1.737819830194759163e+00,1.346217024015081876e+01
6.284618267839982231e+00,1.896835738761502466e+00,1.183023021294796706e+01
6.334408852197200623e+00,2.054709177627990879e+00,1.046588651491565791e+01
6.387897062121513869e+00,2.211368593798617610e+00,9.303813646042565111e+00
6.444997935777589504e+00,2.366747775001291743e+00,8.307252705225719680e+00
6.505623911067453413e+00,2.520785846127655550e+00,7.446758073965065172e+00
6.569685410245043933e+00,2.673427256012892439e+00,6.686787439771968877e+00
6.637091382892830183e+00,2.824621682555605418e+00,5.991658078198248027e+00
6.707749803029219748e+00,2.974323876474548545e+00,5.418189157234962749e+00
6.781568151817432444e+00,3.122493525636355294e+00,4.896567818652828308e+00
6.858453864712665826e+00,3.269095092108372569e+00,4.434074181100879919e+00
6.938314707745295351e+00,3.414097566884082724e+00,4.020017966969634315e+00
7.021059125964196568e+00,3.557474239710236130e+00,3.649197744873646343e+00
7.106596542996233445e+00,3.699202444441464177e+00,3.316393684530714037e+00
7.194837682539319879e+00,3.839263396252113214e+00,3.017517561032571738e+00
7.285694764596468254e+00,3.977641874827479995e+00,2.748961143750761060e+00
7.379081671889309746e+00,4.114325931119252822e+00,2.507842042580894049e+00
7.474914161821854641e+00,4.249306715525754008e+00,2.291599024756520109e+00
7.573109980610948533e+00,4.382578205797858395e+00,2.098225700006838057e+00
7.673811811158082641e+00,4.514423650714477709e+00,1.925569999746715721e+00
7.776728351664501382e+00,4.644547800251609182e+00,1.772734195609316776e+00
7.881551166588230295e+00,4.772672629452650028e+00,1.638730707893731653e+00
7.988429642113435314e+00,4.899087864958781680e+00,1.522255823410212150e+00
8.097292610410393721e+00,5.023798331016512186e+00,1.422411539040125072e+00
8.208071195631292838e+00,5.146810423557510283e+00,1.338458537070202459e+00
8.320698816409029419e+00,5.268131953599723083e+00,1.269591906850928487e+00
8.435111149936991737e+00,5.387771972193584169e+00,1.215021222954474123e+00
8.551246128709356853e+00,5.505740652002017121e+00,1.173782342450673255e+00
8.669043859559570464e+00,5.622049107470990847e+00,1.144888926090489978e+00
8.788446601456508134e+00,5.736709294731864972e+00,1.127168280937539180e+00
8.909398751773784042e+00,5.849733930531061610e+00,1.119392053907516171e+00
9.034181332011542054e+00,5.963231928181270902e+00,1.120365039596447954e+00
9.160462453746635703e+00,6.075060294907386194e+00,1.129043927935005298e+00
9.286297859299590840e+00,6.183623123062636395e+00,1.143867113746647846e+00
9.413488804443932878e+00,6.290594685135280528e+00,1.163819506013987759e+00
9.541482096316791228e+00,6.395579569942284159e+00,1.187821407520433414e+00
9.670730140304808486e+00,6.499015854285437932e+00,1.215112224784892447e+00
9.801190360144776292e+00,6.600918774567229974e+00,1.244976577364510728e+00
9.932822087384890253e+00,6.701303904151417967e+00,1.276825062625435381e+00
1.006558603744930025e+01,6.800186739943567815e+00,1.310162995907448336e+00
1.019944450179560391e+01,6.897582857827116776e+00,1.344585169999883645e+00
1.033436143822985009e+01,6.993507973839780512e+00,1.379757600316943167e+00
1.047030167346415652e+01,7.087977385042065315e+00,1.415410573949814399e+00
1.060723141981608997e+01,7.181006365531222180e+00,1.451324245206806918e+00
1.074511856129094411e+01,7.272610358572639377e+00,1.487321317061038206e+00
1.088812137865109797e+01,7.365495790563932665e+00,1.524327250888209750e+00
1.103207438581782540e+01,7.456901753609523453e+00,1.561134367939289724e+00
1.117793071411007411e+01,7.547448887367989023e+00,1.597890111221279108e+00
1.132468747379067509e+01,7.636529266429754159e+00,1.634252753354376031e+00
1.146702512195826884e+01,7.721052542780694417e+00,1.668885838940519006e+00
1.161014684980321832e+01,7.804241290697248701e+00,1.703054240207941383e+00
1.175402808686790124e+01,7.886109601454008633e+00,1.736683702551720332e+00
1.189864501402326979e+01,7.966671260516283049e+00,1.769783084701875397e+00
1.204397464905420811e+01,8.045939816704242631e+00,1.802178279480272760e+00
1.218999501782627881e+01,8.123928687975400464e+00,1.834317708665555102e+00
1.233668490567694143e+01,8.200651036490665291e+00,1.865924277165948997e+00
1.248402371789385334e+01,8.276119713583398152e+00,1.896369969747466522e+00
1.263199161471627363e+01,8.350347347655866059e+00,1.926350394100082797e+00
1.278056950596329955e+01,8.423346353172993517e+00,1.955661280430512239e+00
1.293002493799393093e+01,8.495265088628073613e+00,1.984353864794025091e+00
1.308005623698423570e+01,8.565974664191257304e+00,2.012401293019690840e+00
1.324259095164141797e+01,8.640938960472480446e+00,2.041869008430406751e+00
1.340575514040159533e+01,8.714523144470012639e+00,2.070619263926992470e+00
1.356411158230076808e+01,8.784378477132054996e+00,2.097816932374239496e+00
1.372301999048873533e+01,8.852968944331264467e+00,2.123961101447126243e+00
1.387550893853319600e+01,8.917400204565161914e+00,2.148336508614162810e+00
1.402847274795484545e+01,8.980695880944869813e+00,2.172113732295680943e+00
1.418189748576804909e+01,9.042866155256472638e+00,2.195428071717342444e+00
1.433576954458068542e+01,9.103920929977135756e+00,2.217662645819037603e+00
1.449007577853754825e+01,9.163869895242614305e+00,2.239334825063613810e+00
1.464480348250263120e+01,9.222722528913740447e+00,2.260412018807029799e+00
1.479994026199154966e+01,9.280488056446150935e+00,2.281113351558471170e+00
1.495547421183727010e+01,9.337175527275636711e+00,2.300662864965211440e+00
1.511139378381447962e+01,9.392793772119146567e+00,2.319725191389098384e+00
1.526768765234974978e+01,9.447351364960514530e+00,2.338105105036286435e+00
1.542443527419495730e+01,9.500887228144385688e+00,2.355849322960188452e+00
1.558153602908190116e+01,9.553377802932821794e+00,2.372965905119873931e+00
1.575059449067099848e+01,9.608581722992886043e+00,2.390610753562613322e+00
1.592003569795040718e+01,9.662599462291794339e+00,2.407524196547317530e+00
1.609563964955990301e+01,9.717220111453386266e+00,2.424253554477631134e+00
1.627162703340106020e+01,9.770592452070545164e+00,2.440192559367903691e+00
1.643193328996719416e+01,9.818036454421156023e+00,2.454044139575217276e+00
1.659253686057477850e+01,9.864464075543283528e+00,2.467291935795393076e+00
1.675185186485108702e+01,9.909442366473125929e+00,2.479811565970226450e+00
1.691144118170113231e+01,9.953437464296442272e+00,2.491746331521466296e+00
1.707129657368682629e+01,9.996455756859676356e+00,2.503106019488149148e+00
1.723141000849766513e+01,1.003850345795572885e+01,2.513900677803343697e+00
1.739177365653284468e+01,1.007958661167776704e+01,2.524141462316863205e+00
1.755237986017051455e+01,1.011971108942785058e+01,2.533838857669081790e+00
1.771322113856081515e+01,1.015888259619235967e+01,2.543006745113289391e+00
1.787429020567971349e+01,1.019710667931420112e+01,2.551656046425134328e+00
1.803557995520752044e+01,1.023438872863256144e+01,2.559800102256117871e+00
1.819708338980153428e+01,1.027073396446698972e+01,2.567456020288208851e+00
1.836181265289913611e+01,1.030679934764303951e+01,2.574749151623758170e+00
1.852674951980615958e+01,1.034190309360467275e+01,2.581581402225701094e+00
1.871022921782941850e+01,1.037978175417824112e+01,2.588598109328637875e+00
1.889394739312394833e+01,1.041648633463237950e+01,2.595028613230921710e+00
1.907265758999900385e+01,1.045102813356159110e+01,2.600769809279279254e+00
1.925157623084039571e+01,1.048447348600019602e+01,2.606007631060883512e+00
1.941531821565907379e+01,1.051409433330065113e+01,2.610418775239816913e+00
1.957922181443495901e+01,1.054280745321656276e+01,2.614458391992739106e+00
1.974243579146358130e+01,1.057047582375689920e+01,2.618115183398647350e+00
1.990579828709750743e+01,1.059725336519555228e+01,2.621429128868775660e+00
2.006930373012590607e+01,1.062314365072007760e+01,2.624411547883089391e+00
2.023294667528680790e+01,1.064815012799197191e+01,2.627083525697059052e+00
2.039672177484887072e+01,1.067227611642772089e+01,2.629464977201445564e+00
2.056062371450580528e+01,1.069552480024267105e+01,2.631570815812913189e+00
2.072464726021001624e+01,1.071789923820512236e+01,2.633420720460723619e+00
2.088878730645175352e+01,1.073940237183371771e+01,2.635028604256989926e+00
2.105303880075618750e+01,1.076003701662521550e+01,2.636413443696922876e+00
2.121739674868921455e+01,1.077980586499807281e+01,2.637597266736319668e+00
2.138630207015699014e+01,1.079921045383865597e+01,2.638604691947651126e+00
2.155530922088949808e+01,1.081770718788192731e+01,2.639447909126499070e+00
2.174410623981744095e+01,1.083728787387550163e+01,2.640177742054735432e+00
2.193301655953448304e+01,1.085574348177332560e+01,2.640695744442826065e+00
2.211644549781682656e+01,1.087258091990093689e+01,2.641051943673910607e+00
2.229996812978842158e+01,1.088836441856999926e+01,2.641259334941518322e+00
2.246652099924908086e+01,1.090177240189518848e+01,2.641349747274359672e+00
2.263314112751551122e+01,1.091431694229721394e+01,2.641373616971742333e+00
2.279827830473997352e+01,1.092589531322206753e+01,2.641327756962243090e+00
2.296347251995542038e+01,1.093662925361308247e+01,2.641229704664269651e+00
2.312871935394768386e+01,1.094652012882254333e+01,2.641090832562960067e+00
2.329401442391098698e+01,1.095556919543148311e+01,2.640921736313431634e+00
2.345935337267777498e+01,1.096377760134662260e+01,2.640734979408609906e+00
2.362473186909719303e+01,1.097114638655864027e+01,2.640537968766318855e+00
2.379014560566047365e+01,1.097767648365237925e+01,2.640343098409304812e+00
2.395559029432606124e+01,1.098336871819920013e+01,2.640155371145195939e+00
2.412106166587929934e+01,1.098822380923985165e+01,2.639984368713217400e+00
2.428655546630500695e+01,1.099224236959187806e+01,2.639837763693607897e+00
2.445528156761251992e+01,1.099547843375381717e+01,2.639712075902810540e+00
2.462402208890694766e+01,1.099784611421491931e+01,2.639634788666272325e+00
2.481200795950645244e+01,1.099946155042231233e+01,2.639586356471776973e+00
2.500000000000016342e+01,1.099999999999999467e+01,2.639561445628866299e+00
2.518799204049387086e+01,1.099946155042231055e+01,2.639592849474042158e+00
2.537597791109335432e+01,1.099784611421491576e+01,2.639647981276563193e+00
2.554471843238782114e+01,1.099547843375381184e+01,2.639729220991966496e+00
2.571344453369525951e+01,1.099224236959187095e+01,2.639858013336672471e+00
2.587893833412098132e+01,1.098822380923984454e+01,2.640002928616446809e+00
2.604440970567421587e+01,1.098336871819919125e+01,2.640171717183446010e+00
2.620985439433980346e+01,1.097767648365236859e+01,2.640351342223250075e+00
2.637526813090307698e+01,1.097114638655863139e+01,2.640537146693573867e+00
2.654064662732250568e+01,1.096377760134660839e+01,2.640722651885242023e+00
2.670598557608929013e+01,1.095556919543146712e+01,2.640897875423269259e+00
2.687128064605258970e+01,1.094652012882252734e+01,2.641054152143234024e+00
2.703652748004484252e+01,1.093662925361306826e+01,2.641179832661167293e+00
2.720172169526029649e+01,1.092589531322204799e+01,2.641267033714845169e+00
2.736685887248475524e+01,1.091431694229719440e+01,2.641302484081594848e+00
2.753347900075117494e+01,1.090177240189516539e+01,2.641272018727785387e+00
2.770003187021183066e+01,1.088836441856997617e+01,2.641175759566270376e+00
2.788355450218345055e+01,1.087258091990091202e+01,2.640968556233135534e+00
2.806698344046581894e+01,1.085574348177329362e+01,2.640612425986970990e+00
2.825589376018280419e+01,1.083728787387547321e+01,2.640099554660928494e+00
2.844469077911068666e+01,1.081770718788190777e+01,2.639373509429922215e+00
2.861369792984319105e+01,1.079921045383863287e+01,2.638536841889902007e+00
2.878260325131094888e+01,1.077980586499805149e+01,2.637536529823451215e+00
2.894696119924396882e+01,1.076003701662519241e+01,2.636357909412020639e+00
2.911121269354839214e+01,1.073940237183369462e+01,2.634977635413276786e+00
2.927535273979012942e+01,1.071789923820509927e+01,2.633372020159139737e+00
2.943937628549434393e+01,1.069552480024264618e+01,2.631523874043227629e+00
2.960327822515128204e+01,1.067227611642769602e+01,2.629417141304035699e+00
2.976705332471335197e+01,1.064815012799194527e+01,2.627033897052372335e+00
2.993069626987426446e+01,1.062314365072004918e+01,2.624361560104925051e+00
3.009420171290267376e+01,1.059725336519551853e+01,2.621379445179021772e+00
3.025756420853660700e+01,1.057047582375686368e+01,2.618074113715220808e+00
3.042077818556522928e+01,1.054280745321652546e+01,2.614426908444799302e+00
3.058468178434111095e+01,1.051409433330061560e+01,2.610400644705118012e+00
3.074842376915978193e+01,1.048447348600016049e+01,2.606010270166185805e+00
3.092734241000117024e+01,1.045102813356155380e+01,2.600764049571840264e+00
3.110605260687621509e+01,1.041648633463234042e+01,2.595012004070113676e+00
3.128977078217073071e+01,1.037978175417820736e+01,2.588572080106743556e+00
3.147325048019397187e+01,1.034190309360464077e+01,2.581545325653143319e+00
3.163818734710101310e+01,1.030679934764300398e+01,2.574710234960003508e+00
3.180291661019862559e+01,1.027073396446694886e+01,2.567412981680421424e+00
3.196442004479264298e+01,1.023438872863251525e+01,2.559753382581936521e+00
3.212570979432044993e+01,1.019710667931415671e+01,2.551605272964459825e+00
3.228677886143934472e+01,1.015888259619231349e+01,2.542949118910851958e+00
3.244762013982964532e+01,1.011971108942780440e+01,2.533772599016434590e+00
3.260822634346731519e+01,1.007958661167771908e+01,2.524066403016910876e+00
3.276858999150249474e+01,1.003850345795567911e+01,2.513816473463628132e+00
3.292870342631333358e+01,9.996455756859626618e+00,2.503014402636752678e+00
3.308855881829902756e+01,9.953437464296388981e+00,2.491646365143536546e+00
3.324814813514907286e+01,9.909442366473072639e+00,2.479705756303065112e+00
3.340746313942538137e+01,9.864464075543228461e+00,2.467181097572745063e+00
3.356806671003296572e+01,9.818036454421099180e+00,2.453929890772681421e+00
3.372837296659910322e+01,9.770592452070488321e+00,2.440077907820040082e+00
3.390436035044022134e+01,9.717220111453338305e+00,2.424135939715008625e+00
3.407996430204968874e+01,9.662599462291755259e+00,2.407401824590293504e+00
3.424940550932907257e+01,9.608581722992854068e+00,2.390488053329052232e+00
3.441846397091814680e+01,9.553377802932798701e+00,2.372837710987867776e+00
3.457556472580508711e+01,9.500887228144362595e+00,2.355720067287850217e+00
3.473231234765029285e+01,9.447351364960491438e+00,2.337971909031756557e+00
3.488860621618555768e+01,9.392793772119123474e+00,2.319576926241583958e+00
3.504452578816277253e+01,9.337175527275611842e+00,2.300524044089215625e+00
3.520005973800849830e+01,9.280488056446124290e+00,2.280809900679789060e+00
3.535519651749741854e+01,9.222722528913712026e+00,2.260427801626981648e+00
3.550992422146249794e+01,9.163869895242582331e+00,2.239376106212115580e+00
3.566423045541936432e+01,9.103920929977103782e+00,2.217648762225755465e+00
3.581810251423200242e+01,9.042866155256440663e+00,2.195246628354925011e+00
3.597152725204520607e+01,8.980695880944837839e+00,2.172164174185401198e+00
3.612449106146685551e+01,8.917400204565129940e+00,2.148400827731510088e+00
3.627698000951130552e+01,8.852968944331234269e+00,2.123960889899088933e+00
3.643588841769927456e+01,8.784378477132023022e+00,2.097686183343329347e+00
3.659424485959844020e+01,8.714523144469985994e+00,2.070661352020506385e+00
3.675740904835865308e+01,8.640938960472436037e+00,2.041944278915964084e+00
3.691994376301585845e+01,8.565974664191200461e+00,2.012416338906144020e+00
3.706997506200616499e+01,8.495265088628016770e+00,1.984340277125634655e+00
3.721943049403680703e+01,8.423346353172929568e+00,1.955606768335370615e+00
3.736800838528382229e+01,8.350347347655802110e+00,1.926261588092360144e+00
3.751597628210623725e+01,8.276119713583337756e+00,1.896260405097196289e+00
3.766331509432314562e+01,8.200651036490604895e+00,1.865614565569772232e+00
3.781000498217380112e+01,8.123928687975343621e+00,1.834333168219256960e+00
3.795602535094585761e+01,8.045939816704191117e+00,1.802433460758245065e+00
3.810135498597679060e+01,7.966671260516229758e+00,1.769931287285597454e+00
3.824597191313215916e+01,7.886109601453954454e+00,1.736850336200564282e+00
3.838985315019684919e+01,7.804241290697193634e+00,1.703216807722381709e+00
3.853297487804179866e+01,7.721052542780636685e+00,1.669064402566636796e+00
3.867531252620939597e+01,7.636529266429694651e+00,1.634435779870698768e+00
3.882206928588998807e+01,7.547448887367936621e+00,1.598081280465956322e+00
3.896792561418222789e+01,7.456901753609472827e+00,1.561332430556899187e+00
3.911187862134897131e+01,7.365495790563869605e+00,1.524529521026382728e+00
3.925488143870912694e+01,7.272610358572571876e+00,1.487531801510017404e+00
3.939276858018397576e+01,7.181006365531157343e+00,1.451539528803305723e+00
3.952969832653590032e+01,7.087977385042004030e+00,1.415630900807732351e+00
3.966563856177020853e+01,6.993507973839721004e+00,1.379982750315189577e+00
3.980055549820445293e+01,6.897582857827058156e+00,1.344815072339437867e+00
3.993441396255075659e+01,6.800186739943503866e+00,1.310397038085677313e+00
4.006717791261517192e+01,6.701303904151353130e+00,1.277062793313462175e+00
4.019880963985528410e+01,6.600918774567160696e+00,1.245215752692673705e+00
4.032926985969525191e+01,6.499015854285366878e+00,1.215352062178993053e+00
4.045851790368327272e+01,6.395579569942213105e+00,1.188060014141911980e+00
4.058651119555612752e+01,6.290594685135208586e+00,1.164055694724656531e+00
4.071370214070047666e+01,6.183623123062552018e+00,1.144101894485982651e+00
4.083953754625344601e+01,6.075060294907288494e+00,1.129274779759537273e+00
4.096581866798855032e+01,5.963231928181166097e+00,1.120588956229065403e+00
4.109060124822631366e+01,5.849733930530944370e+00,1.119608927487498518e+00
4.121155339854359312e+01,5.736709294731750397e+00,1.127381696767584929e+00
4.133095614044052724e+01,5.622049107470870055e+00,1.145102853050190106e+00
4.144875387129074085e+01,5.505740652001891888e+00,1.174000724053984923e+00
4.156488885006310596e+01,5.387771972193458936e+00,1.215256931039412347e+00
4.167930118359105762e+01,5.268131953599601403e+00,1.269871194713700024e+00
4.179192880436878710e+01,5.146810423557390379e+00,1.338806135120857554e+00
4.190270738958968622e+01,5.023798331016393171e+00,1.422831970698715809e+00
4.201157035788664729e+01,4.899087864958664440e+00,1.522778680087552905e+00
4.211844883341183987e+01,4.772672629452529236e+00,1.639368768139400245e+00
4.222327164833556878e+01,4.644547800251488390e+00,1.773526888507004573e+00
4.232618818884198220e+01,4.514423650714366687e+00,1.926533596544127036e+00
4.242689001938910565e+01,4.382578205797751814e+00,2.099406182172278257e+00
4.252508583817819954e+01,4.249306715525645650e+00,2.293053443037381456e+00
4.262091832811073999e+01,4.114325931119138247e+00,2.509655875288830273e+00
4.271430523540356461e+01,3.977641874827384516e+00,2.751208267055251788e+00
4.280516231746070588e+01,3.839263396252039495e+00,3.020321263850727078e+00
4.289340345700377810e+01,3.699202444441398008e+00,3.319846496899035770e+00
4.297894087403581409e+01,3.557474239710178399e+00,3.653502614874001964e+00
4.306168529225471531e+01,3.414097566884021440e+00,4.025364388949553174e+00
4.314154613528734927e+01,3.269095092108311285e+00,4.440712127484552241e+00
4.321843184818256844e+01,3.122493525636304668e+00,4.905417056852874325e+00
4.329225019697076959e+01,2.974323876474512129e+00,5.427212332387360227e+00
4.336290861710716626e+01,2.824621682555554791e+00,6.014784019643258262e+00
4.343031458975496406e+01,2.673427256012821385e+00,6.679784241282654023e+00
4.349437608893254747e+01,2.520785846127597374e+00,7.435703605237740987e+00
4.355500206422240694e+01,2.366747775001245113e+00,8.301115085069099564e+00
4.361210293787849679e+01,2.211368593798528792e+00,9.298231543157807977e+00
4.366559114780282158e+01,2.054709177627861649e+00,1.045917316024847565e+01
4.371538173216002576e+01,1.896835738761387224e+00,1.182199566887719300e+01
4.376139292169715844e+01,1.737819830194660131e+00,1.345258439617551360e+01
4.380354675674839626e+01,1.577738268092508500e+00,1.540769858155381833e+01
4.384176971221220498e+01,1.416672985475745161e+00,1.788313775319970134e+01
4.387599331273536762e+01,1.254710847670762242e+00,2.084125452441907100e+01
4.390615474082962777e+01,1.091943377744659660e+00,2.526558899276891168e+01
4.393225756964584860e+01,9.280552168998130735e-01,2.969728277851368148e+01
4.395417078267788469e+01,7.635545300875120622e-01,4.109012170841310763e+01
4.397315753994416809e+01,5.845054938132581146e-01,4.613240747342801029e+01
4.398711797659772316e+01,4.049946618225372386e-01,1.003934508705545312e+02
4.399677705752513646e+01,2.025996736945478993e-01,1.201871779314742383e+02
4.399999999999997868e+01,-3.958632065217807891e-17,8.136843801497526556e+02
