x,y,stress
8.999999999999994671e+00,3.891550641239589680e-16,9.976951749267972218e+02
9.004515117594918294e+00,1.662864793246469630e-01,1.355546947089591470e+02
9.018015202573256062e+00,3.320858252571979863e-01,1.221746485222634675e+02
9.039948858062318848e+00,4.943493584925875983e-01,4.864999402508418314e+01
9.070254822520038118e+00,6.552602967021418090e-01,4.585782553940735795e+01
9.108662999257910897e+00,8.144328167154726295e-01,3.105997664628619503e+01
9.154849338833528805e+00,9.715259134351528214e-01,2.632643946493763210e+01
9.208449111361748152e+00,1.126247756042923598e+00,2.126498089747542863e+01
9.269070115799880938e+00,1.278357105973525032e+00,1.806022457910751555e+01
9.336304923088478702e+00,1.427662220340694121e+00,1.526198940636149537e+01
9.409741544391282630e+00,1.574017827536045910e+00,1.330856327949166307e+01
9.488972219644738360e+00,1.717320817908630337e+00,1.165361953915959070e+01
9.573600261232009245e+00,1.857505219423196685e+00,1.030915272895651036e+01
9.663245054862935390e+00,1.994536913562152680e+00,9.184607374483883646e+00
9.757545434872401557e+00,2.128408445396160698e+00,8.237740869123538090e+00
9.856161700900486267e+00,2.259134165039107689e+00,7.431875512267815509e+00
9.958776665900311187e+00,2.386745978832423898e+00,6.741213805111694768e+00
1.006509573876195240e+01,2.511289432146730949e+00,6.145118190148552095e+00
1.017484644907083613e+01,2.632820409763529934e+00,5.628172689393753814e+00
1.028777766020860440e+01,2.751402467239018268e+00,5.177665479259244030e+00
1.040365839875501131e+01,2.867104498886139829e+00,4.783839138732228768e+00
1.052227663090748599e+01,2.979998935843977570e+00,4.438383140470186561e+00
1.064343787120520979e+01,3.090160207884600663e+00,4.134848157998729512e+00
1.076696386368550407e+01,3.197663597002264879e+00,3.867603295531750973e+00
1.089269126996469161e+01,3.302584321511772281e+00,3.632156665759524117e+00
1.102047035179141155e+01,3.404996782033171243e+00,3.424542864072902759e+00
1.115016388101610190e+01,3.504974107422174967e+00,3.241507303238933879e+00
1.128164578581055366e+01,3.602587571068443406e+00,3.080179643756127739e+00
1.141480060648558137e+01,3.697906668434776112e+00,2.938117500977150076e+00
1.154952181713178838e+01,3.790998382248077281e+00,2.813206804287621488e+00
1.168571198715927117e+01,3.881927779409531265e+00,2.703570894464310204e+00
1.182328222869496948e+01,3.970758020553061485e+00,2.607564565447289429e+00
1.196214851564862691e+01,4.057548427067676045e+00,2.523508607987678509e+00
1.210223374516902339e+01,4.142356315473295858e+00,2.445226698982116531e+00
1.224346768796836926e+01,4.225237273862815890e+00,2.382887637387680169e+00
1.238578477285286183e+01,4.306244165433844806e+00,2.326954464128248468e+00
1.252912444658893598e+01,4.385427699546613489e+00,2.279090810162986092e+00
1.267343046450839594e+01,4.462836336610869203e+00,2.237676351659845686e+00
1.281865055043883928e+01,4.538516395201864562e+00,2.202273904179559594e+00
1.296473616293964071e+01,4.612512192668932975e+00,2.171976244696150804e+00
1.311164199481982706e+01,4.684866032091375310e+00,2.147004195901269341e+00
1.325932581205653449e+01,4.755618351214034867e+00,2.124816832584746074e+00
1.340774828112969175e+01,4.824807842769764932e+00,2.106799213513853797e+00
1.355687253295220707e+01,4.892471438531188710e+00,2.091770159168407250e+00
1.370666419711275807e+01,4.958644501854672093e+00,2.079766436547111574e+00
1.385709109356499802e+01,5.023360846631996779e+00,2.069402273679960658e+00
1.400812288871037836e+01,5.086652740009056650e+00,2.061615529848806361e+00
1.415973112061720585e+01,5.148551055466797699e+00,2.055470917121274166e+00
1.431188914008379420e+01,5.209085372145524140e+00,2.050915550294118539e+00
1.446457186357032576e+01,5.268283989297777303e+00,2.047646606957067572e+00
1.461775557498591738e+01,5.326173958865172864e+00,2.045530663258863679e+00
1.477141797989475513e+01,5.382781207471089679e+00,2.044302143294996821e+00
1.492553797562752216e+01,5.438130542123928990e+00,2.044114641770338192e+00
1.508152675230714479e+01,5.492740426756361316e+00,2.044301357828502308e+00
1.523794197763893443e+01,5.546116650708015960e+00,2.045165186311899141e+00
1.539361496827309139e+01,5.597903822417189978e+00,2.046489751879052132e+00
1.554967314236712106e+01,5.648518469997529934e+00,2.048217996400067964e+00
1.570581080678072539e+01,5.697890342456136459e+00,2.050228992410574769e+00
1.586230096692841585e+01,5.746133333962612610e+00,2.052487981125958427e+00
1.601912908016095471e+01,5.793265863853493514e+00,2.054854911284193619e+00
1.617628147126538707e+01,5.839305654543025526e+00,2.057556944707057855e+00
1.633374509210864645e+01,5.884269704216237074e+00,2.060291889508513385e+00
1.649150740567351292e+01,5.928174299624433097e+00,2.062878034990180964e+00
1.664955644611039887e+01,5.971035076403433450e+00,2.065536051601051692e+00
1.680788089803006002e+01,6.012867077651652181e+00,2.068179880658078673e+00
1.696646994988423884e+01,6.053684748177287744e+00,2.070772423601640266e+00
1.712531315574166868e+01,6.093501933456698438e+00,2.073300760908813878e+00
1.728893155697424433e+01,6.133422700497266788e+00,2.075810864128059929e+00
1.745279790509848183e+01,6.172313207986795724e+00,2.078213591953822270e+00
1.761413921570825991e+01,6.209557893405512452e+00,2.080462982985105125e+00
1.777570156773907684e+01,6.245831765040380290e+00,2.082589116116822403e+00
1.793569047064429611e+01,6.280762111897495892e+00,2.084563914003659146e+00
1.809587900863513710e+01,6.314765235112279385e+00,2.086406128868094623e+00
1.825625942935455015e+01,6.347851565895301640e+00,2.088110097624748196e+00
1.841682425305741333e+01,6.380031120478589557e+00,2.089675335773452325e+00
1.857756626189049243e+01,6.411313516909739718e+00,2.091100160937939823e+00
1.873847853222670423e+01,6.441707998624232268e+00,2.092387655619392550e+00
1.889955437941599214e+01,6.471223439644090192e+00,2.093544814777922980e+00
1.906078731691228256e+01,6.499868352797689042e+00,2.094563397316694164e+00
1.922217109023972270e+01,6.527650910677549767e+00,2.095448553870071340e+00
1.938369964669459833e+01,6.554578953729246926e+00,2.096206818642237124e+00
1.954742595611582701e+01,6.580986574292920999e+00,2.096842549482600848e+00
1.971128885293179067e+01,6.606532984046968870e+00,2.097360207542955823e+00
1.988274068876177481e+01,6.632327669246217638e+00,2.097776919550674357e+00
2.005432923389802014e+01,6.657196732259266447e+00,2.098064531848854219e+00
2.021657336427075435e+01,6.679850371233413853e+00,2.098237604117369148e+00
2.037892902213026858e+01,6.701690390729149627e+00,2.098320978624291122e+00
2.054133149615158160e+01,6.722714958987316969e+00,2.098319836878142386e+00
2.070383575807948162e+01,6.742937760259493096e+00,2.098238593509128780e+00
2.086643717566938605e+01,6.762364041057117525e+00,2.098086874175776995e+00
2.102913120706741523e+01,6.780998800196554654e+00,2.097869067283631317e+00
2.119191341840019760e+01,6.798846798114956513e+00,2.097595264200980747e+00
2.135477949713883916e+01,6.815912564655257633e+00,2.097269585647112411e+00
2.151772522224990780e+01,6.832200401705338599e+00,2.096900556260226978e+00
2.168074644718662114e+01,6.847714387375749112e+00,2.096494083992499480e+00
2.184383911240499643e+01,6.862458382765757037e+00,2.096056705725892755e+00
2.200699924397631690e+01,6.876436036739786317e+00,2.095599336443941585e+00
2.217679197809525959e+01,6.890166602322759459e+00,2.095102984361640441e+00
2.234664917627619118e+01,6.903075271693326798e+00,2.094592950788578989e+00
2.251914651264220169e+01,6.915342694401453549e+00,2.094071850551308067e+00
2.269170154793684091e+01,6.926769898641523149e+00,2.093545929101155334e+00
2.285515068079419265e+01,6.936819068073796224e+00,2.093056790689063806e+00
2.301864409988255744e+01,6.946119985696266319e+00,2.092584748231970160e+00
2.318217825831789369e+01,6.954674878290588502e+00,2.092130474523065331e+00
2.334574964071423864e+01,6.962485786478796790e+00,2.091698622281797260e+00
2.350935477450028444e+01,6.969554567841005799e+00,2.091294954709382647e+00
2.367299022271463471e+01,6.975882898729796722e+00,2.090921843226898336e+00
2.383665257720268116e+01,6.981472275982421927e+00,2.090585122501721571e+00
2.400033845982982683e+01,6.986324018733100161e+00,2.090285694459626420e+00
2.416404451444235946e+01,6.990439269683508705e+00,2.090027958267794972e+00
2.432776740585213915e+01,6.993818996428227130e+00,2.089812932201537521e+00
2.449150381590757775e+01,6.996463992480471461e+00,2.089642509922811531e+00
2.465525043898416868e+01,6.998374878115895648e+00,2.089522509969119035e+00
2.482762330414927732e+01,6.999593745873543327e+00,2.089446418518998261e+00
2.499999999999996092e+01,6.999999999999996447e+00,2.089418531450241368e+00
2.517237669585065873e+01,6.999593745873543327e+00,2.089446325520645242e+00
2.534474956101576737e+01,6.998374878115896536e+00,2.089522265133479717e+00
2.550849618409235475e+01,6.996463992480471461e+00,2.089641377012443790e+00
2.567223259414778269e+01,6.993818996428228019e+00,2.089810842739467489e+00
2.583595548555756594e+01,6.990439269683510481e+00,2.090024315481113337e+00
2.599966154017010567e+01,6.986324018733101937e+00,2.090280299099711581e+00
2.616334742279724779e+01,6.981472275982422815e+00,2.090576718290037217e+00
2.632700977728529779e+01,6.975882898729797610e+00,2.090910256483949237e+00
2.649064522549964451e+01,6.969554567841006687e+00,2.091279710962210547e+00
2.665425035928569741e+01,6.962485786478799454e+00,2.091679576760190784e+00
2.681782174168202815e+01,6.954674878290592055e+00,2.092107138003853173e+00
2.698135590011737506e+01,6.946119985696268984e+00,2.092557093167693338e+00
2.714484931920574340e+01,6.936819068073799777e+00,2.093025798438801210e+00
2.730829845206309514e+01,6.926769898641525813e+00,2.093511682874192648e+00
2.748085348735772016e+01,6.915342694401457102e+00,2.094034790312889083e+00
2.765335082372373066e+01,6.903075271693329462e+00,2.094552998299005431e+00
2.782320802190465159e+01,6.890166602322765677e+00,2.095061506016977937e+00
2.799300075602357651e+01,6.876436036739793423e+00,2.095556228960882894e+00
2.815616088759488633e+01,6.862458382765764142e+00,2.096012736199034165e+00
2.831925355281324741e+01,6.847714387375758882e+00,2.096449493187733992e+00
2.848227477774995720e+01,6.832200401705348369e+00,2.096856209818818595e+00
2.864522050286103649e+01,6.815912564655268291e+00,2.097225625408387195e+00
2.880808658159965319e+01,6.798846798114969836e+00,2.097552266548510680e+00
2.897086879293242490e+01,6.780998800196570642e+00,2.097827264045891038e+00
2.913356282433047539e+01,6.762364041057129960e+00,2.098045117782596058e+00
2.929616424192039048e+01,6.742937760259505531e+00,2.098196846306341623e+00
2.945866850384829405e+01,6.722714958987328515e+00,2.098275917226754217e+00
2.962107097786961774e+01,6.701690390729162061e+00,2.098274733347442744e+00
2.978342663572912841e+01,6.679850371233424511e+00,2.098186864882139790e+00
2.994567076610186973e+01,6.657196732259279770e+00,2.098009280236743823e+00
3.011725931123812927e+01,6.632327669246227408e+00,2.097715632633662786e+00
3.028871114706813117e+01,6.606532984046976864e+00,2.097292617643381707e+00
3.045257404388410194e+01,6.580986574292930769e+00,2.096769465459110027e+00
3.061630035330532706e+01,6.554578953729254032e+00,2.096128127795856777e+00
3.077782890976019203e+01,6.527650910677558649e+00,2.095368132429977326e+00
3.093921268308762862e+01,6.499868352797700588e+00,2.094481392395844743e+00
3.110044562058390838e+01,6.471223439644102626e+00,2.093462827911932056e+00
3.126152146777319274e+01,6.441707998624248255e+00,2.092308574067231142e+00
3.142243373810939389e+01,6.411313516909755705e+00,2.091017902203624601e+00
3.158317574694246943e+01,6.380031120478608209e+00,2.089587669583786056e+00
3.174374057064533972e+01,6.347851565895321180e+00,2.088019180576046629e+00
3.190412099136475277e+01,6.314765235112296260e+00,2.086311441596031546e+00
3.206430952935559020e+01,6.280762111897512767e+00,2.084467819982704917e+00
3.222429843226080948e+01,6.245831765040395389e+00,2.082491042143424398e+00
3.238586078429161574e+01,6.209557893405531104e+00,2.080363888073465617e+00
3.254720209490140093e+01,6.172313207986816153e+00,2.078112589472037364e+00
3.271106844302561711e+01,6.133422700497289881e+00,2.075708691109153570e+00
3.287468684425818566e+01,6.093501933456725972e+00,2.073196346914392141e+00
3.303353005011561550e+01,6.053684748177315278e+00,2.070665891584721141e+00
3.319211910196978721e+01,6.012867077651682379e+00,2.068070491261438715e+00
3.335044355388946258e+01,5.971035076403460096e+00,2.065427831403227277e+00
3.350849259432635563e+01,5.928174299624460630e+00,2.062762993573105330e+00
3.366625490789122210e+01,5.884269704216261943e+00,2.060104622856759438e+00
3.382371852873449569e+01,5.839305654543051283e+00,2.057485961430957300e+00
3.398087091983893515e+01,5.793265863853516606e+00,2.054946213981440284e+00
3.413769903307148468e+01,5.746133333962633039e+00,2.052529391326007868e+00
3.429418919321918224e+01,5.697890342456155999e+00,2.050286959896371108e+00
3.445032685763279545e+01,5.648518469997549474e+00,2.048277835774911626e+00
3.460638503172682334e+01,5.597903822417207742e+00,2.046567312726405685e+00
3.476205802236099629e+01,5.546116650708029283e+00,2.045235940695521837e+00
3.491847324769278771e+01,5.492740426756371086e+00,2.044367756903011646e+00
3.507446202437242277e+01,5.438130542123939648e+00,2.044078765327640657e+00
3.522858202010518625e+01,5.382781207471101226e+00,2.044476673023446711e+00
3.538224442501402223e+01,5.326173958865184410e+00,2.045687861638522786e+00
3.553542813642960141e+01,5.268283989297789738e+00,2.047857665935618687e+00
3.568811085991614362e+01,5.209085372145538351e+00,2.051156537019800830e+00
3.584026887938272665e+01,5.148551055466813686e+00,2.055772388803751127e+00
3.599187711128954703e+01,5.086652740009075302e+00,2.061922587312785993e+00
3.614290890643493270e+01,5.023360846632015431e+00,2.069846125029868311e+00
3.629333580288717798e+01,4.958644501854687192e+00,2.079822558662573151e+00
3.644312746704770944e+01,4.892471438531212691e+00,2.092157894127842255e+00
3.659225171887022299e+01,4.824807842769792465e+00,2.107205962982300562e+00
3.674067418794336959e+01,4.755618351214060624e+00,2.125351922055879417e+00
3.688835800518010188e+01,4.684866032091397514e+00,2.147045609914992603e+00
3.703526383706027758e+01,4.612512192668958733e+00,2.172772762082560760e+00
3.718134944956108257e+01,4.538516395201889431e+00,2.203097228763808424e+00
3.732656953549152945e+01,4.462836336610893184e+00,2.238621726250690003e+00
3.747087555341100540e+01,4.385427699546631253e+00,2.280054706061911851e+00
3.761421522714707777e+01,4.306244165433865234e+00,2.328146849036313082e+00
3.775653231203155968e+01,4.225237273862834542e+00,2.383776111307787549e+00
3.789776625483090555e+01,4.142356315473318062e+00,2.447864618808945902e+00
3.803785148435132157e+01,4.057548427067691144e+00,2.521510224376671161e+00
3.817671777130497190e+01,3.970758020553083245e+00,2.605858708946830582e+00
3.831428801284067731e+01,3.881927779409546808e+00,2.702277494644199418e+00
3.845047818286814589e+01,3.790998382248105703e+00,2.812192487298499799e+00
3.858519939351435113e+01,3.697906668434803645e+00,2.937340020561870269e+00
3.871835421418936818e+01,3.602587571068478489e+00,3.079547001668263562e+00
3.884983611898383771e+01,3.504974107422201612e+00,3.241040238971319987e+00
3.897952964820851918e+01,3.404996782033204994e+00,3.424195974063471315e+00
3.910730873003526398e+01,3.302584321511788712e+00,3.631972925538454522e+00
3.923303613631443199e+01,3.197663597002299074e+00,3.867585687333200184e+00
3.935656212879474225e+01,3.090160207884622867e+00,4.135062096155083466e+00
3.947772336909243052e+01,2.979998935844019758e+00,4.438867824718230715e+00
3.959634160124493718e+01,2.867104498886167807e+00,4.784709759151100528e+00
3.971222233979131744e+01,2.751402467239073779e+00,5.179039444347274923e+00
3.982515355092910170e+01,2.632820409763567238e+00,5.630258142785969255e+00
3.993490426123796055e+01,2.511289432146792677e+00,6.148074105401776457e+00
4.004122333409964085e+01,2.386745978832449211e+00,6.745402796002532675e+00
4.014383829909944268e+01,2.259134165039161868e+00,7.437550518259773646e+00
4.024245456512755226e+01,2.128408445396185122e+00,8.245647244877320148e+00
4.033675494513699533e+01,1.994536913562210634e+00,9.195303883535064671e+00
4.042639973876794812e+01,1.857505219423223553e+00,1.032408584717844491e+01
4.051102778035521368e+01,1.717320817908666752e+00,1.167618899293311152e+01
4.059025845560869783e+01,1.574017827536037473e+00,1.333187210066822814e+01
4.066369507691148755e+01,1.427662220340717658e+00,1.535702988526584711e+01
4.073092988420008709e+01,1.278357105973533914e+00,1.800160949100916952e+01
4.079155088863821987e+01,1.126247756042931814e+00,2.120212890166303765e+01
4.084515066116644277e+01,9.715259134351318382e-01,2.626482834357942409e+01
4.089133700074205535e+01,8.144328167154695208e-01,3.121904842328078189e+01
4.092974517747993701e+01,6.552602967021490254e-01,4.553989871301546799e+01
4.096005114193765451e+01,4.943493584925962026e-01,4.990014229751660935e+01
4.098198479742671907e+01,3.320858252572088665e-01,1.202446092253817795e+02
4.099548488240505151e+01,1.662864793246527917e-01,1.370361323301611378e+02
4.099999999999997868e+01,-3.274599507750103781e-17,9.948001831725609918e+02
