x,y,stress
7.999999999999995559e+00,-1.129756793844831094e-13,1.152330916772884166e+03
8.009189728012794163e+00,1.643815876057773406e-01,1.300729115699476779e+02
8.036343743633446834e+00,3.267707173476898652e-01,1.302727504382125687e+02
8.080312901196466058e+00,4.854445826084139992e-01,4.567840326003749141e+01
8.139454064400593936e+00,6.391218262459453792e-01,4.320265539858466042e+01
8.211907266480343637e+00,7.870020186759780767e-01,2.824728059074333331e+01
8.295821310510525848e+00,9.287047901977010245e-01,2.340886555495222865e+01
8.389493749832251268e+00,1.064164719195033637e+00,1.867556212983332031e+01
8.491434167515178544e+00,1.193525431041503992e+00,1.557673968325580205e+01
8.600376191702165940e+00,1.317054059915423903e+00,1.314667006541994532e+01
8.715261990718733642e+00,1.435080383346859723e+00,1.129621204246376287e+01
8.835215279300133062e+00,1.547956989710007392e+00,9.825589506027572639e+00
8.959512322572576792e+00,1.656035283667747438e+00,8.646940743066926061e+00
9.087554840069012485e+00,1.759651807532778944e+00,7.684521862607096132e+00
9.218846652770734451e+00,1.859121323670827053e+00,6.890250691421160312e+00
9.352974514613352497e+00,1.954734149033129365e+00,6.225333897879965939e+00
9.489592302729585427e+00,2.046755662652456120e+00,5.664701181907976668e+00
9.628408523620640480e+00,2.135427306721659146e+00,5.187093754469144002e+00
9.769176232287540174e+00,2.220968166891746254e+00,4.779264792778778137e+00
9.911684561089664669e+00,2.303576601089759368e+00,4.428601720615051640e+00
1.005575353948074024e+01,2.383432902045219848e+00,4.125567446403469063e+00
1.020122852611850206e+01,2.460700853546169853e+00,3.862702142182472542e+00
1.034797398495069309e+01,2.535528405551053410e+00,3.633566789207740566e+00
1.049587218683465650e+01,2.608050425593090083e+00,3.432952868381376810e+00
1.064482080950969234e+01,2.678390236098258104e+00,3.256899506657969123e+00
1.079472951773803757e+01,2.746660295531003548e+00,3.101672477171246278e+00
1.094551858101081976e+01,2.812963564923204984e+00,2.965158889962233868e+00
1.109711725033984386e+01,2.877394463223595711e+00,2.844857231752721649e+00
1.124946256010796652e+01,2.940039782027995763e+00,2.739261152784916220e+00
1.140249817792221521e+01,3.000979427758494911e+00,2.640730794798488379e+00
1.155617366904926335e+01,3.060287172211861861e+00,2.558563628225016817e+00
1.171044366571542916e+01,3.118031225469002798e+00,2.484688183967008523e+00
1.186526709762060960e+01,3.174274725530962016e+00,2.419790196281193850e+00
1.202060682734366814e+01,3.229076282660251263e+00,2.359777498460119638e+00
1.217642913368584701e+01,3.282490380801372787e+00,2.308650179282301540e+00
1.233270330970956330e+01,3.334567751595246765e+00,2.262616433001415128e+00
1.248940131803967901e+01,3.385355708272613562e+00,2.221894325316635666e+00
1.264649751471862693e+01,3.434898450548959925e+00,2.185600396901002718e+00
1.280396834326854538e+01,3.483237316011406737e+00,2.153417358247076585e+00
1.296179213325669899e+01,3.530411027133898205e+00,2.124619565037157987e+00
1.311994896349425055e+01,3.576455923078711852e+00,2.099749717767112056e+00
1.327842041883283386e+01,3.621406130707570892e+00,2.076267891572654456e+00
1.343718945570813794e+01,3.665293743767067181e+00,2.056096860908025903e+00
1.359624028661789730e+01,3.708148984693766526e+00,2.037982925740521978e+00
1.375555823268076949e+01,3.750000338424053670e+00,2.021962644038963308e+00
1.391512971941916454e+01,3.790874706909448388e+00,2.007631190109441022e+00
1.407494195615845101e+01,3.830797467036199055e+00,1.994890486189824452e+00
1.423498291752907186e+01,3.869792596729822343e+00,1.983550044580552729e+00
1.439524166020116702e+01,3.907882865551481011e+00,1.973467210098633462e+00
1.455887413431251076e+01,3.945814771257254439e+00,1.964326564175504553e+00
1.472271193774131781e+01,3.982849804842920616e+00,1.956249701445784250e+00
1.488357147618716425e+01,4.018317422354546586e+00,1.949159635398952206e+00
1.504461058575575372e+01,4.052960616477255584e+00,1.943168946941287167e+00
1.520582130345336758e+01,4.086796865653705702e+00,1.937520750364888800e+00
1.536719589690958188e+01,4.119842745590939437e+00,1.932530510345172425e+00
1.552872715762444678e+01,4.152114052206754558e+00,1.928079260635395364e+00
1.569040830968187805e+01,4.183625835911954916e+00,1.924132435927082829e+00
1.585223290024952902e+01,4.214392430041105975e+00,1.920601744652351117e+00
1.601419486246681601e+01,4.244427509277580945e+00,1.917464854947190878e+00
1.617628843680838457e+01,4.273744116804002680e+00,1.914610161908251840e+00
1.633850812325022162e+01,4.302354695155161224e+00,1.912246324977138201e+00
1.650084869919105657e+01,4.330271126007795068e+00,1.909995414440217809e+00
1.666330521671563147e+01,4.357504762898324557e+00,1.907920324810019830e+00
1.683363517822473909e+01,4.385317646972732852e+00,1.905971620317804982e+00
1.700408205830283848e+01,4.412404818950942165e+00,1.904215491288453022e+00
1.716959229502372608e+01,4.438007392638602333e+00,1.902667304403635740e+00
1.733520369958200646e+01,4.462947201411459730e+00,1.901251075622533371e+00
1.749818517335030776e+01,4.486839408893397163e+00,1.899969368674898407e+00
1.766125680840861989e+01,4.510108296752058266e+00,1.898781632650549556e+00
1.782441500953740743e+01,4.532762130292502967e+00,1.897674103432303916e+00
1.798765636080926811e+01,4.554808826980279335e+00,1.896635108853257368e+00
1.815097758566369990e+01,4.576255967747643538e+00,1.895654026282598936e+00
1.831437550103902723e+01,4.597110807154925816e+00,1.894721985170721323e+00
1.847784704705640024e+01,4.617380292579153611e+00,1.893831070477124401e+00
1.864138931044509917e+01,4.637071080890198260e+00,1.892974594642708563e+00
1.880499947365504809e+01,4.656189545053166512e+00,1.892146796255040675e+00
1.896867481120102283e+01,4.674741786135140131e+00,1.891343602951395919e+00
1.913400848784533181e+01,4.692906223412235178e+00,1.890551026222203834e+00
1.929940332729471919e+01,4.710505060152788026e+00,1.889778409037524476e+00
1.947756082502164077e+01,4.728828848685608044e+00,1.888959927111373283e+00
1.965578326958371491e+01,4.746509804412678335e+00,1.888150816727073078e+00
1.982239169511768395e+01,4.762457460064971393e+00,1.887407529436487152e+00
1.998905195106429389e+01,4.777854041633608162e+00,1.886674326781037525e+00
2.015312533229120717e+01,4.792473607997201235e+00,1.885962023404431864e+00
2.031724465249528677e+01,4.806568119726261301e+00,1.885258314837026106e+00
2.048140788999436879e+01,4.820141612869244696e+00,1.884564500192663417e+00
2.064561306964738918e+01,4.833197936045481313e+00,1.883879222847500978e+00
2.080985826740963773e+01,4.845740756867678911e+00,1.883203995650494678e+00
2.097414161744440619e+01,4.857773568042697221e+00,1.882538981404537237e+00
2.113846129106152105e+01,4.869299691014542297e+00,1.881885704600711806e+00
2.130281551037659327e+01,4.880322281902345516e+00,1.881245049109516732e+00
2.146720253966739023e+01,4.890844335441267177e+00,1.880618566388790880e+00
2.163162067004264699e+01,4.900868688352825409e+00,1.880008245420695889e+00
2.179775559962518372e+01,4.910493238041737207e+00,1.879409214873186240e+00
2.196391888471262632e+01,4.919615172776989453e+00,1.878832468833943503e+00
2.214509594458410646e+01,4.928989898717410334e+00,1.878226516440357763e+00
2.232630264066438031e+01,4.937773183986374548e+00,1.877640581735049441e+00
2.249702813917755861e+01,4.945508708880552717e+00,1.877116806561968998e+00
2.266777641503223961e+01,4.952724016736842039e+00,1.876619415554046322e+00
2.283237297315121239e+01,4.959188049825883127e+00,1.876166932657078901e+00
2.299698767286092149e+01,4.965172315848311868e+00,1.875742201392850195e+00
2.316161905893163109e+01,4.970678345124013298e+00,1.875345509686349388e+00
2.332626570160293866e+01,4.975707540394688877e+00,1.874977826395815672e+00
2.349092618635485863e+01,4.980261178245989129e+00,1.874638744804660417e+00
2.365559910704616087e+01,4.984340410589484627e+00,1.874330452849814144e+00
2.382028307126161337e+01,4.987946266321788613e+00,1.874050825919330698e+00
2.398497670266326409e+01,4.991079652652633314e+00,1.873790907825895635e+00
2.414967863407006732e+01,4.993741356074669291e+00,1.873590508328865312e+00
2.431438750393713022e+01,4.995932043315074012e+00,1.873282383263122464e+00
2.447930812670212930e+01,4.997654120732462069e+00,1.873254876271950531e+00
2.464423299668480993e+01,4.998904982510206985e+00,1.873150600999053061e+00
2.482211565566982969e+01,4.999726265517685952e+00,1.873101172242903401e+00
2.499999999999998579e+01,4.999999999999997335e+00,1.873079924200015123e+00
2.517788434433015610e+01,4.999726265517686841e+00,1.873105510567512066e+00
2.535576700331515099e+01,4.998904982510206985e+00,1.873170258289242440e+00
2.552069187329784583e+01,4.997654120732462069e+00,1.873269274165615617e+00
2.568561249606284846e+01,4.995932043315074012e+00,1.873407907149419405e+00
2.585032136592991492e+01,4.993741356074669291e+00,1.873581979457342950e+00
2.601502329733670393e+01,4.991079652652632426e+00,1.873791748229107101e+00
2.617971692873835821e+01,4.987946266321789501e+00,1.874036025814066919e+00
2.634440089295381426e+01,4.984340410589484627e+00,1.874314134327058623e+00
2.650907381364511295e+01,4.980261178245990905e+00,1.874624070353865468e+00
2.667373429839701870e+01,4.975707540394688877e+00,1.874965737090320550e+00
2.683838094106834404e+01,4.970678345124014186e+00,1.875336545408806455e+00
2.700301232713905364e+01,4.965172315848311868e+00,1.875736671507245656e+00
2.716762702684875563e+01,4.959188049825884015e+00,1.876163891310644205e+00
2.733222358496772131e+01,4.952724016736842039e+00,1.876618982927824808e+00
2.750297186082241296e+01,4.945508708880551829e+00,1.877118678254905415e+00
2.767369735933559127e+01,4.937773183986374548e+00,1.877644742817183188e+00
2.785490405541585446e+01,4.928989898717412110e+00,1.878232884447957218e+00
2.803608111528733104e+01,4.919615172776989453e+00,1.878840988498184039e+00
2.820224440037479496e+01,4.910493238041735431e+00,1.879418820634680243e+00
2.836837932995735301e+01,4.900868688352824520e+00,1.880018804398674304e+00
2.853279746033260977e+01,4.890844335441265400e+00,1.880628355167901278e+00
2.869718448962339963e+01,4.880322281902342851e+00,1.881253802572370182e+00
2.886153870893847184e+01,4.869299691014541409e+00,1.881893278974528849e+00
2.902585838255557249e+01,4.857773568042697221e+00,1.882545254903861043e+00
2.919014173259033029e+01,4.845740756867679799e+00,1.883208887261374143e+00
2.935438693035256819e+01,4.833197936045482201e+00,1.883882776751613086e+00
2.951859211000561345e+01,4.820141612869244696e+00,1.884566766159280204e+00
2.968275534750471678e+01,4.806568119726258637e+00,1.885259553615279637e+00
2.984687466770879993e+01,4.792473607997197682e+00,1.885961326570266161e+00
3.001094804893570611e+01,4.777854041633604609e+00,1.886671676421964206e+00
3.017760830488233026e+01,4.762457460064966952e+00,1.887403230261489817e+00
3.034421673041630996e+01,4.746509804412673894e+00,1.888145161227926527e+00
3.052243917497836989e+01,4.728828848685605379e+00,1.888953430428600200e+00
3.070059667270527015e+01,4.710505060152786250e+00,1.889771303435652694e+00
3.086599151215465042e+01,4.692906223412234290e+00,1.890544127304090827e+00
3.103132518879895230e+01,4.674741786135140131e+00,1.891337278320638360e+00
3.119500052634492349e+01,4.656189545053168288e+00,1.892141260366117184e+00
3.135861068955486530e+01,4.637071080890199148e+00,1.892970143465696475e+00
3.152215295294357489e+01,4.617380292579154499e+00,1.893827554827205217e+00
3.168562449896095501e+01,4.597110807154925816e+00,1.894719500677263913e+00
3.184902241433626813e+01,4.576255967747643538e+00,1.895652650163984543e+00
3.201234363919068926e+01,4.554808826980279335e+00,1.896634583411267450e+00
3.217558499046255349e+01,4.532762130292502967e+00,1.897674514569858140e+00
3.233874319159134103e+01,4.510108296752059154e+00,1.898782323410897588e+00
3.250181482664963539e+01,4.486839408893400716e+00,1.899970328755510973e+00
3.266479630041791893e+01,4.462947201411463283e+00,1.901251113943738025e+00
3.283040770497620287e+01,4.438007392638608550e+00,1.902665677908249586e+00
3.299591794169708692e+01,4.412404818950949270e+00,1.904209624642624776e+00
3.316636482177518985e+01,4.385317646972739958e+00,1.905959765091158165e+00
3.333669478328429392e+01,4.357504762898328998e+00,1.907896052162645573e+00
3.349915130080888304e+01,4.330271126007799509e+00,1.909941405590035002e+00
3.366149187674972865e+01,4.302354695155163888e+00,1.912211011903060198e+00
3.382371156319157279e+01,4.273744116804005344e+00,1.914735327003124654e+00
3.398580513753313426e+01,4.244427509277582722e+00,1.917550521041071709e+00
3.414776709975043190e+01,4.214392430041109527e+00,1.920696024798182577e+00
3.430959169031807932e+01,4.183625835911958468e+00,1.924216551547531573e+00
3.447127284237550526e+01,4.152114052206759887e+00,1.928162053961010924e+00
3.463280410309035062e+01,4.119842745590944766e+00,1.932588136362261677e+00
3.479417869654657380e+01,4.086796865653710142e+00,1.937556546779925171e+00
3.495538941424418766e+01,4.052960616477262690e+00,1.943137482024592133e+00
3.511642852381277180e+01,4.018317422354554580e+00,1.949409339840887601e+00
3.527728806225861291e+01,3.982849804842928165e+00,1.956457105689624054e+00
3.544112586568741108e+01,3.945814771257264209e+00,1.964544794215510093e+00
3.560475833979874238e+01,3.907882865551494778e+00,1.973664616113232517e+00
3.576501708247082689e+01,3.869792596729838774e+00,1.983729484937396537e+00
3.592505804384144596e+01,3.830797467036215931e+00,1.995044455866609168e+00
3.608487028058073776e+01,3.790874706909467040e+00,2.007763889797426593e+00
3.624444176731913103e+01,3.750000338424072321e+00,2.022064476721934234e+00
3.640375971338199435e+01,3.708148984693788730e+00,2.038139524544430259e+00
3.656281054429175725e+01,3.665293743767088941e+00,2.056210992777437241e+00
3.672157958116705601e+01,3.621406130707595761e+00,2.076518867336603069e+00
3.688005103650564109e+01,3.576455923078734500e+00,2.099347457247166648e+00
3.703820786674318555e+01,3.530411027133925295e+00,2.125003366037431896e+00
3.719603165673133560e+01,3.483237316011431162e+00,2.153845362749609915e+00
3.735350248528123984e+01,3.434898450548992788e+00,2.186257368345048580e+00
3.751059868196018243e+01,3.385355708272650865e+00,2.222702468073986193e+00
3.766729669029028571e+01,3.334567751595287621e+00,2.263678017152217503e+00
3.782357086631401444e+01,3.282490380801406538e+00,2.309772104090150879e+00
3.797939317265619508e+01,3.229076282660286790e+00,2.361618106719880927e+00
3.813473290237927671e+01,3.174274725530991326e+00,2.419982627661412700e+00
3.828955633428443406e+01,3.118031225469042322e+00,2.485700602381607727e+00
3.844382633095061408e+01,3.060287172211894724e+00,2.559761649993913313e+00
3.859750182207763913e+01,3.000979427758537099e+00,2.643250015523596286e+00
3.875053743989192157e+01,2.940039782028029958e+00,2.737487213186431401e+00
3.890288274966000870e+01,2.877394463223645005e+00,2.843933317263917182e+00
3.905448141898907011e+01,2.812963564923238291e+00,2.964357575760937724e+00
3.920527048226181677e+01,2.746660295531057283e+00,3.100725312503121334e+00
3.935517919049021174e+01,2.678390236098289190e+00,3.255494230592228977e+00
3.950412781316517652e+01,2.608050425593157140e+00,3.431425269834195824e+00
3.965202601504918789e+01,2.535528405551096043e+00,3.631985765483197959e+00
3.979877147388128833e+01,2.460700853546260003e+00,3.861120614423024122e+00
3.994424646051914607e+01,2.383432902045266477e+00,4.123926244312010603e+00
4.008831543891009375e+01,2.303576601089881049e+00,4.426305747643512589e+00
4.023082376771233726e+01,2.220968166891797768e+00,4.775991401227062561e+00
4.037159147637905932e+01,2.135427306721827012e+00,5.182135591677214492e+00
4.051040769727029556e+01,2.046755662652515184e+00,5.657044458658663011e+00
4.064702548538627980e+01,1.954734149033365176e+00,6.215708918457461429e+00
4.078115334722917140e+01,1.859121323670878345e+00,6.878734826609842479e+00
4.091244515993052744e+01,1.759651807533119783e+00,7.672100304845997698e+00
4.104048767742733617e+01,1.656035283667798508e+00,8.632788417651971358e+00
4.116478472069926653e+01,1.547956989710527864e+00,9.808982054539018947e+00
4.128473800928115622e+01,1.435080383346932997e+00,1.127443835136440953e+01
4.139962380829710753e+01,1.317054059916175079e+00,1.312209423480267390e+01
4.150856583248474152e+01,1.193525431041572382e+00,1.553919067213716687e+01
4.161050625016703464e+01,1.064164719195961561e+00,1.864259032011120709e+01
4.170417868948940310e+01,9.287047901977539821e-01,2.333122067378585029e+01
4.178809273351918563e+01,7.870020186768028614e-01,2.826692780950544304e+01
4.186054593559934744e+01,6.391218262460230948e-01,4.274317008337474988e+01
4.191968709880340072e+01,4.854445826087502858e-01,4.657857427975869768e+01
4.196365625636651231e+01,3.267707173477290561e-01,1.295362101666932801e+02
4.199081027198717209e+01,1.643815876058023762e-01,1.322877427501658190e+02
4.199999999999997868e+01,-3.188942175554754312e-17,1.153278264754769225e+03
