x,y,stress
9.999999999999994449e-01,1.135715390905157396e-13,1.444882353070872796e+03
1.009055941788811639e+00,1.648111031949239802e-01,1.294856874555005675e+02
1.035820692285841504e+00,3.276917480388982229e-01,1.410950552744978381e+02
1.079130052248870486e+00,4.868252344769650186e-01,3.374386206736702576e+01
1.137404812824882372e+00,6.411196716003456642e-01,3.153448164464702330e+01
1.208833627844572378e+00,7.897943819604593685e-01,1.534665508472535400e+01
1.291608102242739919e+00,9.324749870089632520e-01,1.077011976940691973e+01
1.384059941061049459e+00,1.069093515922561188e+00,6.804007074741045713e+00
1.484724336967352842e+00,1.199786712596880411e+00,4.565346315477168737e+00
1.592353405960103219e+00,1.324813216281175876e+00,3.082137521687854598e+00
1.705902330446593451e+00,1.444494153702832628e+00,2.115308070151567410e+00
1.824503927594278041e+00,1.559174096234665408e+00,1.460637271485821342e+00
1.947440757824312474e+00,1.669197269385428228e+00,1.010057284681858958e+00
2.074118925413982684e+00,1.774893957289046753e+00,6.935013761348769457e-01
2.204045299515572154e+00,1.876573494654917740e+00,4.745965780580250204e-01
2.336808706337797137e+00,1.974521467135673447e+00,3.342597265207722934e-01
2.472064585283045179e+00,2.068999244054080311e+00,2.687541343232129898e-01
2.609522412347969667e+00,2.160244682276352357e+00,2.684701019549184386e-01
2.748936092870485570e+00,2.248473857431387835e+00,3.051669812057056785e-01
2.890095948993343544e+00,2.333882800925307865e+00,3.544509744965995690e-01
3.032821775071413928e+00,2.416649033711548711e+00,4.052286043989549724e-01
3.176957807181841620e+00,2.496933487431113541e+00,4.536711474674863243e-01
3.322370111225138256e+00,2.574883036242797019e+00,4.986907503152902543e-01
3.468941888344071689e+00,2.650631252556824968e+00,5.402134705499026524e-01
3.616570190617006464e+00,2.724299561208241904e+00,5.784779552605134878e-01
3.765165359325357120e+00,2.795999349329369554e+00,6.138059106148683330e-01
3.914647179318973880e+00,2.865832082783709378e+00,6.465359829214254450e-01
4.064944535476453957e+00,2.933890896673337689e+00,6.769773476724989525e-01
4.215994959013703358e+00,3.000261805828952522e+00,7.053647917684789936e-01
4.367742290404440730e+00,3.065023876383699442e+00,7.328477459240561043e-01
4.520136039518309445e+00,3.128250031568799550e+00,7.576355188325587520e-01
4.673147287733225852e+00,3.190014290855654355e+00,7.813538188099918846e-01
4.826718743572254944e+00,3.250372318568491625e+00,8.037508355098808011e-01
4.984982007870336851e+00,3.310957704867333096e+00,8.255724176834717820e-01
5.143760611887494782e+00,3.370179495979863660e+00,8.462962772613541462e-01
5.298810626335336060e+00,3.426579355412283423e+00,8.655281701332838695e-01
5.454289917355564121e+00,3.481784899347706297e+00,8.839083974569826863e-01
5.610173115974629532e+00,3.535839834886535193e+00,9.015036902042122824e-01
5.766436756644258033e+00,3.588785004739023954e+00,9.183779214405116686e-01
5.923059298260445082e+00,3.640658709820866701e+00,9.345892042004725342e-01
6.080021021232256295e+00,3.691496947741751189e+00,9.501847989719690579e-01
6.237303638125742289e+00,3.741333529238861200e+00,9.652119677357562377e-01
6.394890285351627846e+00,3.790200295712423895e+00,9.797063120403102232e-01
6.552765221661499773e+00,3.838127220996414568e+00,9.937079990133663721e-01
6.710914014015281204e+00,3.885142643755642222e+00,1.007242431102753688e+00
6.869332481159180048e+00,3.931275996108406279e+00,1.020348113446367888e+00
7.027998750403764205e+00,3.976549785024946271e+00,1.033037081427194526e+00
7.197313564714694856e+00,4.023869062287162457e+00,1.046156429225157725e+00
7.366883154013785351e+00,4.070267115741583730e+00,1.058741319182694207e+00
7.539753625615428945e+00,4.116580775851712559e+00,1.071319268843945682e+00
7.712863233841609656e+00,4.161992479781578602e+00,1.083452911618168590e+00
7.872992614643824716e+00,4.203165607773761359e+00,1.094360686324877374e+00
8.033308073938927762e+00,4.243608172049272653e+00,1.104982136525061165e+00
8.193463340783564419e+00,4.283254643977038256e+00,1.115321802850179012e+00
8.353788714122480030e+00,4.322207551022998473e+00,1.125399383857675462e+00
8.514277261292813037e+00,4.360482669545257650e+00,1.135232198492091005e+00
8.674922424720223901e+00,4.398095057529859631e+00,1.144824537743150739e+00
8.835718004633887901e+00,4.435059100326925297e+00,1.154194029038854596e+00
8.996658152766920935e+00,4.471388554748670252e+00,1.163330575677977041e+00
9.157737328272254729e+00,4.507096580948632081e+00,1.172289438349730428e+00
9.318950267817802668e+00,4.542195774738444491e+00,1.180896271602606351e+00
9.480291983676195855e+00,4.576698203181350344e+00,1.189483640130738706e+00
9.641757737404812900e+00,4.610615432099566036e+00,1.197845700800822755e+00
9.808901875489725697e+00,4.645095113204762427e+00,1.206308838826118279e+00
9.976169174517618643e+00,4.678972291855907351e+00,1.214585861136964873e+00
1.016361183652669276e+01,4.716206011342359616e+00,1.223637237835010438e+00
1.035119728940099826e+01,4.752713561390133457e+00,1.232465909897864975e+00
1.053398372271647609e+01,4.787577499799401615e+00,1.240863682220505915e+00
1.071689517909465117e+01,4.821779473616497391e+00,1.249066417191577072e+00
1.088173375961259559e+01,4.852026370275214440e+00,1.256295280334663866e+00
1.104666662547379197e+01,4.881754856986194824e+00,1.263380401762102645e+00
1.120912873309196733e+01,4.910523582696974643e+00,1.270215320595504238e+00
1.137167629822722681e+01,4.938805479818084265e+00,1.276915558096491488e+00
1.153430659327076491e+01,4.966607878345947746e+00,1.283483665971306253e+00
1.169701694989548635e+01,4.993937837322314444e+00,1.289922872145678800e+00
1.185980478400716898e+01,5.020802162538364755e+00,1.296236275513935388e+00
1.202266771069514029e+01,5.047207437366759031e+00,1.302426358813833396e+00
1.218560341754952248e+01,5.073160012677511155e+00,1.308495882621143469e+00
1.234860962965614561e+01,5.098666012406888548e+00,1.314447062968839397e+00
1.251168418205939048e+01,5.123731355366016871e+00,1.320282547309967747e+00
1.267482499433443266e+01,5.148361760548911370e+00,1.326004797082461995e+00
1.283983311993691245e+01,5.172827692912603581e+00,1.331675441556206430e+00
1.300490493034708805e+01,5.196860195529051651e+00,1.337237402569260825e+00
1.318732608952563190e+01,5.222910677275638847e+00,1.343250183371738959e+00
1.336982011751569210e+01,5.248445697901051865e+00,1.349132102331214167e+00
1.357152429625524093e+01,5.276065905867478811e+00,1.355478300395335234e+00
1.377331138147561695e+01,5.303073770599313619e+00,1.361662803025913915e+00
1.396067985316246762e+01,5.327601539949911036e+00,1.367268762761296053e+00
1.414811489036552317e+01,5.351615349402067956e+00,1.372743253720176915e+00
1.431590168146914444e+01,5.372674166092511250e+00,1.377534533807001527e+00
1.448373848322624902e+01,5.393330625126409039e+00,1.382226440147936719e+00
1.464753935919149264e+01,5.413100767354317888e+00,1.386708007764699158e+00
1.481138510407256348e+01,5.432495550518686933e+00,1.391096155256925870e+00
1.497527443871488373e+01,5.451518580983401918e+00,1.395391662384132481e+00
1.513920609981675369e+01,5.470173349961751086e+00,1.399595634860977711e+00
1.530317885591409599e+01,5.488463239489310475e+00,1.403709593748821760e+00
1.546719154262146567e+01,5.506391530047899607e+00,1.407734180416088110e+00
1.563124301697890672e+01,5.523961398948070034e+00,1.411670760005499625e+00
1.579533215995057382e+01,5.541175924129053243e+00,1.415519964119309027e+00
1.595945788732779214e+01,5.558038088598574511e+00,1.419282795257150953e+00
1.612361914365043347e+01,5.574550782871605215e+00,1.422960452208067217e+00
1.628869094081895597e+01,5.590802125340725404e+00,1.426571001245140691e+00
1.645379659228533953e+01,5.606705847208577786e+00,1.430099899034985800e+00
1.663445781223976283e+01,5.623709318061363760e+00,1.433861344237769231e+00
1.681515710213861325e+01,5.640303331478102145e+00,1.437526688785943030e+00
1.701862324114489411e+01,5.658498172180976837e+00,1.441533791138940312e+00
1.722213436796672781e+01,5.676182730332700821e+00,1.445416314291444015e+00
1.742677727922354691e+01,5.693451817776689516e+00,1.449199611899342210e+00
1.763146235746156165e+01,5.710213727449775512e+00,1.452858442761859381e+00
1.781332933966674759e+01,5.724682113553909879e+00,1.456010221225905843e+00
1.799522726269254491e+01,5.738756174570156965e+00,1.459069279863597579e+00
1.816091942931258885e+01,5.751233438074640603e+00,1.461775531352830892e+00
1.832663560171107875e+01,5.763387716914254000e+00,1.464407712183038779e+00
1.849120628267122513e+01,5.775138549989845771e+00,1.466947081155739907e+00
1.865579914311470944e+01,5.786574523668424952e+00,1.469413325200539244e+00
1.882041345861643933e+01,5.797697334812927039e+00,1.471807327058350490e+00
1.898504852756778760e+01,5.808508623047557329e+00,1.474129481856750967e+00
1.914970364997823893e+01,5.819009970652877506e+00,1.476380579373358870e+00
1.931437815254889401e+01,5.829202905456855710e+00,1.478561136349871186e+00
1.947907137542402722e+01,5.839088901116858743e+00,1.480671991236756080e+00
1.964378265349123964e+01,5.848669377179726681e+00,1.482713646143610342e+00
1.980851133472670611e+01,5.857945701344128508e+00,1.484686438016940890e+00
1.997325679038925017e+01,5.866919191026877201e+00,1.486591986088491302e+00
2.014155664865510431e+01,5.875774035189811784e+00,1.488467744968655193e+00
2.030987270163230818e+01,5.884315518420057955e+00,1.490276758052121009e+00
2.049760018758708924e+01,5.893473063107524723e+00,1.492210310963858033e+00
2.068534613044522530e+01,5.902244075275181245e+00,1.494060508381497065e+00
2.089644548903691046e+01,5.911645500490716465e+00,1.496039156209332477e+00
2.110756586722919437e+01,5.920562454921620699e+00,1.497908494317113925e+00
2.131390133989031810e+01,5.928810360582135175e+00,1.499636423337819879e+00
2.152025464956207301e+01,5.936599259551427643e+00,1.501262367105269169e+00
2.170357154506477926e+01,5.943134481491505916e+00,1.502625172092487915e+00
2.188690091389683445e+01,5.949309907880614645e+00,1.503911559831078382e+00
2.205331332090537799e+01,5.954604508357618009e+00,1.505012010879680062e+00
2.221973484771895713e+01,5.959604253235963434e+00,1.506051294702809074e+00
2.238465857257090974e+01,5.964268549128492580e+00,1.507018266529893458e+00
2.254959019771929363e+01,5.968644589649762189e+00,1.507924333075409962e+00
2.271452920444851031e+01,5.972732955077394656e+00,1.508769018050229338e+00
2.287947507842033090e+01,5.976534186178468211e+00,1.509553356269950575e+00
2.304442730862746558e+01,5.980048784545770602e+00,1.510277864637833201e+00
2.320938538791947181e+01,5.983277212944232204e+00,1.510942692308819613e+00
2.337434881238858253e+01,5.986219895603031027e+00,1.511548301823314233e+00
2.353931708038819082e+01,5.988877218479446540e+00,1.512094714257993466e+00
2.370428969380104078e+01,5.991249529534768747e+00,1.512582484781912484e+00
2.386926615556811981e+01,5.993337138924856866e+00,1.513012004110467768e+00
2.403725933983049501e+01,5.995170610693951296e+00,1.513388490859806756e+00
2.420525548164992102e+01,5.996709416163958473e+00,1.513706682007177839e+00
2.439218527554121962e+01,5.998075531267979876e+00,1.513988617391829772e+00
2.457911737700905874e+01,5.999077313521136823e+00,1.514196923163372510e+00
2.478955818277510303e+01,5.999769340574490961e+00,1.514342027052644646e+00
2.499999999999970512e+01,5.999999999999997335e+00,1.514389285046977784e+00
2.521044181722435695e+01,5.999769340574492738e+00,1.514344128787743271e+00
2.542088262299042256e+01,5.999077313521139487e+00,1.514201204668318868e+00
2.560781472445835405e+01,5.998075531267983429e+00,1.513995201810480751e+00
2.579474451834960291e+01,5.996709416163962025e+00,1.513715625249184349e+00
2.596274066016917459e+01,5.995170610693954849e+00,1.513399461109027344e+00
2.613073384443144320e+01,5.993337138924861307e+00,1.513024895806127201e+00
2.629571030619852579e+01,5.991249529534774076e+00,1.512596333638403845e+00
2.646068291961136509e+01,5.988877218479450981e+00,1.512109214719616013e+00
2.662565118761098404e+01,5.986219895603038132e+00,1.511561910774419815e+00
2.679061461208009476e+01,5.983277212944240198e+00,1.510955131667622409e+00
2.695557269137209389e+01,5.980048784545778595e+00,1.510288188108819485e+00
2.712052492157922146e+01,5.976534186178478869e+00,1.509561415632748371e+00
2.728547079555105981e+01,5.972732955077404426e+00,1.508774858086076698e+00
2.745040980228027294e+01,5.968644589649772847e+00,1.507928013022199698e+00
2.761534142742866038e+01,5.964268549128504127e+00,1.507020966126350059e+00
2.778026515228059878e+01,5.959604253235975868e+00,1.506053267663992168e+00
2.794668667909418147e+01,5.954604508357630444e+00,1.505014625092344405e+00
2.811309908610270725e+01,5.949309907880628856e+00,1.503915054446417487e+00
2.829642845493473757e+01,5.943134481491521903e+00,1.502630379601034516e+00
2.847974535043740474e+01,5.936599259551445407e+00,1.501269260598340649e+00
2.868609866010913834e+01,5.928810360582155603e+00,1.499644942018066640e+00
2.889243413277022654e+01,5.920562454921642903e+00,1.497918519477281052e+00
2.910355451096251400e+01,5.911645500490740446e+00,1.496050052744338998e+00
2.931465386955421693e+01,5.902244075275205226e+00,1.494072176324072299e+00
2.950239981241239562e+01,5.893473063107547816e+00,1.492222256397024216e+00
2.969012729836721931e+01,5.884315518420080160e+00,1.490288910776411235e+00
2.985844335134443028e+01,5.875774035189833988e+00,1.488479824507815685e+00
3.002674320961028442e+01,5.866919191026900293e+00,1.486603946124634756e+00
3.019148866527282138e+01,5.857945701344151601e+00,1.484698356007030373e+00
3.035621734650829140e+01,5.848669377179752438e+00,1.482725559965545781e+00
3.052092862457550382e+01,5.839088901116884500e+00,1.480683829128617957e+00
3.068562184745064059e+01,5.829202905456882355e+00,1.478572866690003318e+00
3.085029635002131343e+01,5.819009970652904151e+00,1.476392056500825278e+00
3.101495147243177186e+01,5.808508623047583974e+00,1.474140704401909918e+00
3.117958654138311658e+01,5.797697334812955461e+00,1.471818105227555185e+00
3.134420085688483226e+01,5.786574523668456038e+00,1.469423586292800898e+00
3.150879371732833079e+01,5.775138549989875969e+00,1.466956748016535306e+00
3.167336439828847716e+01,5.763387716914285086e+00,1.464416790007928793e+00
3.183908057068694575e+01,5.751233438074673465e+00,1.461783918982691333e+00
3.200477273730695771e+01,5.738756174570194268e+00,1.459076983344952616e+00
3.218667066033273727e+01,5.724682113553947183e+00,1.456017429191697410e+00
3.236853764253790189e+01,5.710213727449816368e+00,1.452865224380158304e+00
3.257322272077584557e+01,5.693451817776736590e+00,1.449206147680509149e+00
3.277786563203260783e+01,5.676182730332756776e+00,1.445422430364219579e+00
3.298137675885448772e+01,5.658498172181028352e+00,1.441539656713193507e+00
3.318484289786081121e+01,5.640303331478151883e+00,1.437531985877651852e+00
3.336554218775970071e+01,5.623709318061410833e+00,1.433866417821228811e+00
3.354620340771415954e+01,5.606705847208621307e+00,1.430104732293571601e+00
3.371130905918056442e+01,5.590802125340768924e+00,1.426576462107002286e+00
3.387638085634909402e+01,5.574550782871648735e+00,1.422966845669452640e+00
3.404054211267174423e+01,5.558038088598618920e+00,1.419290733813502348e+00
3.420466784004895544e+01,5.541175924129096764e+00,1.415529697509656737e+00
3.436875698302063853e+01,5.523961398948115331e+00,1.411682264271016063e+00
3.453280845737809557e+01,5.506391530047944016e+00,1.407747491688069230e+00
3.469682114408547591e+01,5.488463239489356660e+00,1.403724159033872931e+00
3.486079390018281288e+01,5.470173349961795495e+00,1.399611384281239435e+00
3.502472556128467573e+01,5.451518580983448992e+00,1.395408070883166651e+00
3.518861489592698177e+01,5.432495550518736671e+00,1.391113113663445811e+00
3.535246064080806860e+01,5.413100767354366738e+00,1.386725311178415021e+00
3.551626151677331933e+01,5.393330625126460554e+00,1.382244059227055510e+00
3.568409831853043812e+01,5.372674166092560988e+00,1.377552440568097003e+00
3.585188510963406827e+01,5.351615349402116806e+00,1.372761654142646615e+00
3.603932014683708474e+01,5.327601539949966103e+00,1.367287700933305761e+00
3.622668861852389455e+01,5.303073770599374903e+00,1.361682488370616451e+00
3.642847570374423327e+01,5.276065905867545425e+00,1.355498528028759253e+00
3.663017988248375190e+01,5.248445697901125584e+00,1.349152933754023787e+00
3.681267391047386894e+01,5.222910677275705460e+00,1.343272241186283633e+00
3.699509506965245720e+01,5.196860195529113824e+00,1.337260699575725464e+00
3.716016688006263990e+01,5.172827692912665754e+00,1.331699931992084585e+00
3.732517500566512325e+01,5.148361760548972654e+00,1.326030481331760491e+00
3.748831581794019741e+01,5.123731355366076379e+00,1.320308992251947311e+00
3.765139037034345648e+01,5.098666012406944503e+00,1.314474231439425767e+00
3.781439658245006541e+01,5.073160012677570663e+00,1.308522974724469101e+00
3.797733228930444227e+01,5.047207437366821203e+00,1.302453311628561039e+00
3.814019521599240647e+01,5.020802162538430480e+00,1.296262617467162759e+00
3.830298305010408200e+01,4.993937837322381945e+00,1.289948455278943751e+00
3.846569340672878923e+01,4.966607878346017912e+00,1.283508389601491162e+00
3.862832370177230956e+01,4.938805479818159760e+00,1.276939311392879972e+00
3.879087126690756548e+01,4.910523582697052802e+00,1.270238407639478151e+00
3.895333337452574796e+01,4.881754856986271207e+00,1.263402781228376126e+00
3.911826624038695144e+01,4.852026370275290823e+00,1.256317625478656552e+00
3.928310482090490297e+01,4.821779473616574663e+00,1.249088923978788790e+00
3.946601627728306738e+01,4.787577499799484215e+00,1.240886702918863271e+00
3.964880271059852390e+01,4.752713561390220498e+00,1.232489693418497234e+00
3.983638816347282585e+01,4.716206011342449322e+00,1.223662856030890422e+00
4.002383082548188753e+01,4.678972291856000609e+00,1.214613695510461833e+00
4.019109812450982133e+01,4.645095113204848580e+00,1.206341860812272238e+00
4.035824226259477143e+01,4.610615432099647748e+00,1.197889105195107051e+00
4.051970801632339914e+01,4.576698203181430280e+00,1.189533142636123753e+00
4.068104973218181186e+01,4.542195774738521763e+00,1.180993249354027608e+00
4.084226267172736158e+01,4.507096580948709352e+00,1.172259664548582103e+00
4.100334184723271136e+01,4.471388554748746635e+00,1.163325694167317126e+00
4.116428199536574795e+01,4.435059100327000792e+00,1.154183038422343044e+00
4.132507757527942260e+01,4.398095057529935126e+00,1.144822930695048369e+00
4.148572273870681926e+01,4.360482669545337586e+00,1.135235951122243181e+00
4.164621128587715049e+01,4.322207551023082850e+00,1.125411912703944806e+00
4.180653665921604301e+01,4.283254643977127962e+00,1.115340399670162963e+00
4.196669192606066900e+01,4.243608172049365912e+00,1.105009271455056563e+00
4.212700738535577472e+01,4.203165607773855506e+00,1.094382603814665122e+00
4.228713676615799955e+01,4.161992479781673637e+00,1.083473369360054672e+00
4.246024637438419802e+01,4.116580775851804930e+00,1.071325132097997290e+00
4.263311684598584606e+01,4.070267115741676101e+00,1.058794304727262325e+00
4.280268643528496142e+01,4.023869062287252163e+00,1.046100329619531477e+00
4.297200124959591250e+01,3.976549785025028871e+00,1.032993620327208761e+00
4.313066751884050376e+01,3.931275996108490656e+00,1.020295773039376686e+00
4.328908598598440705e+01,3.885142643755724823e+00,1.007195918008426005e+00
4.344723477833818492e+01,3.838127220996499833e+00,9.936615514900343227e-01
4.360510971464806573e+01,3.790200295712510936e+00,9.796638876058005874e-01
4.376269636187395662e+01,3.741333529238947353e+00,9.651706612870192270e-01
4.391997897876746748e+01,3.691496947741832013e+00,9.501450855439274035e-01
4.407694070173928935e+01,3.640658709820945749e+00,9.345482277870912347e-01
4.423356324335549772e+01,3.588785004739096784e+00,9.183344397654829017e-01
4.438982688402513332e+01,3.535839834886606692e+00,9.014560306669194834e-01
4.454571008264422716e+01,3.481784899347772910e+00,8.838546275168150945e-01
4.470118937366444101e+01,3.426579355412353145e+00,8.654700929528640341e-01
4.485623938811230715e+01,3.370179495979929385e+00,8.462321903525424904e-01
4.501501799212950061e+01,3.310957704867386830e+00,8.255003399430320687e-01
4.517328125642765713e+01,3.250372318568517382e+00,8.036661235526695313e-01
4.532685271226667112e+01,3.190014290855684997e+00,7.812470832810226584e-01
4.547986396048162305e+01,3.128250031568818201e+00,7.575620312763863273e-01
4.563225770959546423e+01,3.065023876383729640e+00,7.324636964581284770e-01
4.578400504098623003e+01,3.000261805828972062e+00,7.057795472984258467e-01
4.593505546452342969e+01,2.933890896673377213e+00,6.773188018867577487e-01
4.608535282068094574e+01,2.865832082783737800e+00,6.468438500990502105e-01
4.623483464067450655e+01,2.795999349329422401e+00,6.140977865009046299e-01
4.638342980938291049e+01,2.724299561208271658e+00,5.787660852085587671e-01
4.653105811165578132e+01,2.650631252556888917e+00,5.405327255535513631e-01
4.667762988877478136e+01,2.574883036242824996e+00,4.990475735536452628e-01
4.682304219281797231e+01,2.496933487431199694e+00,4.540869432527532834e-01
4.696717822492849592e+01,2.416649033711584238e+00,4.057211403278389583e-01
4.710990405100643130e+01,2.333882800925425993e+00,3.550484822694937037e-01
4.725106390712943494e+01,2.248473857431422918e+00,3.058971990667014862e-01
4.739047758765177321e+01,2.160244682276504236e+00,2.693581235833266141e-01
4.752793541471691441e+01,2.068999244054093634e+00,2.697158672225046239e-01
4.766319129366190310e+01,1.974521467135871289e+00,3.351593031079450613e-01
4.779595470048442252e+01,1.876573494654903085e+00,4.754809249585535968e-01
4.792588107458561808e+01,1.774893957289350288e+00,6.947014086201835914e-01
4.805255924217566843e+01,1.669197269385420901e+00,1.012323955551926558e+00
4.817549607240517417e+01,1.559174096235145468e+00,1.466374820330840878e+00
4.829409766955338057e+01,1.444494153702832406e+00,2.130151816425808864e+00
4.840764659403922821e+01,1.324813216281887973e+00,3.107154789205476497e+00
4.851527566303261096e+01,1.199786712596898175e+00,4.619547025491401726e+00
4.861594005893826420e+01,1.069093515923466686e+00,6.869091880319659893e+00
4.870839189775720968e+01,9.324749870089974468e-01,1.088984265553357034e+01
4.879116637215499708e+01,7.897943819612320837e-01,1.546378134573174989e+01
4.886259518717509565e+01,6.411196716003405571e-01,3.167895772666375365e+01
4.892086994775102937e+01,4.868252344771972218e-01,3.380996344467598647e+01
4.896417930771414717e+01,3.276917480388285564e-01,1.410021163731240676e+02
4.899094405821116993e+01,1.648111031948930882e-01,1.297072176216467199e+02
4.899999999999997868e+01,-3.168722880103889672e-17,1.444862848745253586e+03
