x,y,stress
-9.409830642778183503e-19,-8.270683873007721347e-17,2.277875297850138715e-09
4.316110333061112282e-03,2.043926160278952409e-01,1.171051824223580118e-09
1.723824015730810594e-02,4.084221286148743690e-01,2.518413729718828553e-09
3.587794189739309386e-02,5.891088782854989603e-01,6.956423102558963884e-09
6.116364114328116247e-02,7.689862095055712832e-01,1.251022826255383229e-08
9.016432535931424852e-02,9.333899387931651193e-01,5.932750389263777420e-08
1.245723231044663232e-01,1.096747806837143457e+00,4.071574961208012153e-07
1.641244539707996386e-01,1.258375835317899094e+00,5.309759487764029297e-06
2.087868112504444040e-01,1.418667309400692078e+00,3.435967914297873959e-05
2.584104147502691018e-01,1.577493262211927760e+00,1.196201711319058025e-04
3.128372047344709639e-01,1.734738328406657759e+00,3.095557169276573093e-04
3.719023113241239353e-01,1.890300849148238260e+00,7.594363184443503681e-04
4.354362012487482669e-01,2.044092698730318070e+00,1.710276809154761797e-03
5.032666355895966115e-01,2.196038830706172895e+00,3.366451710100519957e-03
5.752204276767076685e-01,2.346076651451503015e+00,5.809294025397531737e-03
6.511250066756129051e-01,2.494155303486913056e+00,8.955742166782272931e-03
7.308097534994960620e-01,2.640234831458428744e+00,1.308927603425708019e-02
8.141396816065548103e-01,2.784340048128752354e+00,1.770834077156522093e-02
9.009212133790386323e-01,2.926393711853414015e+00,2.270379380182333331e-02
9.909601808367008990e-01,3.066329882418146635e+00,2.838604241211623719e-02
1.084135511072833014e+00,3.204197875392836625e+00,3.489877649537859866e-02
1.180299197661649702e+00,3.339998633804960537e+00,4.243942777435203567e-02
1.279309133087674466e+00,3.473738689161804505e+00,5.127536887908737406e-02
1.381029271885707344e+00,3.605429423762358088e+00,6.162870766067845424e-02
1.485329678101954487e+00,3.735086363220238681e+00,7.367686052977680256e-02
1.592086526150022552e+00,3.862728569887572849e+00,8.751699261977237410e-02
1.701181992838242563e+00,3.988378039407548314e+00,1.031908717609394399e-01
1.812504123839522974e+00,4.112059189098897782e+00,1.206756640653660062e-01
1.925946752017867247e+00,4.233798497202908351e+00,1.399139878876372589e-01
2.043998554034383464e+00,4.356266605459634178e+00,1.612901481342443877e-01
2.164059242371903835e+00,4.476766149873114387e+00,1.842847460963555895e-01
2.284567579541528559e+00,4.593927247859578955e+00,2.084679529711427892e-01
2.406855499327909431e+00,4.709229815616440717e+00,2.339726666327086035e-01
2.529598728330884061e+00,4.821586306519577647e+00,2.604034602677106069e-01
2.653928934365180847e+00,4.932184272223638644e+00,2.878815367128883529e-01
2.779774269595191694e+00,5.041055411284040666e+00,3.162901900517116061e-01
2.907066645472755173e+00,5.148231197742774157e+00,3.455185847686534917e-01
3.035741590651492405e+00,5.253742841945877373e+00,3.754631787917748209e-01
3.165738465287686321e+00,5.357621533671470537e+00,4.060238215129378658e-01
3.296999929124813544e+00,5.459898070660964997e+00,4.371094898084008640e-01
3.429471404416288838e+00,5.560602532669961739e+00,4.686363889019993234e-01
3.563101240939757108e+00,5.659764512818526327e+00,5.005299230202150396e-01
3.697840853243641757e+00,5.757413293907323038e+00,5.327220700576813517e-01
3.836466309431853627e+00,5.855552694543614933e+00,5.658202814302094596e-01
3.976153404340824871e+00,5.952175104008283313e+00,5.991090288518921003e-01
4.127369351902943073e+00,6.054331086975992982e+00,6.350160897425866091e-01
4.279708484099639776e+00,6.154804543967776098e+00,6.709981682063576036e-01
4.421422898611879759e+00,6.246174112507483223e+00,7.042761791183936859e-01
4.564018258798204108e+00,6.336162710419016797e+00,7.375461332253939739e-01
4.705572542398965830e+00,6.423641573356779766e+00,7.703303111254340418e-01
4.847919697781520654e+00,6.509824304682328311e+00,8.030401694537216972e-01
4.991029794995704094e+00,6.594734198927538316e+00,8.356477293417807761e-01
5.134874338109669090e+00,6.678393899723380045e+00,8.681290825025388402e-01
5.279426194869427214e+00,6.760825419945600601e+00,9.004636028880584897e-01
5.424659587127822924e+00,6.842050192641496054e+00,9.326310745642364397e-01
5.570550038694359607e+00,6.922089092559907897e+00,9.646142016475718339e-01
5.717074011469908790e+00,7.000962288580089954e+00,9.963968794750104330e-01
5.864209006902748378e+00,7.078689355668974059e+00,1.027966239118069058e+00
6.011933857729537145e+00,7.155289472314946053e+00,1.059310199967816946e+00
6.162700796951411597e+00,7.232028230798195345e+00,1.090930889909938584e+00
6.314035936921254866e+00,7.307640318574295080e+00,1.122302228267614277e+00
6.482965877967683532e+00,7.390421165388872282e+00,1.156872984778402280e+00
6.652548799813533087e+00,7.471856012453119256e+00,1.191093214435943848e+00
6.822266163536517602e+00,7.551738247694081529e+00,1.224867813271218964e+00
6.992585634603412537e+00,7.630328577210493179e+00,1.258278026052031651e+00
7.146458247006017395e+00,7.700013160691729475e+00,1.288043184734436686e+00
7.300786163993783440e+00,7.768683531210825777e+00,1.317515948964104400e+00
7.453249610772771483e+00,7.835355526755030553e+00,1.346237454500867514e+00
7.606127365390805473e+00,7.901071984716013574e+00,1.374677629741024365e+00
7.759406654349349175e+00,7.965846583697542727e+00,1.402992652993640954e+00
7.913075075625395804e+00,8.029692556214893528e+00,1.430707597996409008e+00
8.067120732062813104e+00,8.092622770241348462e+00,1.458181205402633518e+00
8.221532290882377580e+00,8.154649773612671737e+00,1.485364438463633308e+00
8.376298860290647852e+00,8.215785762594613573e+00,1.512330973685287017e+00
8.531409858978175720e+00,8.276042550959887834e+00,1.538783722835028955e+00
8.686855104211637979e+00,8.335431625219239749e+00,1.564971117205472328e+00
8.842624892995948116e+00,8.393964192236174071e+00,1.590823339266806302e+00
9.001017557477245745e+00,8.452496895688577538e+00,1.616715163089734064e+00
9.159725292747479486e+00,8.510169855983074072e+00,1.642266846590085594e+00
9.336268588200157481e+00,8.573200075522635188e+00,1.670197794187805007e+00
9.513176955648420474e+00,8.635198272294232424e+00,1.697691168723571176e+00
9.705480400152733722e+00,8.701300877031791003e+00,1.727001564350305607e+00
9.898185776917591383e+00,8.766222453737039899e+00,1.755762662266317831e+00
1.007358322047427812e+01,8.824189656800538017e+00,1.781438212504608209e+00
1.024929145935753283e+01,8.881207873115554818e+00,1.806663212016209163e+00
1.040914215953810995e+01,8.932182798399164625e+00,1.829190715278695922e+00
1.056923472517170737e+01,8.982392967891792424e+00,1.851348328722314029e+00
1.072824523745496705e+01,9.031443644134020232e+00,1.872952638669193481e+00
1.088748101394637580e+01,9.079758036605280580e+00,1.894184303348923182e+00
1.104693608264392068e+01,9.127343787586768897e+00,1.915040928490281624e+00
1.120660461102680472e+01,9.174208323848571212e+00,1.935520665068152901e+00
1.136648093595769993e+01,9.220358874540862004e+00,1.955622844985683617e+00
1.152655963698387964e+01,9.265802499850208207e+00,1.975344908136884126e+00
1.168683544600156665e+01,9.310546071765053000e+00,1.994684789997708041e+00
1.184730320924791513e+01,9.354596271163840626e+00,2.013641485934025255e+00
1.200795795013807954e+01,9.397959612454519274e+00,2.032214289385155581e+00
1.216879483108475313e+01,9.440642439452727075e+00,2.050405803740788624e+00
1.233361104435446975e+01,9.483634197056769466e+00,2.068618994657496657e+00
1.249860828799332246e+01,9.525925873053550319e+00,2.086442402032021803e+00
1.268321239694519242e+01,9.572369062679472407e+00,2.105859019303658375e+00
1.286803024986121713e+01,9.617954252982306329e+00,2.124775973986470667e+00
1.307339238581288221e+01,9.667552304808726404e+00,2.145161970449013022e+00
1.327900190129631852e+01,9.716114666428534719e+00,2.164897071250841964e+00
1.347111571899953120e+01,9.760513436943471177e+00,2.182761690659614562e+00
1.366343182436478898e+01,9.804027650870848376e+00,2.200067359480144979e+00
1.383432730675336053e+01,9.841923238894446868e+00,2.214981445244256886e+00
1.400537330175768957e+01,9.879133584335979990e+00,2.229467817527154061e+00
1.416811012685283977e+01,9.913876301418927284e+00,2.242845315883985169e+00
1.433097597236540288e+01,9.948009093846135187e+00,2.255838980182414133e+00
1.449396756140406062e+01,9.981536328265262270e+00,2.268447829380341396e+00
1.465708168490980867e+01,1.001446225639794818e+01,2.280673283569650156e+00
1.482031522458851569e+01,1.004679102302134019e+01,2.292519541526441440e+00
1.498366511685985891e+01,1.007852666189367419e+01,2.303987554994343601e+00
1.514712836083229419e+01,1.010967310062296320e+01,2.315080114486196994e+00
1.531070205730984668e+01,1.014023417092219681e+01,2.325800409771512811e+00
1.547438336626321842e+01,1.017021360305839650e+01,2.336152483285206305e+00
1.563816948901091131e+01,1.019961502548052934e+01,2.346140434269013308e+00
1.580211287282248023e+01,1.022845157860210108e+01,2.355767066953232902e+00
1.596615574019373440e+01,1.025671671478839997e+01,2.365048706095029818e+00
1.614201400777162476e+01,1.028636893629931848e+01,2.374587385867199085e+00
1.631798031778675906e+01,1.031537312114357086e+01,2.383744898820518987e+00
1.651639971265012719e+01,1.034728576320586058e+01,2.393572340243020680e+00
1.671494809455776931e+01,1.037838582484343242e+01,2.402915179856289551e+00
1.693044338511628766e+01,1.041120573080690015e+01,2.412502635810590323e+00
1.714608024469606207e+01,1.044308224858900758e+01,2.421510753458649301e+00
1.734207060616160945e+01,1.047122458590415306e+01,2.429240375071337166e+00
1.753816981985718826e+01,1.049859814900163357e+01,2.436527441076068445e+00
1.771230074985074054e+01,1.052225239738064211e+01,2.442648689837541909e+00
1.788651203012262059e+01,1.054530742707420821e+01,2.448446678611984506e+00
1.805154970233947864e+01,1.056658913018000234e+01,2.453645956100018122e+00
1.821665515847283956e+01,1.058733841258110253e+01,2.458570425404463577e+00
1.838182635685897992e+01,1.060755753927451117e+01,2.463224395402178413e+00
1.854706132838675714e+01,1.062724871131173998e+01,2.467615393141763924e+00
1.871235812846422064e+01,1.064641406094145637e+01,2.471751005417884173e+00
1.887771481588129774e+01,1.066505565060344018e+01,2.475639850020066479e+00
1.904312949101485231e+01,1.068317547866296557e+01,2.479291233665029459e+00
1.920860028326466917e+01,1.070077547902698178e+01,2.482712633322655016e+00
1.937412534428027300e+01,1.071785752152611693e+01,2.485912409132902123e+00
1.953970285897210246e+01,1.073442341411468881e+01,2.488899714504221983e+00
1.970534702876576816e+01,1.075047642773980172e+01,2.491681385644749724e+00
1.987104009655327630e+01,1.076601662323584208e+01,2.494277270198115293e+00
2.004791700061267079e+01,1.078203704315867029e+01,2.496829509846120398e+00
2.022484550470475995e+01,1.079747717534597840e+01,2.499193719761292787e+00
2.042428338197179727e+01,1.081418334663965020e+01,2.501610704633560722e+00
2.062378123108409866e+01,1.083015743735442626e+01,2.503804361876384110e+00
2.084473156258799875e+01,1.084699280352143980e+01,2.505976707157260286e+00
2.106574801304124023e+01,1.086293669448009425e+01,2.507879488214387997e+00
2.127124067755757508e+01,1.087695978286220111e+01,2.509456669037262166e+00
2.147678415195261081e+01,1.089021733194750396e+01,2.510844049162104685e+00
2.165922360230098676e+01,1.090134265347749043e+01,2.511940290991629077e+00
2.184169864366770497e+01,1.091186811046784833e+01,2.512916393193169728e+00
2.200864656713918777e+01,1.092097199786942241e+01,2.513712149999445256e+00
2.217562100290262705e+01,1.092957593885298451e+01,2.514427193655366821e+00
2.234182948052988138e+01,1.093764359764714555e+01,2.515056677559424081e+00
2.250806118057311522e+01,1.094521770647605763e+01,2.515612996539757784e+00
2.267431460439130575e+01,1.095229902296819979e+01,2.516101983308180134e+00
2.284058825855676389e+01,1.095888825402583677e+01,2.516529716938562089e+00
2.300688065417671169e+01,1.096498605621146005e+01,2.516900702991806238e+00
2.317319032273150015e+01,1.097059303664245888e+01,2.517221327874125336e+00
2.333951580180187335e+01,1.097570975268800275e+01,2.517497278542886630e+00
2.350585562584102917e+01,1.098033671201675965e+01,2.517732693361022456e+00
2.367220833740418229e+01,1.098447437325170206e+01,2.517931009906087425e+00
2.383857249031718695e+01,1.098812314622728792e+01,2.518100365449693179e+00
2.401009818285194442e+01,1.099137344804414695e+01,2.518241746258844227e+00
2.418163292327279379e+01,1.099410484320793735e+01,2.518366388098871589e+00
2.437401026104975443e+01,1.099655106356200207e+01,2.518469419999247005e+00
2.456639478389019615e+01,1.099834535689829629e+01,2.518549088993841334e+00
2.478319581332013399e+01,1.099958635653549166e+01,2.518606889684587902e+00
2.499999999999977263e+01,1.099999999999999467e+01,2.518618333169335699e+00
2.521680418667943613e+01,1.099958635653549699e+01,2.518606419578811373e+00
2.543360521610938108e+01,1.099834535689829806e+01,2.518548236753869407e+00
2.562598973894991161e+01,1.099655106356200562e+01,2.518469448823297707e+00
2.581836707672684383e+01,1.099410484320794268e+01,2.518367384607242521e+00
2.598990181714778913e+01,1.099137344804415051e+01,2.518244225738140329e+00
2.616142750968246844e+01,1.098812314622729147e+01,2.518104378290859202e+00
2.632779166259561165e+01,1.098447437325170561e+01,2.517936460211477989e+00
2.649414437415863333e+01,1.098033671201676853e+01,2.517739353526100121e+00
2.666048419819778559e+01,1.097570975268801163e+01,2.517502973337741867e+00
2.682680967726814814e+01,1.097059303664246954e+01,2.517225809069679521e+00
2.699311934582294370e+01,1.096498605621146716e+01,2.516902824499704483e+00
2.715941174144289860e+01,1.095888825402584921e+01,2.516529243523971449e+00
2.732568539560835674e+01,1.095229902296821400e+01,2.516098049845666207e+00
2.749193881942653661e+01,1.094521770647607539e+01,2.515605548420708271e+00
2.765817051946977756e+01,1.093764359764716154e+01,2.515047115103830055e+00
2.782437899709704254e+01,1.092957593885300049e+01,2.514415708820863404e+00
2.799135343286046762e+01,1.092097199786944195e+01,2.513701520672624312e+00
2.815830135633193265e+01,1.091186811046786609e+01,2.512907167254472718e+00
2.834077639769864376e+01,1.090134265347751175e+01,2.511932722966004672e+00
2.852321584804700549e+01,1.089021733194752706e+01,2.510838765885486268e+00
2.872875932244200925e+01,1.087695978286222598e+01,2.509453640974306676e+00
2.893425198695831924e+01,1.086293669448012800e+01,2.507878896545997716e+00
2.915526843741157137e+01,1.084699280352147177e+01,2.505977513887445163e+00
2.937621876891547856e+01,1.083015743735445646e+01,2.503806689909349181e+00
2.957571661802779772e+01,1.081418334663968395e+01,2.501615893338500651e+00
2.977515449529484570e+01,1.079747717534600859e+01,2.499202003309845654e+00
2.995208299938695617e+01,1.078203704315869693e+01,2.496840081448751469e+00
3.012895990344637909e+01,1.076601662323587405e+01,2.494290019648752299e+00
3.029465297123388368e+01,1.075047642773983192e+01,2.491690764927069424e+00
3.046029714102754582e+01,1.073442341411471723e+01,2.488905256978013902e+00
3.062587465571938949e+01,1.071785752152614890e+01,2.485910887014430859e+00
3.079139971673499687e+01,1.070077547902701376e+01,2.482701102042749852e+00
3.095687050898481374e+01,1.068317547866300110e+01,2.479279678716830748e+00
3.112228518411835410e+01,1.066505565060347394e+01,2.475630545249206449e+00
3.128764187153543830e+01,1.064641406094149012e+01,2.471743467702388397e+00
3.145293867161290891e+01,1.062724871131177729e+01,2.467609881538809891e+00
3.161817364314068257e+01,1.060755753927455025e+01,2.463218661891342531e+00
3.178334484152681227e+01,1.058733841258114339e+01,2.458564324513388133e+00
3.194845029766017674e+01,1.056658913018004320e+01,2.453638010238077705e+00
3.211348796987702769e+01,1.054530742707424906e+01,2.448436675468811163e+00
3.228769925014887576e+01,1.052225239738069007e+01,2.442637214972827042e+00
3.246183018014239963e+01,1.049859814900168331e+01,2.436514593841756060e+00
3.265792939383794646e+01,1.047122458590420813e+01,2.429225165382217888e+00
3.285391975530347253e+01,1.044308224858907153e+01,2.421493343540236154e+00
3.306955661488323273e+01,1.041120573080696765e+01,2.412482796051920619e+00
3.328505190544173331e+01,1.037838582484350347e+01,2.402892065620049866e+00
3.348360028734942517e+01,1.034728576320592630e+01,2.393546180463188122e+00
3.368201968221283238e+01,1.031537312114363303e+01,2.383714704101702608e+00
3.385798599222799510e+01,1.028636893629937887e+01,2.374554017923150351e+00
3.403384425980591033e+01,1.025671671478845326e+01,2.365011513214733352e+00
3.419788712717718226e+01,1.022845157860215437e+01,2.355726958788439518e+00
3.436183051098875296e+01,1.019961502548058441e+01,2.346097627269268404e+00
3.452561663373644052e+01,1.017021360305845157e+01,2.336107610551053870e+00
3.468929794268980515e+01,1.014023417092225365e+01,2.325753834720982294e+00
3.485287163916736120e+01,1.010967310062302005e+01,2.315033162446373360e+00
3.501633488313979115e+01,1.007852666189373814e+01,2.303941053842122777e+00
3.517968477541113970e+01,1.004679102302140414e+01,2.292475479272287231e+00
3.534291831508984671e+01,1.001446225639801391e+01,2.280632528030513306e+00
3.550603243859560365e+01,9.981536328265327995e+00,2.268411243283676715e+00
3.566902402763425783e+01,9.948009093846199136e+00,2.255807418491683869e+00
3.583188987314682095e+01,9.913876301418993009e+00,2.242817876479537009e+00
3.599462669824194450e+01,9.879133584336051044e+00,2.229445181889423200e+00
3.616567269324626466e+01,9.841923238894521475e+00,2.214957682394954830e+00
3.633656817563483088e+01,9.804027650870930088e+00,2.200044625085121108e+00
3.652888428100003892e+01,9.760513436943563548e+00,2.182734060532569131e+00
3.672099809870319831e+01,9.716114666428637747e+00,2.164866711801259225e+00
3.692660761418662219e+01,9.667552304808836539e+00,2.145126142329075947e+00
3.713196975013826773e+01,9.617954252982425345e+00,2.124734181575864245e+00
3.731678760305432263e+01,9.572369062679587870e+00,2.105815372353230241e+00
3.750139171200622457e+01,9.525925873053655124e+00,2.086395336562056002e+00
3.766638895564510392e+01,9.483634197056872495e+00,2.068571399740029904e+00
3.783120516891483476e+01,9.440642439452830104e+00,2.050356936473672231e+00
3.799204204986151012e+01,9.397959612454622302e+00,2.032165069988514094e+00
3.815269679075166920e+01,9.354596271163941879e+00,2.013591374013814939e+00
3.831316455399801413e+01,9.310546071765156029e+00,1.994633179661543521e+00
3.847344036301571890e+01,9.265802499850313012e+00,1.975291393239092752e+00
3.863351906404189862e+01,9.220358874540968586e+00,1.955568282725545393e+00
3.879339538897279738e+01,9.174208323848676017e+00,1.935464708160556713e+00
3.895306391735569207e+01,9.127343787586875479e+00,1.914983223231428999e+00
3.911251898605324584e+01,9.079758036605385385e+00,1.894124817955201046e+00
3.927175476254465991e+01,9.031443644134128590e+00,1.872892497109728716e+00
3.943076527482791960e+01,8.982392967891902558e+00,1.851287915898266911e+00
3.959085784046150280e+01,8.932182798399276535e+00,1.829128921425257293e+00
3.975070854064207992e+01,8.881207873115668505e+00,1.806603067782359018e+00
3.992641677952531865e+01,8.824189656800664139e+00,1.781376679682059816e+00
4.010181422308196630e+01,8.766222453737176679e+00,1.755702977049213409e+00
4.029451959984681508e+01,8.701300877031936665e+00,1.726940843152267036e+00
4.048682304435111234e+01,8.635198272294385191e+00,1.697628886261848491e+00
4.066373141179938244e+01,8.573200075522791508e+00,1.670139180327880002e+00
4.084027470725206399e+01,8.510169855983225062e+00,1.642210844453477980e+00
4.099898244252230484e+01,8.452496895688728529e+00,1.616664314250163770e+00
4.115737510700359536e+01,8.393964192236333943e+00,1.590778726793991460e+00
4.131314489578792148e+01,8.335431625219399621e+00,1.564924458409340691e+00
4.146859014102138019e+01,8.276042550960044153e+00,1.538736468482451825e+00
4.162370113970891339e+01,8.215785762594768116e+00,1.512216291456728090e+00
4.177846770911719432e+01,8.154649773612828056e+00,1.485367176356192420e+00
4.193287926793677656e+01,8.092622770241506558e+00,1.458193458554617239e+00
4.208692492437418764e+01,8.029692556215055177e+00,1.430697412178114414e+00
4.224059334565024670e+01,7.965846583697702599e+00,1.402884650569745872e+00
4.239387263460879751e+01,7.901071984716173446e+00,1.374757677538742451e+00
4.254675038922682262e+01,7.835355526755195754e+00,1.346321737416298348e+00
4.269921383600578935e+01,7.768683531210994531e+00,1.317581349692137138e+00
4.285354175299357848e+01,7.700013160691900893e+00,1.288099625085708411e+00
4.300741436539617979e+01,7.630328577210665486e+00,1.258321528083760299e+00
4.317773383646310492e+01,7.551738247694247619e+00,1.224911999689124453e+00
4.334745120018610720e+01,7.471856012453271134e+00,1.191133642233632495e+00
4.351703412203202248e+01,7.390421165389003733e+00,1.156912936016391891e+00
4.368596406307849378e+01,7.307640318574405214e+00,1.122343835858726546e+00
4.383729920304836014e+01,7.232028230798299262e+00,1.090967442277894772e+00
4.398806614227024880e+01,7.155289472315036647e+00,1.059345662160198653e+00
4.413579099309702514e+01,7.078689355669068206e+00,1.027999552335553624e+00
4.428292598852987538e+01,7.000962288580193871e+00,9.964290436729376088e-01
4.442944996130542989e+01,6.922089092560010926e+00,9.646457920150327547e-01
4.457534041287195947e+01,6.842050192641594641e+00,9.326622189182526279e-01
4.472057380513037117e+01,6.760825419945701853e+00,9.004952416649083524e-01
4.486512566189013995e+01,6.678393899723480409e+00,8.681605262823077762e-01
4.500897020500409695e+01,6.594734198927642232e+00,8.356787865939807602e-01
4.515208030221825908e+01,6.509824304682434892e+00,8.030698966517717530e-01
4.529442745760083255e+01,6.423641573356885459e+00,7.703587502876306781e-01
4.543598174120160138e+01,6.336162710419121602e+00,7.375721942332522651e-01
4.557857710138790708e+01,6.246174112507604015e+00,7.043031796214277440e-01
4.572029151590013640e+01,6.154804543967897779e+00,6.710249168324176061e-01
4.587263064809682334e+01,6.054331086976130649e+00,6.350491763466336037e-01
4.602384659565893088e+01,5.952175104008431639e+00,5.991505344374362663e-01
4.616353369056793809e+01,5.855552694543742831e+00,5.658632490468503695e-01
4.630215914675617483e+01,5.757413293907424290e+00,5.327629536258724485e-01
4.643689875906007813e+01,5.659764512818632909e+00,5.005671773330874208e-01
4.657052859558354641e+01,5.560602532670070097e+00,4.686691650282621691e-01
4.670300007087501371e+01,5.459898070661081348e+00,4.371383900550847579e-01
4.683426153471211961e+01,5.357621533671593994e+00,4.060498432971589300e-01
4.696425840934833218e+01,5.253742841945999054e+00,3.754883442186110476e-01
4.709293335452708362e+01,5.148231197742893173e+00,3.455429459706857442e-01
4.722022573040464266e+01,5.041055411284163235e+00,3.163125847009552460e-01
4.734607106563464640e+01,4.932184272223758548e+00,2.879010958893816197e-01
4.747040127166895473e+01,4.821586306519690446e+00,2.604209936561964756e-01
4.759314450067196134e+01,4.709229815616543746e+00,2.339879740780256845e-01
4.771543242045833466e+01,4.593927247859694418e+00,2.084794605393133493e-01
4.783594075762793096e+01,4.476766149873235179e+00,1.842921181868227565e-01
4.795600144596547665e+01,4.356266605459760299e+00,1.612906807328918224e-01
4.807405324798200041e+01,4.233798497203026479e+00,1.399066066817105936e-01
4.818749587616034802e+01,4.112059189099010581e+00,1.206481528379201307e-01
4.829881800716163553e+01,3.988378039407643794e+00,1.031365849803637519e-01
4.840791347384988086e+01,3.862728569887667884e+00,8.743343869385236666e-02
4.851467032189795248e+01,3.735086363220323946e+00,7.355249743658465178e-02
4.861897072811420628e+01,3.605429423762438912e+00,6.149403452311506812e-02
4.872069086691224271e+01,3.473738689161869342e+00,5.115318299607103658e-02
4.881970080233827503e+01,3.339998633805017381e+00,4.232482149109129121e-02
4.891586448892712014e+01,3.204197875392876593e+00,3.479957531836526397e-02
4.900903981916324170e+01,3.066329882418211028e+00,2.829155865463979166e-02
4.909907878662087910e+01,2.926393711853488622e+00,2.261804676891981600e-02
4.918586031839337380e+01,2.784340048128840284e+00,1.764423901939128972e-02
4.926919024650043610e+01,2.640234831458516229e+00,1.312392808916841569e-02
4.934887499332430849e+01,2.494155303487021857e+00,8.949367088177126797e-03
4.942477957232319596e+01,2.346076651451619366e+00,5.813995774956199659e-03
4.949673336441031779e+01,2.196038830706282141e+00,3.366593286634358365e-03
4.956456379875118756e+01,2.044092698730411772e+00,1.710858865041989642e-03
4.962809768867581539e+01,1.890300849148337958e+00,7.596897875268979932e-04
4.968716279526545776e+01,1.734738328406759011e+00,3.095514224470542037e-04
4.974158958524966323e+01,1.577493262212027458e+00,1.194637186372103454e-04
4.979121318874950219e+01,1.418667309400791554e+00,3.412314031097580841e-05
4.983587554602916470e+01,1.258375835317966596e+00,5.174998241748245482e-06
4.987542767689549095e+01,1.096747806837170769e+00,4.754559401849972764e-07
4.990983567464063952e+01,9.333899387932020897e-01,2.221359847533017103e-08
4.993883635885669747e+01,7.689862095056184677e-01,1.987143619824492107e-08
4.996412205810257490e+01,5.891088782855603556e-01,5.945739249941609686e-09
4.998276175984265279e+01,4.084221286149450347e-01,2.856157167511682516e-09
4.999568388966689980e+01,2.043926160279316284e-01,9.872314775809951758e-10
4.999999999999997868e+01,-8.245212917492620051e-17,8.001491613622698477e-10
