x,y,stress
5.999999999999997335e+00,3.396431508160108526e-13,9.046844919661020867e+02
6.002537169930985961e+00,2.287844547333384992e-01,1.250942420852141765e+02
6.010145722845822824e+00,4.574564398379596386e-01,1.111474945548590654e+02
6.021160613218969893e+00,6.605556379123244115e-01,4.931918582585614530e+01
6.036166309219578530e+00,8.633990399520499182e-01,4.505187889686384750e+01
6.052842397402741881e+00,1.043410773612127418e+00,3.250185802803054713e+01
6.072648415910339992e+00,1.223105074503518797e+00,2.802444233635996440e+01
6.093501184336578724e+00,1.387202386569006185e+00,2.350181014336713758e+01
6.116950250631970398e+00,1.550948868644345557e+00,2.050593184553678228e+01
6.142844849587928202e+00,1.713486610976431956e+00,1.791200898365990213e+01
6.171281117376813619e+00,1.875599011886208256e+00,1.583605550622203850e+01
6.202242745575126115e+00,2.037248124858583864e+00,1.406966645135237926e+01
6.235712143199276802e+00,2.198396696383429383e+00,1.257004612501988028e+01
6.271670488099793772e+00,2.359008221556402329e+00,1.127152776616847341e+01
6.310097784295460421e+00,2.519047006195163529e+00,1.014245273654372781e+01
6.350972913296067723e+00,2.678478187122207643e+00,9.150373398353183418e+00
6.394273686651431809e+00,2.837267753021257111e+00,8.273090897323923443e+00
6.439976906062433670e+00,2.995382586698212890e+00,7.492548974008656160e+00
6.488058431232007983e+00,3.152790521204670071e+00,6.793845613243226111e+00
6.539695633897454563e+00,3.313099949883192785e+00,6.151895094884276105e+00
6.593769274215131482e+00,3.472604063306505839e+00,5.573894202710365064e+00
6.649680961030569826e+00,3.629707782219894430e+00,5.056441350212860897e+00
6.707924707995029046e+00,3.785961960655249481e+00,4.586872476119260966e+00
6.767669277728269428e+00,3.939323317809037217e+00,4.165928849799485079e+00
6.829628646703779005e+00,4.091803359020283359e+00,3.778602458132036546e+00
6.893773692365453343e+00,4.243376949181707936e+00,3.406634334436218214e+00
6.960074810684377944e+00,4.394019934000948702e+00,3.087240327686783026e+00
7.028501999845157222e+00,4.543709202551692528e+00,2.787660058528834917e+00
7.099024896000334373e+00,4.692422637048956346e+00,2.513645565472077070e+00
7.171612832649651104e+00,4.840139119748965157e+00,2.261262403401199439e+00
7.246234903876987765e+00,4.986838545392459743e+00,2.029384467650158008e+00
7.322860004417250046e+00,5.132501787197796261e+00,1.816638142845657944e+00
7.401456865984955336e+00,5.277110661691522431e+00,1.622177454910345373e+00
7.483005012707988790e+00,5.422421333750333083e+00,1.443519665213388814e+00
7.566509362636771208e+00,5.566616766338863265e+00,1.283149334504172234e+00
7.654638653793582215e+00,5.714135215403127965e+00,1.137601196098693368e+00
7.744777886558915192e+00,5.860434197725560956e+00,1.013695866234562537e+00
7.832965276352087614e+00,5.999402575110402758e+00,9.169341075662215124e-01
7.922932531316567939e+00,6.137225380133592090e+00,8.437899624099577389e-01
8.014648517684006990e+00,6.273890773786903630e+00,7.960995888518443975e-01
8.108082215388042968e+00,6.409387647846033431e+00,7.745041532297948228e-01
8.203202768004294043e+00,6.543705638705491268e+00,7.777457527676909788e-01
8.299979610236526639e+00,6.676835243234134687e+00,8.027801247069114021e-01
8.398382394100561754e+00,6.808767649371270103e+00,8.454704451451237057e-01
8.498380983605285266e+00,6.939494678570532038e+00,9.015856692449778498e-01
8.599945562310116642e+00,7.069008877544226799e+00,9.674476152964652798e-01
8.703046568111403758e+00,7.197303383217260375e+00,1.040133858408097023e+00
8.807655749695591396e+00,7.324373151627978196e+00,1.117506793221537675e+00
8.913743252901111802e+00,7.450211359514132603e+00,1.197970629890044991e+00
9.027739095460798779e+00,7.582204854244920078e+00,1.285371277005288970e+00
9.143329228682508969e+00,7.712804485036654611e+00,1.374116395200054797e+00
9.257071160971728219e+00,7.838288995056965192e+00,1.460985857011421585e+00
9.372255419783076746e+00,7.962450914760294651e+00,1.548109170100974596e+00
9.485546797859486290e+00,8.081842683722770815e+00,1.632777851529132018e+00
9.600145877521708115e+00,8.199979837359869350e+00,1.717251711114394119e+00
9.716026342902987167e+00,8.316860233001420966e+00,1.801411458473467064e+00
9.833162411829690086e+00,8.432482270507790645e+00,1.885170299250362280e+00
9.951528657050817017e+00,8.546844683060482950e+00,1.968468340059895016e+00
1.007110000892811108e+01,8.659946522371146926e+00,2.051262686616567077e+00
1.019185195050644488e+01,8.771787321146177874e+00,2.133525676904076462e+00
1.031376011745948595e+01,8.882366700354792144e+00,2.215232443506718774e+00
1.043679857686936963e+01,8.991682861269049809e+00,2.296366487969340398e+00
1.056094595599985553e+01,9.099738023934566655e+00,2.376915750378951753e+00
1.068658635347543928e+01,9.206876449397373818e+00,2.457121400518420984e+00
1.081329683270072550e+01,9.312747174301218678e+00,2.536729857886976358e+00
1.095161090612645083e+01,9.425900210939451185e+00,2.622166851448600955e+00
1.109112414735062835e+01,9.537571398433041026e+00,2.706845579198306595e+00
1.122623999869098554e+01,9.643445801946340268e+00,2.787491084457918600e+00
1.136241323279843662e+01,9.747956746588286592e+00,2.867424064215066792e+00
1.149395151991739894e+01,9.846886577555281406e+00,2.943396177772003242e+00
1.162642023630606936e+01,9.944567052436550370e+00,3.018704386535192796e+00
1.175979946848199909e+01,1.004100038298616404e+01,3.093333547952187068e+00
1.189406982957958014e+01,1.013618903948404437e+01,3.167270556542643778e+00
1.202921222538072676e+01,1.023013557112983918e+01,3.240502211341293126e+00
1.216520789490874854e+01,1.032284263139928981e+01,3.312972431306747900e+00
1.230203840265573767e+01,1.041431296805666129e+01,3.384671804581865562e+00
1.243968572716773480e+01,1.050454947634667136e+01,3.455578998346995334e+00
1.257813220184968728e+01,1.059355515142838833e+01,3.525674621295985300e+00
1.271736038889081222e+01,1.068133300374107897e+01,3.594940283822892102e+00
1.285741311656248875e+01,1.076792281871018986e+01,3.663377050322862427e+00
1.299821438562658038e+01,1.085329007204592067e+01,3.730947697071260283e+00
1.314992153157405319e+01,1.094342356774123637e+01,3.802346791378906410e+00
1.330244964527116736e+01,1.103216072653873603e+01,3.872654626678472045e+00
1.346011554135087884e+01,1.112194918416163070e+01,3.943803770195028147e+00
1.361860807902770354e+01,1.121027031045476896e+01,4.013709246187991297e+00
1.376406247776600900e+01,1.128965485896889298e+01,4.076486200405741833e+00
1.391017427541119922e+01,1.136782284221134987e+01,4.138217379535495510e+00
1.405593588706455499e+01,1.144426240930977734e+01,4.198414021083721970e+00
1.420231705753607798e+01,1.151950873771080630e+01,4.257486861325648242e+00
1.434930371478802869e+01,1.159356530066629354e+01,4.315391542936754199e+00
1.449688208083043861e+01,1.166643559530696095e+01,4.372101416472014002e+00
1.464503862362888320e+01,1.173812311621429672e+01,4.427581932983084556e+00
1.479376002228744369e+01,1.180863133796197140e+01,4.481798565193074957e+00
1.494303320589097339e+01,1.187796373336143851e+01,4.534714774995698860e+00
1.509284534186917348e+01,1.194612376656703923e+01,4.586298641898506112e+00
1.524318383457961446e+01,1.201311489121045462e+01,4.636505478637574562e+00
1.539403627983054967e+01,1.207894052944772234e+01,4.685316170525393176e+00
1.554854549177080081e+01,1.214493744546182619e+01,4.733635089463771983e+00
1.570356485701833194e+01,1.220972701012914818e+01,4.780413867923519966e+00
1.587584527612705010e+01,1.228008329537943943e+01,4.830500118126640707e+00
1.604871952376809929e+01,1.234896759687423540e+01,4.878229405089795634e+00
1.621422644739967822e+01,1.241333344934115068e+01,4.923205230957129253e+00
1.638024525141271326e+01,1.247636727778810695e+01,4.964932719860467358e+00
1.653473718569759754e+01,1.253366743522353488e+01,5.002331293847832150e+00
1.668964723908765890e+01,1.258982740766525588e+01,5.037993653097919022e+00
1.684478834141481585e+01,1.264478853919225898e+01,5.071898112535528469e+00
1.700032562892551269e+01,1.269861828062087739e+01,5.104076603454021033e+00
1.715624885386568366e+01,1.275131966661066762e+01,5.134498402374506831e+00
1.731254793642406398e+01,1.280289568948798440e+01,5.163152122325141313e+00
1.746921293375442019e+01,1.285334928897455775e+01,5.190012694847324859e+00
1.762623407056944558e+01,1.290268336234033875e+01,5.215070948240987825e+00
1.778360170737504831e+01,1.295090075410548458e+01,5.238324804515562150e+00
1.794130633986744527e+01,1.299800425627218914e+01,5.259759899715870546e+00
1.809933862579462982e+01,1.304399661632264085e+01,5.279371244426677379e+00
1.825768930407172519e+01,1.308888051372162842e+01,5.297189670278026341e+00
1.842232022030099614e+01,1.313428294365558813e+01,5.313713657664302481e+00
1.858727407731991121e+01,1.317849770789502628e+01,5.328358089093404359e+00
1.877068457308053340e+01,1.322617476888198951e+01,5.342284572419263355e+00
1.895446720941246355e+01,1.327239658624577068e+01,5.353751316358532186e+00
1.912768488701457059e+01,1.331455365410527136e+01,5.362480215487829938e+00
1.930120948159474281e+01,1.335542905564138216e+01,5.369165599956705393e+00
1.946195670470381245e+01,1.339209414381924113e+01,5.373627120743351249e+00
1.962294901914302869e+01,1.342766764314565719e+01,5.376480850401925693e+00
1.978389752137919544e+01,1.346209265844389869e+01,5.377744377146934873e+00
1.994507398063637993e+01,1.349543409973010277e+01,5.377475596141512604e+00
2.010647039398913449e+01,1.352769398334513440e+01,5.375746181583519245e+00
2.026807884971692886e+01,1.355887426550953023e+01,5.372613203469740917e+00
2.042989151739310927e+01,1.358897684052528376e+01,5.368163061310630368e+00
2.059190063984979702e+01,1.361800353960396492e+01,5.362463360475180352e+00
2.075409854766737894e+01,1.364595613371557370e+01,5.355607797030595307e+00
2.091647762426318025e+01,1.367283632772365998e+01,5.347679075953887917e+00
2.107903032197603110e+01,1.369864576375529630e+01,5.338772083611085684e+00
2.124174917929819628e+01,1.372338602397594265e+01,5.329023101104267468e+00
2.141024524241360893e+01,1.374785578979687628e+01,5.318084875997117322e+00
2.157890305940478726e+01,1.377118461337759570e+01,5.306520510283127656e+00
2.176728931877690343e+01,1.379587215992142823e+01,5.292884030442418286e+00
2.195585583488507453e+01,1.381914290281408952e+01,5.278598777856699620e+00
2.213669522311663940e+01,1.384011304534042885e+01,5.264620399422744512e+00
2.231768035108115456e+01,1.385978574810524222e+01,5.250416917715646115e+00
2.248261533439583815e+01,1.387657343441076030e+01,5.237491491269653743e+00
2.264765607383526813e+01,1.389228743346675010e+01,5.224714511501713510e+00
2.281160155046730864e+01,1.390682675741301466e+01,5.212249130155010235e+00
2.297563728120733018e+01,1.392030972987607207e+01,5.200122760415098355e+00
2.313975635885863014e+01,1.393273718613410850e+01,5.188441198253904041e+00
2.330395189780674059e+01,1.394410989578707216e+01,5.177318526014477840e+00
2.346821703894649147e+01,1.395442856344973315e+01,5.166855260853038700e+00
2.363254496267624916e+01,1.396369382958788208e+01,5.157153471425106162e+00
2.379692886613455016e+01,1.397190626908871813e+01,5.148306079967233551e+00
2.396136196700642529e+01,1.397906639168753884e+01,5.140397296297970264e+00
2.412583750359205226e+01,1.398517464202789107e+01,5.133513939739420273e+00
2.429034872559005720e+01,1.399023139937120597e+01,5.127726777384654433e+00
2.445817936571185669e+01,1.399430635691605218e+01,5.122986694569573451e+00
2.462603299028141635e+01,1.399728793877830846e+01,5.119538286668134042e+00
2.481301157792565348e+01,1.399932199829196477e+01,5.117183563993867423e+00
2.500000000000019540e+01,1.399999999999999112e+01,5.116355952722442701e+00
2.518698842207475153e+01,1.399932199829195767e+01,5.117176601203779818e+00
2.537396700971899577e+01,1.399728793877830135e+01,5.119524297341011554e+00
2.554182063428856608e+01,1.399430635691604508e+01,5.122962755917668254e+00
2.570965127441033715e+01,1.399023139937119353e+01,5.127690562260230678e+00
2.587416249640840604e+01,1.398517464202787153e+01,5.133458429346681839e+00
2.603863803299398683e+01,1.397906639168752285e+01,5.140320923673146858e+00
2.620307113386584774e+01,1.397190626908869859e+01,5.148203995242109698e+00
2.636745503732414520e+01,1.396369382958785899e+01,5.157025119334796237e+00
2.653178296105390999e+01,1.395442856344970473e+01,5.166709220786271040e+00
2.669604810219367153e+01,1.394410989578704374e+01,5.177155978041573903e+00
2.686024364114177843e+01,1.393273718613407830e+01,5.188279740477404367e+00
2.702436271879306773e+01,1.392030972987603654e+01,5.199963318045564442e+00
2.718839844953309282e+01,1.390682675741297558e+01,5.212104115786098113e+00
2.735234392616514043e+01,1.389228743346670925e+01,5.224585375354788397e+00
2.751738466560455620e+01,1.387657343441072122e+01,5.237381410024210204e+00
2.768231964891923624e+01,1.385978574810519781e+01,5.250326854070807236e+00
2.786330477688376206e+01,1.384011304534037734e+01,5.264539753602083927e+00
2.804414416511533048e+01,1.381914290281403801e+01,5.278527242319998258e+00
2.823271068122349092e+01,1.379587215992137672e+01,5.292811013208654103e+00
2.842109694059559644e+01,1.377118461337753885e+01,5.306442983896773491e+00
2.858975475758678542e+01,1.374785578979681411e+01,5.318001709750449280e+00
2.875825082070220517e+01,1.372338602397588048e+01,5.328932028541403021e+00
2.892096967802436325e+01,1.369864576375523413e+01,5.338671467367710477e+00
2.908352237573720700e+01,1.367283632772359248e+01,5.347566073147611121e+00
2.924590145233301186e+01,1.364595613371550087e+01,5.355477796290552206e+00
2.940809936015060444e+01,1.361800353960389032e+01,5.362316118292651090e+00
2.957010848260728508e+01,1.358897684052520916e+01,5.367998653289279609e+00
2.973192115028345484e+01,1.355887426550945207e+01,5.372429574193319901e+00
2.989352960601125986e+01,1.352769398334504913e+01,5.375543283538118722e+00
3.005492601936402508e+01,1.349543409973001751e+01,5.377253017964378046e+00
3.021610247862119891e+01,1.346209265844381164e+01,5.377505549582994426e+00
3.037705098085735500e+01,1.342766764314556838e+01,5.376226036102127459e+00
3.053804329529656059e+01,1.339209414381914875e+01,5.373360545694255030e+00
3.069879051840563022e+01,1.335542905564129157e+01,5.368895472935364843e+00
3.087231511298582021e+01,1.331455365410517366e+01,5.362199506280460604e+00
3.104553279058793791e+01,1.327239658624566232e+01,5.353469459863242186e+00
3.122931542691986451e+01,1.322617476888187937e+01,5.341997861350036736e+00
3.141272592268049024e+01,1.317849770789491437e+01,5.328061738282835691e+00
3.157767977969938045e+01,1.313428294365547977e+01,5.313434446121894972e+00
3.174231069592863363e+01,1.308888051372152006e+01,5.296920730816048639e+00
3.190066137420572900e+01,1.304399661632253249e+01,5.279116051980987656e+00
3.205869366013290289e+01,1.299800425627207900e+01,5.259514875163068481e+00
3.221639829262529986e+01,1.295090075410537089e+01,5.238084039557387328e+00
3.237376592943090259e+01,1.290268336234021795e+01,5.214829624758704263e+00
3.253078706624592797e+01,1.285334928897442985e+01,5.189763749715504915e+00
3.268745206357628064e+01,1.280289568948786005e+01,5.162889863197607454e+00
3.284375114613466451e+01,1.275131966661054328e+01,5.134229648806043933e+00
3.299967437107483192e+01,1.269861828062074771e+01,5.103793670090553292e+00
3.315521165858552877e+01,1.264478853919212398e+01,5.071606834694383892e+00
3.331035276091269282e+01,1.258982740766511732e+01,5.037686551707209581e+00
3.346526281430276129e+01,1.253366743522339100e+01,5.002013675778522739e+00
3.361975474858764557e+01,1.247636727778795596e+01,4.964687535031387711e+00
3.378577355260065929e+01,1.241333344934100502e+01,4.922627643396616293e+00
3.395128047623222756e+01,1.234896759687409507e+01,4.878663679345470072e+00
3.412415472387327497e+01,1.228008329537929733e+01,4.830657256658736465e+00
3.429643514298199136e+01,1.220972701012899897e+01,4.780607406780933211e+00
3.445145450822952427e+01,1.214493744546166987e+01,4.733740089151407204e+00
3.460596372016978250e+01,1.207894052944756780e+01,4.685386949662960987e+00
3.475681616542071595e+01,1.201311489121029830e+01,4.636552696267655094e+00
3.490715465813114804e+01,1.194612376656687935e+01,4.586327532885509761e+00
3.505696679410935701e+01,1.187796373336126621e+01,4.534737167342766995e+00
3.520623997771289027e+01,1.180863133796179909e+01,4.481812847246168907e+00
3.535496137637145608e+01,1.173812311621412263e+01,4.427595243059935015e+00
3.550311791916988113e+01,1.166643559530678331e+01,4.372112845248117274e+00
3.565069628521229106e+01,1.159356530066611057e+01,4.315403663756596231e+00
3.579768294246424176e+01,1.151950873771062867e+01,4.257498626969126398e+00
3.594406411293575587e+01,1.144426240930959970e+01,4.198434231181678911e+00
3.608982572458911875e+01,1.136782284221116335e+01,4.138242801554381067e+00
3.623593752223430187e+01,1.128965485896870291e+01,4.076528982800614820e+00
3.638139192097261798e+01,1.121027031045457889e+01,4.013760365372596617e+00
3.653988445864941070e+01,1.112194918416145484e+01,3.943857008888622673e+00
3.669755035472908844e+01,1.103216072653856372e+01,3.872701301547835318e+00
3.685007846842621149e+01,1.094342356774105873e+01,3.802376227477451298e+00
3.700178561437369495e+01,1.085329007204573948e+01,3.730969794843385312e+00
3.714258688343779369e+01,1.076792281871000156e+01,3.663381410070677191e+00
3.728263961110947378e+01,1.068133300374087646e+01,3.594934275190625250e+00
3.742186779815060760e+01,1.059355515142817694e+01,3.525659803990438323e+00
3.756031427283257074e+01,1.050454947634645464e+01,3.455554775627591724e+00
3.769796159734455188e+01,1.041431296805645168e+01,3.384647465644725628e+00
3.783479210509153035e+01,1.032284263139907665e+01,3.312952713358372492e+00
3.797078777461955212e+01,1.023013557112962424e+01,3.240497743116146356e+00
3.810593017042069874e+01,1.013618903948383299e+01,3.167297048511116930e+00
3.824020053151828336e+01,1.004100038298594200e+01,3.093375172750257640e+00
3.837357976369420243e+01,9.944567052436324772e+00,3.018743793822856514e+00
3.850604848008287462e+01,9.846886577555052256e+00,2.943421143711859145e+00
3.863758676720183161e+01,9.747956746588062771e+00,2.867428360121951236e+00
3.877376000130927736e+01,9.643445801946116447e+00,2.787478714812420932e+00
3.890887585264961501e+01,9.537571398432822534e+00,2.706818128418508884e+00
3.904838909387379431e+01,9.425900210939225587e+00,2.622131957293374338e+00
3.918670316729951963e+01,9.312747174300996633e+00,2.536689298993334063e+00
3.931341364652480053e+01,9.206876449397151774e+00,2.457077565216262638e+00
3.943905404400037185e+01,9.099738023934337505e+00,2.376872301221777839e+00
3.956320142313086308e+01,8.991682861268815330e+00,2.296328848087241248e+00
3.968623988254075385e+01,8.882366700354550559e+00,2.215200096352575976e+00
3.980814804949378782e+01,8.771787321145941618e+00,2.133499003798618787e+00
3.992889999107211452e+01,8.659946522370905342e+00,2.051240762387905647e+00
4.004847134294940503e+01,8.546844683060236036e+00,1.968447138268165864e+00
4.016683758817054439e+01,8.432482270507540179e+00,1.885148398944482162e+00
4.028397365709722777e+01,8.316860233001179381e+00,1.801387507038251234e+00
4.039985412247849439e+01,8.199979837359622437e+00,1.717225744815701338e+00
4.051445320214072154e+01,8.081842683722516796e+00,1.632746106334733716e+00
4.062774458021713286e+01,7.962450914760042409e+00,1.548072804135664615e+00
4.074292883902847251e+01,7.838288995056717390e+00,1.460947977284119181e+00
4.085667077131768110e+01,7.712804485036404145e+00,1.374079771579195919e+00
4.097226090453938951e+01,7.582204854244665171e+00,1.285336980046449584e+00
4.108625674709907827e+01,7.450211359513871479e+00,1.197951198415110996e+00
4.119234425030459334e+01,7.324373151627723288e+00,1.117500016292778842e+00
4.129695343188877388e+01,7.197303383217001027e+00,1.040157103405802808e+00
4.140005443769005211e+01,7.069008877543969227e+00,9.674993123349592272e-01
4.150161901639489059e+01,6.939494678570275354e+00,9.016984686059098530e-01
4.160161760589961233e+01,6.808767649371007202e+00,8.456629956915694413e-01
4.170002038976363679e+01,6.676835243233866457e+00,8.031002230727761759e-01
4.179679723199585339e+01,6.543705638705234584e+00,7.782173190589014578e-01
4.189191778461210447e+01,6.409387647845785629e+00,7.751722749627966147e-01
4.198535148231614755e+01,6.273890773786644282e+00,7.969753639996913774e-01
4.207706746868358039e+01,6.137225380133320307e+00,8.448816156415424050e-01
4.216703472364805094e+01,5.999402575110132751e+00,9.182108394672602314e-01
4.225522211344122780e+01,5.860434197725298056e+00,1.015142083861700462e+00
4.234536134620653769e+01,5.714135215402881052e+00,1.139228224341870321e+00
4.243349063736333449e+01,5.566616766338627897e+00,1.284970856631508340e+00
4.251699498729210092e+01,5.422421333750120809e+00,1.445511987891170858e+00
4.259854313401512371e+01,5.277110661691328808e+00,1.624370515191756903e+00
4.267713999558282723e+01,5.132501787197596421e+00,1.819061001463882832e+00
4.275376509612308240e+01,4.986838545392255462e+00,2.032088723956928522e+00
4.282838716735042084e+01,4.840139119748751106e+00,2.264298987582975542e+00
4.290097510399974823e+01,4.692422637048728973e+00,2.517028544691395808e+00
4.297149800015491650e+01,4.543709202551468707e+00,2.791832573217701619e+00
4.303992518931568156e+01,4.394019934000730210e+00,3.090779432486653100e+00
4.310622630763460705e+01,4.243376949181477897e+00,3.416097521799107639e+00
4.317037135329629649e+01,4.091803359020045328e+00,3.770738979413121861e+00
4.323233072227180429e+01,3.939323317808792968e+00,4.157869924265371608e+00
4.329207529200502336e+01,3.785961960655008784e+00,4.581431812155968508e+00
4.335031903896948080e+01,3.629707782219648848e+00,5.052148787007730846e+00
4.340623072578492980e+01,3.472604063306257149e+00,5.570582576363184657e+00
4.346030436610260494e+01,3.313099949882925888e+00,6.149088954711788624e+00
4.351194156876804442e+01,3.152790521204387186e+00,6.791547914876166381e+00
4.356002309393760896e+01,2.995382586697926453e+00,7.490614370970167357e+00
4.360572631334862592e+01,2.837267753020972005e+00,8.271471359072274154e+00
4.364902708670398823e+01,2.678478187121916765e+00,9.148534548955483459e+00
4.368990221570457777e+01,2.519047006194858440e+00,1.014019902191299494e+01
4.372832951190024176e+01,2.359008221556078588e+00,1.126896810572337593e+01
4.376428785680077027e+01,2.198396696383091431e+00,1.256640449583486152e+01
4.379775725442491563e+01,2.037248124858245024e+00,1.406873856558808633e+01
4.382871888262321391e+01,1.875599011885864309e+00,1.584090337754287781e+01
4.385715515041209045e+01,1.713486610976102886e+00,1.792845665603858052e+01
4.388304974936805536e+01,1.550948868644025813e+00,2.053167457898598514e+01
4.390649881566343993e+01,1.387202386568695767e+00,2.355720459616951956e+01
4.392735158408965646e+01,1.223105074503205714e+00,2.806482977361955733e+01
4.394715760259725101e+01,1.043410773611825437e+00,3.262468227418077760e+01
4.396383369078042591e+01,8.633990399517535996e-01,4.506766748606023754e+01
4.397883938678102567e+01,6.605556379120193222e-01,4.949765620053715054e+01
4.398985427715415142e+01,4.574564398376567698e-01,1.109799829129083406e+02
4.399746283006898295e+01,2.287844547330199485e-01,1.260723806862652339e+02
4.399999999999997868e+01,-4.431637664244607668e-17,9.052974340795277612e+02
