x,y,stress
1.999999999999998890e+00,2.674103046287799404e-16,1.295397980688623193e+03
2.012525910595643897e+00,1.649934106726139160e-01,1.263425210815850761e+02
2.049058524915841506e+00,3.263973455564337933e-01,1.376247670877797020e+02
2.106887475926166875e+00,4.814812015566681258e-01,3.934069668133677311e+01
2.182556309293469443e+00,6.287181809901799534e-01,3.795133248273912585e+01
2.272664218881990994e+00,7.676163080752720358e-01,2.202635637949509473e+01
2.374281575245587916e+00,8.983514034232670253e-01,1.720794459810612054e+01
2.485053148205428997e+00,1.021442331102790479e+00,1.257714880162639481e+01
2.603146267336070796e+00,1.137539190576418058e+00,9.706047177183668495e+00
2.727151456004096364e+00,1.247307454260820903e+00,7.572107935113332466e+00
2.855984784163259516e+00,1.351373139804969092e+00,6.037980792689799259e+00
2.988807392154073650e+00,1.450301448039244656e+00,4.888479574768447300e+00
3.124963850128330112e+00,1.544592271613988599e+00,4.022328650501838965e+00
3.263936444442349316e+00,1.634683465841384686e+00,3.357080078375485499e+00
3.405311864679661848e+00,1.720957282106748698e+00,2.843762648731120279e+00
3.548756442507284614e+00,1.803747278753575545e+00,2.444058639919442388e+00
3.693997556238520108e+00,1.883344818760763983e+00,2.130716746251480664e+00
3.840810168493233423e+00,1.960005180086763943e+00,1.884706029210197364e+00
3.989007845728179458e+00,2.033953387952467828e+00,1.690800055398235635e+00
4.138433941007932937e+00,2.105388055488193189e+00,1.537639057666473574e+00
4.288955544060564229e+00,2.174485115425490722e+00,1.419970966731496365e+00
4.440460211848344052e+00,2.241401588783832555e+00,1.315359634528551647e+00
4.592850133524201794e+00,2.306277230895397157e+00,1.243875654591715785e+00
4.746040781814098608e+00,2.369237472228967967e+00,1.185514845160864805e+00
4.899959827437865734e+00,2.430395747736119993e+00,1.145056080175255175e+00
5.054543677000290280e+00,2.489854385582439544e+00,1.109053252916975207e+00
5.209736170278108425e+00,2.547706051019392071e+00,1.083857042587478059e+00
5.365487825008453449e+00,2.604035072769389281e+00,1.064876537650946364e+00
5.521754830401591541e+00,2.658918412163731482e+00,1.051516810306368788e+00
5.679736622179462735e+00,2.712843350788803676e+00,1.042284061659225936e+00
5.838166532075891091e+00,2.765437321609654386e+00,1.036490700140936472e+00
5.996039278276263040e+00,2.816450769666945408e+00,1.033392820011153290e+00
6.154294704739130317e+00,2.866264504217446163e+00,1.032406718597518314e+00
6.312634129934736826e+00,2.914846593465369118e+00,1.033091822719311770e+00
6.471306360070591346e+00,2.962330546768783268e+00,1.035096862710396914e+00
6.630290505129919687e+00,3.008759840623408177e+00,1.038148484114838732e+00
6.789567373625897240e+00,3.054174864051290239e+00,1.042023990853961024e+00
6.949119599534989256e+00,3.098613300191892517e+00,1.046547488467745923e+00
7.108931073620918362e+00,3.142110267248408029e+00,1.051578468610456119e+00
7.268987003776820721e+00,3.184698604974375957e+00,1.057002999482151928e+00
7.429273950682177663e+00,3.226409116838197644e+00,1.062730626209193119e+00
7.589779414936093538e+00,3.267270667877810286e+00,1.068684919546089684e+00
7.750491877689262843e+00,3.307310382026359630e+00,1.074809900484646974e+00
7.917601389336552664e+00,3.348049524632997542e+00,1.081296171439691367e+00
8.084911544576590003e+00,3.387956698789614585e+00,1.087871625175472312e+00
8.256807711203519418e+00,3.428072090832196661e+00,1.094672371316234738e+00
8.428894058057661454e+00,3.467363689824092710e+00,1.101496135939618259e+00
8.590550082731120085e+00,3.503508593897875389e+00,1.107901506398851765e+00
8.752357786989323429e+00,3.538968339133202523e+00,1.114288921799285959e+00
8.914288318993518700e+00,3.573756209636241188e+00,1.120644536670962976e+00
9.076357133730404314e+00,3.607894082450921136e+00,1.126957598375005976e+00
9.238558181630965649e+00,3.641398128618228203e+00,1.133218874646949814e+00
9.400885754716773235e+00,3.674283714016521873e+00,1.139422405928120607e+00
9.563334472728849178e+00,3.706565455557305988e+00,1.145562213149298847e+00
9.725899310596263447e+00,3.738257280065659494e+00,1.151631440152839581e+00
9.888575532488166786e+00,3.769372459859554159e+00,1.157627831772753080e+00
1.005135862111785094e+01,3.799923644427208203e+00,1.163547822643168139e+00
1.021424431761959895e+01,3.829922909716863444e+00,1.169387694606762063e+00
1.037722861509175587e+01,3.859381794628052642e+00,1.175148927891445760e+00
1.054871985975289839e+01,3.889789007282622446e+00,1.181116256582281032e+00
1.072031173912144553e+01,3.919623110644134378e+00,1.186994855130131921e+00
1.090841805678120835e+01,3.951665189059524685e+00,1.193329201324194511e+00
1.109663548176138015e+01,3.983048052665009386e+00,1.199546638495768702e+00
1.126951601397548153e+01,4.011289653442509540e+00,1.205157781854527377e+00
1.144248284857436282e+01,4.038997802198281306e+00,1.210673951401515458e+00
1.160609943130249100e+01,4.064714149017757627e+00,1.215802869862522284e+00
1.176978766077443161e+01,4.089970451239639537e+00,1.220847912918296307e+00
1.193354506335592191e+01,4.114774404765110916e+00,1.225809323515235194e+00
1.209736924613946130e+01,4.139133401245351784e+00,1.230686797838634661e+00
1.226125789900886787e+01,4.163054544680692359e+00,1.235481756502096795e+00
1.242520888473657514e+01,4.186544679322179441e+00,1.240193419502451544e+00
1.258922013416056984e+01,4.209610387936937315e+00,1.244823882287298122e+00
1.275328964009558774e+01,4.232258004277812624e+00,1.249371040803458177e+00
1.291741551014030165e+01,4.254493632642851075e+00,1.253839438677502915e+00
1.308159588966867659e+01,4.276323148705762023e+00,1.258222079917764580e+00
1.324582899352410159e+01,4.297752214791013436e+00,1.262532560645473145e+00
1.341011315305894591e+01,4.318786295906736683e+00,1.266721894615787658e+00
1.358454311133282921e+01,4.340686224653541814e+00,1.271135243543930038e+00
1.375902688898843351e+01,4.362153152793578847e+00,1.275445026681137461e+00
1.395502174885419322e+01,4.385750121921407008e+00,1.280182341339080043e+00
1.415107977427687480e+01,4.408816405257669047e+00,1.284807743844570416e+00
1.434068000740099436e+01,4.430618768288908882e+00,1.289183505056484380e+00
1.453033507586176576e+01,4.451938875718287392e+00,1.293455791327772442e+00
1.469971833606202516e+01,4.470572746593783009e+00,1.297187700458626747e+00
1.486914243513596467e+01,4.488831577589841970e+00,1.300842655915285695e+00
1.503385208767444148e+01,4.506222833423080942e+00,1.304319507035776926e+00
1.519859796769429572e+01,4.523267499859906948e+00,1.307724110274180784e+00
1.536337895464175496e+01,4.539969181774590190e+00,1.311056459673088481e+00
1.552819399918110221e+01,4.556331367801951693e+00,1.314317592427457493e+00
1.569304208699114689e+01,4.572357430979073989e+00,1.317508135792871293e+00
1.585792219638688927e+01,4.588050629006118264e+00,1.320628764920229070e+00
1.602283334065574394e+01,4.603414112588923857e+00,1.323680286981848919e+00
1.618777459195558421e+01,4.618450931380333913e+00,1.326663203395460400e+00
1.635274505029255110e+01,4.633164034587698765e+00,1.329578241695407836e+00
1.651774381148724657e+01,4.647556271667865779e+00,1.332426216191390234e+00
1.668352028974821977e+01,4.661693659041237225e+00,1.335219310660827663e+00
1.684932360571434273e+01,4.675512740983391424e+00,1.337947981026976096e+00
1.703044619233649470e+01,4.690245539271452380e+00,1.340850758208773419e+00
1.721159875836931974e+01,4.704605022400307313e+00,1.343677308369944035e+00
1.741510234262274537e+01,4.720292273354880663e+00,1.346758657916403257e+00
1.761864106268203756e+01,4.735516872430855173e+00,1.349740457258807869e+00
1.781569299741881807e+01,4.749817093745702934e+00,1.352537399909220062e+00
1.801277538600095696e+01,4.763691302924833337e+00,1.355243615616310349e+00
1.818779209384839746e+01,4.775656129483963674e+00,1.357573777111667157e+00
1.836283110355154946e+01,4.787290144753867160e+00,1.359836327839935244e+00
1.852811150200131252e+01,4.797972650336565614e+00,1.361910110095489568e+00
1.869341045567293236e+01,4.808364091090135517e+00,1.363924686217913518e+00
1.885872734754811120e+01,4.818466222722759262e+00,1.365879567752338986e+00
1.902406156412098071e+01,4.828280738221278234e+00,1.367775515559388033e+00
1.918941250551560884e+01,4.837809270062622069e+00,1.369612951046074834e+00
1.935477959118733438e+01,4.847053391997406813e+00,1.371392495309389670e+00
1.952016225623981782e+01,4.856014620199447407e+00,1.373114662763074145e+00
1.968555993085277578e+01,4.864694413510023629e+00,1.374779979519549666e+00
1.985097205421814692e+01,4.873094175546054174e+00,1.376388923803937736e+00
2.001639809406484005e+01,4.881215256869153585e+00,1.377942100622339794e+00
2.018183751270544946e+01,4.889058954404426949e+00,1.379439659456359824e+00
2.034728979263229220e+01,4.896626513815056647e+00,1.380883655203429372e+00
2.052266241227767551e+01,4.904347094345307134e+00,1.382353465527830005e+00
2.069804829913615052e+01,4.911760180434868950e+00,1.383764617811859443e+00
2.089559174842356981e+01,4.919742609072853767e+00,1.385280492408156094e+00
2.109315044202244493e+01,4.927338411833719789e+00,1.386720104404525422e+00
2.130344406626109333e+01,4.935000350629720423e+00,1.388170584674275343e+00
2.151375306266504595e+01,4.942228065939684001e+00,1.389532879091263995e+00
2.170274097929323176e+01,4.948353695747860215e+00,1.390686639997777529e+00
2.189173985342547368e+01,4.954131378512121486e+00,1.391773299562333310e+00
2.206103897243386669e+01,4.959012094045235131e+00,1.392689762258517927e+00
2.223034586347144526e+01,4.963615328060102527e+00,1.393554485855761582e+00
2.239591700880743375e+01,4.967849145368925967e+00,1.394348541874592451e+00
2.256149469496743265e+01,4.971818937579873143e+00,1.395092590252984932e+00
2.272707847822988825e+01,4.975525296221491978e+00,1.395786281426384168e+00
2.289266793704064540e+01,4.978968772415926836e+00,1.396430081091689646e+00
2.305826265075890191e+01,4.982149876755012308e+00,1.397024158240381508e+00
2.322386218853451822e+01,4.985069079515043633e+00,1.397568788606915025e+00
2.338946612653678159e+01,4.987726811375719826e+00,1.398064074452922689e+00
2.355507404873407040e+01,4.990123463717651475e+00,1.398510283297969004e+00
2.372068553803694613e+01,4.992259388763578443e+00,1.398907656260367727e+00
2.388630018121746446e+01,4.994134899916637949e+00,1.399256541041471236e+00
2.405316241728573345e+01,4.995761429311772694e+00,1.399558511182758647e+00
2.422002701648062484e+01,4.997124135818494572e+00,1.399812982307763187e+00
2.440343858730209448e+01,4.998317838398447677e+00,1.400035155939795439e+00
2.458685195343110763e+01,4.999193265218540461e+00,1.400199190162406238e+00
2.479342558286752407e+01,4.999798327739001458e+00,1.400312959264568669e+00
2.500000000000025224e+01,4.999999999999997335e+00,1.400349345060333484e+00
2.520657441713297331e+01,4.999798327739000570e+00,1.400312163852256431e+00
2.541314804656934356e+01,4.999193265218538684e+00,1.400197631058037739e+00
2.559656141269839580e+01,4.998317838398445900e+00,1.400033083660648936e+00
2.577997298351975886e+01,4.997124135818491908e+00,1.399810348857142506e+00
2.594683758271465024e+01,4.995761429311769142e+00,1.399555281981624377e+00
2.611369981878290858e+01,4.994134899916634396e+00,1.399252665085013003e+00
2.627931446196343401e+01,4.992259388763573114e+00,1.398902767010836268e+00
2.644492595126630619e+01,4.990123463717644370e+00,1.398504305406752968e+00
2.661053387346360211e+01,4.987726811375714497e+00,1.398056643031923008e+00
2.677613781146585836e+01,4.985069079515036528e+00,1.397559887317155969e+00
2.694173734924147823e+01,4.982149876755005202e+00,1.397013588659706151e+00
2.710733206295972764e+01,4.978968772415917954e+00,1.396417796234787900e+00
2.727292152177049545e+01,4.975525296221483984e+00,1.395772345188194041e+00
2.743850530503294749e+01,4.971818937579864262e+00,1.395077008427661802e+00
2.760408299119293574e+01,4.967849145368917085e+00,1.394331525606164579e+00
2.776965413652891357e+01,4.963615328060091869e+00,1.393536049178712544e+00
2.793896102756650990e+01,4.959012094045222696e+00,1.392670179808297215e+00
2.810826014657492422e+01,4.954131378512109052e+00,1.391752650936982860e+00
2.829725902070718746e+01,4.948353695747847780e+00,1.390664954924468733e+00
2.848624693733539814e+01,4.942228065939668902e+00,1.389510207184742940e+00
2.869655593373941826e+01,4.935000350629701771e+00,1.388146992071849217e+00
2.890684955797811995e+01,4.927338411833698473e+00,1.386695564095385302e+00
2.910440825157698441e+01,4.919742609072831563e+00,1.385255128537190350e+00
2.930195170086438594e+01,4.911760180434845857e+00,1.383738413800760014e+00
2.947733758772282542e+01,4.904347094345283153e+00,1.382326777398663831e+00
2.965271020736818031e+01,4.896626513815033555e+00,1.380856501134752223e+00
2.981816248729501240e+01,4.889058954404404744e+00,1.379412189978695746e+00
2.998360190593561825e+01,4.881215256869130492e+00,1.377914366790713219e+00
3.014902794578231138e+01,4.873094175546030193e+00,1.376361154789998320e+00
3.031444006914768252e+01,4.864694413509998761e+00,1.374752236158962804e+00
3.047983774376064048e+01,4.856014620199421650e+00,1.373087150181694582e+00
3.064522040881312037e+01,4.847053391997379279e+00,1.371365286990716026e+00
3.081058749448484591e+01,4.837809270062593647e+00,1.369586125144269584e+00
3.097593843587948115e+01,4.828280738221249813e+00,1.367749092263033983e+00
3.114127265245234710e+01,4.818466222722730841e+00,1.365853070758762167e+00
3.130658954432752239e+01,4.808364091090106207e+00,1.363898033372787699e+00
3.147188849799914578e+01,4.797972650336535416e+00,1.361882671432094405e+00
3.163716889644890173e+01,4.787290144753836962e+00,1.359807938742003675e+00
3.181220790615205729e+01,4.775656129483931700e+00,1.357543858503731382e+00
3.198722461399950134e+01,4.763691302924799587e+00,1.355212003041982305e+00
3.218430700258165444e+01,4.749817093745666519e+00,1.352503876230666702e+00
3.238135893731845272e+01,4.735516872430816981e+00,1.349704933378474747e+00
3.258489765737765964e+01,4.720292273354847801e+00,1.346720944230779260e+00
3.278840124163101422e+01,4.704605022400279779e+00,1.343637253373466622e+00
3.296955380766382149e+01,4.690245539271423958e+00,1.340808435163794554e+00
3.315067639428595214e+01,4.675512740983363891e+00,1.337903273554856387e+00
3.331647971025205379e+01,4.661693659041211468e+00,1.335172541868146379e+00
3.348225618851300567e+01,4.647556271667841798e+00,1.332377439434363708e+00
3.364725494970769404e+01,4.633164034587673896e+00,1.329528147891225309e+00
3.381222540804466092e+01,4.618450931380308155e+00,1.326611949111227151e+00
3.397716665934449765e+01,4.603414112588898988e+00,1.323628693382166377e+00
3.414207780361335409e+01,4.588050629006092507e+00,1.320576934802363489e+00
3.430695791300908581e+01,4.572357430979047344e+00,1.317455977247945276e+00
3.447180600081912161e+01,4.556331367801926824e+00,1.314265100823692523e+00
3.463662104535847419e+01,4.539969181774566209e+00,1.311003532279841899e+00
3.480140203230592988e+01,4.523267499859882079e+00,1.307670657840355632e+00
3.496614791232580188e+01,4.506222833423052521e+00,1.304265499499863257e+00
3.513085756486429290e+01,4.488831577589811772e+00,1.300788135904588971e+00
3.530028166393824307e+01,4.470572746593751035e+00,1.297134132587042465e+00
3.546966492413852023e+01,4.451938875718253641e+00,1.293403294908528345e+00
3.565931999259930762e+01,4.430618768288871578e+00,1.289132315766166270e+00
3.584892022572344672e+01,4.408816405257628190e+00,1.284759449033852752e+00
3.604497825114609810e+01,4.385750121921368816e+00,1.280132224693091958e+00
3.624097311101181162e+01,4.362153152793544209e+00,1.275393097797262731e+00
3.641545688866738573e+01,4.340686224653511616e+00,1.271079201785280555e+00
3.658988684694122639e+01,4.318786295906711814e+00,1.266680028812201320e+00
3.675417100647607782e+01,4.297752214790987679e+00,1.262452809702226730e+00
3.691840411033150815e+01,4.276323148705731825e+00,1.258148300514429607e+00
3.708258448985989730e+01,4.254493632642820877e+00,1.253763367431923514e+00
3.724671035990461831e+01,4.232258004277780650e+00,1.249298192078371450e+00
3.741077986583963622e+01,4.209610387936905340e+00,1.244751934453530717e+00
3.757479111526362914e+01,4.186544679322146578e+00,1.240124094014191769e+00
3.773874210099132398e+01,4.163054544680660385e+00,1.235413877423988227e+00
3.790263075386071989e+01,4.139133401245320698e+00,1.230620960996817059e+00
3.806645493664425572e+01,4.114774404765081606e+00,1.225744445070171107e+00
3.823021233922575135e+01,4.089970451239608451e+00,1.220784094393125407e+00
3.839390056869769552e+01,4.064714149017723877e+00,1.215739027111048642e+00
3.855751715142582725e+01,4.038997802198245779e+00,1.210610081060049747e+00
3.873048398602471565e+01,4.011289653442474012e+00,1.205093746966305446e+00
3.890336451823880992e+01,3.983048052664971639e+00,1.199482462005521777e+00
3.909158194321897639e+01,3.951665189059487826e+00,1.193264379133572639e+00
3.927968826087872145e+01,3.919623110644100183e+00,1.186930365323810799e+00
3.945128014024727037e+01,3.889789007282588695e+00,1.181050970098881159e+00
3.962277138490840400e+01,3.859381794628017115e+00,1.175081799178925968e+00
3.978575568238055382e+01,3.829922909716827917e+00,1.169319370576733519e+00
3.994864137888230005e+01,3.799923644427174896e+00,1.163478257938450389e+00
4.011142446751198776e+01,3.769372459859520408e+00,1.157558186099069353e+00
4.027410068940388044e+01,3.738257280065624411e+00,1.151562016290980317e+00
4.043666552727129471e+01,3.706565455557270017e+00,1.145492707978802871e+00
4.059911424528338131e+01,3.674283714016485014e+00,1.139354059618962856e+00
4.076144181836917824e+01,3.641398128618193120e+00,1.133151065984193240e+00
4.092364286626973069e+01,3.607894082450886497e+00,1.126889331501007341e+00
4.108571168100662163e+01,3.573756209636205661e+00,1.120576532507886247e+00
4.124764221301082756e+01,3.538968339133164775e+00,1.114221090950621829e+00
4.140944991726902202e+01,3.503508593897838086e+00,1.107834089199708050e+00
4.157110594194247710e+01,3.467363689824053186e+00,1.101429085524907592e+00
4.174319228879659960e+01,3.428072090832161578e+00,1.094605833608095269e+00
4.191508845542350770e+01,3.387956698789585719e+00,1.087805511325724783e+00
4.208239861066353882e+01,3.348049524632970897e+00,1.081230376821688655e+00
4.224950812231082864e+01,3.307310382026329432e+00,1.074744587773348581e+00
4.241022058506399617e+01,3.267270667877779644e+00,1.068620267751843489e+00
4.257072604931793336e+01,3.226409116838161673e+00,1.062667231647023591e+00
4.273101299622327787e+01,3.184698604974343539e+00,1.056943382513496843e+00
4.289106892637918378e+01,3.142110267248370725e+00,1.051523508338341184e+00
4.305088040046511111e+01,3.098613300191857434e+00,1.046498251821600167e+00
4.321043262637422089e+01,3.054174864051252047e+00,1.041981306708299693e+00
4.336970949487018601e+01,3.008759840623372650e+00,1.038112455772858267e+00
4.352869363992950724e+01,2.962330546768741524e+00,1.035068484171505432e+00
4.368736587006537064e+01,2.914846593465329150e+00,1.033068153913436316e+00
4.384570529526100557e+01,2.866264504217397757e+00,1.032386958921230002e+00
4.400396072172384976e+01,2.816450769666902776e+00,1.033371045288404844e+00
4.416183346792423237e+01,2.765437321609602872e+00,1.036461228526532219e+00
4.432026337782063763e+01,2.712843350788761487e+00,1.042249767926594073e+00
4.447824516959853725e+01,2.658918412163679079e+00,1.051442444800582132e+00
4.463451217499162027e+01,2.604035072769353309e+00,1.064783644288671338e+00
4.479026382972198661e+01,2.547706051019339668e+00,1.083440597259132776e+00
4.494545632299975324e+01,2.489854385582413787e+00,1.108773925280231332e+00
4.510004017256221687e+01,2.430395747736077805e+00,1.142526392411233438e+00
4.525395921818589073e+01,2.369237472228962194e+00,1.186816006027479498e+00
4.540714986647586215e+01,2.306277230895360297e+00,1.244360867897809753e+00
4.555953978815161776e+01,2.241401588783840548e+00,1.318513834772009563e+00
4.571104445593952192e+01,2.174485115425441872e+00,1.413457233066296004e+00
4.586156605899197558e+01,2.105388055488224275e+00,1.534621281810305549e+00
4.601099215427191069e+01,2.033953387952413205e+00,1.688563195391924454e+00
4.615918983150660182e+01,1.960005180086839216e+00,1.883853784286063426e+00
4.630600244376157093e+01,1.883344818760702255e+00,2.131962192161305669e+00
4.645124355749239697e+01,1.803747278753742966e+00,2.446066877344139634e+00
4.659468813532041764e+01,1.720957282106687636e+00,2.846354924659688201e+00
4.673606355555707381e+01,1.634683465841731520e+00,3.357685788800963689e+00
4.687503614987173250e+01,1.544592271613931755e+00,4.019585814250240752e+00
4.701119260784495424e+01,1.450301448039925889e+00,4.882297850947352913e+00
4.714401521583679511e+01,1.351373139804898926e+00,6.027840828546644936e+00
4.727284854399432845e+01,1.247307454262120974e+00,7.560077836686549979e+00
4.739685373266400603e+01,1.137539190576328352e+00,9.691601448679151076e+00
4.751494685179230970e+01,1.021442331105119061e+00,1.256306618912497974e+01
4.762571842475449557e+01,8.983514034231400158e-01,1.720316869782357116e+01
4.772733578111562025e+01,7.676163080785837201e-01,2.202101574202016820e+01
4.781744369070654699e+01,6.287181809901060126e-01,3.801712129753998681e+01
4.789311252407285480e+01,4.814812015588198491e-01,3.960902567063838831e+01
4.795094147508412874e+01,3.263973455563985437e-01,1.374506409826025504e+02
4.798747408940430859e+01,1.649934106726755612e-01,1.271996447103945940e+02
4.799999999999997868e+01,-3.174607707405354536e-17,1.296014818856117927e+03
