x,y,stress
4.999999999999997335e+00,-3.380373441408552824e-13,8.472034666174104132e+02
5.002684260488746482e+00,2.293642845013785792e-01,1.286758639324185935e+02
5.010733325408446071e+00,4.586030177737596136e-01,1.073276446072960510e+02
5.022381427555036915e+00,6.621408650824093245e-01,4.851463113810973482e+01
5.038246058527282578e+00,8.653935487674503380e-01,4.388476577282875013e+01
5.055867707703112224e+00,1.045694832447154665e+00,3.154769669481008876e+01
5.076790308853709632e+00,1.225642951793546986e+00,2.707138231389982153e+01
5.098813260149707816e+00,1.389948023973375468e+00,2.257221116810902473e+01
5.123570089239025016e+00,1.553863462881231561e+00,1.957390715213646715e+01
5.150901845363780929e+00,1.716542513115348445e+00,1.697823550510787882e+01
5.180905006631995491e+00,1.878750139185405343e+00,1.490000973201399859e+01
5.213559346447749654e+00,2.040444919396975809e+00,1.313438327668097472e+01
5.248843102459589183e+00,2.201586380836221934e+00,1.163941729901228861e+01
5.286733048004568225e+00,2.362135046708547126e+00,1.035045917424594109e+01
5.327204565995299568e+00,2.522052479189094587e+00,9.231729060734613412e+00
5.370231730756469979e+00,2.681301339078089985e+00,8.251988775060731029e+00
5.415787387728109969e+00,2.839845420985453117e+00,7.388798551760400457e+00
5.463843235639349594e+00,2.997649687735307378e+00,6.623860229665317512e+00
5.514369910946187225e+00,3.154680303288242449e+00,5.942559331825009394e+00
5.568674867989916955e+00,3.314749729755710472e+00,5.319375827122224010e+00
5.625508632024549094e+00,3.473938870187550876e+00,4.761931964734674061e+00
5.684228188421696082e+00,3.630629431419321484e+00,4.266264855379568566e+00
5.745357904264168702e+00,3.786395555790190048e+00,3.819703410123925114e+00
5.807946017773851999e+00,3.939020351842016154e+00,3.422983687548192933e+00
5.872808439460606600e+00,4.090692615334357463e+00,3.059638972099561816e+00
5.939910650538977599e+00,4.241387397465084419e+00,2.711536683772682199e+00
6.009217706863613451e+00,4.391080968099058346e+00,2.416278541386052581e+00
6.080694320060360702e+00,4.539750826709750164e+00,2.140161922718214260e+00
6.154304956097107926e+00,4.687375744804856303e+00,1.888889208568105049e+00
6.230013876075762624e+00,4.833935688935975250e+00,1.658110670452671132e+00
6.307785184139891754e+00,4.979411771092297379e+00,1.446464427735580927e+00
6.387582912127482082e+00,5.123786273066518682e+00,1.252309705682501217e+00
6.469371075219901179e+00,5.267042615123842531e+00,1.074589938162918701e+00
6.554136212764721137e+00,5.410873633707727670e+00,9.109767756859815657e-01
6.640866108486250141e+00,5.553528549418010662e+00,7.638688914127808038e-01
6.733122611704005500e+00,5.700647624232765054e+00,6.300651003073682865e-01
6.827423231567220974e+00,5.846464937186784283e+00,5.198941790867880330e-01
6.918859367711355901e+00,5.983765802849100091e+00,4.432638926206785013e-01
7.012067854940479350e+00,6.119869737250938080e+00,4.017737822123234603e-01
7.107013274508045875e+00,6.254766403333595903e+00,3.998020168631604698e-01
7.203661804044370065e+00,6.388448163633613675e+00,4.328882930077053159e-01
7.301979367855704339e+00,6.520907313791195037e+00,4.904096690704542461e-01
7.401932229813887432e+00,6.652136895044254317e+00,5.623935361674221589e-01
7.503487049045372892e+00,6.782130707452323826e+00,6.421690280011287388e-01
7.606610952640381562e+00,6.910883340725942681e+00,7.258478126001240982e-01
7.711271499906278137e+00,7.038390068511624520e+00,8.112588312562973858e-01
7.817436673079097176e+00,7.164646787037928455e+00,8.971951450698999464e-01
7.925074926444485079e+00,7.289650027875683058e+00,9.829974817926313557e-01
8.034155218878749949e+00,7.413396948958113519e+00,1.068299603750075155e+00
8.150498585605800983e+00,7.542294612536738718e+00,1.157312762254203209e+00
8.268370809819247214e+00,7.669795725749334991e+00,1.245458415815811959e+00
8.387935684551164783e+00,7.796105848300279639e+00,1.332859254226191892e+00
8.508965953863759424e+00,7.921012566818459888e+00,1.419354510487149446e+00
8.625081255347259557e+00,8.038183730915209324e+00,1.500623017590718700e+00
8.742456864950808537e+00,8.154092389339679059e+00,1.581152953393487826e+00
8.861065362599346074e+00,8.268739111687924748e+00,1.660978182660579172e+00
8.980879886256124323e+00,8.382124878746958885e+00,1.740132818256748370e+00
9.101874115430254264e+00,8.494251040886593884e+00,1.818657009460514118e+00
9.224022143289371201e+00,8.605119180211403318e+00,1.896577661285353988e+00
9.347298605617369915e+00,8.714731214361297162e+00,1.973925348157126169e+00
9.471678669210112034e+00,8.823089365828192143e+00,2.050717400816790548e+00
9.597137365263522568e+00,8.930195580230313013e+00,2.126980260540591861e+00
9.723651452008004625e+00,9.036053107951989460e+00,2.202725151860121411e+00
9.851198820176495730e+00,9.140665904568836098e+00,2.277966603458069450e+00
9.979755351994510804e+00,9.244036069265987976e+00,2.352720662074674340e+00
1.011724909213572410e+01,9.352370044704596097e+00,2.431493017649051236e+00
1.025582772507092422e+01,9.459312772307205464e+00,2.509710659659356580e+00
1.040024780222061729e+01,9.568445303396140744e+00,2.590014198649074117e+00
1.054577299224775366e+01,9.676099812842934966e+00,2.669689382290981072e+00
1.068007377258449253e+01,9.773456875245059905e+00,2.742181191646034577e+00
1.081525948760362077e+01,9.869581395987905736e+00,2.814171955378593548e+00
1.095055628220020161e+01,9.963956759138614672e+00,2.885236795193987458e+00
1.108668942457553364e+01,1.005712168205063506e+01,2.955777065300909001e+00
1.122364015946433291e+01,1.014908053355560114e+01,3.025785050479314009e+00
1.136139015611020220e+01,1.023983776960429104e+01,3.095209196062949975e+00
1.149992147220705796e+01,1.032939790473180075e+01,3.164042223740561433e+00
1.163921653654151989e+01,1.041776549788204065e+01,3.232264868452168205e+00
1.177925818510125033e+01,1.050494517231079783e+01,3.299859811714054292e+00
1.192002957289900777e+01,1.059094155761517086e+01,3.366809557161931199e+00
1.206151420345824476e+01,1.067575930758167324e+01,3.433090039198439580e+00
1.220369600048861614e+01,1.075940314034768086e+01,3.498683014268402225e+00
1.235003977469573044e+01,1.084386776413875886e+01,3.565122701892416313e+00
1.249708189067083453e+01,1.092711073377543407e+01,3.630805707564390694e+00
1.266060084916701634e+01,1.101781384904677097e+01,3.702545759761395772e+00
1.282493370245519948e+01,1.110703392984330762e+01,3.773215153786395604e+00
1.298102737274078322e+01,1.119002705639020512e+01,3.839063933892671088e+00
1.313781244649594804e+01,1.127170653265475231e+01,3.903921282583157737e+00
1.328477465947423397e+01,1.134677102342972077e+01,3.963532195305728756e+00
1.343231108913688310e+01,1.142070054322992156e+01,4.022237483461159613e+00
1.358035243990952168e+01,1.149347242158028415e+01,4.079951163542382631e+00
1.372894145984543002e+01,1.156511942430168816e+01,4.136676292671667809e+00
1.387806546467842317e+01,1.163564610900874463e+01,4.192365635877951746e+00
1.402771207851525403e+01,1.170505702277180227e+01,4.246999570345042052e+00
1.417786915283049609e+01,1.177335666342031928e+01,4.300518028056641739e+00
1.432852476938717778e+01,1.184054948206308033e+01,4.352908870292345078e+00
1.447966727326911140e+01,1.190663989823529967e+01,4.404109960365574672e+00
1.463128519282020257e+01,1.197163226511787748e+01,4.454127692421561591e+00
1.478336731136984561e+01,1.203553090178205132e+01,4.503650300967256825e+00
1.493590260811714110e+01,1.209834006822759456e+01,4.550938062687582608e+00
1.509578286938033287e+01,1.216281943812677291e+01,4.599264147637804889e+00
1.525613418106028618e+01,1.222611829904422542e+01,4.646128493736911835e+00
1.543466456172551027e+01,1.229500448951166902e+01,4.696357384304037375e+00
1.561374486482278812e+01,1.236244818485828922e+01,4.744627226571824785e+00
1.578218196263236983e+01,1.242439523714092431e+01,4.788165060146217122e+00
1.595107651919034097e+01,1.248508398373199491e+01,4.829923122925373846e+00
1.610711020726483511e+01,1.253989993802943381e+01,4.866835108052829817e+00
1.626351244216010983e+01,1.259365533609432930e+01,4.902210357549041220e+00
1.641987379095535005e+01,1.264622088910611453e+01,4.935916668838298271e+00
1.657658349383822838e+01,1.269773864269632213e+01,4.968020360767519961e+00
1.673363264927543881e+01,1.274821217674104368e+01,4.998498717079526088e+00
1.689101248301470903e+01,1.279764499860011284e+01,5.027330029911086129e+00
1.704871438342069823e+01,1.284604055541448453e+01,5.054500203785964985e+00
1.720672986590094666e+01,1.289340222370768352e+01,5.079988967902640873e+00
1.736505060496956432e+01,1.293973331990690134e+01,5.103783808719676962e+00
1.752366837463251770e+01,1.298503708348534325e+01,5.125874685340911618e+00
1.768257504124212431e+01,1.302931667689230899e+01,5.146248156295736287e+00
1.784176269814773619e+01,1.307257522364593605e+01,5.164933755959790318e+00
1.800641605341559170e+01,1.311617299196749542e+01,5.182383695871741303e+00
1.817135212578454784e+01,1.315868870453612338e+01,5.198084821327403127e+00
1.835648350962940256e+01,1.320504477215678207e+01,5.213456805141829520e+00
1.854194773249515649e+01,1.325005074880794353e+01,5.226510748193045508e+00
1.872499626278448304e+01,1.329307792680033273e+01,5.237217100260623148e+00
1.890834609347299988e+01,1.333480254127207054e+01,5.245719608825197611e+00
1.907296345314927066e+01,1.337110378796099219e+01,5.251581431969654545e+00
1.923780694708393568e+01,1.340636394770235817e+01,5.255837904466270416e+00
1.939933038636256057e+01,1.343986327834663008e+01,5.258519461609443724e+00
1.956105640948329949e+01,1.347237051833851318e+01,5.259715511801152488e+00
1.972297823612559498e+01,1.350388796749891185e+01,5.259485902031236115e+00
1.988508916725804454e+01,1.353441785651745022e+01,5.257868712802530986e+00
2.004738258991266520e+01,1.356396234832420866e+01,5.254923900062001607e+00
2.020985194488214631e+01,1.359252353277067726e+01,5.250715585396131146e+00
2.037249076669563763e+01,1.362010343444147331e+01,5.245320047970204236e+00
2.053529263249729198e+01,1.364670400426629548e+01,5.238811491069691684e+00
2.069825116753930416e+01,1.367232712164930675e+01,5.231269424591906692e+00
2.086136011954748071e+01,1.369697460648023934e+01,5.222792695153008147e+00
2.102572434135425539e+01,1.372080592256361520e+01,5.213371620259781736e+00
2.119022843500807696e+01,1.374365176745480532e+01,5.203256487237343464e+00
2.137089672703294241e+01,1.376758906354806733e+01,5.191319345508383698e+00
2.155171777049347526e+01,1.379034377150105328e+01,5.178730081848373246e+00
2.174718509628756280e+01,1.381359495747110522e+01,5.164533844845593080e+00
2.194281108127307078e+01,1.383547115202277311e+01,5.149774697393430856e+00
2.212032431104831431e+01,1.385412066079856075e+01,5.136214330221422486e+00
2.229795234530990555e+01,1.387164301195694094e+01,5.122575421417213448e+00
2.246246497425971000e+01,1.388685885420597899e+01,5.110016419701557844e+00
2.262706386564675753e+01,1.390111129766672349e+01,5.097646474988908771e+00
2.279148994683484375e+01,1.391438165493110724e+01,5.085560077795673983e+00
2.295599057503854468e+01,1.392669352289435203e+01,5.073837929611879183e+00
2.312056006812685993e+01,1.393804777276270457e+01,5.062590929723232769e+00
2.328519278222990252e+01,1.394844520872784699e+01,5.051906964317485205e+00
2.344988309425421846e+01,1.395788656686517015e+01,5.041886420592843976e+00
2.361462539892230339e+01,1.396637251526670731e+01,5.032608874614733274e+00
2.377941411425466356e+01,1.397390365455566652e+01,5.024162031588646826e+00
2.394424367394900699e+01,1.398048051764321364e+01,5.016614652218806647e+00
2.410910852899700174e+01,1.398610356995749981e+01,5.010031767405861203e+00
2.427400314291822880e+01,1.399077320937332658e+01,5.004496132202626235e+00
2.444500023385412391e+01,1.399460852890115881e+01,4.999871017733521050e+00
2.461601723070547365e+01,1.399741951375729343e+01,4.996497730058191422e+00
2.480800427977577627e+01,1.399935489389684129e+01,4.994169701850062815e+00
2.499999999999955236e+01,1.399999999999999112e+01,4.993355425930585234e+00
2.519199572022336042e+01,1.399935489389684484e+01,4.994169154375200037e+00
2.538398276929368436e+01,1.399741951375730409e+01,4.996495998363097435e+00
2.555499976614506963e+01,1.399460852890117302e+01,4.999871768787473414e+00
2.572599685708095407e+01,1.399077320937334434e+01,5.004500032553653277e+00
2.589089147100223798e+01,1.398610356995752113e+01,5.010041931313926611e+00
2.605575632605017944e+01,1.398048051764324384e+01,5.016630862869661200e+00
2.622058588574451932e+01,1.397390365455570205e+01,5.024187747080878452e+00
2.638537460107687949e+01,1.396637251526674817e+01,5.032644596191693687e+00
2.655011690574497152e+01,1.395788656686521456e+01,5.041932702752659701e+00
2.671480721776928746e+01,1.394844520872789495e+01,5.051963423742125592e+00
2.687943993187233005e+01,1.393804777276275431e+01,5.062658721244793547e+00
2.704400942496064886e+01,1.392669352289440532e+01,5.073917151356889477e+00
2.720851005316434623e+01,1.391438165493116763e+01,5.085645855838960117e+00
2.737293613435243600e+01,1.390111129766678921e+01,5.097738786440100256e+00
2.753753502573946577e+01,1.388685885420605182e+01,5.110111334782800441e+00
2.770204765468926666e+01,1.387164301195701732e+01,5.122672334304303909e+00
2.787967568895085080e+01,1.385412066079864069e+01,5.136300479613744585e+00
2.805718891872608012e+01,1.383547115202286371e+01,5.149850907923801735e+00
2.825281490371158100e+01,1.381359495747119936e+01,5.164590876260193753e+00
2.844828222950567209e+01,1.379034377150115454e+01,5.178768587870585804e+00
2.862910327296622626e+01,1.376758906354817391e+01,5.191337897787113853e+00
2.880977156499111302e+01,1.374365176745491368e+01,5.203254041196853308e+00
2.897427565864493104e+01,1.372080592256373066e+01,5.213356996864623838e+00
2.913863988045170217e+01,1.369697460648035658e+01,5.222764634102654568e+00
2.930174883245988227e+01,1.367232712164942221e+01,5.231229623658137484e+00
2.946470736750190866e+01,1.364670400426641983e+01,5.238761907032237986e+00
2.962750923330355945e+01,1.362010343444160476e+01,5.245269962989377532e+00
2.979014805511704722e+01,1.359252353277081049e+01,5.250667269339042598e+00
2.995261741008653544e+01,1.356396234832434367e+01,5.254882291886163515e+00
3.011491083274115965e+01,1.353441785651759410e+01,5.257839266688081992e+00
3.027702176387360922e+01,1.350388796749905751e+01,5.259477968895986955e+00
3.043894359051590470e+01,1.347237051833866417e+01,5.259729471282479807e+00
3.060066961363665072e+01,1.343986327834678285e+01,5.258542853776415171e+00
3.076219305291528983e+01,1.340636394770251805e+01,5.255872007445928418e+00
3.092703654684994063e+01,1.337110378796115917e+01,5.251559816063902097e+00
3.109165390652620786e+01,1.333480254127224285e+01,5.245640159717092743e+00
3.127500373721472471e+01,1.329307792680051215e+01,5.237097269647704501e+00
3.145805226750404771e+01,1.325005074880812828e+01,5.226351091861481279e+00
3.164351649036981939e+01,1.320504477215696681e+01,5.213276909422896566e+00
3.182864787421470254e+01,1.315868870453630812e+01,5.197876493291665234e+00
3.199358394658366223e+01,1.311617299196768371e+01,5.182161759494150033e+00
3.215823730185152840e+01,1.307257522364612612e+01,5.164699216459356812e+00
3.231742495875712962e+01,1.302931667689250617e+01,5.146013088046467843e+00
3.247633162536672558e+01,1.298503708348554930e+01,5.125638864617993562e+00
3.263494939502968606e+01,1.293973331990711095e+01,5.103554334966251993e+00
3.279327013409830727e+01,1.289340222370789490e+01,5.079765012015208470e+00
3.295128561657855215e+01,1.284604055541470125e+01,5.054284114286068608e+00
3.310898751698454845e+01,1.279764499860032956e+01,5.027119679032457711e+00
3.326636735072381867e+01,1.274821217674126572e+01,4.998292751483214502e+00
3.342341650616103266e+01,1.269773864269655128e+01,4.967817040313285304e+00
3.358012620904390388e+01,1.264622088910634901e+01,4.935717214509947048e+00
3.373648755783914055e+01,1.259365533609457444e+01,4.902013134049972187e+00
3.389288979273442237e+01,1.253989993802968250e+01,4.866635645223574613e+00
3.404892348080893072e+01,1.248508398373224537e+01,4.829729571834834978e+00
3.421781803736687522e+01,1.242439523714118899e+01,4.787967884769516402e+00
3.438625513517642673e+01,1.236244818485856634e+01,4.744431365360260777e+00
3.456533543827369925e+01,1.229500448951195324e+01,4.696157040838507157e+00
3.474386581893892867e+01,1.222611829904452385e+01,4.645909113675726232e+00
3.490421713061891040e+01,1.216281943812706423e+01,4.599033906166030583e+00
3.506409739188212882e+01,1.209834006822787877e+01,4.550735861463271803e+00
3.521663268862942431e+01,1.203553090178234264e+01,4.503163587304435111e+00
3.536871480717908156e+01,1.197163226511817236e+01,4.454344713641135378e+00
3.552033272673017450e+01,1.190663989823559632e+01,4.404291585893617800e+00
3.567147523061212411e+01,1.184054948206337698e+01,4.353038547905971889e+00
3.582213084716879337e+01,1.177335666342062126e+01,4.300625285843741707e+00
3.597228792148403187e+01,1.170505702277211668e+01,4.247081417440815798e+00
3.612193453532086806e+01,1.163564610900906260e+01,4.192446259499147843e+00
3.627105854015385944e+01,1.156511942430201323e+01,4.136748236311663440e+00
3.641964756008977133e+01,1.149347242158061455e+01,4.080026509243250388e+00
3.656768891086240814e+01,1.142070054323025907e+01,4.022309888265679589e+00
3.671522534052506614e+01,1.134677102343006183e+01,3.963606564239485763e+00
3.686218755350336096e+01,1.127170653265509337e+01,3.903990502560361175e+00
3.701897262725852755e+01,1.119002705639055506e+01,3.839139273123431728e+00
3.717506629754410596e+01,1.110703392984366289e+01,3.773287441656654195e+00
3.733939915083228556e+01,1.101781384904713867e+01,3.702618584488243325e+00
3.750291810932846914e+01,1.092711073377580888e+01,3.630879518275393014e+00
3.764996022530360165e+01,1.084386776413912479e+01,3.565185449323883926e+00
3.779630399951074793e+01,1.075940314034803791e+01,3.498739632698354640e+00
3.793848579654112285e+01,1.067575930758202851e+01,3.433136657286172788e+00
3.807997042710036339e+01,1.059094155761552791e+01,3.366848367660635777e+00
3.822074181489811906e+01,1.050494517231116376e+01,3.299894865937255339e+00
3.836078346345785661e+01,1.041776549788241191e+01,3.232294493973628224e+00
3.850007852779231854e+01,1.032939790473217911e+01,3.164072648792631615e+00
3.863860984388918496e+01,1.023983776960467651e+01,3.095244571262000477e+00
3.877635984053505780e+01,1.014908053355599193e+01,3.025833559841995868e+00
3.891331057542385707e+01,1.005712168205103119e+01,2.955853376645866337e+00
3.904944371779919265e+01,9.963956759139016128e+00,2.885321577530528092e+00
3.918474051239577705e+01,9.869581395988308969e+00,2.814252050491532486e+00
3.931992622741490351e+01,9.773456875245466691e+00,2.742254271680743649e+00
3.945422700775165481e+01,9.676099812843350634e+00,2.669750706830016362e+00
3.959975219777878408e+01,9.568445303396570623e+00,2.590068918953840171e+00
3.974417227492845939e+01,9.459312772307647776e+00,2.509761026543538165e+00
3.988275090786369503e+01,9.352370044705018870e+00,2.431540003642326475e+00
4.002024464800495451e+01,9.244036069266391209e+00,2.352764455733695748e+00
4.014880117982297492e+01,9.140665904569241107e+00,2.278004927776037469e+00
4.027634854799146780e+01,9.036053107952401575e+00,2.202758805780508755e+00
4.040286263473595341e+01,8.930195580230734009e+00,2.127011693275565385e+00
4.052832133078936749e+01,8.823089365828616693e+00,2.050745802035222720e+00
4.065270139438211316e+01,8.714731214361723488e+00,1.973950721247898388e+00
4.077597785671012076e+01,8.605119180211827867e+00,1.896600954667587713e+00
4.089812588456923947e+01,8.494251040887021986e+00,1.818680227949043937e+00
4.101912011374339073e+01,8.382124878747392316e+00,1.740155328618518293e+00
4.113893463740017609e+01,8.268739111688356402e+00,1.660998471168253277e+00
4.125754313504872073e+01,8.154092389340108937e+00,1.581171191712244850e+00
4.137491874465226260e+01,8.038183730915646308e+00,1.500638401772705910e+00
4.149103404613578761e+01,7.921012566818899536e+00,1.419365548619045736e+00
4.161206431544838580e+01,7.796105848300720176e+00,1.332863212174575152e+00
4.173162919018029982e+01,7.669795725749779969e+00,1.245454698679999028e+00
4.184950141439377802e+01,7.542294612537162379e+00,1.157297937416487787e+00
4.196584478112086458e+01,7.413396948958516752e+00,1.068272576318272105e+00
4.207492507355514277e+01,7.289650027876081850e+00,9.829553510250413906e-01
4.218256332692053689e+01,7.164646787038325471e+00,8.971384303716491981e-01
4.228872850009336304e+01,7.038390068512031306e+00,8.111848955446502307e-01
4.239338904735925695e+01,6.910883340726359236e+00,7.257596272662608650e-01
4.249651295095426207e+01,6.782130707452751039e+00,6.420728779828543953e-01
4.259806777018575730e+01,6.652136895044684195e+00,5.623054292079034955e-01
4.269802063214394394e+01,6.520907313791624915e+00,4.903498202490630953e-01
4.279633819595529332e+01,6.388448163634043553e+00,4.329095390151010414e-01
4.289298672549162461e+01,6.254766403334023117e+00,3.999804563785128164e-01
4.298793214505920446e+01,6.119869737251359965e+00,4.021905895473671944e-01
4.308114063228834567e+01,5.983765802849506876e+00,4.439443332324001235e-01
4.317257676843249925e+01,5.846464937187167088e+00,5.208403067746262272e-01
4.326687738829573249e+01,5.700647624233136312e+00,6.312701725708176337e-01
4.335913389151350117e+01,5.553528549418369487e+00,7.653515194597253490e-01
4.344586378723501952e+01,5.410873633708095376e+00,9.127147777124485772e-01
4.353062892477985457e+01,5.267042615124223559e+00,1.076622472211988146e+00
4.361241708787226656e+01,5.123786273066910368e+00,1.254655558602762788e+00
4.369221481585986311e+01,4.979411771092699723e+00,1.449179110845463692e+00
4.376998612392400645e+01,4.833935688936366937e+00,1.661235537005138818e+00
4.384569504390267269e+01,4.687375744805239997e+00,1.892427667166538763e+00
4.391930567993942702e+01,4.539750826710136522e+00,2.144586036870865797e+00
4.399078229313617072e+01,4.391080968099450033e+00,2.420072659290647188e+00
4.406008934946080302e+01,4.241387397465474329e+00,2.721440003222087789e+00
4.412719156053919534e+01,4.090692615334749149e+00,3.051919333360314734e+00
4.419205398222596415e+01,3.939020351842396739e+00,3.414993218172287293e+00
4.425464209573565455e+01,3.786395555790565304e+00,3.814893600324374745e+00
4.431577181157813783e+01,3.630629431419686082e+00,4.262897602570723699e+00
4.437449136797530258e+01,3.473938870187899042e+00,4.759786665717109955e+00
4.443132513200993827e+01,3.314749729756051977e+00,5.318090985752558453e+00
4.448563008905366445e+01,3.154680303288580845e+00,5.942211350494563504e+00
4.453615676436051274e+01,2.997649687735625346e+00,6.624397462536093073e+00
4.458421261227177723e+01,2.839845420985755986e+00,7.390462078524292266e+00
4.462976826924342078e+01,2.681301339078401735e+00,8.254919749156650610e+00
4.467279543400459119e+01,2.522052479189412111e+00,9.236305715379620196e+00
4.471326695199532253e+01,2.362135046708892627e+00,1.035694474268103171e+01
4.475115689754030512e+01,2.201586380836589196e+00,1.164826306710685699e+01
4.478644065355214110e+01,2.040444919397356394e+00,1.314697579718145626e+01
4.481909499336790503e+01,1.878750139185803469e+00,1.491505817601774453e+01
4.484909815463611693e+01,1.716542513115743684e+00,1.700381020186709691e+01
4.487642991076088350e+01,1.553863462881623247e+00,1.959231053664657551e+01
4.490118673985021047e+01,1.389948023973761604e+00,2.264975200877793782e+01
4.492320969114620510e+01,1.225642951793921132e+00,2.705770919596173840e+01
4.494413229229680695e+01,1.045694832447521483e+00,3.190230109477469611e+01
4.496175394147265791e+01,8.653935487678101612e-01,4.352886121519932061e+01
4.497761857244491779e+01,6.621408650827471654e-01,5.010351881144529784e+01
4.498926667459151219e+01,4.586030177740804681e-01,1.049596296236337025e+02
4.499731573951122243e+01,2.293642845017048459e-01,1.317858918215997903e+02
4.499999999999997868e+01,-4.477020873757795291e-17,8.454823337239702141e+02
