x,y,stress
6.999999999999997335e+00,4.484150652516835065e-16,1.137414078653134311e+03
7.004344482771270641e+00,1.757565685956170298e-01,1.596215235563498140e+02
7.017341978369851851e+00,3.510859279579348624e-01,1.368352073584867128e+02
7.037476578556367990e+00,5.159677153435595631e-01,5.882974608120503746e+01
7.065097254230871648e+00,6.797622677832512172e-01,5.310390726745276169e+01
7.100013501310539432e+00,8.421587014140707872e-01,3.677914866831236651e+01
7.141994664449039298e+00,1.002874430349387724e+00,3.090084032143364823e+01
7.190777530125902040e+00,1.161658670977881336e+00,2.501555424078899748e+01
7.246074197620747448e+00,1.318294341595951824e+00,2.116070343923353647e+01
7.307579760313548611e+00,1.472598513744706406e+00,1.782291911831920928e+01
7.374979419758122212e+00,1.624421616866538187e+00,1.550534582690068497e+01
7.447954780706708355e+00,1.773645676747100497e+00,1.352273763710867804e+01
7.526189169044021021e+00,1.920181835214957111e+00,1.190529606496720660e+01
7.609371963445014764e+00,2.063967484392539298e+00,1.054685952321615261e+01
7.697201969313797854e+00,2.204963214464602750e+00,9.398447768279455161e+00
7.789389872821199212e+00,2.343149681449978594e+00,8.417769650214578903e+00
7.885659928941422869e+00,2.478524608212080427e+00,7.574536694583354546e+00
7.985751017372427540e+00,2.611100011594629233e+00,6.844777765501750544e+00
8.089417160466451762e+00,2.740899664042876438e+00,6.210273640246555260e+00
8.196427581899765613e+00,2.867956780832517261e+00,5.656082926188740423e+00
8.306566608050113487e+00,2.992312177169366372e+00,5.170667837534539402e+00
8.419633181079335671e+00,3.114012493137155779e+00,4.744233870154203281e+00
8.535440105152385826e+00,3.233108582306330803e+00,4.369100556793648948e+00
8.653813475084053408e+00,3.349654445937877867e+00,4.038556261628725608e+00
8.774592007087845147e+00,3.463706299057677906e+00,3.747306897228007916e+00
8.897626164513367186e+00,3.575321637600380242e+00,3.490605725585251840e+00
9.022777207835588342e+00,3.684558418007784386e+00,3.264665140355896167e+00
9.149916536803871736e+00,3.791474626566115891e+00,3.065986980291359743e+00
9.278925125835696619e+00,3.896127987375269885e+00,2.891783769326647491e+00
9.409692614453661008e+00,3.998575440753049381e+00,2.739415875168644376e+00
9.542116553494379261e+00,4.098872819564237879e+00,2.606720930958860816e+00
9.676101694552048826e+00,4.197074600813991196e+00,2.491615231085327231e+00
9.811560067046299238e+00,4.293234238632273048e+00,2.392365410192390129e+00
9.948410136872421816e+00,4.387403801449875296e+00,2.307302851459674287e+00
1.008657530401889169e+01,4.479633226549368352e+00,2.234964482041636114e+00
1.022598431667981167e+01,4.569970917896695184e+00,2.173980455782078547e+00
1.036657148690821018e+01,4.658464112966735904e+00,2.123107306131764460e+00
1.050827567222017045e+01,4.745158437196865364e+00,2.081228056248707770e+00
1.065103903561430165e+01,4.830097394259427190e+00,2.047383633567100958e+00
1.079480769256253403e+01,4.913323011371026006e+00,2.020195063320132434e+00
1.093953174770686587e+01,4.994876041690445412e+00,2.000379767014204280e+00
1.108516434703165210e+01,5.074795598893060422e+00,1.982418159505099586e+00
1.123166148734028269e+01,5.153119244286829215e+00,1.971798961948121542e+00
1.137898185318737454e+01,5.229883073908612623e+00,1.964565597244897432e+00
1.152708690301415118e+01,5.305121917004817611e+00,1.961674398511134010e+00
1.167774186858550856e+01,5.379750570746656635e+00,1.960120466912506076e+00
1.182912800683147303e+01,5.452884721918493938e+00,1.962256437433457013e+00
1.197979938745523043e+01,5.523898712815943135e+00,1.966204571948514834e+00
1.213112532068909744e+01,5.593507073418549247e+00,1.972098682975428119e+00
1.228266821679401133e+01,5.661557126747807978e+00,1.979322620398548560e+00
1.243480670001595456e+01,5.728265069631269135e+00,1.987835359864783769e+00
1.258751536354600553e+01,5.793657241080085285e+00,1.997230102202171453e+00
1.274077020694370788e+01,5.857758976213983892e+00,2.007936846953609855e+00
1.289454854273173545e+01,5.920594648408201266e+00,2.018903500874289492e+00
1.304882882000404187e+01,5.982187674102550368e+00,2.030287744451688248e+00
1.320359068671105618e+01,6.042560610251496378e+00,2.042053839329651677e+00
1.335881474814687309e+01,6.101735125530344028e+00,2.054427903283874368e+00
1.351448256024355921e+01,6.159732063133123603e+00,2.066698023799293793e+00
1.367057673589195588e+01,6.216571537394481872e+00,2.078999400566734046e+00
1.383266342359195455e+01,6.274236464911368216e+00,2.091836285451154964e+00
1.399517205514683660e+01,6.330701393149143819e+00,2.104635266025213003e+00
1.415626322743185561e+01,6.385374845108458430e+00,2.117189317331770404e+00
1.431773531175436709e+01,6.438912892376086994e+00,2.129595961194422404e+00
1.447576857049290666e+01,6.490114843370133002e+00,2.141530650621299880e+00
1.463413811417803956e+01,6.540267029155194756e+00,2.153259638896121597e+00
1.479283150785833811e+01,6.589384824851355127e+00,2.164753476923588771e+00
1.495183689711895525e+01,6.637483060940834179e+00,2.175979815763298131e+00
1.511114298074874007e+01,6.684576045584045723e+00,2.186922740224573225e+00
1.527073882197523425e+01,6.730677539020684996e+00,2.197568471209502938e+00
1.543061390966035873e+01,6.775800802441963810e+00,2.207893416746888438e+00
1.559075833648368992e+01,6.819958673602006805e+00,2.217897386164183082e+00
1.575116258559068250e+01,6.863163529017719533e+00,2.227543031963084896e+00
1.591181737484668446e+01,6.905427267200047403e+00,2.236919185407925781e+00
1.607392508991215152e+01,6.947068826057170021e+00,2.246313804485477572e+00
1.623626944730381894e+01,6.987778068228321260e+00,2.254945706547928808e+00
1.641199152559456564e+01,7.030741814203055995e+00,2.264016226383417596e+00
1.658797011980495739e+01,7.072642522830087763e+00,2.272655466142420533e+00
1.675341162915288962e+01,7.111024725055973050e+00,2.280416354072915652e+00
1.691906287681391063e+01,7.148491408990945040e+00,2.287833211747184681e+00
1.708128685925092682e+01,7.184262391679422599e+00,2.294758205878087765e+00
1.724369758359560123e+01,7.219175737981284868e+00,2.301360562255611253e+00
1.740628852706510443e+01,7.253240005742406460e+00,2.307644293827327164e+00
1.756905336822040198e+01,7.286463446803844946e+00,2.313614178848445224e+00
1.773198600676574443e+01,7.318854023419826049e+00,2.319279015878064509e+00
1.789508052417041739e+01,7.350419411794097968e+00,2.324643125330769777e+00
1.805833118071834775e+01,7.381167012729758170e+00,2.329715254603842212e+00
1.822173244052090268e+01,7.411103966574775548e+00,2.334501584419386599e+00
1.838527892892641447e+01,7.440237154748015058e+00,2.339009929318380809e+00
1.854896541493481621e+01,7.468573206093242156e+00,2.343251078849938995e+00
1.871418208357408375e+01,7.496349638360719325e+00,2.347257539642494617e+00
1.887953092934229815e+01,7.523328109814524822e+00,2.351020773961861821e+00
1.906094902313223116e+01,7.551994892943527660e+00,2.354853987085987477e+00
1.924251378201419982e+01,7.579717607035934890e+00,2.358389417495676543e+00
1.941691161710695823e+01,7.605444756713325205e+00,2.361531529635914506e+00
1.959143368177407751e+01,7.630315242020654587e+00,2.364430908078196225e+00
1.975600228647225265e+01,7.652973123288809632e+00,2.366957121050070612e+00
1.992067249447681121e+01,7.674880393539554646e+00,2.369295808735122577e+00
2.008544022063768963e+01,7.696041659175691940e+00,2.371451409452658865e+00
2.025030149545993652e+01,7.716461341045250499e+00,2.373432148588101143e+00
2.041525243383121335e+01,7.736143675233395633e+00,2.375250254978177544e+00
2.058028921983944670e+01,7.755092716144439180e+00,2.376911814066886564e+00
2.074540812197996686e+01,7.773312342916654849e+00,2.378428147050028585e+00
2.091060548844995637e+01,7.790806263021285538e+00,2.379805403878316294e+00
2.107587773944811715e+01,7.807578015365772117e+00,2.381055371868316062e+00
2.124122135624120844e+01,7.823630972983496967e+00,2.382184082168234962e+00
2.140663288495442629e+01,7.838968347045232932e+00,2.383199030829853626e+00
2.157210893527850715e+01,7.853593190046587402e+00,2.384116319879513668e+00
2.174765468364054044e+01,7.868326879966656584e+00,2.384978248935240241e+00
2.192326532693816077e+01,7.882265811383141418e+00,2.385741402756452967e+00
2.211054737403941317e+01,7.896254008226649468e+00,2.386454836549312120e+00
2.229789421043232878e+01,7.909345924192477284e+00,2.387054756890830021e+00
2.246768422894030692e+01,7.920436162521053980e+00,2.387529445474650291e+00
2.263752040254268039e+01,7.930795612187396593e+00,2.387947380587176927e+00
2.280337468792868094e+01,7.940206636467399548e+00,2.388298334404377776e+00
2.296926683229174415e+01,7.948924894169617339e+00,2.388602025583638433e+00
2.313519385575901666e+01,7.956952056752752078e+00,2.388860677923489551e+00
2.330115280320432092e+01,7.964289658738200828e+00,2.389079811128136832e+00
2.346714074315571708e+01,7.970939099202882794e+00,2.389264352038540373e+00
2.363315477715138968e+01,7.976901643463238933e+00,2.389417990169690142e+00
2.379919202734853556e+01,7.982178423695926561e+00,2.389544884505665934e+00
2.396524962689600002e+01,7.986770439755683348e+00,2.389647927234705094e+00
2.413132472624533165e+01,7.990678560395161334e+00,2.389731073164946373e+00
2.429741449632017591e+01,7.993903524098614710e+00,2.389797084481129819e+00
2.446474809928611904e+01,7.996462247433145265e+00,2.389844718604742901e+00
2.463209085523737940e+01,7.998328749644981528e+00,2.389886769148096501e+00
2.481604352952949100e+01,7.999582211522546338e+00,2.389916070701207040e+00
2.499999999999992184e+01,7.999999999999993783e+00,2.389919967244704235e+00
2.518395647047038466e+01,7.999582211522547226e+00,2.389913027686378477e+00
2.536790914476249270e+01,7.998328749644981528e+00,2.389880519661489178e+00
2.553525190071373530e+01,7.996462247433145265e+00,2.389834999548956063e+00
2.570258550367967132e+01,7.993903524098615598e+00,2.389783824291550562e+00
2.586867527375452980e+01,7.990678560395162222e+00,2.389714374396032515e+00
2.603475037310386497e+01,7.986770439755686901e+00,2.389627679505590852e+00
2.620080797265134009e+01,7.982178423695930114e+00,2.389521230202734436e+00
2.636684522284848242e+01,7.976901643463241598e+00,2.389390915568691209e+00
2.653285925684416213e+01,7.970939099202885458e+00,2.389235395874574674e+00
2.669884719679556184e+01,7.964289658738206157e+00,2.389049061913225191e+00
2.686480614424087321e+01,7.956952056752757407e+00,2.388829498303126631e+00
2.703073316770814216e+01,7.948924894169620892e+00,2.388570566929931527e+00
2.719662531207121248e+01,7.940206636467403101e+00,2.388268227375347053e+00
2.736247959745721303e+01,7.930795612187401922e+00,2.387918906176075939e+00
2.753231577105960781e+01,7.920436162521060197e+00,2.387502808645358687e+00
2.770210578956758951e+01,7.909345924192481725e+00,2.387030155154425515e+00
2.788945262596051222e+01,7.896254008226651244e+00,2.386430229557138460e+00
2.807673467306176462e+01,7.882265811383144083e+00,2.385716941515962031e+00
2.825234531635937074e+01,7.868326879966662801e+00,2.384953616137403198e+00
2.842789106472138272e+01,7.853593190046593620e+00,2.384091382761151845e+00
2.859336711504548134e+01,7.838968347045237373e+00,2.383172883739550940e+00
2.875877864375871340e+01,7.823630972983502296e+00,2.382156609677658299e+00
2.892412226055179758e+01,7.807578015365778334e+00,2.381025060523783932e+00
2.908939451154994060e+01,7.790806263021292644e+00,2.379772007976036274e+00
2.925459187801995142e+01,7.773312342916661066e+00,2.378390218838688064e+00
2.941971078016048224e+01,7.755092716144445397e+00,2.376869238901454739e+00
2.958474756616871559e+01,7.736143675233402739e+00,2.375201522480792526e+00
2.974969850453999953e+01,7.716461341045254052e+00,2.373376717438953509e+00
2.991455977936226418e+01,7.696041659175692828e+00,2.371388601344948555e+00
3.007932750552316392e+01,7.674880393539555534e+00,2.369225113167196639e+00
3.024399771352772603e+01,7.652973123288808743e+00,2.366877836573519911e+00
3.040856631822589051e+01,7.630315242020654587e+00,2.364342687837019508e+00
3.058308838289301335e+01,7.605444756713326093e+00,2.361435531123157183e+00
3.075748621798576110e+01,7.579717607035937554e+00,2.358285402088773353e+00
3.093905097686773686e+01,7.551994892943529436e+00,2.354744819255063071e+00
3.112046907065767343e+01,7.523328109814524822e+00,2.350905088178459224e+00
3.128581791642590204e+01,7.496349638360718437e+00,2.347141237019449100e+00
3.145103458506516603e+01,7.468573206093241268e+00,2.343134407121330920e+00
3.161472107107356067e+01,7.440237154748016835e+00,2.338896328537087399e+00
3.177826755947905824e+01,7.411103966574777324e+00,2.334391842887400426e+00
3.194166881928160961e+01,7.381167012729758170e+00,2.329610392808897146e+00
3.210491947582953998e+01,7.350419411794099744e+00,2.324543285028386475e+00
3.226801399323421293e+01,7.318854023419829602e+00,2.319182685449018955e+00
3.243094663177954828e+01,7.286463446803846722e+00,2.313521082026900544e+00
3.259371147293485649e+01,7.253240005742407348e+00,2.307551529019849834e+00
3.275630241640435969e+01,7.219175737981285756e+00,2.301267158957306158e+00
3.291871314074904120e+01,7.184262391679422599e+00,2.294662203872336992e+00
3.308093712318606805e+01,7.148491408990940599e+00,2.287732994623878469e+00
3.324658837084707841e+01,7.111024725055968609e+00,2.280308817315866321e+00
3.341202988019500708e+01,7.072642522830087763e+00,2.272538281904241675e+00
3.358800847440537041e+01,7.030741814203063988e+00,2.263883658372603858e+00
3.376373055269609580e+01,6.987778068228331918e+00,2.254811577885628804e+00
3.392607491008777032e+01,6.947068826057183344e+00,2.246054432967111048e+00
3.408818262515322317e+01,6.905427267200061614e+00,2.236964141185420640e+00
3.424883741440923046e+01,6.863163529017737297e+00,2.227601736228822293e+00
3.440924166351621238e+01,6.819958673602023680e+00,2.217908611384804551e+00
3.456938609033954179e+01,6.775800802441983350e+00,2.207890123430431117e+00
3.472926117802466450e+01,6.730677539020705424e+00,2.197552281019682141e+00
3.488885701925115512e+01,6.684576045584068815e+00,2.186907164331799436e+00
3.504816310288092751e+01,6.637483060940859048e+00,2.175965009669735828e+00
3.520716849214155530e+01,6.589384824851379108e+00,2.164743473130755103e+00
3.536586188582185741e+01,6.540267029155219625e+00,2.153259378546136915e+00
3.552423142950699031e+01,6.490114843370157871e+00,2.141536806474932053e+00
3.568226468824552455e+01,6.438912892376109198e+00,2.129602461368059974e+00
3.584373677256806445e+01,6.385374845108477082e+00,2.117198311779646680e+00
3.600482794485309057e+01,6.330701393149160694e+00,2.104643483342063970e+00
3.616733657640796196e+01,6.274236464911387756e+00,2.091847371133604749e+00
3.632942326410795175e+01,6.216571537394500524e+00,2.079004225397380168e+00
3.648551743975635731e+01,6.159732063133145807e+00,2.066617807090024517e+00
3.664118525185303099e+01,6.101735125530370674e+00,2.054324607213514398e+00
3.679640931328884079e+01,6.042560610251524800e+00,2.042202682079882869e+00
3.695117117999585332e+01,5.982187674102577901e+00,2.030347574619173479e+00
3.710545145726814553e+01,5.920594648408232352e+00,2.018867533269414150e+00
3.725922979305617133e+01,5.857758976214022972e+00,2.007889983306096138e+00
3.741248463645387545e+01,5.793657241080122589e+00,1.997559617556273759e+00
3.756519329998393175e+01,5.728265069631301110e+00,1.988045164767402229e+00
3.771733178320589275e+01,5.661557126747838176e+00,1.979538781337389253e+00
3.786887467931081375e+01,5.593507073418576780e+00,1.972263925614793134e+00
3.802020061254468430e+01,5.523898712815970669e+00,1.966463301096394334e+00
3.817087199316843993e+01,5.452884721918517918e+00,1.962451051989305473e+00
3.832225813141442217e+01,5.379750570746679728e+00,1.960558615035350671e+00
3.847291309698579198e+01,5.305121917004833598e+00,1.961235985198124920e+00
3.862101814681256684e+01,5.229883073908628610e+00,1.964859807121427826e+00
3.876833851265966047e+01,5.153119244286839873e+00,1.971917187995077647e+00
3.891483565296829283e+01,5.074795598893073745e+00,1.982961188174681144e+00
3.906046825229308439e+01,4.994876041690457846e+00,1.998624539491049346e+00
3.920519230743740735e+01,4.913323011371043769e+00,2.019592643894764894e+00
3.934896096438562552e+01,4.830097394259447618e+00,2.046660287960632818e+00
3.949172432777976383e+01,4.745158437196885792e+00,2.080673190050406074e+00
3.963342851309173653e+01,4.658464112966751891e+00,2.122602921615122540e+00
3.977401568332012971e+01,4.569970917896714724e+00,2.173471514038454178e+00
3.991342469598104969e+01,4.479633226549383451e+00,2.234448656872602523e+00
4.005158986312752489e+01,4.387403801449896612e+00,2.306758949536210856e+00
4.018843993295364925e+01,4.293234238632291699e+00,2.391795822899252855e+00
4.032389830544788367e+01,4.197074600814020506e+00,2.491010263691857407e+00
4.045788344650554791e+01,4.098872819564264525e+00,2.606085327771530125e+00
4.059030738554626794e+01,3.998575440753083132e+00,2.738773454019617581e+00
4.072107487416424476e+01,3.896127987375295643e+00,2.891146990464681821e+00
4.085008346319606432e+01,3.791474626566146533e+00,3.065374309032790734e+00
4.097722279216435481e+01,3.684558418007807923e+00,3.264102371380944945e+00
4.110237383548656709e+01,3.575321637600413993e+00,3.490140736363402940e+00
4.122540799291210334e+01,3.463706299057699223e+00,3.746984127523099950e+00
4.134618652491589330e+01,3.349654445937904512e+00,4.038409953034959976e+00
4.146455989484756799e+01,3.233108582306338352e+00,4.369207324255884650e+00
4.158036681892060216e+01,3.114012493137181981e+00,4.744678723639431439e+00
4.169343339194984566e+01,2.992312177169385468e+00,5.171597494801275730e+00
4.180357241810017399e+01,2.867956780832551900e+00,5.657670555759973574e+00
4.191058283953349672e+01,2.740899664042897310e+00,6.212855263673754180e+00
4.201424898262751384e+01,2.611100011594664316e+00,6.848900042791551179e+00
4.211434007105854249e+01,2.478524608212095526e+00,7.581073455838933661e+00
4.221061012717875371e+01,2.343149681450007016e+00,8.428158686740019334e+00
4.230279803068617639e+01,2.204963214464604526e+00,9.415058418930211559e+00
4.239062803655495060e+01,2.063967484392556173e+00,1.057149195266866748e+01
4.247381083095595500e+01,1.920181835214959998e+00,1.194338108919808938e+01
4.255204521929325523e+01,1.773645676747125366e+00,1.357998573469928338e+01
4.262502058024184493e+01,1.624421616866552176e+00,1.557217778405171060e+01
4.269242023968642030e+01,1.472598513744732829e+00,1.799866421824657436e+01
4.275392580237922147e+01,1.318294341595971808e+00,2.113925103054751631e+01
4.280922246987406510e+01,1.161658670977911978e+00,2.495335856389508322e+01
4.285800533555091363e+01,1.002874430349415258e+00,3.085335349318673437e+01
4.289998649868942948e+01,8.421587014141005412e-01,3.680334969014656821e+01
4.293490274576910082e+01,6.797622677832799720e-01,5.303540381312416940e+01
4.296252342144360625e+01,5.159677153435754393e-01,5.880047001943396623e+01
4.298265802163010818e+01,3.510859279579335857e-01,1.368847458175343093e+02
4.299565551722869117e+01,1.757565685956163359e-01,1.588044011274772345e+02
4.299999999999997868e+01,-3.425751371103810320e-17,1.136978594567304299e+03
