x,y,stress
5.999999999999997335e+00,4.489365674041609738e-16,1.008332035642721280e+03
6.004523530667707831e+00,1.745585408854040677e-01,1.269100138511865907e+02
6.018052277550001605e+00,3.486510704379431891e-01,1.185521647604820430e+02
6.038963435036824201e+00,5.120755453493746057e-01,4.742488059231820330e+01
6.067616423289973859e+00,6.743223430768333637e-01,4.449327403227540145e+01
6.103792650420807320e+00,8.350597691372727560e-01,3.027920999058906304e+01
6.147229036148825543e+00,9.939898713269406105e-01,2.550728107414633783e+01
6.197627442364486150e+00,1.150852167762801637e+00,2.055483344578799887e+01
6.254664274633587873e+00,1.305425357888180038e+00,1.735283495751117044e+01
6.317999663890795148e+00,1.457527276761056090e+00,1.446705343254124898e+01
6.387285765499889578e+00,1.607013372696849851e+00,1.253427249106379371e+01
6.462173896056357059e+00,1.753774097143952826e+00,1.086934013847213620e+01
6.542320373351270923e+00,1.897731565510843987e+00,9.516611810490388734e+00
6.627391091220698804e+00,2.038835880332922290e+00,8.381689509221926571e+00
6.717064931738170763e+00,2.177061387294906503e+00,7.425973596306284286e+00
6.811036073273659674e+00,2.312402931360284963e+00,6.611914115759152111e+00
6.909015423026201752e+00,2.444872371907310882e+00,5.914611339950507585e+00
7.010731378093955080e+00,2.574495472575224930e+00,5.313573204761793178e+00
7.115929999677972795e+00,2.701309098004494924e+00,4.793068273716565741e+00
7.224374727138653363e+00,2.825358729540885960e+00,4.340215421193817313e+00
7.335845969871557237e+00,2.946696536949162670e+00,3.945174020298341411e+00
7.450140277383320075e+00,3.065379515329902826e+00,3.599491128729053191e+00
7.567069392535599626e+00,3.181467956734166602e+00,3.296642878339819394e+00
7.686459460748037209e+00,3.295024409732009385e+00,3.030821006112346172e+00
7.808149910417935935e+00,3.406112556485820786e+00,2.797582728088326309e+00
7.931992568466053939e+00,3.514796514481600020e+00,2.592850707695738777e+00
8.057850764264104626e+00,3.621140250446763353e+00,2.413453424221126742e+00
8.185598316153219756e+00,3.725206995647513342e+00,2.256416230055704908e+00
8.315118798232829178e+00,3.827058971519330388e+00,2.119412866419603692e+00
8.446304665882900409e+00,3.926757041049437458e+00,2.000234721620697265e+00
8.579056497699637518e+00,4.024360491042419774e+00,1.897062883249666987e+00
8.713282226185105728e+00,4.119926829484497510e+00,1.808195583873355883e+00
8.848896876990069771e+00,4.213511950090504499e+00,1.732150101195493619e+00
8.985852258881438459e+00,4.305190005825617838e+00,1.667590980833779879e+00
9.124045142561126198e+00,4.394992010030597029e+00,1.613255505982395865e+00
9.263417601056497475e+00,4.482974366827327195e+00,1.567987254889552373e+00
9.403896700636783734e+00,4.569178920898727014e+00,1.530781887974058897e+00
9.545382401064605560e+00,4.653627802287714665e+00,1.500458160510766747e+00
9.687860808998982165e+00,4.736390966033094507e+00,1.476405388733639024e+00
9.831280705012769516e+00,4.817511086225654715e+00,1.457817669662595739e+00
9.975594888896193169e+00,4.897029476569792372e+00,1.444014713975692255e+00
1.012075906282002968e+01,4.974985656665595890e+00,1.434348896961057385e+00
1.026673165258062603e+01,5.051417464705879823e+00,1.428316012555673087e+00
1.041347374353005151e+01,5.126361210550970604e+00,1.425216887402974697e+00
1.056094900319513918e+01,5.199851799493395710e+00,1.425275564953685681e+00
1.070912326881355447e+01,5.271922676771389149e+00,1.426580873091706669e+00
1.085796449379962958e+01,5.342605947874047523e+00,1.430375893240773300e+00
1.101176135885018503e+01,5.413911367351608384e+00,1.435764491209171156e+00
1.116620145056767655e+01,5.483812777878261713e+00,1.443025740164481485e+00
1.131707307462389345e+01,5.550513611608806741e+00,1.450564362942993180e+00
1.146850110298818315e+01,5.615941498068250937e+00,1.459275768300887455e+00
1.162029006807471632e+01,5.680050909022995143e+00,1.468662483935192720e+00
1.177258812045318237e+01,5.742941421585127770e+00,1.478685886897318724e+00
1.192537403380539196e+01,5.804637074132252827e+00,1.489106568038210288e+00
1.207862789174478557e+01,5.865161034966978271e+00,1.499908169159382743e+00
1.223233079763544495e+01,5.924535555950950716e+00,1.510867565766557119e+00
1.238646474800471964e+01,5.982781994142670534e+00,1.522315079999845500e+00
1.254101266239607071e+01,6.039920889158121753e+00,1.533683132349478173e+00
1.269595841155074822e+01,6.095972031398620317e+00,1.544979624180446764e+00
1.285128664262450116e+01,6.150954451680698654e+00,1.556354426162343429e+00
1.300698272190882498e+01,6.204886453525709555e+00,1.567696253057919265e+00
1.316902296457052657e+01,6.259793628234104013e+00,1.579386974203017324e+00
1.333142998883933217e+01,6.313606273815902448e+00,1.590955010991764729e+00
1.349683607358274173e+01,6.367190411683340656e+00,1.602551025241681470e+00
1.366259229901232430e+01,6.419681463560123369e+00,1.613956928571502747e+00
1.381998731827455273e+01,6.468433525732764089e+00,1.624574595387744402e+00
1.397767384630065912e+01,6.516234334429923614e+00,1.634990298420946786e+00
1.413564147483967126e+01,6.563097894790458575e+00,1.645185728322388963e+00
1.429388022268641478e+01,6.609037704517541023e+00,1.655154086533096924e+00
1.445238047995715469e+01,6.654066766716257852e+00,1.664887925753049780e+00
1.461113316326652622e+01,6.698197660236677287e+00,1.674373177851850025e+00
1.477012955875366806e+01,6.741442518135039919e+00,1.683597521190084878e+00
1.492936119589246857e+01,6.783813017822533098e+00,1.692594368007683592e+00
1.508882002734172545e+01,6.825320452366131718e+00,1.701494141971396701e+00
1.524849826066058434e+01,6.865975706047865224e+00,1.709893245298158115e+00
1.540838840097870310e+01,6.905789285906736019e+00,1.718100625051763419e+00
1.556848330467698460e+01,6.944771352869709702e+00,1.726042112026712649e+00
1.573815602400613400e+01,6.985138112066832328e+00,1.734156355304464103e+00
1.590804253625480058e+01,7.024595454003078387e+00,1.741981064331600049e+00
1.608551330360953102e+01,7.064805542420967477e+00,1.749834083040961552e+00
1.626320027146386593e+01,7.104049243714565698e+00,1.757363240387336267e+00
1.642564315703751632e+01,7.139051416827534524e+00,1.763973003176595666e+00
1.658825384798305791e+01,7.173265560463778279e+00,1.770332564861418989e+00
1.674965602294418332e+01,7.206421565535288565e+00,1.776391019960661843e+00
1.691121232013038522e+01,7.238818273279937543e+00,1.782206831181836426e+00
1.707291760289870552e+01,7.270463019477942268e+00,1.787785451429110939e+00
1.723476687764974713e+01,7.301362884873479508e+00,1.793129437262302561e+00
1.739675531314471613e+01,7.331524708839997295e+00,1.798246299886181010e+00
1.755887823558180472e+01,7.360955097454664475e+00,1.803138487282718971e+00
1.772113111367944427e+01,7.389660429318276158e+00,1.807811662746270365e+00
1.788350953903440299e+01,7.417646860372506090e+00,1.812270389006246596e+00
1.804600922974270460e+01,7.444920332523091488e+00,1.816520654976552462e+00
1.820862603966196147e+01,7.471486582524010878e+00,1.820570241067117179e+00
1.837438541612873522e+01,7.497825873004345887e+00,1.824487065163937105e+00
1.854025797331344450e+01,7.523442754674538158e+00,1.828214587944249958e+00
1.872439290948781121e+01,7.551021717536370303e+00,1.832117526459370760e+00
1.890865680560295203e+01,7.577725493178214755e+00,1.835780464955044211e+00
1.908675587390461814e+01,7.602694304806312253e+00,1.839113910533566099e+00
1.926496584379061616e+01,7.626858889988601398e+00,1.842243253114790758e+00
1.942887582092323484e+01,7.648367164905632620e+00,1.844954490385476875e+00
1.959287239174054918e+01,7.669204913481167729e+00,1.847515018976089385e+00
1.975641363360120906e+01,7.689311091828949785e+00,1.849917266987133102e+00
1.992003445520496285e+01,7.708759058128509700e+00,1.852176417414025167e+00
2.008373175268387811e+01,7.727552535698984038e+00,1.854299411770962580e+00
2.024750247016660865e+01,7.745695096511357569e+00,1.856290703380002460e+00
2.041134362537760794e+01,7.763190167861689694e+00,1.858156919209899893e+00
2.057525229007603329e+01,7.780041033621544422e+00,1.859902578383353156e+00
2.073922559008308397e+01,7.796250837609930429e+00,1.861535118469046513e+00
2.090326071378132511e+01,7.811822587518173933e+00,1.863058009266066462e+00
2.106735489835509156e+01,7.826759156430328268e+00,1.864476760325163296e+00
2.123150542291679344e+01,7.841063285039788333e+00,1.865798941023390389e+00
2.140054722168077106e+01,7.855130853260416046e+00,1.867057709635641549e+00
2.156964302759909557e+01,7.868533649375964778e+00,1.868228903662541018e+00
2.175837238079450131e+01,7.882706346608622461e+00,1.869423560781023230e+00
2.194716159468283223e+01,7.896058024703741296e+00,1.870501765311572528e+00
2.212926142186231004e+01,7.908158247824911946e+00,1.871449617152213252e+00
2.231141002376918436e+01,7.919500629934867142e+00,1.872305551730979012e+00
2.247717512763309955e+01,7.929164005365024970e+00,1.873012194791703333e+00
2.264297540630941086e+01,7.938203820806922550e+00,1.873660587856488036e+00
2.280753599647396967e+01,7.946559474683021485e+00,1.874244155528019373e+00
2.297212647233767058e+01,7.954304163025626373e+00,1.874772198857440619e+00
2.313674450310648112e+01,7.961439243521557074e+00,1.875248502491244862e+00
2.330138777652724258e+01,7.967965963663338869e+00,1.875674346286258620e+00
2.346605399844204953e+01,7.973885461854123946e+00,1.876053605308170003e+00
2.363074089524240051e+01,7.979198768477036907e+00,1.876387194749558063e+00
2.379544620628628238e+01,7.983906806511199328e+00,1.876677859815093274e+00
2.396016768568093269e+01,7.988010392402877358e+00,1.876926879401637827e+00
2.412490310116669789e+01,7.991510236714786330e+00,1.877135509578574890e+00
2.428965022608540991e+01,7.994406944566757822e+00,1.877307369099798784e+00
2.445766729001153550e+01,7.996740335708757641e+00,1.877442186672709123e+00
2.462569188458477143e+01,7.998447422027882503e+00,1.877546245575203221e+00
2.481284433220144336e+01,7.999611877078226740e+00,1.877618047870504903e+00
2.499999999999998579e+01,7.999999999999993783e+00,1.877636755586409523e+00
2.518715566779853887e+01,7.999611877078227629e+00,1.877615342945746724e+00
2.537430811541518239e+01,7.998447422027883391e+00,1.877540773151357145e+00
2.554233270998848582e+01,7.996740335708757641e+00,1.877434084152777682e+00
2.571034977391455101e+01,7.994406944566758710e+00,1.877296761805885339e+00
2.587509689883325592e+01,7.991510236714785442e+00,1.877122891045544639e+00
2.603983231431900336e+01,7.988010392402877358e+00,1.876912285919493550e+00
2.620455379371366789e+01,7.983906806511199328e+00,1.876662003061995154e+00
2.636925910475755686e+01,7.979198768477036019e+00,1.876370123442026472e+00
2.653394600155790783e+01,7.973885461854123058e+00,1.876034958640854233e+00
2.669861222347270768e+01,7.967965963663338869e+00,1.875653932826742976e+00
2.686325549689348335e+01,7.961439243521557074e+00,1.875225805536371082e+00
2.702787352766229745e+01,7.954304163025625485e+00,1.874746928873110230e+00
2.719246400352598059e+01,7.946559474683021485e+00,1.874214565531133303e+00
2.735702459369053230e+01,7.938203820806923439e+00,1.873626234098595855e+00
2.752282487236684361e+01,7.929164005365026746e+00,1.872972621646381564e+00
2.768858997623076235e+01,7.919500629934868030e+00,1.872260878823462704e+00
2.787073857813760824e+01,7.908158247824917275e+00,1.871400924032216917e+00
2.805283840531703987e+01,7.896058024703747513e+00,1.870449222973590064e+00
2.824162761920537434e+01,7.882706346608627790e+00,1.869370869779571231e+00
2.843035697240077653e+01,7.868533649375970995e+00,1.868175898656792677e+00
2.859945277831912946e+01,7.855130853260424040e+00,1.867007875229627523e+00
2.876849457708313551e+01,7.841063285039792774e+00,1.865753080141293818e+00
2.893264510164483383e+01,7.826759156430331821e+00,1.864435456059072127e+00
2.909673928621859673e+01,7.811822587518179262e+00,1.863021474847252446e+00
2.926077440991683076e+01,7.796250837609936646e+00,1.861501326710923276e+00
2.942474770992387434e+01,7.780041033621550639e+00,1.859871407145148758e+00
2.958865637462229969e+01,7.763190167861697688e+00,1.858125937568638530e+00
2.975249752983329543e+01,7.745695096511365563e+00,1.856259664484580352e+00
2.991626824731601886e+01,7.727552535698992031e+00,1.854266555383484505e+00
3.007996554479492346e+01,7.708759058128520358e+00,1.852141432036521262e+00
3.024358636639869857e+01,7.689311091828958666e+00,1.849879439511467272e+00
3.040712760825936201e+01,7.669204913481176611e+00,1.847474254721433784e+00
3.057112417907668700e+01,7.648367164905639726e+00,1.844911448888916006e+00
3.073503415620929857e+01,7.626858889988608503e+00,1.842198167853337454e+00
3.091324412609531080e+01,7.602694304806318470e+00,1.839066796790177483e+00
3.109134319439698757e+01,7.577725493178220972e+00,1.835731636544301271e+00
3.127560709051212129e+01,7.551021717536376521e+00,1.832067881835705903e+00
3.145974202668647379e+01,7.523442754674546151e+00,1.828163739314254688e+00
3.162561458387119728e+01,7.497825873004352992e+00,1.824436595319627985e+00
3.179137396033797103e+01,7.471486582524017983e+00,1.820520151718588053e+00
3.195399077025721368e+01,7.444920332523099482e+00,1.816471588365496048e+00
3.211649046096550819e+01,7.417646860372516748e+00,1.812222252058560912e+00
3.227886888632046691e+01,7.389660429318285928e+00,1.807764013559836735e+00
3.244112176441812068e+01,7.360955097454672469e+00,1.803091346358050018e+00
3.260324468685521992e+01,7.331524708840002624e+00,1.798199203120742107e+00
3.276523312235019603e+01,7.301362884873484838e+00,1.793081821418428756e+00
3.292708239710124474e+01,7.270463019477945821e+00,1.787735688220854158e+00
3.308878767986957570e+01,7.238818273279939319e+00,1.782154522267457297e+00
3.325034397705579181e+01,7.206421565535285900e+00,1.776334426066933148e+00
3.341174615201693854e+01,7.173265560463772950e+00,1.770270926440203008e+00
3.357435684296249434e+01,7.139051416827526531e+00,1.763906206711482572e+00
3.373679972853614828e+01,7.104049243714555040e+00,1.757291573217739877e+00
3.391448669639047608e+01,7.064805542420956819e+00,1.749757676319494193e+00
3.409195746374521008e+01,7.024595454003070394e+00,1.741898220957765808e+00
3.426184397599389087e+01,6.985138112066821670e+00,1.734069609327980377e+00
3.443151669532306158e+01,6.944771352869691938e+00,1.725949086809116961e+00
3.459161159902134131e+01,6.905789285906718256e+00,1.718001757795178053e+00
3.475150173933945297e+01,6.865975706047847460e+00,1.709798216590785236e+00
3.491117997265831718e+01,6.825320452366113066e+00,1.701332188627439068e+00
3.507063880410757406e+01,6.783813017822515334e+00,1.692605492337275974e+00
3.522987044124637634e+01,6.741442518135020379e+00,1.683621060838395689e+00
3.538886683673351286e+01,6.698197660236658635e+00,1.674381139476864178e+00
3.554761952004287906e+01,6.654066766716240089e+00,1.664891514508527681e+00
3.570611977731361719e+01,6.609037704517523260e+00,1.655156712508356609e+00
3.586435852516036249e+01,6.563097894790439923e+00,1.645184893431741235e+00
3.602232615369936752e+01,6.516234334429907626e+00,1.634984371440158846e+00
3.618001268172547213e+01,6.468433525732748990e+00,1.624567287427697071e+00
3.633740770098770412e+01,6.419681463560105605e+00,1.613948618305145688e+00
3.650316392641730090e+01,6.367190411683316675e+00,1.602546556007202083e+00
3.666857001116073178e+01,6.313606273815873138e+00,1.590954100664121906e+00
3.683097703542951962e+01,6.259793628234080920e+00,1.579392280756301004e+00
3.699301727809120166e+01,6.204886453525691792e+00,1.567707958210921904e+00
3.714871335737552016e+01,6.150954451680680890e+00,1.556368123600144759e+00
3.730404158844927309e+01,6.095972031398600777e+00,1.544987384174272060e+00
3.745898733760396482e+01,6.039920889158098660e+00,1.533606089855215515e+00
3.761353525199532299e+01,5.982781994142645665e+00,1.522275606802166781e+00
3.776766920236459413e+01,5.924535555950926735e+00,1.511055251967415192e+00
3.792137210825525528e+01,5.865161034966952514e+00,1.500012536747977299e+00
3.807462596619465245e+01,5.804637074132223518e+00,1.489226397094298937e+00
3.822741187954687092e+01,5.742941421585096684e+00,1.478789819955349749e+00
3.837970993192533342e+01,5.680050909022962280e+00,1.468808841185020198e+00
3.853149889701186481e+01,5.615941498068218074e+00,1.459408515932029360e+00
3.868292692537614386e+01,5.550513611608777431e+00,1.450721901624061116e+00
3.883379854943236609e+01,5.483812777878232403e+00,1.442926154054754218e+00
3.898823864114985582e+01,5.413911367351576409e+00,1.436051035437278411e+00
3.914203550620042193e+01,5.342605947874009331e+00,1.430576790920486729e+00
3.929087673118650059e+01,5.271922676771350957e+00,1.426850289969981533e+00
3.943905099680491588e+01,5.199851799493356630e+00,1.425000376919520528e+00
3.958652625647000178e+01,5.126361210550931524e+00,1.425369051970234668e+00
3.973326834741941838e+01,5.051417464705844296e+00,1.428349938313864032e+00
3.987924093718000762e+01,4.974985656665559475e+00,1.434378256459463152e+00
4.002440511110385302e+01,4.897029476569750628e+00,1.443966009509336956e+00
4.016871929498726246e+01,4.817511086225620964e+00,1.457670155211949536e+00
4.031213919100105159e+01,4.736390966033058980e+00,1.476134880470337141e+00
4.045461759893542109e+01,4.653627802287680026e+00,1.500050278646246626e+00
4.059610329936325002e+01,4.569178920898688823e+00,1.530214913610181693e+00
4.073658239894353272e+01,4.482974366827289892e+00,1.567484417569333877e+00
4.087595485743891999e+01,4.394992010030551732e+00,1.612816089563290367e+00
4.101414774111859884e+01,4.305190005825577870e+00,1.667208922331209653e+00
4.115110312300996753e+01,4.213511950090458313e+00,1.731827597477908487e+00
4.128671777381492092e+01,4.119926829484457542e+00,1.807851097124294704e+00
4.142094350230040334e+01,4.024360491042371812e+00,1.896691570185886189e+00
4.155369533411712979e+01,3.926757041049392605e+00,1.999788529151496963e+00
4.168488120176721878e+01,3.827058971519271768e+00,2.118878299544768140e+00
4.181440168384681755e+01,3.725206995647462271e+00,2.255775203757113267e+00
4.194214923573593978e+01,3.621140250446702069e+00,2.412692458430966802e+00
4.206800743153397804e+01,3.514796514481550727e+00,2.591978747079666245e+00
4.219185008958210403e+01,3.406112556485762166e+00,2.796592593040580610e+00
4.231354053925198855e+01,3.295024409731961423e+00,3.029750779089845469e+00
4.243293060746444212e+01,3.181467956734099989e+00,3.295507362449362265e+00
4.254985972261669502e+01,3.065379515329859750e+00,3.598351177223808595e+00
4.266415403012846497e+01,2.946696536949111156e+00,3.944064510740592944e+00
4.277562527286135463e+01,2.825358729540853542e+00,4.339182232837096365e+00
4.288407000032204763e+01,2.701309098004444298e+00,4.792179066983127456e+00
4.298926862190604226e+01,2.574495472575189847e+00,5.312824109553003105e+00
4.309098457697381690e+01,2.444872371907247377e+00,5.914082314447876243e+00
4.318896392672634477e+01,2.312402931360243663e+00,6.611306729617728806e+00
4.328293506826184256e+01,2.177061387294844330e+00,7.425422504719390027e+00
4.337260890877930564e+01,2.038835880332870332e+00,8.381778481574855277e+00
4.345767962664874773e+01,1.897731565510758722e+00,9.517435374398946379e+00
4.353782610394366515e+01,1.753774097143876221e+00,1.087644900587558361e+01
4.361271423450013884e+01,1.607013372696743492e+00,1.253810035568658598e+01
4.368200033610921906e+01,1.457527276760958612e+00,1.456418994284883794e+01
4.374533572536643788e+01,1.305425357888059246e+00,1.720263051741739702e+01
4.380237255763552895e+01,1.150852167762673739e+00,2.038698995076082454e+01
4.385277096385119222e+01,9.939898713267915076e-01,2.539392234333076104e+01
4.389620734957919268e+01,8.350597691371601794e-01,3.019303804027561355e+01
4.393238357671001637e+01,6.743223430767516513e-01,4.435379988166916121e+01
4.396103656496315892e+01,5.120755453493199827e-01,4.739795747511340807e+01
4.398194772244998063e+01,3.486510704379133241e-01,1.185245663392046112e+02
4.399547646933226730e+01,1.745585408853868037e-01,1.254298892671047696e+02
4.399999999999997868e+01,-3.401623553578146695e-17,1.007027760677027914e+03
