x,y,stress
3.999999999999997780e+00,6.260624412332401718e-16,8.427249954446665470e+02
4.003533821418941763e+00,2.017911260177969179e-01,1.166140691961080336e+02
4.014121554886529886e+00,4.033353356827551472e-01,1.010657476499396523e+02
4.029430754147623084e+00,5.821655679554148533e-01,4.431648355318436217e+01
4.050240406768932822e+00,7.604395603256982605e-01,3.986919923590993875e+01
4.074192780728062679e+00,9.238361052212373803e-01,2.826004110048461371e+01
4.102689938279866944e+00,1.086501692648009332e+00,2.379265733134701932e+01
4.135552911239863683e+00,1.247815841730968822e+00,1.930982524895053132e+01
4.172786279223033468e+00,1.408177771160187497e+00,1.629085555094042093e+01
4.214304810193778117e+00,1.567484178550325069e+00,1.377805870433196134e+01
4.260016341573034993e+00,1.725638611048465387e+00,1.180041852339142849e+01
4.309822773458545697e+00,1.882551777180732522e+00,1.017050592416110355e+01
4.363621045865383685e+00,2.038141690071069156e+00,8.795582440953944925e+00
4.421304105503168991e+00,2.192333740907072226e+00,7.582815346884404839e+00
4.482761848259098514e+00,2.345060700854123770e+00,6.639324775978763249e+00
4.547881988148809285e+00,2.496262570653978941e+00,5.807011922483644284e+00
4.616550862244182873e+00,2.645886359668380816e+00,5.085098798016479016e+00
4.688654194510495365e+00,2.793885865810590285e+00,4.437307563862437298e+00
4.764077775703420059e+00,2.940221373033981234e+00,3.905989798807829594e+00
4.842708057833501556e+00,3.084859290921712738e+00,3.431528001931834382e+00
4.924432687278728515e+00,3.227771795118220766e+00,3.017762833912005949e+00
5.009140961869957387e+00,3.368936442732795022e+00,2.653750855670846232e+00
5.096724209955112883e+00,3.508335765790031147e+00,2.333458477031426614e+00
5.187076112952027529e+00,3.645956879950242424e+00,2.050938583846311225e+00
5.280092986645894548e+00,3.781791124896566547e+00,1.801510949557641572e+00
5.375673970592012019e+00,3.915833657217985930e+00,1.580988107042830881e+00
5.473721179411202620e+00,4.048083078693957226e+00,1.386712866281502921e+00
5.574139821452798849e+00,4.178541097474404609e+00,1.215857640644042892e+00
5.676838291963425043e+00,4.307212222509529731e+00,1.066468027831018572e+00
5.782579706012001886e+00,4.435115908454871914e+00,9.361607562429281604e-01
5.890460684671714908e+00,4.561220339816938640e+00,8.252814623514174164e-01
5.999513025815914169e+00,4.684552910663446923e+00,7.339397765499102722e-01
6.110509641303228712e+00,4.806138750443023078e+00,6.611321548354918143e-01
6.223374914545755310e+00,4.925992055299912131e+00,6.068238688652934920e-01
6.338036327373482770e+00,5.044128293783685102e+00,5.707828431802834945e-01
6.454424346229550302e+00,5.160563976303624401e+00,5.520088357655100753e-01
6.572472327646921464e+00,5.275316476099075835e+00,5.486910701233608245e-01
6.692116458244663058e+00,5.388403906484778183e+00,5.582678605030438890e-01
6.813295644891232961e+00,5.499844967652967931e+00,5.779526475939189556e-01
6.935951423822785067e+00,5.609658829634384780e+00,6.051001882583106894e-01
7.060027861938313443e+00,5.717865022243367790e+00,6.375044086189759485e-01
7.185611654987369867e+00,5.824600988749886632e+00,6.734910356160208611e-01
7.312514302607929118e+00,5.929765573798476908e+00,7.117443408527740489e-01
7.446546629913323834e+00,6.038055664750768159e+00,7.531618499926693300e-01
7.581913274646926659e+00,6.144673196706682994e+00,7.953275252026630326e-01
7.712582790118944764e+00,6.245101472933744624e+00,8.359142592400853333e-01
7.844383302521229062e+00,6.344040841793141539e+00,8.764221731168109208e-01
7.977134546142237603e+00,6.441410153304144792e+00,9.166153787646035278e-01
8.110934606224111221e+00,6.537333199633461156e+00,9.563871837114529262e-01
8.245746045007356528e+00,6.631829369005485475e+00,9.956621139793250252e-01
8.381533266027695106e+00,6.724917987147890130e+00,1.034372709264218315e+00
8.518262385704225892e+00,6.816618240906188397e+00,1.072483191062767904e+00
8.655900378685180030e+00,6.906948638262338847e+00,1.109975428506243089e+00
8.794415623484651334e+00,6.995927425093225516e+00,1.146812381333036646e+00
8.933778372724930250e+00,7.083572903098221296e+00,1.182997837703675392e+00
9.073959963782339599e+00,7.169902939684012821e+00,1.218541961751056446e+00
9.214932721329606835e+00,7.254934949090333873e+00,1.253464335536550900e+00
9.362104930663138092e+00,7.341863433138807515e+00,1.289060067116902797e+00
9.510073131254435097e+00,7.427430015745660086e+00,1.323997996142983302e+00
9.665336242297783542e+00,7.515308425186407071e+00,1.359774931786800645e+00
9.821407397433178588e+00,7.601743671444939565e+00,1.394848196019679465e+00
9.966551772114279117e+00,7.680473748839625081e+00,1.426705047525916870e+00
1.011234258461915836e+01,7.758000253494881981e+00,1.458000820118813712e+00
1.025832386082890046e+01,7.834113600963158675e+00,1.488579142922673348e+00
1.040490754007939600e+01,7.909060278044881542e+00,1.518733484198219852e+00
1.055207470542094406e+01,7.982854645520305326e+00,1.548524750745363221e+00
1.069980716611250671e+01,8.055510736773372926e+00,1.577354330430832841e+00
1.084808741419362299e+01,8.127042257174666773e+00,1.605783098753869043e+00
1.099689860454870605e+01,8.197462594575506856e+00,1.633660560337243606e+00
1.114622456874017153e+01,8.266784844218758366e+00,1.661008127448308169e+00
1.129604962540791924e+01,8.335021739136307062e+00,1.687835304589451413e+00
1.144635868248174759e+01,8.402185717598950276e+00,1.714118819899948853e+00
1.159713725793313621e+01,8.468288947958233948e+00,1.739931104295352471e+00
1.175290438357700751e+01,8.535274198026073122e+00,1.766158433154528140e+00
1.190913996102170636e+01,8.601159468881411030e+00,1.791586070219268301e+00
1.208188413365234837e+01,8.672524992541280398e+00,1.819066753959562188e+00
1.225516191553313483e+01,8.742584984648633650e+00,1.845867194151321167e+00
1.241728536522425053e+01,8.806783406817363158e+00,1.870299680926878594e+00
1.257984413573147719e+01,8.869871438272079800e+00,1.894170708812105808e+00
1.273371101777597048e+01,8.928427517208831432e+00,1.916198448586421854e+00
1.288794329007801487e+01,8.986014322713286262e+00,1.937736777060668603e+00
1.304253044985323839e+01,9.042641432372260368e+00,1.958779509250508255e+00
1.319746242576193929e+01,9.098318217404417041e+00,1.979324114898254550e+00
1.335272950194667452e+01,9.153053823361235075e+00,1.999375241517374224e+00
1.350832211077722000e+01,9.206857108146262902e+00,2.018934053512317028e+00
1.366423101588028466e+01,9.259736718484166573e+00,2.038001050220470400e+00
1.382044735152397941e+01,9.311701110894100353e+00,2.056580054033798621e+00
1.397696248376804995e+01,9.362758512857151771e+00,2.074673666305447917e+00
1.413376802849941427e+01,9.412916938301369996e+00,2.092284847410691206e+00
1.429085584689534372e+01,9.462184194650522073e+00,2.109410802763870496e+00
1.444821805450302676e+01,9.510567893506644666e+00,2.126069769153955402e+00
1.461447714748000770e+01,9.560649073860050251e+00,2.143114168869606484e+00
1.478102421837862224e+01,9.609764097582269571e+00,2.159654484761425852e+00
1.496630867331522019e+01,9.663186054315266560e+00,2.177408358661006016e+00
1.515192661057114876e+01,9.715437549883445101e+00,2.194484018252098156e+00
1.532621601543836576e+01,9.763364155002371092e+00,2.209927789860016478e+00
1.550078019538505991e+01,9.810280090534229558e+00,2.224803543434531683e+00
1.566078047479051349e+01,9.852340262966153617e+00,2.237937367788802145e+00
1.582099755832563837e+01,9.893566889360453587e+00,2.250618075830729925e+00
1.598064541097347835e+01,9.933771662986293549e+00,2.262780712198261490e+00
1.614049601202112783e+01,9.973162613530899279e+00,2.274496077057408971e+00
1.630054363473315959e+01,1.001174531698041825e+01,2.285763943553831723e+00
1.646078267014548047e+01,1.004952519208885064e+01,2.296594840994480080e+00
1.662120765109959208e+01,1.008650751092393882e+01,2.306990564685957423e+00
1.678181325177407146e+01,1.012269740286820507e+01,2.316962446328661329e+00
1.694259425221265047e+01,1.015809985071264698e+01,2.326531233827636935e+00
1.710354558008075543e+01,1.019271970395884352e+01,2.335684938514793973e+00
1.726466227771464190e+01,1.022656167506181824e+01,2.344435409246671931e+00
1.742593947252621334e+01,1.025963033708641170e+01,2.352800221048514384e+00
1.759137989404471369e+01,1.029272183284619757e+01,2.360971724673933902e+00
1.775697888029265670e+01,1.032501047884214529e+01,2.368748352356601306e+00
1.794215844160497042e+01,1.036013767067751878e+01,2.376943439258075941e+00
1.812752311279662365e+01,1.039427459200098092e+01,2.384651053734307080e+00
1.832023445147859420e+01,1.042868760516187798e+01,2.392156715625052943e+00
1.851313130588422240e+01,1.046204506917438870e+01,2.399143988065256750e+00
1.868533675861973364e+01,1.049091264313778993e+01,2.404987078464424499e+00
1.885767941255389957e+01,1.051894949553549985e+01,2.410466945746248424e+00
1.902029713552510515e+01,1.054462728633055413e+01,2.415308724529170448e+00
1.918302870235816471e+01,1.056957343606801913e+01,2.419848790582801445e+00
1.934587028244091655e+01,1.059379111291938003e+01,2.424093135958067080e+00
1.950881809634248398e+01,1.061728337655124577e+01,2.428050253342376230e+00
1.967186844088105246e+01,1.064005318392577770e+01,2.431731942487417975e+00
1.983501766066206073e+01,1.066210338715787387e+01,2.435147307449353260e+00
1.999826215040609867e+01,1.068343673595057197e+01,2.438310778804466672e+00
2.016159838740705723e+01,1.070405588356239512e+01,2.441230062672651080e+00
2.032502289864001810e+01,1.072396338396273485e+01,2.443916744063593161e+00
2.048853224020074393e+01,1.074316169115423847e+01,2.446382182010382156e+00
2.065212302533212707e+01,1.076165316429367458e+01,2.448635647972101204e+00
2.081579191643458060e+01,1.077944006811771693e+01,2.450700275246747051e+00
2.098827627355527881e+01,1.079741663083901848e+01,2.452660186514081353e+00
2.116083983788198708e+01,1.081461624950425104e+01,2.454441448790083857e+00
2.135509190044027861e+01,1.083304259562117622e+01,2.456215012623823579e+00
2.154943421210248289e+01,1.085049139246408423e+01,2.457758911104184651e+00
2.174414837723819360e+01,1.086698917090372518e+01,2.459117806390236805e+00
2.193894267083947014e+01,1.088251226615390088e+01,2.460275415833848012e+00
2.211211723279575025e+01,1.089549160001750927e+01,2.461174157837698662e+00
2.228534750213515636e+01,1.090770495528947492e+01,2.461961969480124246e+00
2.244962065009012164e+01,1.091857758481577534e+01,2.462607989726964597e+00
2.261393774314695193e+01,1.092876455225947119e+01,2.463171626943498005e+00
2.277829583989130313e+01,1.093826706600733267e+01,2.463654291552883624e+00
2.294269201943626157e+01,1.094708625110902389e+01,2.464065286022097290e+00
2.310712338255994069e+01,1.095522315000128799e+01,2.464411771549889441e+00
2.327158704680078571e+01,1.096267872285826606e+01,2.464701660022148744e+00
2.343608014798069306e+01,1.096945384823269265e+01,2.464943123702010297e+00
2.360059983659106209e+01,1.097554932339797595e+01,2.465141178933767829e+00
2.376514327769101698e+01,1.098096586480809300e+01,2.465302781817181099e+00
2.392970764824124430e+01,1.098570410841208123e+01,2.465432508438198500e+00
2.409429013554288801e+01,1.098976460998116700e+01,2.465534878042169531e+00
2.425888793799889598e+01,1.099314784543975776e+01,2.465622390469298431e+00
2.443321910900631622e+01,1.099599286836025946e+01,2.465687311858675734e+00
2.460756101175297417e+01,1.099807909310063003e+01,2.465744437829633373e+00
2.480377815513204709e+01,1.099951979321842366e+01,2.465787396519836694e+00
2.499999999999989342e+01,1.099999999999999467e+01,2.465792914838517813e+00
2.519622184486775041e+01,1.099951979321842899e+01,2.465788481815605060e+00
2.539243898824683043e+01,1.099807909310063536e+01,2.465746731936147906e+00
2.556678089099355944e+01,1.099599286836025946e+01,2.465691938225294422e+00
2.574111206200094060e+01,1.099314784543975954e+01,2.465629425275316589e+00
2.590570986445705159e+01,1.098976460998116877e+01,2.465544774928413396e+00
2.607029235175857806e+01,1.098570410841208478e+01,2.465445126336150317e+00
2.623485672230881960e+01,1.098096586480809655e+01,2.465316158117744738e+00
2.639940016340876738e+01,1.097554932339798306e+01,2.465155089474558192e+00
2.656391985201913641e+01,1.096945384823269976e+01,2.464954534454542046e+00
2.672841295319903310e+01,1.096267872285827139e+01,2.464710225822653644e+00
2.689287661743989233e+01,1.095522315000129510e+01,2.464415548710410686e+00
2.705730798056357500e+01,1.094708625110903100e+01,2.464064133863546058e+00
2.722170416010853700e+01,1.093826706600733978e+01,2.463648804038594431e+00
2.738606225685286688e+01,1.092876455225948007e+01,2.463161651205055591e+00
2.755037934990970783e+01,1.091857758481578244e+01,2.462595305185196981e+00
2.771465249786468021e+01,1.090770495528948381e+01,2.461946802193137884e+00
2.788788276720406856e+01,1.089549160001752348e+01,2.461158818131384152e+00
2.806105732916033091e+01,1.088251226615391154e+01,2.460260220488737382e+00
2.825585162276161455e+01,1.086698917090374117e+01,2.459103344476266884e+00
2.845056578789731461e+01,1.085049139246410022e+01,2.457744957622994164e+00
2.864490809955952599e+01,1.083304259562119398e+01,2.456202183743037448e+00
2.883916016211782107e+01,1.081461624950426703e+01,2.454429280373256361e+00
2.901172372644456132e+01,1.079741663083903447e+01,2.452648912732080078e+00
2.918420808356527374e+01,1.077944006811772937e+01,2.450689919744764023e+00
2.934787697466772372e+01,1.076165316429369057e+01,2.448625973454686022e+00
2.951146775979909620e+01,1.074316169115425446e+01,2.446373182251782907e+00
2.967497710135983979e+01,1.072396338396274906e+01,2.443907642613122544e+00
2.983840161259280777e+01,1.070405588356240933e+01,2.441221128566760434e+00
3.000173784959375922e+01,1.068343673595058796e+01,2.438301560461989315e+00
3.016498233933777229e+01,1.066210338715789163e+01,2.435137703094360173e+00
3.032813155911879122e+01,1.064005318392579369e+01,2.431720090922819377e+00
3.049118190365737036e+01,1.061728337655126353e+01,2.428036379078996276e+00
3.065412971755894134e+01,1.059379111291939779e+01,2.424077312323875688e+00
3.081697129764168963e+01,1.056957343606803512e+01,2.419830421028591250e+00
3.097970286447475985e+01,1.054462728633057189e+01,2.415287118877794015e+00
3.114232058744596898e+01,1.051894949553551584e+01,2.410442372139589562e+00
3.131466324138011004e+01,1.049091264313781480e+01,2.404960903627838764e+00
3.148686869411560352e+01,1.046204506917441357e+01,2.399116803837762824e+00
3.167976554852125304e+01,1.042868760516189930e+01,2.392128801209064903e+00
3.187247688720324490e+01,1.039427459200100046e+01,2.384621698925241784e+00
3.205784155839490523e+01,1.036013767067753477e+01,2.376921190575898013e+00
3.224302111970720830e+01,1.032501047884216128e+01,2.368733037491354665e+00
3.240862010595517972e+01,1.029272183284621001e+01,2.360969383512576236e+00
3.257406052747369785e+01,1.025963033708642413e+01,2.352822706141971310e+00
3.273533772228526573e+01,1.022656167506183245e+01,2.344467023523313820e+00
3.289645441991913799e+01,1.019271970395885596e+01,2.335718018105021443e+00
3.305740574778725716e+01,1.015809985071266119e+01,2.326561925112953233e+00
3.321818674822584683e+01,1.012269740286821751e+01,2.316992932803344729e+00
3.337879234890031199e+01,1.008650751092395481e+01,2.307004975739934682e+00
3.353921732985439519e+01,1.004952519208887018e+01,2.296591277249982355e+00
3.369945636526673383e+01,1.001174531698043602e+01,2.285748005176702069e+00
3.385950398797876204e+01,9.973162613530917042e+00,2.274467915299360321e+00
3.401935458902642040e+01,9.933771662986311313e+00,2.262747599532496601e+00
3.417900244167427104e+01,9.893566889360469574e+00,2.250580880168901565e+00
3.433921952520940835e+01,9.852340262966164275e+00,2.237900841880017033e+00
3.449921980461488147e+01,9.810280090534236663e+00,2.224771615804494562e+00
3.467378398456156674e+01,9.763364155002383526e+00,2.209903045326211402e+00
3.484807338942876953e+01,9.715437549883459312e+00,2.194471550181739339e+00
3.503369132668473185e+01,9.663186054315273665e+00,2.177404466272908401e+00
3.521897578162134579e+01,9.609764097582271347e+00,2.159667799436562508e+00
3.538552285251994078e+01,9.560649073860057356e+00,2.143133740942461340e+00
3.555178194549691284e+01,9.510567893506655324e+00,2.126085406390814558e+00
3.570914415310460299e+01,9.462184194650530955e+00,2.109420092409839853e+00
3.586623197150053954e+01,9.412916938301375325e+00,2.092285571706743230e+00
3.602303751623190919e+01,9.362758512857157100e+00,2.074668097633271202e+00
3.617955264847596908e+01,9.311701110894103905e+00,2.056566888089548684e+00
3.633576898411969580e+01,9.259736718484164797e+00,2.037981097896156779e+00
3.649167788922277111e+01,9.206857108146259350e+00,2.018907073727720380e+00
3.664727049805330950e+01,9.153053823361233299e+00,1.999344189810646544e+00
3.680253757423803762e+01,9.098318217404417041e+00,1.979289206067162077e+00
3.695746955014674739e+01,9.042641432372255039e+00,1.958742242638563891e+00
3.711205670992196559e+01,8.986014322713282709e+00,1.937699746422739677e+00
3.726628898222401176e+01,8.928427517208827879e+00,1.916160337545139258e+00
3.742015586426850149e+01,8.869871438272074471e+00,1.894128897120066712e+00
3.758271463477571217e+01,8.806783406817363158e+00,1.870253199285937473e+00
3.774483808446680655e+01,8.742584984648646085e+00,1.845814741162918882e+00
3.791811586634756992e+01,8.672524992541305267e+00,1.819005762818751037e+00
3.809086003897818529e+01,8.601159468881443004e+00,1.791521244044265826e+00
3.824709561642292499e+01,8.535274198026090886e+00,1.766011566113715459e+00
3.840286274206683004e+01,8.468288947958235724e+00,1.739973391184745699e+00
3.855364131751820622e+01,8.402185717598959158e+00,1.714162934950759443e+00
3.870395037459201859e+01,8.335021739136319496e+00,1.687839974374204521e+00
3.885377543125976985e+01,8.266784844218769024e+00,1.660995642743441802e+00
3.900310139545124599e+01,8.197462594575519290e+00,1.633625765300245947e+00
3.915191258580632194e+01,8.127042257174680984e+00,1.605727794864319158e+00
3.930019283388743645e+01,8.055510736773383584e+00,1.577293873342249464e+00
3.944792529457900088e+01,7.982854645520320425e+00,1.548321189845572432e+00
3.959509245992054360e+01,7.909060278044900194e+00,1.518801682537636255e+00
3.974167613917103381e+01,7.834113600963176438e+00,1.488731287304621231e+00
3.988765741538077236e+01,7.758000253494901521e+00,1.458100576772537016e+00
4.003344822788564983e+01,7.680473748839642845e+00,1.426807948981234864e+00
4.017859260256676635e+01,7.601743671444954664e+00,1.394944805522859266e+00
4.033466375770217383e+01,7.515308425186417729e+00,1.359870843004865382e+00
4.048992686874552760e+01,7.427430015745663638e+00,1.324083461569363962e+00
4.063789506933680684e+01,7.341863433138826167e+00,1.289131015784573675e+00
4.078506727867031145e+01,7.254934949090364960e+00,1.253521547800760194e+00
4.092604003621759290e+01,7.169902939684043019e+00,1.218584107211392098e+00
4.106622162727498448e+01,7.083572903098252382e+00,1.183023730753120395e+00
4.120558437651526873e+01,6.995927425093261043e+00,1.146829389916021569e+00
4.134409962131474003e+01,6.906948638262375262e+00,1.109998604899760100e+00
4.148173761429568884e+01,6.816618240906231918e+00,1.072535600164656211e+00
4.161846673397220542e+01,6.724917987147930987e+00,1.034448112851040325e+00
4.175425395499255643e+01,6.631829369005528996e+00,9.957585959556209954e-01
4.188906539377580174e+01,6.537333199633505565e+00,9.565022636204612017e-01
4.202286545385766914e+01,6.441410153304190978e+00,9.167391242083976488e-01
4.215561669747867768e+01,6.344040841793186836e+00,8.765591012489093448e-01
4.228741720988095665e+01,6.245101472933796138e+00,8.360576488656208394e-01
4.241808672535297120e+01,6.144673196706743390e+00,7.954792082396364705e-01
4.255345337008658646e+01,6.038055664750819673e+00,7.533147550167067497e-01
4.268748569739198473e+01,5.929765573798516876e+00,7.119042940332700464e-01
4.281438834501253865e+01,5.824600988749930153e+00,6.736541806854736691e-01
4.293997213806160573e+01,5.717865022243416639e+00,6.376740018126707543e-01
4.306404857617713589e+01,5.609658829634430077e+00,6.052740249451351584e-01
4.318670435510868089e+01,5.499844967653007011e+00,5.781356321107842255e-01
4.330788354175528099e+01,5.388403906484812822e+00,5.584635332313775402e-01
4.342752767235301548e+01,5.275316476099112251e+00,5.489103109728520336e-01
4.354557565377038486e+01,5.160563976303662592e+00,5.522627874626222511e-01
4.366196367262644173e+01,5.044128293783722405e+00,5.710899097137716041e-01
4.377662508545416387e+01,4.925992055299956540e+00,6.071965383243894676e-01
4.388949035869669757e+01,4.806138750443072816e+00,6.615980077947440918e-01
4.400048697418401389e+01,4.684552910663502878e+00,7.345335035272521074e-01
4.410953931532819894e+01,4.561220339816994596e+00,8.260444184590846062e-01
4.421742029398793505e+01,4.435115908454924316e+00,9.371073510649059468e-01
4.432316170803651545e+01,4.307212222509577693e+00,1.067649645036972572e+00
4.442586017854713276e+01,4.178541097474456123e+00,1.217221546416883848e+00
4.452627882058872189e+01,4.048083078694006076e+00,1.388307946482652877e+00
4.462432602940793913e+01,3.915833657217998365e+00,1.582832871290181798e+00
4.471990701335410279e+01,3.781791124896535905e+00,1.803538764115625082e+00
4.481292388704796537e+01,3.645956879950220220e+00,2.053554471369233525e+00
4.490327579004485870e+01,3.508335765790016492e+00,2.337001347098927706e+00
4.499085903813000442e+01,3.368936442732803904e+00,2.658475421242972647e+00
4.507556731272122619e+01,3.227771795118254072e+00,3.023934979867013872e+00
4.515729194216645226e+01,3.084859290921746933e+00,3.440064163284221266e+00
4.523592222429653731e+01,2.940221373034015873e+00,3.915400422722113749e+00
4.531134580548947355e+01,2.793885865810601388e+00,4.459667055791644685e+00
4.538344913775579670e+01,2.645886359668365717e+00,5.085510615509628352e+00
4.545211801185116229e+01,2.496262570653986490e+00,5.807727300741116316e+00
4.551723815174084820e+01,2.345060700854154412e+00,6.645895907214822707e+00
4.557869589449678216e+01,2.192333740907093542e+00,7.623499782004379277e+00
4.563637895413459233e+01,2.038141690071076262e+00,8.773803914732129172e+00
4.569017722654142943e+01,1.882551777180727859e+00,1.013559645605905679e+01
4.573998365842694369e+01,1.725638611048447846e+00,1.177656347175214790e+01
4.578569518980619790e+01,1.567484178550321072e+00,1.375109579339920884e+01
4.582721372077694610e+01,1.408177771160195713e+00,1.626254409448847227e+01
4.586444708876012299e+01,1.247815841730948616e+00,1.924960444420574746e+01
4.589731006172010552e+01,1.086501692647957151e+00,2.375794969385536604e+01
4.592580721927192400e+01,9.238361052211897517e-01,2.811832565622838587e+01
4.594975959323104320e+01,7.604395603256560721e-01,3.992071702449202064e+01
4.597056924585235294e+01,5.821655679553995322e-01,4.397762542732272095e+01
4.598587844511343548e+01,4.033353356827702463e-01,1.014251370711486686e+02
4.599646617858102360e+01,2.017911260178030242e-01,1.162936940091411913e+02
4.599999999999997868e+01,-3.908104922035865445e-17,8.431133872005556213e+02
