x,y,stress
3.999999999999997780e+00,3.885162771075249660e-16,1.118344423060850204e+03
4.006079761145451279e+00,1.684283575402877320e-01,1.644446298576276320e+02
4.024204508346213238e+00,3.359899952737921414e-01,1.314576840967510805e+02
4.053392135710670807e+00,4.988452197818227796e-01,5.731905943882620846e+01
4.093378837861071595e+00,6.593929517033760845e-01,4.833554835040517617e+01
4.143544826167887329e+00,8.170596049202419886e-01,3.275016914416119107e+01
4.203184734892140284e+00,9.713950351585910470e-01,2.657484506898935450e+01
4.271550871721842668e+00,1.122071335441961359e+00,2.110841418721858886e+01
4.347889584354487802e+00,1.268872438207603981e+00,1.729162093815513046e+01
4.431468704908707146e+00,1.411678290501151123e+00,1.432627339487341800e+01
4.521596094229519025e+00,1.550447013395545914e+00,1.202429942627983195e+01
4.617630593376684800e+00,1.685197560853062049e+00,1.018772526718635696e+01
4.718987044175215750e+00,1.815994171725455741e+00,8.707763458812772583e+00
4.825137077762261306e+00,1.942933236941763786e+00,7.499971542081594222e+00
4.935607167306219623e+00,2.066132733591015569e+00,6.505277900987104900e+00
5.049975080828666307e+00,2.185724027625195465e+00,5.679005514747165861e+00
5.167865501440329190e+00,2.301845666007061642e+00,4.988471990792507249e+00
5.288945395250519432e+00,2.414638835855265953e+00,4.407743303584741312e+00
5.412919365153491036e+00,2.524244049744198026e+00,3.917497186836010226e+00
5.539525264418496242e+00,2.630798845002410236e+00,3.501890773124464395e+00
5.668530533537922800e+00,2.734436530769170037e+00,3.148752371024542196e+00
5.799728398812363572e+00,2.835285022721653725e+00,2.847916820805191929e+00
5.932934521705795383e+00,2.933466172114131520e+00,2.591541085104821285e+00
6.067984484861276506e+00,3.029095731118937707e+00,2.372993686384659018e+00
6.204731254308016197e+00,3.122283223988747469e+00,2.186873383275307781e+00
6.343043092892249213e+00,3.213132064345463501e+00,2.028569702003855113e+00
6.482801578065116921e+00,3.301739652612313503e+00,1.894378766609849940e+00
6.623899835660373547e+00,3.388197533762640656e+00,1.780844142958217802e+00
6.766241947925569100e+00,3.472592168177842442e+00,1.685433032456759461e+00
6.909741441860355771e+00,3.555005005460694534e+00,1.605173559434176722e+00
7.054318884620964347e+00,3.635512027289939496e+00,1.538740488964747355e+00
7.199902181071691665e+00,3.714184786233323710e+00,1.484257898438916978e+00
7.346426439929925500e+00,3.791091026768397043e+00,1.440018169442966789e+00
7.494510517197366717e+00,3.866635602856347109e+00,1.404485662322133566e+00
7.643428848087412852e+00,3.940522213680648811e+00,1.376553505598903548e+00
7.792445343518124012e+00,4.012481398284176493e+00,1.355187935220456774e+00
7.942192530791606586e+00,4.082907519885231373e+00,1.339267029825846222e+00
8.092628285544945399e+00,4.151850748083385056e+00,1.327990825632465510e+00
8.243713732046419551e+00,4.219358436044647220e+00,1.320663673736055088e+00
8.395412866855533451e+00,4.285475289831574663e+00,1.316463252659404892e+00
8.547692644068972001e+00,4.350243705382464299e+00,1.315693736219037735e+00
8.700522509895046497e+00,4.413703830742031542e+00,1.315844918767661520e+00
8.853873756705251452e+00,4.475893546241644927e+00,1.318773290767172091e+00
9.007719779279407035e+00,4.536848800433436857e+00,1.323134862705490411e+00
9.162035992372711490e+00,4.596603771543393613e+00,1.329213453361724806e+00
9.318084460579683537e+00,4.655671869576430311e+00,1.335900949151359596e+00
9.474565553681665975e+00,4.713584213656337951e+00,1.343750230513293564e+00
9.638765086300962182e+00,4.772984879345576914e+00,1.352731357276967694e+00
9.803393893691975336e+00,4.831185302567770457e+00,1.362393779910430869e+00
9.959841385407608882e+00,4.885279803744922766e+00,1.372007272176899217e+00
1.011663976968859480e+01,4.938348669734142327e+00,1.381997372089245335e+00
1.027372231340578423e+01,4.990399065509214971e+00,1.392196966083241394e+00
1.043112560749713502e+01,5.041471334348008426e+00,1.402783378823746707e+00
1.058883605108789894e+01,5.091587327669656382e+00,1.413340962094565167e+00
1.074684071259494011e+01,5.140767888251053463e+00,1.423964723776179664e+00
1.090512747097717394e+01,5.189032969110028759e+00,1.434672658954617042e+00
1.106368480639610752e+01,5.236401635819574629e+00,1.445402020424668255e+00
1.122250190485520527e+01,5.282892160742188814e+00,1.456101239673756709e+00
1.138156842917454270e+01,5.328522012619595571e+00,1.466766139223235399e+00
1.154087455331893963e+01,5.373307921884723726e+00,1.477307123023509527e+00
1.170041110538824825e+01,5.417265969249716484e+00,1.487920443527380732e+00
1.186783477686101840e+01,5.462460135142396922e+00,1.498891669521066117e+00
1.203549227049337311e+01,5.506779047799606808e+00,1.509563571574914942e+00
1.221319522104089650e+01,5.552753306491678309e+00,1.520778801519617529e+00
1.239113969926884273e+01,5.597783707431259081e+00,1.531808472343134220e+00
1.255373715206597041e+01,5.638070405931220996e+00,1.541713326106170845e+00
1.271652066289098393e+01,5.677598625542077393e+00,1.551447645659548513e+00
1.287750550039340958e+01,5.715914694050946210e+00,1.560899755335471539e+00
1.303865921798364447e+01,5.753514159928426963e+00,1.570163854583784158e+00
1.319997592638185147e+01,5.790408082548932356e+00,1.579406757400408257e+00
1.336144999154517521e+01,5.826607109732767853e+00,1.588301904163592182e+00
1.352307602102646378e+01,5.862121496720960501e+00,1.597063122783511702e+00
1.368484884556579395e+01,5.896961122780916220e+00,1.605635119808150213e+00
1.384676351066824118e+01,5.931135508793483169e+00,1.614024226545454521e+00
1.400881526319674819e+01,5.964653832569394964e+00,1.622229476923639169e+00
1.417099953772779664e+01,5.997524943101373296e+00,1.630249155278866713e+00
1.433331195276991465e+01,6.029757375836376276e+00,1.638085495089753874e+00
1.449827233591182818e+01,6.061845300908562884e+00,1.645850600937216912e+00
1.466335628159117199e+01,6.093291362352525553e+00,1.653433044088285619e+00
1.484680373676839160e+01,6.127466447981936959e+00,1.661622903379882166e+00
1.503039314086967870e+01,6.160870601126123169e+00,1.669576547398377242e+00
1.521457654925002778e+01,6.193594252572682812e+00,1.677321017522337199e+00
1.539889245548765473e+01,6.225563195573444730e+00,1.684828405681568997e+00
1.556479872178367252e+01,6.253683153324258726e+00,1.691391491072911979e+00
1.573080496826867147e+01,6.281206744140519049e+00,1.697775063116639060e+00
1.589415259067743236e+01,6.307698496970307822e+00,1.703876264371331439e+00
1.605759079114517363e+01,6.333625585725306983e+00,1.709805004383315952e+00
1.622111667001226820e+01,6.358993696406717966e+00,1.715562728235414225e+00
1.638472745412079945e+01,6.383808328369342533e+00,1.721152202037523615e+00
1.654842045867025391e+01,6.408074795448632344e+00,1.726574700303946663e+00
1.671219304626746904e+01,6.431798227018133751e+00,1.731833802847422055e+00
1.687604266756842364e+01,6.454983580845208735e+00,1.736932088956222087e+00
1.703996686726145526e+01,6.477635649985815647e+00,1.741872389969544077e+00
1.720396326191671577e+01,6.499759065435987360e+00,1.746657372048593837e+00
1.736802951833290365e+01,6.521358298927896868e+00,1.751290830053332748e+00
1.753399491672147903e+01,6.542669928132966994e+00,1.755822194034674544e+00
1.770002716467530490e+01,6.563454346298663644e+00,1.760209805517155557e+00
1.788358534657098176e+01,6.585815080580894154e+00,1.764880930718725427e+00
1.806721957648266752e+01,6.607542454559826695e+00,1.769375161901479254e+00
1.826354897733409288e+01,6.630068104386452887e+00,1.773987163243831322e+00
1.845995868731165146e+01,6.651882437228072043e+00,1.778394714874924176e+00
1.863688485446207110e+01,6.670921689147323086e+00,1.782205950161388941e+00
1.881387121583523125e+01,6.689393019015898112e+00,1.785867386389235145e+00
1.897862242653826215e+01,6.706075289680840434e+00,1.789143739220944385e+00
1.914342205978514855e+01,6.722272225224217301e+00,1.792297691645794888e+00
1.930815713948270584e+01,6.737976327018687428e+00,1.795326544229874699e+00
1.947293717206215646e+01,6.753201516449869324e+00,1.798235651126208312e+00
1.963776050370210768e+01,6.767950515188336347e+00,1.801028040036911859e+00
1.980262552731663206e+01,6.782225942292094523e+00,1.803705960211173354e+00
1.996753067394103809e+01,6.796030315823064605e+00,1.806272053500087127e+00
2.013247438079570983e+01,6.809366052613689213e+00,1.808728784153938118e+00
2.029745511927415080e+01,6.822235473026246666e+00,1.811079449997120561e+00
2.046247140331932002e+01,6.834640803650383845e+00,1.813325815826279497e+00
2.062752177342254001e+01,6.846584178001188015e+00,1.815470028209955178e+00
2.079260478037473092e+01,6.858067637347304846e+00,1.817517058953447284e+00
2.096506094193498981e+01,6.869572741021744200e+00,1.819547827743562607e+00
2.113754957124896805e+01,6.880580375112430147e+00,1.821479614386111390e+00
2.133158845109542767e+01,6.892369022717670823e+00,1.823525817386612013e+00
2.152566423685190600e+01,6.903533644324716612e+00,1.825442073179826874e+00
2.172284370337889214e+01,6.914238502358869276e+00,1.827265072988754957e+00
2.192005681044732057e+01,6.924304617706530607e+00,1.828957350930766834e+00
2.209530984089765582e+01,6.932714516291690110e+00,1.830361127907645047e+00
2.227058618849929772e+01,6.940623573054742756e+00,1.831674773384123434e+00
2.243591992264193280e+01,6.947625440528385710e+00,1.832830107632498651e+00
2.260127182715510585e+01,6.954184217296007553e+00,1.833908211229682728e+00
2.276664066556613264e+01,6.960300967976223774e+00,1.834906807414036445e+00
2.293202522859249370e+01,6.965976683095100874e+00,1.835828013489705368e+00
2.309742431641187466e+01,6.971212279145801993e+00,1.836672037189333917e+00
2.326283672554495396e+01,6.976008598983967524e+00,1.837440918945073109e+00
2.342826126365716632e+01,6.980366413055972608e+00,1.838135155799039966e+00
2.359369675546064826e+01,6.984286420119553362e+00,1.838756632167593219e+00
2.375914203166824734e+01,6.987769247465549505e+00,1.839306891815367440e+00
2.392459592309214855e+01,6.990815451333029173e+00,1.839786483972229769e+00
2.409005726878899267e+01,6.993425517551910886e+00,1.840196032934969361e+00
2.425552491402858024e+01,6.995599861868469382e+00,1.840539012581373202e+00
2.443060052229018808e+01,6.997426385899820467e+00,1.840826013919494075e+00
2.460568053436784197e+01,6.998765860723217713e+00,1.841040194809862252e+00
2.480283930145980875e+01,6.999691482557966360e+00,1.841189724401781636e+00
2.500000000000011013e+01,6.999999999999995559e+00,1.841236457337388943e+00
2.519716069854042928e+01,6.999691482557965472e+00,1.841190252676989658e+00
2.539431946563236764e+01,6.998765860723216825e+00,1.841041265757926260e+00
2.556939947771007482e+01,6.997426385899820467e+00,1.840827099434073855e+00
2.574447508597159384e+01,6.995599861868466718e+00,1.840539931803047535e+00
2.590994273121118141e+01,6.993425517551906445e+00,1.840195656646601119e+00
2.607540407690802908e+01,6.990815451333026509e+00,1.839784474973644501e+00
2.624085796833192674e+01,6.987769247465545952e+00,1.839301568074667825e+00
2.640630324453951872e+01,6.984286420119548033e+00,1.838747665590384495e+00
2.657173873634301842e+01,6.980366413055967278e+00,1.838121584114556839e+00
2.673716327445524854e+01,6.976008598983961306e+00,1.837422618001049113e+00
2.690257568358831008e+01,6.971212279145795776e+00,1.836649193300376570e+00
2.706797477140766972e+01,6.965976683095093769e+00,1.835800864552487477e+00
2.723335933443405921e+01,6.960300967976215780e+00,1.834876916900155974e+00
2.739872817284510020e+01,6.954184217295998671e+00,1.833875819510115246e+00
2.756408007735828036e+01,6.947625440528375940e+00,1.832796074342042392e+00
2.772941381150090123e+01,6.940623573054732987e+00,1.831639036719837854e+00
2.790469015910257156e+01,6.932714516291679452e+00,1.830323589177133670e+00
2.807994318955291746e+01,6.924304617706517284e+00,1.828917955678161178e+00
2.827715629662137076e+01,6.914238502358854177e+00,1.827224159757459443e+00
2.847433576314837467e+01,6.903533644324698848e+00,1.825399593055426983e+00
2.866841154890484944e+01,6.892369022717653948e+00,1.823483626974542249e+00
2.886245042875129840e+01,6.880580375112412383e+00,1.821437668119558095e+00
2.903493905806527309e+01,6.869572741021727325e+00,1.819508139062515850e+00
2.920739521962551422e+01,6.858067637347286194e+00,1.817480183164744023e+00
2.937247822657771579e+01,6.846584178001165810e+00,1.815436069513300943e+00
2.953752859668093933e+01,6.834640803650362528e+00,1.813294860191710045e+00
2.970254488072611210e+01,6.822235473026224462e+00,1.811050221329232768e+00
2.986752561920454951e+01,6.809366052613664344e+00,1.808701140144722164e+00
3.003246932605923192e+01,6.796030315823041512e+00,1.806244863948758494e+00
3.019737447268363795e+01,6.782225942292069654e+00,1.803679008595983069e+00
3.036223949629816943e+01,6.767950515188311478e+00,1.801001197731022296e+00
3.052706282793810644e+01,6.753201516449842678e+00,1.798208838632374462e+00
3.069184286051755350e+01,6.737976327018658118e+00,1.795299987974828593e+00
3.085657794021511435e+01,6.722272225224189768e+00,1.792271542093201386e+00
3.102137757346199365e+01,6.706075289680813789e+00,1.789119185438179382e+00
3.118612878416501744e+01,6.689393019015869690e+00,1.785844943884056013e+00
3.136311514553821311e+01,6.670921689147291112e+00,1.782185373211342849e+00
3.154004131268866118e+01,6.651882437228035627e+00,1.778376596037458235e+00
3.173645102266622686e+01,6.630068104386414696e+00,1.773971040211291816e+00
3.193278042351766288e+01,6.607542454559784062e+00,1.769361465714917481e+00
3.211641465342933088e+01,6.585815080580849745e+00,1.764869488601034320e+00
3.229997283532500063e+01,6.563454346298621900e+00,1.760200748548213845e+00
3.246600508327881585e+01,6.542669928132926138e+00,1.755815295048396285e+00
3.263197048166738057e+01,6.521358298927855124e+00,1.751285644567599498e+00
3.279603673808355779e+01,6.499759065435942951e+00,1.746650915029205553e+00
3.296003313273882185e+01,6.477635649985773902e+00,1.741864375693966238e+00
3.312395733243184992e+01,6.454983580845164326e+00,1.736920831624576111e+00
3.328780695373280452e+01,6.431798227018090230e+00,1.731818759468297886e+00
3.345157954133002676e+01,6.408074795448587047e+00,1.726554627333735104e+00
3.361527254587949187e+01,6.383808328369294571e+00,1.721126721729735243e+00
3.377888332998801957e+01,6.358993696406668228e+00,1.715532881722257486e+00
3.394240920885510349e+01,6.333625585725258134e+00,1.709770235373110348e+00
3.410584740932284120e+01,6.307698496970258972e+00,1.703837372938978190e+00
3.426919503173159853e+01,6.281206744140470200e+00,1.697731954095107465e+00
3.443520127821660282e+01,6.253683153324207211e+00,1.691345773398592378e+00
3.460110754451262949e+01,6.225563195573389663e+00,1.684780285399251509e+00
3.478542345075027953e+01,6.193594252572621528e+00,1.677270818942052433e+00
3.496960685913064992e+01,6.160870601126059221e+00,1.669524065436578608e+00
3.515319626323193347e+01,6.127466447981873898e+00,1.661569515244214035e+00
3.533664371840914953e+01,6.093291362352458052e+00,1.653377975265678534e+00
3.550172766408849157e+01,6.061845300908493606e+00,1.645796036691285602e+00
3.566668804723039443e+01,6.029757375836310551e+00,1.638031281178657261e+00
3.582900046227248936e+01,5.997524943101311123e+00,1.630196268862083464e+00
3.599118473680351826e+01,5.964653832569331904e+00,1.622177672654460112e+00
3.615323648933203771e+01,5.931135508793420108e+00,1.613974088358185677e+00
3.631515115443449560e+01,5.896961122780849607e+00,1.605585659430702306e+00
3.647692397897380800e+01,5.862121496720896552e+00,1.597013592588772735e+00
3.663855000845509835e+01,5.826607109732699463e+00,1.588258789792249326e+00
3.680002407361842387e+01,5.790408082548863078e+00,1.579323309031152700e+00
3.696134078201662732e+01,5.753514159928356797e+00,1.570209249570487353e+00
3.712249449960686576e+01,5.715914694050876044e+00,1.560919516678266561e+00
3.728347933710929141e+01,5.677598625542002786e+00,1.551458020563021512e+00
3.744626284793432802e+01,5.638070405931141948e+00,1.541710003265023055e+00
3.760886030073145747e+01,5.597783707431177369e+00,1.531798346229373387e+00
3.778680477895940015e+01,5.552753306491596597e+00,1.520761369975479838e+00
3.796450772950693420e+01,5.506779047799517990e+00,1.509539428834471675e+00
3.813216522313924628e+01,5.462460135142317874e+00,1.498783023734589381e+00
3.829958889461197913e+01,5.417265969249648094e+00,1.487895994448291459e+00
3.845912544668126998e+01,5.373307921884658889e+00,1.477392844138443850e+00
3.861843157082565625e+01,5.328522012619528958e+00,1.466802763669661447e+00
3.877749809514498480e+01,5.282892160742123977e+00,1.456141181391547468e+00
3.893631519360408078e+01,5.236401635819509792e+00,1.445432327615067569e+00
3.909487252902301435e+01,5.189032969109963922e+00,1.434702962816106986e+00
3.925315928740523930e+01,5.140767888250985962e+00,1.423984602994398552e+00
3.941116394891228225e+01,5.091587327669589769e+00,1.413314437746443497e+00
3.956887439250304084e+01,5.041471334347943589e+00,1.402736103221264408e+00
3.972627768659440051e+01,4.990399065509146581e+00,1.392301542096078704e+00
3.988336023031158817e+01,4.938348669734068608e+00,1.382069896449126256e+00
4.004015861459257763e+01,4.885279803744849936e+00,1.372110540682381696e+00
4.019660610630820941e+01,4.831185302567697626e+00,1.362506133879296089e+00
4.036123491369919947e+01,4.772984879345512077e+00,1.352878389912860246e+00
4.052543444631847080e+01,4.713584213656274891e+00,1.343903688952104547e+00
4.068191553942045857e+01,4.655671869576362809e+00,1.336076432733558361e+00
4.083796400762744838e+01,4.596603771543320782e+00,1.329160185058235077e+00
4.099228022072075106e+01,4.536848800433365803e+00,1.323397428383940033e+00
4.114612624329490842e+01,4.475893546241568544e+00,1.318961034859638337e+00
4.129947749010510449e+01,4.413703830741953382e+00,1.316120524267991199e+00
4.145230735593119675e+01,4.350243705382381698e+00,1.315205699623898106e+00
4.160458713314462642e+01,4.285475289831493839e+00,1.316593091557643591e+00
4.175628626795374743e+01,4.219358436044562843e+00,1.320737185375045586e+00
4.190737171445521625e+01,4.151850748083302456e+00,1.328154222371636273e+00
4.205780746920855506e+01,4.082907519885144332e+00,1.339469665663856723e+00
4.220755465648203142e+01,4.012481398284090339e+00,1.355393216133353729e+00
4.235657115191275324e+01,3.940522213680551111e+00,1.376757794300720539e+00
4.250548948280279404e+01,3.866635602856251186e+00,1.404649053038136142e+00
4.265357356007024947e+01,3.791091026768292682e+00,1.440118331554050446e+00
4.280009781892846377e+01,3.714184786233227342e+00,1.484189368193473024e+00
4.294568111537919464e+01,3.635512027289831583e+00,1.538445810711216666e+00
4.309025855813978723e+01,3.555005005460595058e+00,1.604469952688300394e+00
4.323375805207460587e+01,3.472592168177728311e+00,1.684143997164535778e+00
4.337610016433976767e+01,3.388197533762540292e+00,1.779512827036922484e+00
4.351719842193503496e+01,3.301739652612194487e+00,1.893040677410497086e+00
4.365695690710786181e+01,3.213132064345364025e+00,2.027395057931368427e+00
4.379526874569214812e+01,3.122283223988621348e+00,2.185918849271755171e+00
4.393201551513883629e+01,3.029095731118842227e+00,2.372286128347469436e+00
4.406706547829433163e+01,2.933466172114009840e+00,2.591175471086128113e+00
4.420027160118772258e+01,2.835285022721571568e+00,2.847794978079511985e+00
4.433146946646220954e+01,2.734436530769048801e+00,3.148989228112579308e+00
4.446047473558156327e+01,2.630798845002341846e+00,3.502535210983856118e+00
4.458708063484660755e+01,2.524244049744076790e+00,3.918765584629121612e+00
4.471105460474951343e+01,2.414638835855213550e+00,4.409605418041051550e+00
4.483213449855977473e+01,2.301845666006936852e+00,4.991252229200922486e+00
4.495002491917132659e+01,2.185724027625177701e+00,5.682831755343176638e+00
4.506439283269382656e+01,2.066132733590920978e+00,6.510820926710535694e+00
4.517486292223767208e+01,1.942933236941796649e+00,7.507118447281655449e+00
4.528101295582481356e+01,1.815994171725390904e+00,8.718094290549032621e+00
4.538236940662324770e+01,1.685197560853127552e+00,1.019890833311023570e+01
4.547840390577048453e+01,1.550447013395484186e+00,1.204416646058962215e+01
4.556853129509121203e+01,1.411678290501246380e+00,1.434052249833335679e+01
4.565211041564548822e+01,1.268872438207606423e+00,1.736302167621708037e+01
4.572844912827807207e+01,1.122071335442086371e+00,2.109720232748862045e+01
4.579681526510779577e+01,9.713950351586496668e-01,2.691108397994820933e+01
4.585645517383203185e+01,8.170596049203645572e-01,3.295199103759848214e+01
4.590662116213888311e+01,6.593929517034641252e-01,4.898032719332741181e+01
4.594660786428929100e+01,4.988452197818779577e-01,5.596590634739474268e+01
4.597579549165374857e+01,3.359899952737927520e-01,1.323344314507020556e+02
4.599392023885450698e+01,1.684283575402874267e-01,1.619003771967419425e+02
4.599999999999997868e+01,-3.340534658426884762e-17,1.118073378668147143e+03
