x,y,stress
-1.168121149935676604e-18,-7.560324824109652901e-17,8.984403402756597785e-05
5.345627602356011789e-03,1.861073976178105882e-01,1.021869647350400949e-05
2.131937364035960125e-02,3.716054842918732337e-01,8.947059532089440343e-06
4.475864120252022460e-02,5.383087986013329607e-01,5.542158695557273146e-05
7.652051057459270667e-02,7.036291993434856673e-01,2.526031558986620968e-04
1.157804247493742500e-01,8.651704170511710368e-01,6.857482816242533447e-04
1.625658310502940684e-01,1.024695838695769856e+00,1.241193113010989916e-03
2.165219827131144581e-01,1.181941864356635064e+00,1.650542701863233182e-03
2.772699291299430269e-01,1.336692063431027089e+00,1.409892262540322428e-03
3.444177521620870874e-01,1.488775811532738746e+00,1.709552962087194504e-04
4.175703023226621791e-01,1.638065279704737032e+00,2.657300167138990608e-03
4.963372155848940759e-01,1.784471382549477569e+00,6.411009965637796786e-03
5.803390912071503260e-01,1.927939023544273045e+00,1.191770639455923611e-02
6.692120287199113671e-01,2.068442232183662632e+00,1.816570954004695718e-02
7.626107313697539913e-01,2.205979465620428570e+00,2.564511874220132964e-02
8.602103091232778942e-01,2.340569109631107203e+00,3.524395402512735254e-02
9.617071131283687624e-01,2.472245451206852795e+00,4.731957849609111366e-02
1.066818887019287176e+00,2.601055227979391926e+00,6.202190064231009187e-02
1.175284360315656862e+00,2.727054645508256492e+00,7.937439669739697334e-02
1.286862428579289341e+00,2.850306826439261254e+00,9.924580339497686421e-02
1.401331103050714733e+00,2.970879716088103084e+00,1.214343342987702218e-01
1.518486346069187976e+00,3.088844402203807959e+00,1.456841998259266746e-01
1.638140815694927310e+00,3.204273739035107038e+00,1.716719969835172888e-01
1.760122611202439513e+00,3.317241267136563643e+00,1.991270708697489844e-01
1.884274018648450344e+00,3.427820345528181267e+00,2.277907878607332848e-01
2.010736666045345178e+00,3.536324754392136338e+00,2.574760308677693232e-01
2.139099683048302225e+00,3.642574512087891847e+00,2.879087199877872205e-01
2.269421188242676024e+00,3.746781816435348578e+00,3.189406094873185604e-01
2.401412015530207444e+00,3.848866744331349121e+00,3.503698727797001089e-01
2.534481596549332583e+00,3.948536764322048143e+00,3.819363585222839697e-01
2.669010291466678009e+00,4.046228622236302641e+00,4.136334825161245288e-01
2.804910666691470933e+00,4.142003142133576787e+00,4.453583363678406681e-01
2.942102234545826978e+00,4.235918949115152543e+00,4.770238867763054724e-01
3.080510636589951279e+00,4.328032323323964370e+00,5.085630978869649654e-01
3.220067006247932184e+00,4.418397179394585983e+00,5.399157663618552316e-01
3.360707174339522485e+00,4.507064940544935006e+00,5.710398707329495949e-01
3.502372565506947755e+00,4.594085448000504890e+00,6.019008071625940870e-01
3.645009064390871689e+00,4.679506526691753265e+00,6.324786859620007418e-01
3.788565109624558058e+00,4.763373161313384507e+00,6.627619130118114210e-01
3.937798442247211650e+00,4.848435113937406449e+00,6.937320884125238729e-01
4.087914239969070884e+00,4.931929959336248892e+00,7.243821228566904580e-01
4.241615293637704731e+00,5.015375816825020650e+00,7.552789543275525430e-01
4.396139916877509712e+00,5.097286638780916590e+00,7.858773057658335892e-01
4.543762193483595446e+00,5.173769089406778932e+00,8.147210128575700372e-01
4.692058166341177561e+00,5.248937016492251750e+00,8.433623291791926269e-01
4.840996851815902779e+00,5.322823605236871813e+00,8.718291055334563833e-01
4.990549000131267121e+00,5.395460540178865116e+00,9.001582915337550395e-01
5.140687366696614191e+00,5.466878281483869451e+00,9.283814005043381501e-01
5.291386111780995272e+00,5.537105905003179451e+00,9.565214757243271082e-01
5.442620832045194312e+00,5.606171246267616759e+00,9.845870512198011681e-01
5.594368952274506590e+00,5.674101186944586317e+00,1.012561564012227855e+00
5.746609069316398255e+00,5.740921452351270382e+00,1.040396317289728367e+00
5.899320851385938091e+00,5.806656668479400984e+00,1.068005463598021398e+00
6.052516541625757363e+00,5.871343630640656563e+00,1.095254480722639867e+00
6.206146852820793036e+00,5.934991530839884177e+00,1.121984964985326183e+00
6.370887295388995675e+00,6.001926217067443226e+00,1.149761553581998941e+00
6.536085351124225618e+00,6.067723437726733948e+00,1.176473141855468585e+00
6.712935415429811314e+00,6.136741125941090225e+00,1.203994950351433335e+00
6.890264337964711494e+00,6.204519051703881516e+00,1.229290152417212845e+00
7.050881912510354788e+00,6.264715406195495717e+00,1.250871045751236421e+00
7.211859800835644485e+00,6.323941496079128477e+00,1.271127743553828848e+00
7.368224637360565765e+00,6.380440148137129341e+00,1.289632755445954571e+00
7.524903816264411738e+00,6.436061166011939783e+00,1.307202529938743085e+00
7.681886355671834643e+00,6.490820364049262992e+00,1.324021317600398762e+00
7.839161666651130567e+00,6.544732947148236057e+00,1.340273578409654665e+00
7.996719651199527767e+00,6.597813583033427243e+00,1.356132646537658415e+00
8.154550783087422872e+00,6.650076462130517285e+00,1.371715645479819168e+00
8.312645875992512146e+00,6.701535250915279462e+00,1.387117817708638512e+00
8.470996214915496481e+00,6.752203165626535331e+00,1.402406575386670795e+00
8.629593444788836720e+00,6.802092963385318214e+00,1.417730982392303218e+00
8.788429548542083580e+00,6.851216962063394256e+00,1.432942514949239854e+00
8.948180054299612607e+00,6.899793062508007502e+00,1.448209222880967539e+00
9.108156317597721596e+00,6.947620444935240336e+00,1.463433047920454921e+00
9.283066717565208847e+00,6.998996346772582200e+00,1.479996449666677982e+00
9.458228844757384124e+00,7.049507364121669895e+00,1.496472514516157037e+00
9.651934633363907778e+00,7.104295945369247356e+00,1.514538013697435348e+00
9.845926105941876116e+00,7.158064274367757385e+00,1.532430799558782475e+00
1.002579615895642995e+01,7.206955614180172276e+00,1.548991616026011320e+00
1.020589432897587123e+01,7.254999868114158978e+00,1.565168507566028211e+00
1.036872789916300874e+01,7.297670424305310988e+00,1.579658364506595802e+00
1.053173599724440912e+01,7.339669341486374954e+00,1.593958191126229496e+00
1.069290336726511370e+01,7.380500347403930128e+00,1.607897621130630395e+00
1.085423119172805784e+01,7.420692712749294095e+00,1.621644280836700203e+00
1.101571486510993125e+01,7.460254291703840579e+00,1.635190993089903566e+00
1.117734993737900062e+01,7.499192699479293900e+00,1.648532344928681725e+00
1.133913211370051677e+01,7.537515322814410723e+00,1.661663092713609124e+00
1.150105725243956911e+01,7.575229329391412136e+00,1.674580032741289415e+00
1.166312135102349146e+01,7.612341673897766725e+00,1.687280407836884599e+00
1.182532053760406221e+01,7.648859105107159273e+00,1.699761627631168004e+00
1.198765106705825012e+01,7.684788173532115962e+00,1.712021271202934347e+00
1.215010932125998799e+01,7.720135239551064288e+00,1.724060510931575418e+00
1.231550065032898544e+01,7.755501951631893931e+00,1.736075185360875794e+00
1.248101695667118172e+01,7.790279085981809182e+00,1.747867753359968024e+00
1.266530856306206054e+01,7.828285775018477111e+00,1.760703686418248148e+00
1.284974598758281594e+01,7.865578429804935823e+00,1.773258348432606102e+00
1.305543330703231142e+01,7.906302645145526498e+00,1.786903988816018751e+00
1.326129023897888892e+01,7.946160647242624719e+00,1.800181378888681349e+00
1.345517698745279844e+01,7.982889901816333733e+00,1.812360519675398240e+00
1.364920430882357039e+01,8.018869188243515467e+00,1.824219880844075270e+00
1.382156293250588952e+01,8.050187190168825779e+00,1.834492935439006045e+00
1.399402582910759563e+01,8.080925802062191465e+00,1.844523657293710706e+00
1.415779927465575483e+01,8.109567816641167326e+00,1.853820513843917661e+00
1.432166158423747326e+01,8.137696989488308219e+00,1.862901632365971727e+00
1.448561040523717480e+01,8.165317534784591658e+00,1.871767295522444696e+00
1.464964342858286273e+01,8.192433545793948113e+00,1.880418551558861617e+00
1.481375840470476923e+01,8.219049001449684866e+00,1.888857126874067260e+00
1.497795316101960950e+01,8.245167772676539997e+00,1.897084935221560631e+00
1.514222556190674851e+01,8.270793619317714729e+00,1.905104511069950268e+00
1.530657354153685468e+01,8.295930198649807963e+00,1.912917424990817405e+00
1.547099508701046489e+01,8.320581065750239702e+00,1.920525417064450568e+00
1.563548821329293226e+01,8.344749672815980901e+00,1.927931384186575059e+00
1.580008029138297232e+01,8.368443550936333963e+00,1.935137443612025665e+00
1.596474016390909867e+01,8.391661619034941566e+00,1.942151982288658596e+00
1.614081344570638876e+01,8.415956264267920872e+00,1.949425827424255075e+00
1.631695988539125608e+01,8.439714683690739960e+00,1.956488459451937834e+00
1.651552173113864086e+01,8.465847048835476230e+00,1.964175456583113544e+00
1.671417075134716512e+01,8.491308283334026541e+00,1.971593161154014062e+00
1.692988579192516951e+01,8.518190774117131880e+00,1.979340283083393270e+00
1.714569648123336520e+01,8.544294303455819417e+00,1.986763547454321044e+00
1.734194496672267860e+01,8.567351015728576158e+00,1.993255439802323004e+00
1.753826697879796725e+01,8.589773060186818299e+00,1.999496995749628692e+00
1.771259356816743136e+01,8.609147721560370670e+00,2.004837947963419520e+00
1.788697437240159971e+01,8.628028203951243924e+00,2.009993278064460043e+00
1.805231603610960889e+01,8.645470924415382896e+00,2.014710813056932892e+00
1.821770347193809059e+01,8.662474173882706907e+00,2.019267477582695314e+00
1.838313528452063039e+01,8.679040058282993186e+00,2.023663515633281840e+00
1.854861011141235849e+01,8.695170618124954842e+00,2.027902465679237487e+00
1.871412661145799916e+01,8.710867828656404299e+00,2.031987959947454403e+00
1.887968346135574649e+01,8.726133600885153996e+00,2.035922507144960925e+00
1.904527935565915087e+01,8.740969782890379847e+00,2.039708819053724476e+00
1.921091302144579060e+01,8.755378162325909486e+00,2.043350102323270523e+00
1.937658320475928519e+01,8.769360466287817957e+00,2.046850221485607246e+00
1.954228866049536961e+01,8.782918361611338653e+00,2.050211731158044781e+00
1.970804685177368398e+01,8.796054914065521757e+00,2.053435784544361375e+00
1.987383789662062128e+01,8.808770123396794105e+00,2.056531998397115757e+00
2.005085898040219661e+01,8.821880639103552468e+00,2.059688722155911034e+00
2.022791472567987014e+01,8.834514440343978592e+00,2.062708057190187905e+00
2.042745632391271116e+01,8.848180774893981138e+00,2.065931667527547422e+00
2.062703816373021581e+01,8.861246285895518326e+00,2.068983174492242672e+00
2.084793383374334397e+01,8.875006530308185759e+00,2.072158906272355328e+00
2.106887378149061618e+01,8.888036541687792891e+00,2.075118219157849886e+00
2.127413045596184560e+01,8.899487588611423305e+00,2.077692179148075358e+00
2.147942108361471014e+01,8.910312897004118327e+00,2.080095866056398179e+00
2.166164119330399629e+01,8.919397665645195872e+00,2.082094549843764852e+00
2.184388507886293240e+01,8.927992296320207188e+00,2.083971629982850349e+00
2.201072841746620412e+01,8.935431019296093069e+00,2.085596907197535099e+00
2.217758948427582411e+01,8.942460861247448989e+00,2.087124129286214824e+00
2.234371789089004068e+01,8.949053795248081755e+00,2.088545047694806200e+00
2.250986182726621720e+01,8.955243037446713572e+00,2.089871114011120135e+00
2.267602029143369791e+01,8.961029278688727118e+00,2.091100037583796922e+00
2.284219227954774567e+01,8.966413163192161306e+00,2.092237280820280265e+00
2.300837679960687154e+01,8.971395289406441265e+00,2.093284192169639901e+00
2.317457286301466013e+01,8.975976210055113924e+00,2.094242826869018526e+00
2.334077948478016751e+01,8.980156432475480344e+00,2.095114467195274610e+00
2.350699569070004102e+01,8.983936419073792479e+00,2.095900693912287949e+00
2.367322051042245334e+01,8.987316587375243415e+00,2.096603014172594204e+00
2.383945297279253950e+01,8.990297310181350809e+00,2.097224259063473095e+00
2.401086487902198030e+01,8.992952845307993215e+00,2.097777047768023984e+00
2.418228282986985178e+01,8.995184349773253984e+00,2.098249508021305498e+00
2.437452054364402798e+01,8.997182742296500280e+00,2.098673609310582666e+00
2.456676305649699543e+01,8.998648499930505196e+00,2.098993610768143281e+00
2.478338047416743350e+01,8.999662140721790493e+00,2.099226225291070502e+00
2.499999999999988987e+01,8.999999999999992895e+00,2.099316050625941177e+00
2.521661952583237465e+01,8.999662140721790493e+00,2.099275744076241068e+00
2.543323694350282338e+01,8.998648499930506972e+00,2.099092709106903598e+00
2.562547945635584412e+01,8.997182742296503832e+00,2.098816563289238601e+00
2.581771717012997414e+01,8.995184349773253984e+00,2.098436232309094152e+00
2.598913512097795575e+01,8.992952845307993215e+00,2.098001866531495896e+00
2.616054702720731484e+01,8.990297310181352586e+00,2.097486867685529166e+00
2.632677948957739034e+01,8.987316587375246968e+00,2.096900837184648481e+00
2.649300430929979555e+01,8.983936419073797808e+00,2.096233386355150330e+00
2.665922051521967973e+01,8.980156432475482120e+00,2.095480693691563978e+00
2.682542713698519066e+01,8.975976210055117477e+00,2.094642394570744415e+00
2.699162320039297214e+01,8.971395289406446594e+00,2.093716712528665091e+00
2.715780772045209446e+01,8.966413163192163083e+00,2.092702517168139931e+00
2.732397970856613867e+01,8.961029278688728894e+00,2.091598561577722393e+00
2.749013817273363358e+01,8.955243037446718901e+00,2.090402944082046410e+00
2.765628210910981011e+01,8.949053795248087084e+00,2.089113885618043565e+00
2.782241051572401602e+01,8.942460861247452542e+00,2.087729826768102814e+00
2.798927158253363245e+01,8.935431019296098398e+00,2.086241780170320581e+00
2.815611492113691128e+01,8.927992296320212517e+00,2.084657809700788178e+00
2.833835880669582963e+01,8.919397665645204754e+00,2.082811287838891801e+00
2.852057891638510512e+01,8.910312897004127208e+00,2.080842049883857570e+00
2.872586954403796966e+01,8.899487588611428635e+00,2.078474080444483896e+00
2.893112621850918842e+01,8.888036541687803549e+00,2.075935863107455148e+00
2.915206616625646419e+01,8.875006530308198194e+00,2.073018907912599129e+00
2.937296183626959234e+01,8.861246285895528985e+00,2.069885073587320878e+00
2.957254367608710766e+01,8.848180774893990019e+00,2.066872347605936078e+00
2.977208527431995932e+01,8.834514440343989250e+00,2.063687124264405703e+00
2.994914101959763286e+01,8.821880639103564903e+00,2.060701673837580739e+00
3.012616210337921885e+01,8.808770123396804763e+00,2.057578680893546341e+00
3.029195314822615970e+01,8.796054914065530639e+00,2.054513406822979782e+00
3.045771133950448117e+01,8.782918361611349312e+00,2.051319875110048319e+00
3.062341679524055493e+01,8.769360466287830391e+00,2.047988011609104042e+00
3.078908697855404242e+01,8.755378162325921920e+00,2.044517083679781244e+00
3.095472064434067860e+01,8.740969782890390505e+00,2.040903732709283158e+00
3.112031653864409364e+01,8.726133600885166430e+00,2.037144737331082034e+00
3.128587338854181965e+01,8.710867828656420286e+00,2.033236592791565212e+00
3.145138988858744611e+01,8.695170618124970829e+00,2.029176875046522444e+00
3.161686471547918842e+01,8.679040058283005621e+00,2.024962926669957142e+00
3.178229652806174599e+01,8.662474173882719342e+00,2.020591319374156036e+00
3.194768396389020992e+01,8.645470924415398883e+00,2.016059017840422740e+00
3.211302562759821200e+01,8.628028203951259911e+00,2.011365608398349547e+00
3.228740643183238035e+01,8.609147721560384880e+00,2.006234978102870770e+00
3.246173302120184445e+01,8.589773060186836062e+00,2.000918908377514072e+00
3.265805503327711534e+01,8.567351015728595698e+00,1.994703513921011195e+00
3.285430351876641453e+01,8.544294303455840733e+00,1.988237397650475469e+00
3.307011420807465640e+01,8.518190774117146091e+00,1.980839656750833067e+00
3.328582924865269632e+01,8.491308283334040752e+00,1.973116314558368556e+00
3.348447826886124545e+01,8.465847048835486888e+00,1.965719286065250371e+00
3.368304011460864444e+01,8.439714683690747066e+00,1.958050981624808617e+00
3.385918655429352953e+01,8.415956264267926201e+00,1.951003495375079000e+00
3.403525983609085159e+01,8.391661619034945119e+00,1.943743089473460639e+00
3.419991970861697439e+01,8.368443550936337516e+00,1.936739394139487258e+00
3.436451178670701267e+01,8.344749672815986230e+00,1.929542209919922646e+00
3.452900491298948538e+01,8.320581065750243255e+00,1.922142105493087838e+00
3.469342645846310091e+01,8.295930198649809739e+00,1.914538079898927991e+00
3.485777443809320886e+01,8.270793619317720058e+00,1.906727126827990171e+00
3.502204683898033011e+01,8.245167772676543549e+00,1.898706858305593714e+00
3.518624159529517215e+01,8.219049001449686642e+00,1.890475289259926583e+00
3.535035657141708754e+01,8.192433545793951666e+00,1.882030004496157760e+00
3.551438959476277546e+01,8.165317534784596987e+00,1.873369443231277520e+00
3.567833841576246812e+01,8.137696989488309995e+00,1.864490642403398679e+00
3.584220072534418478e+01,8.109567816641170879e+00,1.855392284898962796e+00
3.600597417089235108e+01,8.080925802062196794e+00,1.846074090311257576e+00
3.617843706749405186e+01,8.050187190168832885e+00,1.836015932241786830e+00
3.635079569117635856e+01,8.018869188243520796e+00,1.825709933479204405e+00
3.654482301254711274e+01,7.982889901816343503e+00,1.813804988660441486e+00
3.673870976102102759e+01,7.946160647242635378e+00,1.801570867197129111e+00
3.694456669296761220e+01,7.906302645145533603e+00,1.788222818087620958e+00
3.715025401241711478e+01,7.865578429804942040e+00,1.774491282846959672e+00
3.733469143693787373e+01,7.828285775018482440e+00,1.761845837514321778e+00
3.751898304332878098e+01,7.790279085981810070e+00,1.748903132682064099e+00
3.768449934967098613e+01,7.755501951631894819e+00,1.736999052194654114e+00
3.784989067873998181e+01,7.720135239551062512e+00,1.724856544235158884e+00
3.801234893294171968e+01,7.684788173532113298e+00,1.712673082841920769e+00
3.817467946239590759e+01,7.648859105107159273e+00,1.700248324856135085e+00
3.833687864897647302e+01,7.612341673897770278e+00,1.687577689715781259e+00
3.849894274756039891e+01,7.575229329391410360e+00,1.674660353163945459e+00
3.866086788629947080e+01,7.537515322814405394e+00,1.661494991990138503e+00
3.882265006262100115e+01,7.499192699479286794e+00,1.648079105434748781e+00
3.898428513489007941e+01,7.460254291703832585e+00,1.634410850599817833e+00
3.914576880827195282e+01,7.420692712749281661e+00,1.620488314040596123e+00
3.930709663273489696e+01,7.380500347403916805e+00,1.606310024699019845e+00
3.946826400275561042e+01,7.339669341486362519e+00,1.591874005258673730e+00
3.963127210083701613e+01,7.297670424305297665e+00,1.576992518026748336e+00
3.979410567102414120e+01,7.254999868114146544e+00,1.561847270867477766e+00
3.997420384104362512e+01,7.206955614180147407e+00,1.544763335846615515e+00
4.015407389405822158e+01,7.158064274367722746e+00,1.527341278510174538e+00
4.034806536663619880e+01,7.104295945369210941e+00,1.508152176992354265e+00
4.054177115524272068e+01,7.049507364121630815e+00,1.488548808835620685e+00
4.071693328243487286e+01,6.998996346772546673e+00,1.470443985855358404e+00
4.089184368240233880e+01,6.947620444935214579e+00,1.452007435999167040e+00
4.105181994570044424e+01,6.899793062507982633e+00,1.434813931441613510e+00
4.121157045145795905e+01,6.851216962063367610e+00,1.417339377980839865e+00
4.137040655521122545e+01,6.802092963385287128e+00,1.399645686875779171e+00
4.152900378508457635e+01,6.752203165626502468e+00,1.381657953740184963e+00
4.168735412400754825e+01,6.701535250915251929e+00,1.363370695866241933e+00
4.184544921691261266e+01,6.650076462130494193e+00,1.344779530753102303e+00
4.200328034880050154e+01,6.597813583033405038e+00,1.325880515444956886e+00
4.216083833334891295e+01,6.544732947148213853e+00,1.306667862471147412e+00
4.231811364432820000e+01,6.490820364049244340e+00,1.287136826718269011e+00
4.247509618373561580e+01,6.436061166011919354e+00,1.267281337341736203e+00
4.263177536263944489e+01,6.380440148137109801e+00,1.247096778355248459e+00
4.278814019916438838e+01,6.323941496079107161e+00,1.226578506932121115e+00
4.294911808748970117e+01,6.264715406195468184e+00,1.205052053559590775e+00
4.310973566203535512e+01,6.204519051703841548e+00,1.183160811490521214e+00
4.328706458457026685e+01,6.136741125941043151e+00,1.158500003844975312e+00
4.346391464887587830e+01,6.067723437726683322e+00,1.133349845211236717e+00
4.362911270461110291e+01,6.001926217067395264e+00,1.109354028985665597e+00
4.379385314717927713e+01,5.934991530839838880e+00,1.084926815064080063e+00
4.394748345837430037e+01,5.871343630640613931e+00,1.061677275198975590e+00
4.410067914861414096e+01,5.806656668479359240e+00,1.038041833566623717e+00
4.425339093068367191e+01,5.740921452351231302e+00,1.014008740896933158e+00
4.440563104772555647e+01,5.674101186944539243e+00,9.895671666888440354e-01
4.455737916795487052e+01,5.606171246267568797e+00,9.647109770895313519e-01
4.470861388821908378e+01,5.537105905003130601e+00,9.394319964134919543e-01
4.485931263330347463e+01,5.466878281483817048e+00,9.137255770453595050e-01
4.500945099986882525e+01,5.395460540178802944e+00,8.875843531363625249e-01
4.515900314818417627e+01,5.322823605236814970e+00,8.610053788372408201e-01
4.530794183365890149e+01,5.248937016492202012e+00,8.339835909101958045e-01
4.545623780651648360e+01,5.173769089406724753e+00,8.065170588239081173e-01
4.560386008312256223e+01,5.097286638780856194e+00,7.786103505642842926e-01
4.575838470636235655e+01,5.015375816824966471e+00,7.487828694794198547e-01
4.591208576003099751e+01,4.931929959336198266e+00,7.184609067373340929e-01
4.606220155775283587e+01,4.848435113937364704e+00,6.882180544224787422e-01
4.621143489037546459e+01,4.763373161313347204e+00,6.575265210715565134e-01
4.635499093560915895e+01,4.679506526691713297e+00,6.274082733442196691e-01
4.649762743449311131e+01,4.594085448000456040e+00,5.969134908305711029e-01
4.663929282566054013e+01,4.507064940544885268e+00,5.660673624939098758e-01
4.677993299375211933e+01,4.418397179394528251e+00,5.349020857983255439e-01
4.691948936341008647e+01,4.328032323323912856e+00,5.034666235280002011e-01
4.705789776545422853e+01,4.235918949115099252e+00,4.718088561508634315e-01
4.719508933330856593e+01,4.142003142133534155e+00,4.400002945096549989e-01
4.733098970853334464e+01,4.046228622236258232e+00,4.081137449793926231e-01
4.746551840345067319e+01,3.948536764322015280e+00,3.762475340096054777e-01
4.759858798446982320e+01,3.848866744331311374e+00,3.445078866731430267e-01
4.773057881175734707e+01,3.746781816435310386e+00,3.129136310900590967e-01
4.786090031695174218e+01,3.642574512087824790e+00,2.817315578957484412e-01
4.798926333395467481e+01,3.536324754392086156e+00,2.511800025065320519e-01
4.811572598135159495e+01,3.427820345528119983e+00,2.214182733063754516e-01
4.823987738879758780e+01,3.317241267136521454e+00,1.927323658321094257e-01
4.836185918430509645e+01,3.204273739035044866e+00,1.653115657718395581e-01
4.848151365393082557e+01,3.088844402203759110e+00,1.394332654879565092e-01
4.859866889694934144e+01,2.970879716088016487e+00,1.153958963998717446e-01
4.871313757142073797e+01,2.850306826439213737e+00,9.355346340803644134e-02
4.882471563968435646e+01,2.727054645508197872e+00,7.423329292853923789e-02
4.893318111298072637e+01,2.601055227979332862e+00,5.768220828777149284e-02
4.903829288687170163e+01,2.472245451206737332e+00,4.411779111812681037e-02
4.913978969087674642e+01,2.340569109631050804e+00,3.348721626078188934e-02
4.923738926863025966e+01,2.205979465620362401e+00,2.557067254356836308e-02
4.933078797128006698e+01,2.068442232183635987e+00,1.980315002561319759e-02
4.941966090879286355e+01,1.927939023544215535e+00,1.510862143896347064e-02
4.950366278441509138e+01,1.784471382549466023e+00,1.081974806800377158e-02
4.958242969767731978e+01,1.638065279704708832e+00,7.564699326062247764e-03
4.965558224783787722e+01,1.488775811532734084e+00,4.843737891291656668e-03
4.972273007087004970e+01,1.336692063431002220e+00,2.931719955443342230e-03
4.978347801728687472e+01,1.181941864356611527e+00,1.800086978107939047e-03
4.983743416894968448e+01,1.024695838695716787e+00,1.174778339453958452e-03
4.988421957525059014e+01,8.651704170511447245e-01,6.787948612056882852e-04
4.992347948942538949e+01,7.036291993434728997e-01,2.535105424467073748e-04
4.995524135879745842e+01,5.383087986013136428e-01,5.532567099819108174e-05
4.997868062635961195e+01,3.716054842918448120e-01,8.838061203645850876e-06
4.999465437239761201e+01,1.861073976177940459e-01,1.024221632057314301e-05
4.999999999999997868e+01,-7.543147732765524591e-17,8.990412661202161959e-05
