x,y,stress
9.999999999999994449e-01,6.257177533623850583e-16,1.298312393743911343e+03
1.004121962843618876e+00,2.038616102619621728e-01,1.193061187891819799e+02
1.016465231792767598e+00,4.073910528475591653e-01,1.266846284381604022e+02
1.034279265906867140e+00,5.877094679040216763e-01,3.154954351337905649e+01
1.058457348212356708e+00,7.672855176337597394e-01,3.056046701305986701e+01
1.086216584119159778e+00,9.315519563955206861e-01,1.509772805960724362e+01
1.119175907981009077e+00,1.094854698480048905e+00,1.119948653250748194e+01
1.157096899626537168e+00,1.256533329913964270e+00,7.064529041964924261e+00
1.199955157540947726e+00,1.416974062930068667e+00,4.890854691669693999e+00
1.247619045883701761e+00,1.576053593959350296e+00,3.353706373628603021e+00
1.299948221912379909e+00,1.733660341565340213e+00,2.371307509955753012e+00
1.356795535626040605e+00,1.889694640856483421e+00,1.716873182898610128e+00
1.418008838113159031e+00,2.044068669398023452e+00,1.257339321192801229e+00
1.483432681796407637e+00,2.196706202925791995e+00,9.305868727627943926e-01
1.552909882721940305e+00,2.347542216851060015e+00,7.225582021640154506e-01
1.626282908442777897e+00,2.496522327055867851e+00,5.658434360384422268e-01
1.703395092525865850e+00,2.643602134685299809e+00,4.517392985126356675e-01
1.784098537647717642e+00,2.788758508295526184e+00,3.669954774051174540e-01
1.868235023811460671e+00,2.931952604568649257e+00,3.042740508904440699e-01
1.955648710291242098e+00,3.073154004963428942e+00,2.587036308620313529e-01
2.046202148874896043e+00,3.212362964373989715e+00,2.270612778348294891e-01
2.139755604172086212e+00,3.349574072665506552e+00,2.072809966548213867e-01
2.236174181349495527e+00,3.484787457121424570e+00,1.977219642819721679e-01
2.335328090256906464e+00,3.618008179115384859e+00,1.969012976441772145e-01
2.437092781065919755e+00,3.749245608703070776e+00,2.032726097585050851e-01
2.541348983540866246e+00,3.878512820170965103e+00,2.153858274863841848e-01
2.647982713698346036e+00,4.005826076370220257e+00,2.319687290668044632e-01
2.756885211098909938e+00,4.131204337245566904e+00,2.520377197832341931e-01
2.867952857418755830e+00,4.254668841301543658e+00,2.748507384859060765e-01
2.983500757372807843e+00,4.378793017088741024e+00,3.004182794452702199e-01
3.101103744019238828e+00,4.500972015997550812e+00,3.278544575108676140e-01
3.218570773387374739e+00,4.619157391139792956e+00,3.563342424754169513e-01
3.337845345928452279e+00,4.735518448259711910e+00,3.860847532913578295e-01
3.458436383136637815e+00,4.849700282444451283e+00,4.168139550659646919e-01
3.580666579660269022e+00,4.962125800197963343e+00,4.484655735675920907e-01
3.704463999657092277e+00,5.072823445657848929e+00,4.809095544684992007e-01
3.829760325965841705e+00,5.181821726501161685e+00,5.140326578977696403e-01
3.956490708957213442e+00,5.289149126010332047e+00,5.477361686095677529e-01
4.084593918495362352e+00,5.394834270755503702e+00,5.819281509853131418e-01
4.214011877136070616e+00,5.498905577428207181e+00,6.165310580704556065e-01
4.344689316061985274e+00,5.601391042285205124e+00,6.514697369042083963e-01
4.476573851006933502e+00,5.702318374757235020e+00,6.866810214776600807e-01
4.609615897272697715e+00,5.801714990302666131e+00,7.221052066814513948e-01
4.748293540331403939e+00,5.902870453167474274e+00,7.588822089981885899e-01
4.888108125829274009e+00,6.002448637246337704e+00,7.957726122308111938e-01
5.034256645760181392e+00,6.104082788079566946e+00,8.340989091355296425e-01
5.181528276432385560e+00,6.204082661676670440e+00,8.724362868882843403e-01
5.319999773798078202e+00,6.295998580819971657e+00,9.082125256187274509e-01
5.459373340798564733e+00,6.386540899081686540e+00,9.439397789923448245e-01
5.599505553236743260e+00,6.475664734453541627e+00,9.795533185719427216e-01
5.740471510439070890e+00,6.563463956390028109e+00,1.015055554082286537e+00
5.882239827582282921e+00,6.649960939314607522e+00,1.050421766907374987e+00
6.024781262901258039e+00,6.735177905783351626e+00,1.085628370852848246e+00
6.168067650145357739e+00,6.819136319185582273e+00,1.120657080873460831e+00
6.312072119651130464e+00,6.901857079021827879e+00,1.155488454374669294e+00
6.456769080094592717e+00,6.983360559958204483e+00,1.190106133670758570e+00
6.602134064798932833e+00,7.063666571878310485e+00,1.224493516632857659e+00
6.748143734735855936e+00,7.142794408179132581e+00,1.258637271421080728e+00
6.894775811324662662e+00,7.220762851456175468e+00,1.292528776306536731e+00
7.048798214687903574e+00,7.301098291860114387e+00,1.327687931637075547e+00
7.203455058401549316e+00,7.380205503427079705e+00,1.362545108262738225e+00
7.373458857227710439e+00,7.465419204805156639e+00,1.400338008367458364e+00
7.544168568728796487e+00,7.549209836573076871e+00,1.437719296953448911e+00
7.701446459916884812e+00,7.624882227679520952e+00,1.471674698547932758e+00
7.859277230956554838e+00,7.699394634564968420e+00,1.505285037236695267e+00
8.009951239441912563e+00,7.769233237493322619e+00,1.536928272875828894e+00
8.161093547603158527e+00,7.838052519951541619e+00,1.568245306210231504e+00
8.312689400505098192e+00,7.905866916462939820e+00,1.599221497618362076e+00
8.464724633045390689e+00,7.972690462910918541e+00,1.629856971206322447e+00
8.617185534311056827e+00,8.038536762678342384e+00,1.660139267969259924e+00
8.770059147845225667e+00,8.103419139924572079e+00,1.690064680191368796e+00
8.923333001556867927e+00,8.167350541600230329e+00,1.719613498228123927e+00
9.076994934552937266e+00,8.230343488846726174e+00,1.748810556899549340e+00
9.231033358945319733e+00,8.292410207435780833e+00,1.777807876542149446e+00
9.385437067206320094e+00,8.353562566952771107e+00,1.806169353801438060e+00
9.540240951853181883e+00,8.413829747860141595e+00,1.834207315065017330e+00
9.695389188707308037e+00,8.473204848973663772e+00,1.861939473181371429e+00
9.861869480498171470e+00,8.535798546224730998e+00,1.891384734869403061e+00
1.002872122894365070e+01,8.597395261942123668e+00,1.920051420992255231e+00
1.021527101590436004e+01,8.664946389052419207e+00,1.951611602242375731e+00
1.040225374449081208e+01,8.731289749316168525e+00,1.982565526643774279e+00
1.057913057526800493e+01,8.792818006089936134e+00,2.011269544525632114e+00
1.075636844858940400e+01,8.853298407187761399e+00,2.039444720748438300e+00
1.091625847475691735e+01,8.906871097511537272e+00,2.064374489531580092e+00
1.107642411896478940e+01,8.959614074813902818e+00,2.088880107054107871e+00
1.123442608053111869e+01,9.010756104857268411e+00,2.112590444499472753e+00
1.139268082505209634e+01,9.061110492078610079e+00,2.135878037200321433e+00
1.155118146752765718e+01,9.110685394100206835e+00,2.158740174340689322e+00
1.170992137121212018e+01,9.159488763075009032e+00,2.181173541742785993e+00
1.186889412242573805e+01,9.207528346249398865e+00,2.203175569452343385e+00
1.202809344915259437e+01,9.254811670149793557e+00,2.224744432149970308e+00
1.218751327938015905e+01,9.301346067097359338e+00,2.245879213454754719e+00
1.234714776551448701e+01,9.347138689694514113e+00,2.266577451026267287e+00
1.250699119741522836e+01,9.392196492937637586e+00,2.286836557118363977e+00
1.266703806885194084e+01,9.436526260526312271e+00,2.306659392893851468e+00
1.282948561278089450e+01,9.480728637391219848e+00,2.326298269456466006e+00
1.299213128916781734e+01,9.524196321795335152e+00,2.345501649231856778e+00
1.317269202717348087e+01,9.571540671876066497e+00,2.366237142382378700e+00
1.335348290407166161e+01,9.617998480103381098e+00,2.386423201095026148e+00
1.355411289289049215e+01,9.668461746770448784e+00,2.408127279830265532e+00
1.375500839281379406e+01,9.717857436172709029e+00,2.429116522268998768e+00
1.394237204612955239e+01,9.762918129124383171e+00,2.448061798535540845e+00
1.412995189698781218e+01,9.807070203537957553e+00,2.466397310962589184e+00
1.429725907352610115e+01,9.845650101972770685e+00,2.482241326009289040e+00
1.446472821902054129e+01,9.883520749752024770e+00,2.497617749973110257e+00
1.462686088090418224e+01,9.919481057453056749e+00,2.512044292849275440e+00
1.478913714141272351e+01,9.954787709248824612e+00,2.526032710211791876e+00
1.495155325154949999e+01,9.989445373671109962e+00,2.539583045529916205e+00
1.511410554432753450e+01,1.002345859480050905e+01,2.552698086710610603e+00
1.527679043926725377e+01,1.005683179696137586e+01,2.565378191651973783e+00
1.543960445196815456e+01,1.008956929009844750e+01,2.577629737530519716e+00
1.560254417954413064e+01,1.012167527001083300e+01,2.589454058023666683e+00
1.576560628501092154e+01,1.015315381854473031e+01,2.600859759082036149e+00
1.592878751630682466e+01,1.018400891044985812e+01,2.611864977861945825e+00
1.609208468656371949e+01,1.021424441250617932e+01,2.622458146451196903e+00
1.625604135784852389e+01,1.024396211554044456e+01,2.632674399259797848e+00
1.642010853332111964e+01,1.027306356388088027e+01,2.642503630337891707e+00
1.659884797120151134e+01,1.030404939912301288e+01,2.652728666125457657e+00
1.677771101247995844e+01,1.033431359769838309e+01,2.662506402127746252e+00
1.697936386107845408e+01,1.036755061437438385e+01,2.672953191037472642e+00
1.718116368808514594e+01,1.039988328310117005e+01,2.682823074555010123e+00
1.738807359843731959e+01,1.043207924366193673e+01,2.692365010392063329e+00
1.759512716879295624e+01,1.046333801741358549e+01,2.701309799922404054e+00
1.777929577868126287e+01,1.049034220991567423e+01,2.708810498667543865e+00
1.796357022948511784e+01,1.051661445000226891e+01,2.715880118681994748e+00
1.813010500152732263e+01,1.053971899562695747e+01,2.721914149395945337e+00
1.829672074295435991e+01,1.056223222141248463e+01,2.727623167628344003e+00
1.846137494813118707e+01,1.058389206810544181e+01,2.732946530994189160e+00
1.862610337391351933e+01,1.060498003247664478e+01,2.737964074991435126e+00
1.879090369654084824e+01,1.062549850909119264e+01,2.742685630788528783e+00
1.895577364442094748e+01,1.064544981853760319e+01,2.747119485381609216e+00
1.912071097916534512e+01,1.066483620636488361e+01,2.751277565636203626e+00
1.928571348623087900e+01,1.068365984341349595e+01,2.755167359643034608e+00
1.945077899510327413e+01,1.070192282947713558e+01,2.758800271065669829e+00
1.961590535472794627e+01,1.071962719174999812e+01,2.762184431586728106e+00
1.978109043404072409e+01,1.073677488626697318e+01,2.765329183322907447e+00
1.994633216348578131e+01,1.075336780330514053e+01,2.768248552907172311e+00
2.011442055758756453e+01,1.076967391688032549e+01,2.770983186590857184e+00
2.028256326753432148e+01,1.078541008077974261e+01,2.773519909831420271e+00
2.046961593861543349e+01,1.080224305177795507e+01,2.776078598461450664e+00
2.065673031576531926e+01,1.081837565326183359e+01,2.778413085408279581e+00
2.086756221875519302e+01,1.083571111053510272e+01,2.780762275348036550e+00
2.107846484431469136e+01,1.085216384310936633e+01,2.782831853445035364e+00
2.128743429557971467e+01,1.086759322822632257e+01,2.784651385579601346e+00
2.149646551211736778e+01,1.088216197572429245e+01,2.786230834923030031e+00
2.168205327336697152e+01,1.089437440613673402e+01,2.787471561770302753e+00
2.186768418850837747e+01,1.090591234884095861e+01,2.788566206431613459e+00
2.203546411118508175e+01,1.091575972398611150e+01,2.789441139233041600e+00
2.220327532492211375e+01,1.092505864322147069e+01,2.790222943984776549e+00
2.236912261248334843e+01,1.093370938955612282e+01,2.790902503359159237e+00
2.253499687363935422e+01,1.094182651809728135e+01,2.791499046782726534e+00
2.270089635332619693e+01,1.094941088067101553e+01,2.792019408129674751e+00
2.286681929862555407e+01,1.095646327132297770e+01,2.792470351259882300e+00
2.303276396933713244e+01,1.096298442727648137e+01,2.792858109251515231e+00
2.319872864016421943e+01,1.096897502935333968e+01,2.793189543138987041e+00
2.336471159204078063e+01,1.097443570196952045e+01,2.793471811328673837e+00
2.353071111456243614e+01,1.097936701356630529e+01,2.793709582484232623e+00
2.369672550623500129e+01,1.098376947689796879e+01,2.793908279369168302e+00
2.386275306880091662e+01,1.098764354914403540e+01,2.794074966641111324e+00
2.403166923243085762e+01,1.099104295981836721e+01,2.794211444380542364e+00
2.420059550294059747e+01,1.099389629004270930e+01,2.794333106576563530e+00
2.438853791342741317e+01,1.099642932956903607e+01,2.794432570416580219e+00
2.457648821078899815e+01,1.099828720641595403e+01,2.794511419980834965e+00
2.478824237354765359e+01,1.099957181960395580e+01,2.794570496732877274e+00
2.500000000000004263e+01,1.099999999999999467e+01,2.794582735932637174e+00
2.521175762645243168e+01,1.099957181960395580e+01,2.794575617591612549e+00
2.542351178921105515e+01,1.099828720641595403e+01,2.794521849435974925e+00
2.561146208657268986e+01,1.099642932956903074e+01,2.794446954330090271e+00
2.579940449705946293e+01,1.099389629004270752e+01,2.794351056682178314e+00
2.596833076756928449e+01,1.099104295981836366e+01,2.794230423712575018e+00
2.613724693119912956e+01,1.098764354914403363e+01,2.794094438569114658e+00
2.630327449376504845e+01,1.098376947689796523e+01,2.793925220235044637e+00
2.646928888543762071e+01,1.097936701356630351e+01,2.793723633955580432e+00
2.663528840795927266e+01,1.097443570196951868e+01,2.793481945992990489e+00
2.680127135983583386e+01,1.096897502935333613e+01,2.793195681421285048e+00
2.696723603066292085e+01,1.096298442727647782e+01,2.792859461803457677e+00
2.713318070137449922e+01,1.095646327132297415e+01,2.792466934537418233e+00
2.729910364667385636e+01,1.094941088067101198e+01,2.792011332950772307e+00
2.746500312636069907e+01,1.094182651809727780e+01,2.791486309715348835e+00
2.763087738751670841e+01,1.093370938955611926e+01,2.790885336306891062e+00
2.779672467507793954e+01,1.092505864322146536e+01,2.790201529045083451e+00
2.796453588881497865e+01,1.091575972398610617e+01,2.789415683457678430e+00
2.813231581149167937e+01,1.090591234884095151e+01,2.788537051845779491e+00
2.831794672663309598e+01,1.089437440613672869e+01,2.787437739802102854e+00
2.850353448788270683e+01,1.088216197572428534e+01,2.786192809540726234e+00
2.871256570442036349e+01,1.086759322822631368e+01,2.784607714874101525e+00
2.892153515568539035e+01,1.085216384310935744e+01,2.782782306438901010e+00
2.913243778124488514e+01,1.083571111053509384e+01,2.780707620073328723e+00
2.934326968423475535e+01,1.081837565326182471e+01,2.778351870950461766e+00
2.953038406138463756e+01,1.080224305177794619e+01,2.776013637802592360e+00
2.971743673246573536e+01,1.078541008077973729e+01,2.773450794678334663e+00
2.988557944241249942e+01,1.076967391688031661e+01,2.770914911048518281e+00
3.005366783651427909e+01,1.075336780330513164e+01,2.768182299029525062e+00
3.021890956595932920e+01,1.073677488626696608e+01,2.765266544467122500e+00
3.038409464527210702e+01,1.071962719174998568e+01,2.762126443995185809e+00
3.054922100489678627e+01,1.070192282947712492e+01,2.758745877780664379e+00
3.071428651376918140e+01,1.068365984341348707e+01,2.755116691638520798e+00
3.087928902083471527e+01,1.066483620636487650e+01,2.751227739445862408e+00
3.104422635557910581e+01,1.064544981853759253e+01,2.747070048797812358e+00
3.120909630345920860e+01,1.062549850909118199e+01,2.742634781949853107e+00
3.137389662608653751e+01,1.060498003247663412e+01,2.737911315595437323e+00
3.153862505186886267e+01,1.058389206810543293e+01,2.732891847827198628e+00
3.170327925704569694e+01,1.056223222141247398e+01,2.727566449245120594e+00
3.186989499847274132e+01,1.053971899562694681e+01,2.721855704225524697e+00
3.203642977051494967e+01,1.051661445000225470e+01,2.715821470366275303e+00
3.222070422131880463e+01,1.049034220991565824e+01,2.708750710532227490e+00
3.240487283120712192e+01,1.046333801741356595e+01,2.701251092954188859e+00
3.261192640156279765e+01,1.043207924366191364e+01,2.692305934868364670e+00
3.281883631191500683e+01,1.039988328310113985e+01,2.682763877540363051e+00
3.302063613892170935e+01,1.036755061437435366e+01,2.672895430727557642e+00
3.322228898752022275e+01,1.033431359769834934e+01,2.662448664967424161e+00
3.340115202879864853e+01,1.030404939912297912e+01,2.652674983846159851e+00
3.357989146667901537e+01,1.027306356388085185e+01,2.642453546159602151e+00
3.374395864215161822e+01,1.024396211554041258e+01,2.632631857135701914e+00
3.390791531343641907e+01,1.021424441250614557e+01,2.622422514102545232e+00
3.407121248369331568e+01,1.018400891044982615e+01,2.611834917802053013e+00
3.423439371498922412e+01,1.015315381854469656e+01,2.600837123823451336e+00
3.439745582045602390e+01,1.012167527001079748e+01,2.589422015170762315e+00
3.456039554803199820e+01,1.008956929009841197e+01,2.577585803939737463e+00
3.472320956073290432e+01,1.005683179696133855e+01,2.565324693313893345e+00
3.488589445567263425e+01,1.002345859480046641e+01,2.552634972870425845e+00
3.504844674845066521e+01,9.989445373671067330e+00,2.539513506749300209e+00
3.521086285858743992e+01,9.954787709248783756e+00,2.525956789108688927e+00
3.537313911909598829e+01,9.919481057453012340e+00,2.511963990276976144e+00
3.553527178097963457e+01,9.883520749751978585e+00,2.497534941345926907e+00
3.570274092647406405e+01,9.845650101972724499e+00,2.482155065070577482e+00
3.587004810301233704e+01,9.807070203537911368e+00,2.466311683479623706e+00
3.605762795387060038e+01,9.762918129124340538e+00,2.447972924615718693e+00
3.624499160718634272e+01,9.717857436172668173e+00,2.429028072058560195e+00
3.644588710710963397e+01,9.668461746770411480e+00,2.408037612442107012e+00
3.664651709592848050e+01,9.617998480103340242e+00,2.386330550028759045e+00
3.682730797282665947e+01,9.571540671876022088e+00,2.366147020447883165e+00
3.700786871083231944e+01,9.524196321795288966e+00,2.345411514989146795e+00
3.717051438721924939e+01,9.480728637391171887e+00,2.326213624385693457e+00
3.733296193114822614e+01,9.436526260526257204e+00,2.306577973802079295e+00
3.749300880258493862e+01,9.392196492937584296e+00,2.286758260564631495e+00
3.765285223448567820e+01,9.347138689694459046e+00,2.266501160955689098e+00
3.781248672062000793e+01,9.301346067097302495e+00,2.245804422267825284e+00
3.797190655084756372e+01,9.254811670149734937e+00,2.224670064353350796e+00
3.813110587757442715e+01,9.207528346249342022e+00,2.203100498968082910e+00
3.829007862878804502e+01,9.159488763074950413e+00,2.181096982506895987e+00
3.844881853247250802e+01,9.110685394100146439e+00,2.158662365945420714e+00
3.860731917494806709e+01,9.061110492078551459e+00,2.135798228756445205e+00
3.876557391946903408e+01,9.010756104857209792e+00,2.112508367454216440e+00
3.892357588103536159e+01,8.959614074813845974e+00,2.088795684029210342e+00
3.908374152524325496e+01,8.906871097511469770e+00,2.064287391544073813e+00
3.924363155141077897e+01,8.853298407187690344e+00,2.039357646618736197e+00
3.942086942473219580e+01,8.792818006089857974e+00,2.011177577821078089e+00
3.959774625550940641e+01,8.731289749316083260e+00,1.982468899596699918e+00
3.978472898409582825e+01,8.664946389052342823e+00,1.951502530136320024e+00
3.997127877105648963e+01,8.597395261942063271e+00,1.919942783123224528e+00
4.013813051950196353e+01,8.535798546224670602e+00,1.891161168844186502e+00
4.030461081129282519e+01,8.473204848973605152e+00,1.861940101692136640e+00
4.045975904814694957e+01,8.413829747860081198e+00,1.834234786130801043e+00
4.061456293279380958e+01,8.353562566952708934e+00,1.806154992534946491e+00
4.076896664105480994e+01,8.292410207435716885e+00,1.777701813295370137e+00
4.092300506544720662e+01,8.230343488846655120e+00,1.748873333297352284e+00
4.107666699844326530e+01,8.167350541600164604e+00,1.719674555186428755e+00
4.122994085215488980e+01,8.103419139924511683e+00,1.690108623185351044e+00
4.138281446568904443e+01,8.038536762678285541e+00,1.660181646798712940e+00
4.153527536695469280e+01,7.972690462910867915e+00,1.629897878607270867e+00
4.168731059949498530e+01,7.905866916462886529e+00,1.599263751543807288e+00
4.183890645239693384e+01,7.838052519951487440e+00,1.568283548681037365e+00
4.199004876055817448e+01,7.769233237493271993e+00,1.536963360507149101e+00
4.214072276904352776e+01,7.699394634564917794e+00,1.505314527470937858e+00
4.229855354008316937e+01,7.624882227679482760e+00,1.471703775987364571e+00
4.245583143127122838e+01,7.549209836573052002e+00,1.437744199569602088e+00
4.262654114277233219e+01,7.465419204805125553e+00,1.400365856460582537e+00
4.279654494159849065e+01,7.380205503427045066e+00,1.362574941654587590e+00
4.295120178531212218e+01,7.301098291860086853e+00,1.327715135733006813e+00
4.310522418867535777e+01,7.220762851456154152e+00,1.292557250999183838e+00
4.325185626526417337e+01,7.142794408179105048e+00,1.258665742896273754e+00
4.339786593520111069e+01,7.063666571878274070e+00,1.224523164556691412e+00
4.354323091990544725e+01,6.983360559958170732e+00,1.190137162430210616e+00
4.368792788034890862e+01,6.901857079021794128e+00,1.155521011285446598e+00
4.383193234985468933e+01,6.819136319185542305e+00,1.120691707193819164e+00
4.397521873709879969e+01,6.735177905783301000e+00,1.085664088639465286e+00
4.411776017241777481e+01,6.649960939314557784e+00,1.050457861753199440e+00
4.425952848956097796e+01,6.563463956389982812e+00,1.015092006556716608e+00
4.440049444676330381e+01,6.475664734453496330e+00,9.795900319963043446e-01
4.454062665920149300e+01,6.386540899081635025e+00,9.439756267577292803e-01
4.468000022620197598e+01,6.295998580819918367e+00,9.082472304813716812e-01
4.481847172356767572e+01,6.204082661676617150e+00,8.724683042904900487e-01
4.496574335423988344e+01,6.104082788079508326e+00,8.341315086567180348e-01
4.511189187417080149e+01,6.002448637246271979e+00,7.958048327825832935e-01
4.525170645966863958e+01,5.902870453167422760e+00,7.589120452888150625e-01
4.539038410272733870e+01,5.801714990302620834e+00,7.221334790932667502e-01
4.552342614899311712e+01,5.702318374757177288e+00,6.867064789579773176e-01
4.565531068393808312e+01,5.601391042285134070e+00,6.514925404466054282e-01
4.578598812286398356e+01,5.498905577428144120e+00,6.165501751786769402e-01
4.591540608150469183e+01,5.394834270755444194e+00,5.819430267437960547e-01
4.604350929104283807e+01,5.289149126010273427e+00,5.477461764472132399e-01
4.617023967403421381e+01,5.181821726501098624e+00,5.140372896990907936e-01
4.629553600034297034e+01,5.072823445657776098e+00,4.809076332607649107e-01
4.641933342033980381e+01,4.962125800197875414e+00,4.484556327262938513e-01
4.654156361686342080e+01,4.849700282444374899e+00,4.167973821230950837e-01
4.666215465407159968e+01,4.735518448259639079e+00,3.860613408092483101e-01
4.678142922661267278e+01,4.619157391139721014e+00,3.563065551990537427e-01
4.689889625598081579e+01,4.500972015997469988e+00,3.278227889649408811e-01
4.701649924262724767e+01,4.378793017088659312e+00,3.003855195678459822e-01
4.713204714258129968e+01,4.254668841301459281e+00,2.748175401250509409e-01
4.724311478890111715e+01,4.131204337245509173e+00,2.520022311729346876e-01
4.735201728630166684e+01,4.005826076370179400e+00,2.319286896530113884e-01
4.745865101645915018e+01,3.878512820170924247e+00,2.153393760263226375e-01
4.756290721893410023e+01,3.749245608703018817e+00,2.032165338234299123e-01
4.766467190974309887e+01,3.618008179115340006e+00,1.968326537303674018e-01
4.776382581865050980e+01,3.484787457121381493e+00,1.976372805404981448e-01
4.786024439582789824e+01,3.349574072665499891e+00,2.071763096942764448e-01
4.795379785112506710e+01,3.212362964374007035e+00,2.269381285637735446e-01
4.804435128970872171e+01,3.073154004963449815e+00,2.585434528229685336e-01
4.813176497618849936e+01,2.931952604568664356e+00,3.041082941818780139e-01
4.821590146235227081e+01,2.788758508295520411e+00,3.668128238376344719e-01
4.829660490747412638e+01,2.643602134685268279e+00,4.516920972294452552e-01
4.837371709155722499e+01,2.496522327055811896e+00,5.664556914539919941e-01
4.844709011727806569e+01,2.347542216850977415e+00,7.233326126356547370e-01
4.851656731820361301e+01,2.196706202925699625e+00,9.416839983025313554e-01
4.858199116188686162e+01,2.044068669397911542e+00,1.251372454878582285e+00
4.864320446437398004e+01,1.889694640856358854e+00,1.701931793643188584e+00
4.870005177808764074e+01,1.733660341565203877e+00,2.365677465869128415e+00
4.875238095411631889e+01,1.576053593959211296e+00,3.356161933141898590e+00
4.880004484245907292e+01,1.416974062929926115e+00,4.889329848119123412e+00
4.884290310037346927e+01,1.256533329913836372e+00,7.085202412482375145e+00
4.888082409201898315e+01,1.094854698479937882e+00,1.117950278860421243e+01
4.891378341588083600e+01,9.315519563954257620e-01,1.515922487138706565e+01
4.894154265178763552e+01,7.672855176336829119e-01,3.050008512918188330e+01
4.896572073409311088e+01,5.877094679039644998e-01,3.170150212323974870e+01
4.898353476820720687e+01,4.073910528475179205e-01,1.266320829811024282e+02
4.899587803715636625e+01,2.038616102619416892e-01,1.192905392093110919e+02
4.899999999999997868e+01,-3.939854944908860741e-17,1.298138486669435906e+03
