x,y,stress
3.999999999999997780e+00,7.437168223331420778e-16,9.608844353793530217e+02
4.003043966189392400e+00,2.213364176078695122e-01,1.230697349478842568e+02
4.012169311608038136e+00,4.425056111750808596e-01,1.152801622868777258e+02
4.025362108983391529e+00,6.387195641242606747e-01,4.756103264992987789e+01
4.043317248629660021e+00,8.345551884222984773e-01,4.467153047376967834e+01
4.063238414407845944e+00,1.008119438790334943e+00,3.113785578495507167e+01
4.086868381398056194e+00,1.181217786624669586e+00,2.674395398568714199e+01
4.112686708109564826e+00,1.344936116501667556e+00,2.186233928087197853e+01
4.141786001206328116e+00,1.508103270242801441e+00,1.871907805039841932e+01
4.174133329486324762e+00,1.670657727766757583e+00,1.597313380271965499e+01
4.209692653493864789e+00,1.832539935924544006e+00,1.380414999479566873e+01
4.248425030324278318e+00,1.993692452219238964e+00,1.197172687302710870e+01
4.290288824961206338e+00,2.154060056627971953e+00,1.043439384716912777e+01
4.335239932753080616e+00,2.313589862252677154e+00,9.119248203032963573e+00
4.383232006423740224e+00,2.472231403384538062e+00,7.991506318557248356e+00
4.434216680210927741e+00,2.629936687782421068e+00,7.016379057829219335e+00
4.488143801619927764e+00,2.786660256636316113e+00,6.168881062754150157e+00
4.544964088705069294e+00,2.942365690059092209e+00,5.429132936303530776e+00
4.604622280337509643e+00,3.097006065266013852e+00,4.780920519935686563e+00
4.668134030857765460e+00,3.253107089674696972e+00,4.202248472515581312e+00
4.734465632770029409e+00,3.408030978387434740e+00,3.690442523106479022e+00
4.802394603692634156e+00,3.559213532297651472e+00,3.223702440329277774e+00
4.872937849751417083e+00,3.709194127658440809e+00,2.833568357007707039e+00
4.946038637940724847e+00,3.857944976398995696e+00,2.479162989430478525e+00
5.021640074520033359e+00,4.005440676939387323e+00,2.164250081903623890e+00
5.099685239774314205e+00,4.151658096492709227e+00,1.881677250276397650e+00
5.180117323540472718e+00,4.296576279465766923e+00,1.627878691344091022e+00
5.262879754376403874e+00,4.440176362979966207e+00,1.399128011352206657e+00
5.347916377614638783e+00,4.582441588325400161e+00,1.192446699345841798e+00
5.435171528201739655e+00,4.723357140607970628e+00,1.005286285879854580e+00
5.524590077389004428e+00,4.862909977358049751e+00,8.360319655886673251e-01
5.616446164124554663e+00,5.001576866292672285e+00,6.827019103007258005e-01
5.710371958418918759e+00,5.138850346770701627e+00,5.453776342868807969e-01
5.809889916797367881e+00,5.279705953229364646e+00,4.211329472880994129e-01
5.911517064245662034e+00,5.419047503290904011e+00,3.200227981070293826e-01
6.011117177514397447e+00,5.551526036243613405e+00,2.548926890384015653e-01
6.112562186048223545e+00,5.682597272596865423e+00,2.356365045773274047e-01
6.215803093225918730e+00,5.812258718063134211e+00,2.636689920101102369e-01
6.320791926067080624e+00,5.940508996663221630e+00,3.214574679908759891e-01
6.427481783855626851e+00,6.067347805403787930e+00,3.925718761707026605e-01
6.535826808059280957e+00,6.192775783344474760e+00,4.686020505623701982e-01
6.645782220980510857e+00,6.316794474455018182e+00,5.458808143202188434e-01
6.757304351832370770e+00,6.439406279853977288e+00,6.227970275084273588e-01
6.870350607414050792e+00,6.560614355880209025e+00,6.986917080672542246e-01
6.984879470719666195e+00,6.680422553291165855e+00,7.732654085486697637e-01
7.100850694082939896e+00,6.798835559069746459e+00,8.464609275954531054e-01
7.218224723337204551e+00,6.915858258426446525e+00,9.182942026627886056e-01
7.344185321574326686e+00,7.038443698916741376e+00,9.930327426125370449e-01
7.471636001699448748e+00,7.159479228768465653e+00,1.066373989251229393e+00
7.597463958871639278e+00,7.276159927010104944e+00,1.136773522965232042e+00
7.724632191657772040e+00,7.391378463825549083e+00,1.206041819164304529e+00
7.848695996084175341e+00,7.501283078928877579e+00,1.271978615395483958e+00
7.973941758250227885e+00,7.609838867442891619e+00,1.337019419583279856e+00
8.100337620470517308e+00,7.717053961922222705e+00,1.401224772533805174e+00
8.227852089137163816e+00,7.822936247105409358e+00,1.464646260433414948e+00
8.356454575084010017e+00,7.927493830874231762e+00,1.527334267590579664e+00
8.486115918051348572e+00,8.030735444845158000e+00,1.589323593960504155e+00
8.616807861190041606e+00,8.132669984231778670e+00,1.650649664123438498e+00
8.748502352883390287e+00,8.233305970120877504e+00,1.711340144478402214e+00
8.881172483946384588e+00,8.332652287381939971e+00,1.771414391957574219e+00
9.014792098962143285e+00,8.430717872095362608e+00,1.830893530323237650e+00
9.149680181387028099e+00,8.527757016026912495e+00,1.889934381039924061e+00
9.285472282814437150e+00,8.623527058527965750e+00,1.948418048264995539e+00
9.433847359401193344e+00,8.726044206252668189e+00,2.011242405680681244e+00
9.583229119230944448e+00,8.827088882310473394e+00,2.073392736948012960e+00
9.732365649683586639e+00,8.925871171023251449e+00,2.134402468145065068e+00
9.882436854251663405e+00,9.023227658875574875e+00,2.194756237910429508e+00
1.002245134717115604e+01,9.112268167938616159e+00,2.250165351616784104e+00
1.016322677736748226e+01,9.200100696664922140e+00,2.305028578401402850e+00
1.030458536868791519e+01,9.286638453343529775e+00,2.359262559970185080e+00
1.044666411806595541e+01,9.371988717965576754e+00,2.412925810079238342e+00
1.058944436232666675e+01,9.456160305992026949e+00,2.466014502153516474e+00
1.073290791140622424e+01,9.539161921633972696e+00,2.518517835416176354e+00
1.087703712917241461e+01,9.621002210373722718e+00,2.570430116410319155e+00
1.102181486562569113e+01,9.701689723435448443e+00,2.621731770097746050e+00
1.116722446258930290e+01,9.781232925619395502e+00,2.672407291184980327e+00
1.131324972427716347e+01,9.859640183350895981e+00,2.722449797216858425e+00
1.145987485808710993e+01,9.936919738233555677e+00,2.771843261370600331e+00
1.160708460722207036e+01,1.001307978163905155e+01,2.820585560641006850e+00
1.176112883531193098e+01,1.009127921680826390e+01,2.870672002384371257e+00
1.191577564057232408e+01,1.016828015769779192e+01,2.920025158539171883e+00
1.208714906318797944e+01,1.025188986897439314e+01,2.973618549206310746e+00
1.225921643060289234e+01,1.033406200551132059e+01,3.026226611416670931e+00
1.241954739771712646e+01,1.040906458734907858e+01,3.074198150795927731e+00
1.258044334603099124e+01,1.048284739966822521e+01,3.121327509392068933e+00
1.273162080935315821e+01,1.055084669242495288e+01,3.164653017491667608e+00
1.288326829593901302e+01,1.061779123094932409e+01,3.207212591129347867e+00
1.303535336068321548e+01,1.068367924817763992e+01,3.248969978360900068e+00
1.318788496687763789e+01,1.074852683014427157e+01,3.289899148499165538e+00
1.334085192847277490e+01,1.081234083238942922e+01,3.330506665412305889e+00
1.349424325074478404e+01,1.087512795191051396e+01,3.369565932165262900e+00
1.364804815996155973e+01,1.093689474642537540e+01,3.407969119888176301e+00
1.380225634190578710e+01,1.099764773318934274e+01,3.445507435133873919e+00
1.395685770086998190e+01,1.105739329309484908e+01,3.482472845536696671e+00
1.411184226595317348e+01,1.111613764060492038e+01,3.518051658550678251e+00
1.426720035618585136e+01,1.117388689258883083e+01,3.552823532428274422e+00
1.442292253787828393e+01,1.123064705450143563e+01,3.586821364256622235e+00
1.458713543132295243e+01,1.128930126834136516e+01,3.621939880217260654e+00
1.475173063290921682e+01,1.134687394108143721e+01,3.655332179868767906e+00
1.493600090353643317e+01,1.140990448223151787e+01,3.691602321971935829e+00
1.512072142263611063e+01,1.147160306056898271e+01,3.726435494597269305e+00
1.529633469489042596e+01,1.152890193073233682e+01,3.758239951209747520e+00
1.547232962657214728e+01,1.158501759752768656e+01,3.788768992244595957e+00
1.563213806515632598e+01,1.163485405222209401e+01,3.815362100069554785e+00
1.579224293040502936e+01,1.168372983958435540e+01,3.840921479150184226e+00
1.595104949404591999e+01,1.173118096476669514e+01,3.865185036753243430e+00
1.611013157568079990e+01,1.177770006097666489e+01,3.888405940889692047e+00
1.626948188062194944e+01,1.182329180339216634e+01,3.910581455952035324e+00
1.642909331668376538e+01,1.186796077631498214e+01,3.931705976003323499e+00
1.658895893603232707e+01,1.191171145814831078e+01,3.951777308002696554e+00
1.674907187209063508e+01,1.195454820701676191e+01,3.970795212808192698e+00
1.690942538007763929e+01,1.199647527524047064e+01,3.988763865655696517e+00
1.707001292375570145e+01,1.203749683375851376e+01,4.005685308596765637e+00
1.723082807065113187e+01,1.207761694603338398e+01,4.021559103295669679e+00
1.739186446973153366e+01,1.211683956536366580e+01,4.036407536880416203e+00
1.755619345936774778e+01,1.215589092908281188e+01,4.050460168676825568e+00
1.772073930728041091e+01,1.219401822394984336e+01,4.063506484007198161e+00
1.790426190558474318e+01,1.223540220984106597e+01,4.076749632322115957e+00
1.808803707102131497e+01,1.227564979702283132e+01,4.088714595605278390e+00
1.828251931330393987e+01,1.231695470605109932e+01,4.099994832950869750e+00
1.847726445392083505e+01,1.235700180195754427e+01,4.109831322377499596e+00
1.865193425251574766e+01,1.239181285146691636e+01,4.117541842094288640e+00
1.882680057354265557e+01,1.242562288452338137e+01,4.124206070210986397e+00
1.898979820453588374e+01,1.245620838655447749e+01,4.129511615616222819e+00
1.915295518016038656e+01,1.248593215656039312e+01,4.133978478118975453e+00
1.931616956064418744e+01,1.251478020419844306e+01,4.137620589264122017e+00
1.947953277625022750e+01,1.254277313452397991e+01,4.140466227371961239e+00
1.964303977579290006e+01,1.256991361176660149e+01,4.142554586893008484e+00
1.980668557968179755e+01,1.259620421364993170e+01,4.143916347104683595e+00
1.997046527113629466e+01,1.262164743115505949e+01,4.144587714002386569e+00
2.013437400095380880e+01,1.264624567044273640e+01,4.144607232872275837e+00
2.029840698261430276e+01,1.267000125313498593e+01,4.144017013598070953e+00
2.046255948033666883e+01,1.269291641567364692e+01,4.142859919201240082e+00
2.062682681429228282e+01,1.271499331120327447e+01,4.141174541637155038e+00
2.079120436554030604e+01,1.273623401114779696e+01,4.139032162104442136e+00
2.096330094408555311e+01,1.275756458391289172e+01,4.136301078381448448e+00
2.113550799276633185e+01,1.277798414524358606e+01,4.133194704769580952e+00
2.132940232586179619e+01,1.279987372818679781e+01,4.129220865854655642e+00
2.152342281974776483e+01,1.282061535003771446e+01,4.124823327370358506e+00
2.172052974647702328e+01,1.284050225163200842e+01,4.120061285713669363e+00
2.191775196665117775e+01,1.285921123162439805e+01,4.114993960294472508e+00
2.209303892491399424e+01,1.287484483010128322e+01,4.110375461786552442e+00
2.226840600207858856e+01,1.288955250485502368e+01,4.105695244902614505e+00
2.243363909520668287e+01,1.290255918631652676e+01,4.101273823553471587e+00
2.259893459904682445e+01,1.291474710818200933e+01,4.096892387471346098e+00
2.276428836499827568e+01,1.292611739394516768e+01,4.092575491486787342e+00
2.292969625777160303e+01,1.293667108975980540e+01,4.088368067655355986e+00
2.309515416715271741e+01,1.294640916584609514e+01,4.084313268394911489e+00
2.326065801559698443e+01,1.295533251725168533e+01,4.080447683513789059e+00
2.342620374511382408e+01,1.296344196334558418e+01,4.076805128879604112e+00
2.359178730719742489e+01,1.297073824774858508e+01,4.073421886431722427e+00
2.375740467086653496e+01,1.297722203914693750e+01,4.070330617486173530e+00
2.392305182728607704e+01,1.298289393168287376e+01,4.067560031352545735e+00
2.408872477924684574e+01,1.298775444472586216e+01,4.065128777617264433e+00
2.425441953650730298e+01,1.299180402300664383e+01,4.063086420937373155e+00
2.442972623515267472e+01,1.299520573935478218e+01,4.061337272513718233e+00
2.460504818370814206e+01,1.299770066946470770e+01,4.060068666921426761e+00
2.480252074513930793e+01,1.299942518601148223e+01,4.059197690045279749e+00
2.500000000000024514e+01,1.299999999999999289e+01,4.058883586864048709e+00
2.519747925486115747e+01,1.299942518601147690e+01,4.059202531166943295e+00
2.539495181629229847e+01,1.299770066946470060e+01,4.060077821873713688e+00
2.557027376484775871e+01,1.299520573935477685e+01,4.061340553397831954e+00
2.574558046349307716e+01,1.299180402300663495e+01,4.063082676255644898e+00
2.591127522075361966e+01,1.298775444472584972e+01,4.065114917174167175e+00
2.607694817271431731e+01,1.298289393168285955e+01,4.067535465370023751e+00
2.624259532913384518e+01,1.297722203914692329e+01,4.070294285962156700e+00
2.640821269280295880e+01,1.297073824774856732e+01,4.073373388769050862e+00
2.657379625488656316e+01,1.296344196334556642e+01,4.076748458100198036e+00
2.673934198440340282e+01,1.295533251725166224e+01,4.080382685113068675e+00
2.690484583284766273e+01,1.294640916584607382e+01,4.084241279070754516e+00
2.707030374222878422e+01,1.293667108975978053e+01,4.088288915812667845e+00
2.723571163500210446e+01,1.292611739394513926e+01,4.092493762941304070e+00
2.740106540095356635e+01,1.291474710818197913e+01,4.096808608840022181e+00
2.756636090479370438e+01,1.290255918631649301e+01,4.101192114095454144e+00
2.773159399792179869e+01,1.288955250485498993e+01,4.105617070634095533e+00
2.790696107508641433e+01,1.287484483010124414e+01,4.110299381351752324e+00
2.808224803334926634e+01,1.285921123162435542e+01,4.114922575294739815e+00
2.827947025352343147e+01,1.284050225163196224e+01,4.119990803466925477e+00
2.847657718025271834e+01,1.282061535003765940e+01,4.124753876070649916e+00
2.867059767413866211e+01,1.279987372818674629e+01,4.129151610869426392e+00
2.886449200723409803e+01,1.277798414524353277e+01,4.133124104028653711e+00
2.903669905591485190e+01,1.275756458391283843e+01,4.136231886058115315e+00
2.920879563446008120e+01,1.273623401114774545e+01,4.138961956029716838e+00
2.937317318570810087e+01,1.271499331120321941e+01,4.141100624692295895e+00
2.953744051966371487e+01,1.269291641567359008e+01,4.142781501223264939e+00
2.970159301738607027e+01,1.267000125313492909e+01,4.143927658576573414e+00
2.986562599904656778e+01,1.264624567044267600e+01,4.144505985347733734e+00
3.002953472886407837e+01,1.262164743115499554e+01,4.144475127659618785e+00
3.019331442031858259e+01,1.259620421364986953e+01,4.143792478619926278e+00
3.035696022420746942e+01,1.256991361176653577e+01,4.142420453041909312e+00
3.052046722375014198e+01,1.254277313452391418e+01,4.140321207939154036e+00
3.068383043935618915e+01,1.251478020419837556e+01,4.137466333218294601e+00
3.084704481983999003e+01,1.248593215656032029e+01,4.133815814202933758e+00
3.101020179546450350e+01,1.245620838655440288e+01,4.129337982656962502e+00
3.117319942645773523e+01,1.242562288452330144e+01,4.124024330823696793e+00
3.134806574748465735e+01,1.239181285146682931e+01,4.117347366404709774e+00
3.152273554607959127e+01,1.235700180195745368e+01,4.109632212601786350e+00
3.171748068669652554e+01,1.231695470605099629e+01,4.099784452859531747e+00
3.191196292897918596e+01,1.227564979702271586e+01,4.088491957849916147e+00
3.209573809441570091e+01,1.223540220984095583e+01,4.076524017850500670e+00
3.227926069271999410e+01,1.219401822394974388e+01,4.063271979625940666e+00
3.244380654063262881e+01,1.215589092908271773e+01,4.050229559395180701e+00
3.260813553026881095e+01,1.211683956536357520e+01,4.036175760042202576e+00
3.276917192934921275e+01,1.207761694603329339e+01,4.021330161010595816e+00
3.292998707624465027e+01,1.203749683375841784e+01,4.005456826916073965e+00
3.309057461992270532e+01,1.199647527524037294e+01,3.988537932456395207e+00
3.325092812790971664e+01,1.195454820701666243e+01,3.970569696874292287e+00
3.341104106396802109e+01,1.191171145814820775e+01,3.951554354212739373e+00
3.357090668331657923e+01,1.186796077631487734e+01,3.931483876943066225e+00
3.373051811937840228e+01,1.182329180339205799e+01,3.910361137711018120e+00
3.388986842431955182e+01,1.177770006097655298e+01,3.888186257312271188e+00
3.404895050595443706e+01,1.173118096476657968e+01,3.864965807616854043e+00
3.420775706959533125e+01,1.168372983958423816e+01,3.840702401239112440e+00
3.436786193484404350e+01,1.163485405222197322e+01,3.815140276492489324e+00
3.452767037342821510e+01,1.158501759752756399e+01,3.788551089157432550e+00
3.470366530510993641e+01,1.152890193073220715e+01,3.758012608774797148e+00
3.487927857736426773e+01,1.147160306056884949e+01,3.726199174374049239e+00
3.506399909646389546e+01,1.140990448223139886e+01,3.691342614803465594e+00
3.524826936709106207e+01,1.134687394108133063e+01,3.655073293927054046e+00
3.541286456867729981e+01,1.128930126834125858e+01,3.621443243768978082e+00
3.557707746212197009e+01,1.123064705450133438e+01,3.586781241256909780e+00
3.573279964381439555e+01,1.117388689258873136e+01,3.552845772264970670e+00
3.588815773404706277e+01,1.111613764060481913e+01,3.517996301209890042e+00
3.604314229913024548e+01,1.105739329309474428e+01,3.482225376771822756e+00
3.619774365809444561e+01,1.099764773318924149e+01,3.445550987686625266e+00
3.635195184003865876e+01,1.093689474642527593e+01,3.407989642308879574e+00
3.650575674925543979e+01,1.087512795191040915e+01,3.369552658289252989e+00
3.665914807152744004e+01,1.081234083238932264e+01,3.330257056694438944e+00
3.681211503312258060e+01,1.074852683014416854e+01,3.290117306350948567e+00
3.696464663931700301e+01,1.068367924817753867e+01,3.249150963471154618e+00
3.711673170406119482e+01,1.061779123094921928e+01,3.207370373603805280e+00
3.726837919064706739e+01,1.055084669242484274e+01,3.164782935362966843e+00
3.741955665396923791e+01,1.048284739966810974e+01,3.121427248441539959e+00
3.758045260228313111e+01,1.040906458734894535e+01,3.074292361574971988e+00
3.774078356939739365e+01,1.033406200551117138e+01,3.026301670099621699e+00
3.791285093681229768e+01,1.025188986897424215e+01,2.973690287431369761e+00
3.808422435942794948e+01,1.016828015769764448e+01,2.920093164009576192e+00
3.823887116468833369e+01,1.009127921680812001e+01,2.870723234173785166e+00
3.839291539277817122e+01,1.001307978163891299e+01,2.820628896942513286e+00
3.854012514191312277e+01,9.936919738233415345e+00,2.771872886729607632e+00
3.868675027572307812e+01,9.859640183350753873e+00,2.722471660532614468e+00
3.883277553741093158e+01,9.781232925619255170e+00,2.672427881640416114e+00
3.897818513437452737e+01,9.701689723435311663e+00,2.621751616825299447e+00
3.912296287082781276e+01,9.621002210373580610e+00,2.570460515752499120e+00
3.926709208859399780e+01,9.539161921633828811e+00,2.518559945219701834e+00
3.941055563767356062e+01,9.456160305991879511e+00,2.466063794859830072e+00
3.955333588193425953e+01,9.371988717965431093e+00,2.412977943594872610e+00
3.969541463131228909e+01,9.286638453343389443e+00,2.359315310572303037e+00
3.983677322263272202e+01,9.200100696664781807e+00,2.305080179011086638e+00
3.997754865282904291e+01,9.112268167938472274e+00,2.250214497065981867e+00
4.011756314574854088e+01,9.023227658875425661e+00,2.194799805759221734e+00
4.026763435031664784e+01,8.925871171023073813e+00,2.134443982738082113e+00
4.041677088076932733e+01,8.827088882310272666e+00,2.073428364884053021e+00
4.056615264059906423e+01,8.726044206252474567e+00,2.011271050304421770e+00
4.071452771718578845e+01,8.623527058527788114e+00,1.948440787981067013e+00
4.085031981861321526e+01,8.527757016026720649e+00,1.889948110612873489e+00
4.098520790103810185e+01,8.430717872095163656e+00,1.830899899308555234e+00
4.111882751605386233e+01,8.332652287381739242e+00,1.771420973174422153e+00
4.125149764711685663e+01,8.233305970120674999e+00,1.711347512237095136e+00
4.138319213881019465e+01,8.132669984231572613e+00,1.650665045435873779e+00
4.151388408194888768e+01,8.030735444844950166e+00,1.589346167767895057e+00
4.164354542491621203e+01,7.927493830874027481e+00,1.527368597555028851e+00
4.177214791086304757e+01,7.822936247105213958e+00,1.464693600497782189e+00
4.189966237952969408e+01,7.717053961922021088e+00,1.401284996311097375e+00
4.202605824174998617e+01,7.609838867442688226e+00,1.337093024966712340e+00
4.215130400391604582e+01,7.501283078928669745e+00,1.272066311509381098e+00
4.227536780834243757e+01,7.391378463825328815e+00,1.206145809571860017e+00
4.240253604112857033e+01,7.276159927009879347e+00,1.136887253741333925e+00
4.252836399830078307e+01,7.159479228768224957e+00,1.066499952249220007e+00
4.265581467842586250e+01,7.038443698916529989e+00,9.931669692236455571e-01
4.278177527666295532e+01,6.915858258426266225e+00,9.184424015815599862e-01
4.289914930591721998e+01,6.798835559069561718e+00,8.466052316988075255e-01
4.301512052928050167e+01,6.680422553290965126e+00,7.734054107104026965e-01
4.312964939258611707e+01,6.560614355880002968e+00,6.988197184470654744e-01
4.324269564816780331e+01,6.439406279853762349e+00,6.229134418836965725e-01
4.335421777901965612e+01,6.316794474454791697e+00,5.459682826746747875e-01
4.346417319194089401e+01,6.192775783344243834e+00,4.686680076228783021e-01
4.357251821614454457e+01,6.067347805403560557e+00,3.926272643069902424e-01
4.367920807393308280e+01,5.940508996662992480e+00,3.215431519934995874e-01
4.378419690677423404e+01,5.812258718062898843e+00,2.638510499627308992e-01
4.388743781395194077e+01,5.682597272596624727e+00,2.360457858168452938e-01
4.398888282248575621e+01,5.551526036243379814e+00,2.555822218497840748e-01
4.408848293575447741e+01,5.419047503290681966e+00,3.209656211268834825e-01
4.419011008320274669e+01,5.279705953229150595e+00,4.222698184406203370e-01
4.428962804158119582e+01,5.138850346770500899e+00,5.467288677801303010e-01
4.438355383587555281e+01,5.001576866292469781e+00,6.842236825869039141e-01
4.447540992261109949e+01,4.862909977357849023e+00,8.377577959726982826e-01
4.456482847179835716e+01,4.723357140607777005e+00,1.007237119713694007e+00
4.465208362238545448e+01,4.582441588325207427e+00,1.194539561683100715e+00
4.473712024562367873e+01,4.440176362979786795e+00,1.401578075037408944e+00
4.481988267645959922e+01,4.296576279465601722e+00,1.630897805850779703e+00
4.490031476022573287e+01,4.151658096492548466e+00,1.885358559882614804e+00
4.497835992548002082e+01,4.005440676939237221e+00,2.168588176341604612e+00
4.505396136205931867e+01,3.857944976398855363e+00,2.484485378590573390e+00
4.512706215024862644e+01,3.709194127658305362e+00,2.838004390824997447e+00
4.519760539630738805e+01,3.559213532297517357e+00,3.234480261077658625e+00
4.526553436723001056e+01,3.408030978387298404e+00,3.680575540005206481e+00
4.533186596914224964e+01,3.253107089674604158e+00,4.192555686189222364e+00
4.539537771966248414e+01,3.097006065265961450e+00,4.773626141563474867e+00
4.545503591129492804e+01,2.942365690059035366e+00,5.423292095738545981e+00
4.551185619838007312e+01,2.786660256636250832e+00,6.163722568128443768e+00
4.556578331978906249e+01,2.629936687782368221e+00,7.011003909351646080e+00
4.561676799357625356e+01,2.472231403384498982e+00,7.985658209571203869e+00
4.566476006724690961e+01,2.313589862252643847e+00,9.112637127401955084e+00
4.570971117503878389e+01,2.154060056627936870e+00,1.042643052208125631e+01
4.575157496967570836e+01,1.993692452219212985e+00,1.196651512004489248e+01
4.579030734650609702e+01,1.832539935924532237e+00,1.380404315947260940e+01
4.582586667051363349e+01,1.670657727766767131e+00,1.598654782868046276e+01
4.585821399879363724e+01,1.508103270242837857e+00,1.873962511122790175e+01
4.588731329189040054e+01,1.344936116501705525e+00,2.192531702377994307e+01
4.591313161860190206e+01,1.181217786624713995e+00,2.677485079804911550e+01
4.593676158559210876e+01,1.008119438790363365e+00,3.131264515589942476e+01
4.595668275137031600e+01,8.345551884223159078e-01,4.462933790251209842e+01
4.597463789101658449e+01,6.387195641242620070e-01,4.787887846479718945e+01
4.598783068839194499e+01,4.425056111750656496e-01,1.149008389655270719e+02
4.599695603381058362e+01,2.213364176078591317e-01,1.240795018471710591e+02
4.599999999999997868e+01,-4.280323470187775144e-17,9.613227794008198543e+02
