x,y,stress
1.999999999999998890e+00,5.666732299901633052e-16,1.202170744850573783e+03
2.004374676912063169e+00,1.950308977299979596e-01,1.224307259318008647e+02
2.017468641694416309e+00,3.896710756068068604e-01,1.337307675972806180e+02
2.036379748888736518e+00,5.622236708792411886e-01,4.395065072085470348e+01
2.062024529029104603e+00,7.339049676479264539e-01,4.473952392230030739e+01
2.092812914820071146e+00,8.974633275536026966e-01,2.753109901125878167e+01
2.129528577953126334e+00,1.059794263778701007e+00,2.276683207838688006e+01
2.172009364436379375e+00,1.220713134303384573e+00,1.698168119177569579e+01
2.220075780779565466e+00,1.380053187009229410e+00,1.344432051844456311e+01
2.273534605992120650e+00,1.537666381484951827e+00,1.027915124653705803e+01
2.332182443757739865e+00,1.693423688182214004e+00,8.224458567888214944e+00
2.395809050907532711e+00,1.847214811269338064e+00,6.541286310630273881e+00
2.464200388361922567e+00,1.998947542747566475e+00,5.245588517447270505e+00
2.537141355185037472e+00,2.148546855961304125e+00,4.114254837933081888e+00
2.614418117914608874e+00,2.295953693985236743e+00,3.323288925888572720e+00
2.695820087467768023e+00,2.441123669391119577e+00,2.662822613031216701e+00
2.781141518148038561e+00,2.584025660307139205e+00,2.140455545724529340e+00
2.870182750947881889e+00,2.724640366603663377e+00,1.716277967212522793e+00
2.962751185143373878e+00,2.862958952636275090e+00,1.371633052248112161e+00
3.058661933564648994e+00,2.998981675133637559e+00,1.088226729200251652e+00
3.157738248357754518e+00,3.132716607161234013e+00,8.535719099313153757e-01
3.259811779430221268e+00,3.264178498949699581e+00,6.570657692678141260e-01
3.364722661516343916e+00,3.393387723686980273e+00,4.910511553743733271e-01
3.472319467328476517e+00,3.520369322523313027e+00,3.492875791701173793e-01
3.582459028047248584e+00,3.645152119258928902e+00,2.275215718936405562e-01
3.695006230474573883e+00,3.767768000447378807e+00,1.238293169302858571e-01
3.809833766626914198e+00,3.888251292036274620e+00,5.189132676012186973e-02
3.927543620803570779e+00,4.007355763692366679e+00,8.446273515867450121e-02
4.047325652624615522e+00,4.124376281947629508e+00,1.552838301906210028e-01
4.168326273648149005e+00,4.238659277246329182e+00,2.241560194963814479e-01
4.291167855877926485e+00,4.350961287578511971e+00,2.887984329320350541e-01
4.415756849721824473e+00,4.461321570671914039e+00,3.493792394366898590e-01
4.542005491875753087e+00,4.569779515629455169e+00,4.063547109564892290e-01
4.669831378861769799e+00,4.676374353670641248e+00,4.602306373583508470e-01
4.799156926386871191e+00,4.781144817769010125e+00,5.114065651534811519e-01
4.929909263471895287e+00,4.884129188075272410e+00,5.602547721356749832e-01
5.062019994610925444e+00,4.985365223251659650e+00,6.070591696058194042e-01
5.195424701318477112e+00,5.084889904231711277e+00,6.520788575469680382e-01
5.330062910868616832e+00,5.182739546597577629e+00,6.955123312755228104e-01
5.465958485140530065e+00,5.279006144930405320e+00,7.375627498174273100e-01
5.602978259457178645e+00,5.373665880008164031e+00,7.783579549260799535e-01
5.748719216268978194e+00,5.471842136598438877e+00,8.201666790111215022e-01
5.895599538552722230e+00,5.568305580135828770e+00,8.607759588113571558e-01
6.036671973119589474e+00,5.658728476160155729e+00,8.985143561086921249e-01
6.178689594336096214e+00,5.747659581447529753e+00,9.353619971579186787e-01
6.320649775798352188e+00,5.834547315958486635e+00,9.711317221078274997e-01
6.463464934493725167e+00,5.920022540019551194e+00,1.006133717932238270e+00
6.607099390948794060e+00,6.004113384989001823e+00,1.040412896186396097e+00
6.751519725798229565e+00,6.086847323276230348e+00,1.074011246770498751e+00
6.896694297788234174e+00,6.168250965393118790e+00,1.106968934858642228e+00
7.042592815298486464e+00,6.248349910007323871e+00,1.139305677032661501e+00
7.189186575140312563e+00,6.327168966854768151e+00,1.171048323201180574e+00
7.336448619963424456e+00,6.404732310026835407e+00,1.202222054408177421e+00
7.484353300370461426e+00,6.481063308256221234e+00,1.232845990311095097e+00
7.632876116897993057e+00,6.556184514868640179e+00,1.262943665732220166e+00
7.785948110348546614e+00,6.632058497413654941e+00,1.293302270505906293e+00
7.939623064659316221e+00,6.706703736859615184e+00,1.323143291079028394e+00
8.107684922849125897e+00,6.786644442233922270e+00,1.355071288370523597e+00
8.276407551598653711e+00,6.865180984287820642e+00,1.386390669399172548e+00
8.432564226897858006e+00,6.936384875607658707e+00,1.414764138922520065e+00
8.589240758231094119e+00,7.006437508548137849e+00,1.442669096805610618e+00
8.741663287849069874e+00,7.073292874585678014e+00,1.469272269657820207e+00
8.894540844210213848e+00,7.139101114450023822e+00,1.495444222375299725e+00
9.047857820821253227e+00,7.203878915957578677e+00,1.521185647591055679e+00
9.201599390286514080e+00,7.267642482556097683e+00,1.546496311054205153e+00
9.355751379221699082e+00,7.330407513117520146e+00,1.571657927548789635e+00
9.510300122968631698e+00,7.392189176187225819e+00,1.596079970284796312e+00
9.665232550469658790e+00,7.453002176954149682e+00,1.620193487287800327e+00
9.820536210920824516e+00,7.512860795333769381e+00,1.643891319794579697e+00
9.976199201825394880e+00,7.571778883376501845e+00,1.667197039870176978e+00
1.013220997681631097e+01,7.629769818994241781e+00,1.690095440269776761e+00
1.028929654961340923e+01,7.687113956616016708e+00,1.712702070291117762e+00
1.044671235412559618e+01,7.743548063748556309e+00,1.734875316769483256e+00
1.061914854277413944e+01,7.804209897839006871e+00,1.758918294448665876e+00
1.079195291822643021e+01,7.863814835434101980e+00,1.782249874939572543e+00
1.097626982036220156e+01,7.926111901612534538e+00,1.806653774688104397e+00
1.116097556520281842e+01,7.987246482311874729e+00,1.830508222738313373e+00
1.132725001727957448e+01,8.041197184306778212e+00,1.851513103085508982e+00
1.149381785054193728e+01,8.094235197359999745e+00,1.872108131016319232e+00
1.165267642006679338e+01,8.143896705196299379e+00,1.891336428391886981e+00
1.181178508100774849e+01,8.192751040558061248e+00,1.910200355524905191e+00
1.197113652747965062e+01,8.240807637187252510e+00,1.928701409507706632e+00
1.213072367275327146e+01,8.288075644276474918e+00,1.946828086678785041e+00
1.229053967858775209e+01,8.334563948260640842e+00,1.964586779237716074e+00
1.245057796618003287e+01,8.380281187529179832e+00,1.981976547616292050e+00
1.261083215435668414e+01,8.425235745721227687e+00,1.998996877794525284e+00
1.277129609420302714e+01,8.469435772427756248e+00,2.015651984525939522e+00
1.293196385452836594e+01,8.512889188897945658e+00,2.031942437403308155e+00
1.309282964409073990e+01,8.555603676837446159e+00,2.047871998248425474e+00
1.325396738756885995e+01,8.597607240305009668e+00,2.063444144128182778e+00
1.341529235616322779e+01,8.638885894077665384e+00,2.078669844654753796e+00
1.358863463329514332e+01,8.682389238344409677e+00,2.094599375088840976e+00
1.376218024698470543e+01,8.725074216038278152e+00,2.110137835497343683e+00
1.395724040360268958e+01,8.772028285694455363e+00,2.127089834412334568e+00
1.415254086669557942e+01,8.817972607020532649e+00,2.143512872422994597e+00
1.434077517039633776e+01,8.861259175971293089e+00,2.158855836120973759e+00
1.452921785625925999e+01,8.903629400560083340e+00,2.173719510350630824e+00
1.469725469609360680e+01,8.940608903311478173e+00,2.186578333920719874e+00
1.486544701921863165e+01,8.976874678543687480e+00,2.199076874073973009e+00
1.502829175235557280e+01,9.011282936171689073e+00,2.210825599232072669e+00
1.519127390765985552e+01,9.045034277146402957e+00,2.222240154453764216e+00
1.535438967846519098e+01,9.078133864731924518e+00,2.233320746209075391e+00
1.551763535362330515e+01,9.110586715735838226e+00,2.244070603602048131e+00
1.568100732059964209e+01,9.142397705810353159e+00,2.254493171202537560e+00
1.584450205839685211e+01,9.173571572475511360e+00,2.264592488586398389e+00
1.600811612297749420e+01,9.204112916660443844e+00,2.274370209542300181e+00
1.617184617850659478e+01,9.234026212616235796e+00,2.283831703327314333e+00
1.633568897153461208e+01,9.263315806757869808e+00,2.292981962613982461e+00
1.649964130138019058e+01,9.291985916231668696e+00,2.301826880224119964e+00
1.666432479821970603e+01,9.320146267729715106e+00,2.310398495505863181e+00
1.682911245496150343e+01,9.347690562479003873e+00,2.318683287379337266e+00
1.700891265675264208e+01,9.377027423600047484e+00,2.327368143184407767e+00
1.718882932469206537e+01,9.405641357915245138e+00,2.335720485220037723e+00
1.739146286389009433e+01,9.436987947509708263e+00,2.344704331691832344e+00
1.759423407324029398e+01,9.467431298653051996e+00,2.353251470223330699e+00
1.779261810632537788e+01,9.496329469382601474e+00,2.361220615598653705e+00
1.799112435064096260e+01,9.524375872082499583e+00,2.368789699113623026e+00
1.816737339262751760e+01,9.548554791668442121e+00,2.375200245819137024e+00
1.834371208520154894e+01,9.572070975449220143e+00,2.381323604405919614e+00
1.850879725970690259e+01,9.593478871559414145e+00,2.386801118638040009e+00
1.867395590162888297e+01,9.614312405832755815e+00,2.392040963875932125e+00
1.883915860089281935e+01,9.634571034945926371e+00,2.397043628667905768e+00
1.900443006040850236e+01,9.654260850566840801e+00,2.401815864331486861e+00
1.916976800919173840e+01,9.673384401123572118e+00,2.406365792740613685e+00
1.933517019657369929e+01,9.691944146651751524e+00,2.410697703586171858e+00
1.950063440924198588e+01,9.709942462622805692e+00,2.414818827548191216e+00
1.966615848684083900e+01,9.727381643168547143e+00,2.418734085366604614e+00
1.983174029887277001e+01,9.744263900011283397e+00,2.422449877533488394e+00
1.999737773795362727e+01,9.760591363356747152e+00,2.425972484507974425e+00
2.016306873281818213e+01,9.776366084678686619e+00,2.429303481352884209e+00
2.032881124116330440e+01,9.791590037334497509e+00,2.432460604247609570e+00
2.050368328856079359e+01,9.807052900041004051e+00,2.435589790093460216e+00
2.067860807558277259e+01,9.821907266451434637e+00,2.438545159773694238e+00
2.087575312744303702e+01,9.837916962329700254e+00,2.441645738942030075e+00
2.107295897001469953e+01,9.853159595621526989e+00,2.444528007614284792e+00
2.128440152620853709e+01,9.868648951736993524e+00,2.447388152499156089e+00
2.149590637532001836e+01,9.883263122897355757e+00,2.449997825683372543e+00
2.168656129056086357e+01,9.895685832436738494e+00,2.452170463811562229e+00
2.187726092277668855e+01,9.907402100501290221e+00,2.454171887826235299e+00
2.204772107476954091e+01,9.917276452717722179e+00,2.455825365524307191e+00
2.221821282412460619e+01,9.926589334904713624e+00,2.457361990756114611e+00
2.238443387864885992e+01,9.935128087084482473e+00,2.458743812255169026e+00
2.255068137841115927e+01,9.943135469556960260e+00,2.460018209661408051e+00
2.271695357895792355e+01,9.950612438897566747e+00,2.461188116456827668e+00
2.288324874666044906e+01,9.957559886369745428e+00,2.462257094727390516e+00
2.304956516257869126e+01,9.963978638624178430e+00,2.463228464655226713e+00
2.321590111450379013e+01,9.969869457869094731e+00,2.464106148843313360e+00
2.338225489760947440e+01,9.975233042401823624e+00,2.464895330162124143e+00
2.354862482526072753e+01,9.980070027353466600e+00,2.465597699322952252e+00
2.371500921678097384e+01,9.984380984615100374e+00,2.466216341108059762e+00
2.388140639402483245e+01,9.988166423130778071e+00,2.466754714774557211e+00
2.404899523627563696e+01,9.991448043952605218e+00,2.467216494511864866e+00
2.421659365381556128e+01,9.994197508395366469e+00,2.467609806509772241e+00
2.440074953598204388e+01,9.996605273331937269e+00,2.467948998239004155e+00
2.458491268997247303e+01,9.998371346817291894e+00,2.468203806582647708e+00
2.479245474732468324e+01,9.999592855304205941e+00,2.468384359474677936e+00
2.499999999999999645e+01,9.999999999999994671e+00,2.468439409793998340e+00
2.520754525267532387e+01,9.999592855304205941e+00,2.468390336266439888e+00
2.541508731002752342e+01,9.998371346817291894e+00,2.468215965501368458e+00
2.559925046401800941e+01,9.996605273331935493e+00,2.467966435073142062e+00
2.578340634618443161e+01,9.994197508395366469e+00,2.467632411364367506e+00
2.595100476372445186e+01,9.991448043952603442e+00,2.467242059888518746e+00
2.611859360597515689e+01,9.988166423130778071e+00,2.466782873064985893e+00
2.628499078321901905e+01,9.984380984615100374e+00,2.466244484752769139e+00
2.645137517473925826e+01,9.980070027353466600e+00,2.465625628221069121e+00
2.661774510239051494e+01,9.975233042401821848e+00,2.464921433053280708e+00
2.678409888549620277e+01,9.969869457869092955e+00,2.464130239024927782e+00
2.695043483742130164e+01,9.963978638624178430e+00,2.463248932068967445e+00
2.711675125333954028e+01,9.957559886369745428e+00,2.462274071339830339e+00
2.728304642104206579e+01,9.950612438897566747e+00,2.461201465602470329e+00
2.744931862158881586e+01,9.943135469556960260e+00,2.460027845193980767e+00
2.761556612135114008e+01,9.935128087084482473e+00,2.458748933027923300e+00
2.778178717587539026e+01,9.926589334904711848e+00,2.457362602191344614e+00
2.795227892523045199e+01,9.917276452717722179e+00,2.455821393067021408e+00
2.812273907722329724e+01,9.907402100501288444e+00,2.454162880440229344e+00
2.831343870943913643e+01,9.895685832436736717e+00,2.452155856092006037e+00
2.850409362467997099e+01,9.883263122897355757e+00,2.449977496013349576e+00
2.871559847379144870e+01,9.868648951736993524e+00,2.447362515784208714e+00
2.892704102998528981e+01,9.853159595621525213e+00,2.444496231881312820e+00
2.912424687255694877e+01,9.837916962329700254e+00,2.441607796497345273e+00
2.932139192441722031e+01,9.821907266451432861e+00,2.438499973713682323e+00
2.949631671143918865e+01,9.807052900041002275e+00,2.435539690056258699e+00
2.967118875883667428e+01,9.791590037334497509e+00,2.432405757580816896e+00
2.983693126718180721e+01,9.776366084678684842e+00,2.429248458570005820e+00
3.000262226204636207e+01,9.760591363356747152e+00,2.425918224667885870e+00
3.016825970112721578e+01,9.744263900011283397e+00,2.422398576707618378e+00
3.033384151315913257e+01,9.727381643168547143e+00,2.418686371247986244e+00
3.049936559075799636e+01,9.709942462622805692e+00,2.414775093754648605e+00
3.066482980342627940e+01,9.691944146651751524e+00,2.410658081929780927e+00
3.083023199080823673e+01,9.673384401123572118e+00,2.406328504704317695e+00
3.099556993959146922e+01,9.654260850566840801e+00,2.401780818784853277e+00
3.116084139910714512e+01,9.634571034945928147e+00,2.397010373164309538e+00
3.132604409837106729e+01,9.614312405832759367e+00,2.392009523265074211e+00
3.149120274029305477e+01,9.593478871559417698e+00,2.386772482182546895e+00
3.165628791479840487e+01,9.572070975449220143e+00,2.381298623543503190e+00
3.183262660737243621e+01,9.548554791668445674e+00,2.375177839383566525e+00
3.200887564935896279e+01,9.524375872082506689e+00,2.368771431797898064e+00
3.220738189367455107e+01,9.496329469382606803e+00,2.361204800818012650e+00
3.240576592675964918e+01,9.467431298653055549e+00,2.353238962373188414e+00
3.260853713610988081e+01,9.436987947509708263e+00,2.344693309318782948e+00
3.281117067530793463e+01,9.405641357915238032e+00,2.335710951678514391e+00
3.299108734324735082e+01,9.377027423600043932e+00,2.327360147495744602e+00
3.317088754503848236e+01,9.347690562478998544e+00,2.318675298459917933e+00
3.333567520178028332e+01,9.320146267729708001e+00,2.310388325449044711e+00
3.350035869861981297e+01,9.291985916231661591e+00,2.301813493976428315e+00
3.366431102846539858e+01,9.263315806757860926e+00,2.292963227158678841e+00
3.382815382149343009e+01,9.234026212616226914e+00,2.283806817745334339e+00
3.399188387702253067e+01,9.204112916660433186e+00,2.274339010279815554e+00
3.415549794160317987e+01,9.173571572475500702e+00,2.264555359892752584e+00
3.431899267940038811e+01,9.142397705810344277e+00,2.254452423289936558e+00
3.448236464637673038e+01,9.110586715735827568e+00,2.244026019561285779e+00
3.464561032153483922e+01,9.078133864731912084e+00,2.233274300075233310e+00
3.480872609234017290e+01,9.045034277146390522e+00,2.222192227726340175e+00
3.497170824764447872e+01,9.011282936171674862e+00,2.210777303943084249e+00
3.513455298078141453e+01,8.976874678543671493e+00,2.199028525272904044e+00
3.530274530390644827e+01,8.940608903311460409e+00,2.186528671376388289e+00
3.547078214374079863e+01,8.903629400560063800e+00,2.173671060025094359e+00
3.565922482960375106e+01,8.861259175971266444e+00,2.158806392940356034e+00
3.584745913330452538e+01,8.817972607020500675e+00,2.143464595012292140e+00
3.604275959639745253e+01,8.772028285694412730e+00,2.127041688429097910e+00
3.623781975301547931e+01,8.725074216038226638e+00,2.110091777694383275e+00
3.641136536670503432e+01,8.682389238344359939e+00,2.094552316825935900e+00
3.658470764383693563e+01,8.638885894077615646e+00,2.078615376274363769e+00
3.674603261243129992e+01,8.597607240304961707e+00,2.063386039174716302e+00
3.690717035590941464e+01,8.555603676837398197e+00,2.047808592691193308e+00
3.706803614547179393e+01,8.512889188897895920e+00,2.031876956626145425e+00
3.722870390579712563e+01,8.469435772427706510e+00,2.015584543468488921e+00
3.738916784564346329e+01,8.425235745721179725e+00,1.998930322026286399e+00
3.754942203382010746e+01,8.380281187529133646e+00,1.981911535205568509e+00
3.770946032141239357e+01,8.334563948260591104e+00,1.964526779911599963e+00
3.786927632724687953e+01,8.288075644276421627e+00,1.946774419457280914e+00
3.802886347252049148e+01,8.240807637187200996e+00,1.928654092567791301e+00
3.818821491899239362e+01,8.192751040558007958e+00,1.910163320556575561e+00
3.834732357993335228e+01,8.143896705196246089e+00,1.891300908502883793e+00
3.850618214945821904e+01,8.094235197359942902e+00,1.872069606193427216e+00
3.867274998272063158e+01,8.041197184306703605e+00,1.851470500359881921e+00
3.883902443479744448e+01,7.987246482311778806e+00,1.830462523815803433e+00
3.902373017963807911e+01,7.926111901612429733e+00,1.806601968304651695e+00
3.920804708177386289e+01,7.863814835433991846e+00,1.782203427748844105e+00
3.938085145722610747e+01,7.804209897838911836e+00,1.758806776859574983e+00
3.955328764587459744e+01,7.743548063748477261e+00,1.734948388262593566e+00
3.971070345038677374e+01,7.687113956615939436e+00,1.712704131854656975e+00
3.986779002318386489e+01,7.629769818994168062e+00,1.690079937766020279e+00
4.002380079817477565e+01,7.571778883376428126e+00,1.667166701333707035e+00
4.017946378907934246e+01,7.512860795333692998e+00,1.643860085383525682e+00
4.033476744953050286e+01,7.453002176954075075e+00,1.620155741867550292e+00
4.048969987703151929e+01,7.392189176187152100e+00,1.596049149293797154e+00
4.064424862077844836e+01,7.330407513117450868e+00,1.571537396213490867e+00
4.079840060971363158e+01,7.267642482556026629e+00,1.546614660379665995e+00
4.095214217917889954e+01,7.203878915957503182e+00,1.521277322631287010e+00
4.110545915578993714e+01,7.139101114449949215e+00,1.495518136337733006e+00
4.125833671215107046e+01,7.073292874585606960e+00,1.469331760865829173e+00
4.141075924176903555e+01,7.006437508548072124e+00,1.442714093033942602e+00
4.156743577310226812e+01,6.936384875607589429e+00,1.414805768670079678e+00
4.172359244840147596e+01,6.865180984287750476e+00,1.386424273645233463e+00
4.189231507715098957e+01,6.786644442233852992e+00,1.355106192675125776e+00
4.206037693534080546e+01,6.706703736859545906e+00,1.323177664700172951e+00
4.221405188965156441e+01,6.632058497413586551e+00,1.293330364122656562e+00
4.236712388310211708e+01,6.556184514868572677e+00,1.262968945431817591e+00
4.251564669962966292e+01,6.481063308256148403e+00,1.232866188098021620e+00
4.266355138003670078e+01,6.404732310026759912e+00,1.202238983032565933e+00
4.281081342485980912e+01,6.327168966854689991e+00,1.171064492139124891e+00
4.295740718470163699e+01,6.248349910007244823e+00,1.139320920767501244e+00
4.310330570221189106e+01,6.168250965393037966e+00,1.106987367387657795e+00
4.324848027420190277e+01,6.086847323276144195e+00,1.074034407417914672e+00
4.339290060905133117e+01,6.004113384988919222e+00,1.040433981907672889e+00
4.353653506550639207e+01,5.920022540019465929e+00,1.006148702104662895e+00
4.367935022420175528e+01,5.834547315958406699e+00,9.711435701688982958e-01
4.382131040566400060e+01,5.747659581447452481e+00,9.353697425970095569e-01
4.396332802688052510e+01,5.658728476160070464e+00,8.985256109554203841e-01
4.410440046144739767e+01,5.568305580135739064e+00,8.607934575850753056e-01
4.425128078373113993e+01,5.471842136598345618e+00,8.201983759984913247e-01
4.439702174054294659e+01,5.373665880008060114e+00,7.784138875589340367e-01
4.453404151485959517e+01,5.279006144930300515e+00,7.376285519699948834e-01
4.466993708913150840e+01,5.182739546597470159e+00,6.955826418068776773e-01
4.480457529868161970e+01,5.084889904231620683e+00,6.521502284574305364e-01
4.493798000538915716e+01,4.985365223251577937e+00,6.071297045889478827e-01
4.507009073652818643e+01,4.884129188075190697e+00,5.603256829923881632e-01
4.520084307361322118e+01,4.781144817768919530e+00,5.114795743602140732e-01
4.533016862113830570e+01,4.676374353670556872e+00,4.603081004663979736e-01
4.545799450812432241e+01,4.569779515629373456e+00,4.064384800606253290e-01
4.558424315027824036e+01,4.461321570671838543e+00,3.494657299975524878e-01
4.570883214412213391e+01,4.350961287578432923e+00,2.888885079378924470e-01
4.583167372635192294e+01,4.238659277246242141e+00,2.242414657231243946e-01
4.595267434737547063e+01,4.124376281947527367e+00,1.553594446107044169e-01
4.607245637919648829e+01,4.007355763692280526e+00,8.449610525096031000e-02
4.619016623337314087e+01,3.888251292036192464e+00,5.185574458127773650e-02
4.630499376952547408e+01,3.767768000447303312e+00,1.238637329130241049e-01
4.641754097195281048e+01,3.645152119258836976e+00,2.276801988140139399e-01
4.652768053267157455e+01,3.520369322523225097e+00,3.496484438269635286e-01
4.663527733848371071e+01,3.393387723686881685e+00,4.917157007563138782e-01
4.674018822056981293e+01,3.264178498949625418e+00,6.582564722755551712e-01
4.684226175164226902e+01,3.132716607161170952e+00,8.555429138074742701e-01
4.694133806643537099e+01,2.998981675133577163e+00,1.091579036141319570e+00
4.703724881485666032e+01,2.862958952636200038e+00,1.377020427031951266e+00
4.712981724905214520e+01,2.724640366603579889e+00,1.724957135859528590e+00
4.721885848185200274e+01,2.584025660307033068e+00,2.153581435415429901e+00
4.730417991253228394e+01,2.441123669390998341e+00,2.683177955293682082e+00
4.738558188208545374e+01,2.295953693985085753e+00,3.344285162690530999e+00
4.746285864481500738e+01,2.148546855961170010e+00,4.173116719260552721e+00
4.753579961163811873e+01,1.998947542747435913e+00,5.222756627823649467e+00
4.760419094909250504e+01,1.847214811269193069e+00,6.551240950560379694e+00
4.766781755624230499e+01,1.693423688182047693e+00,8.260999896898583827e+00
4.772646539400790999e+01,1.537666381484807498e+00,1.042282846149533349e+01
4.777992421922045452e+01,1.380053187009105287e+00,1.335395896011122119e+01
4.782799063556362995e+01,1.220713134303291092e+00,1.686412793221692041e+01
4.787047142204686878e+01,1.059794263778633061e+00,2.269972493797615698e+01
4.790718708517992042e+01,8.974633275535236487e-01,2.752582166888322490e+01
4.793797547097089051e+01,7.339049676478390793e-01,4.464961365365008561e+01
4.796362025111124439e+01,5.622236708791849003e-01,4.409056597971594016e+01
4.798253135830556459e+01,3.896710756067794934e-01,1.336604529078704786e+02
4.799562532308791418e+01,1.950308977299812785e-01,1.220721244285834644e+02
4.799999999999997868e+01,-3.768575895405182916e-17,1.201476822703107700e+03
