x,y,stress
2.999999999999998668e+00,8.026991582483335325e-16,7.509584536301093749e+02
3.002977207791014624e+00,2.303146549218505479e-01,1.000135660686336507e+02
3.011903296815256592e+00,4.604755464871118087e-01,8.926531823914052666e+01
3.024812256121273801e+00,6.647254913619362604e-01,3.756151133532246433e+01
3.042385948630544679e+00,8.686270794615233992e-01,3.404374123381600015e+01
3.061888375657459083e+00,1.049374703762334216e+00,2.355652434412038332e+01
3.085029537312963921e+00,1.229692602044182070e+00,1.977217515237669687e+01
3.109368895342503603e+00,1.394242061789080278e+00,1.597685223230300622e+01
3.136710247270598106e+00,1.558319443963722684e+00,1.345638555864676533e+01
3.166873923535975965e+00,1.721079040573600283e+00,1.129275280314450391e+01
3.199958562194536338e+00,1.883270129779917701e+00,9.579829352720130586e+00
3.235934898040512930e+00,2.044844437587406194e+00,8.153468794631331562e+00
3.274771591470438725e+00,2.205755205586831913e+00,6.952594627605781952e+00
3.316435366730831280e+00,2.365957278257137641e+00,5.902583141151883872e+00
3.360891153257890007e+00,2.525407172184001681e+00,5.078043392155374036e+00
3.408102227712981769e+00,2.684063126581247349e+00,4.358150806783338993e+00
3.458030359477748394e+00,2.841885150630201640e+00,3.748360506774571110e+00
3.510635953199694459e+00,2.998835049765889771e+00,3.223247049383196394e+00
3.565878201524051772e+00,3.154876474218440308e+00,2.773738436169626009e+00
3.625307241302669237e+00,3.314135720066250901e+00,2.379541356268244368e+00
3.687426211070791826e+00,3.472365195404376603e+00,2.037150470894519838e+00
3.751615070137250374e+00,3.628173453609525811e+00,1.730941564330659821e+00
3.818354209889045503e+00,3.782906529902521076e+00,1.485315542998055571e+00
3.886349950088129557e+00,3.933827964452545345e+00,1.270711608320998831e+00
3.956715612977871999e+00,4.083659159794933657e+00,1.085158925701854571e+00
4.029405647012812786e+00,4.232376636953524951e+00,9.228822578942244004e-01
4.104374316238740938e+00,4.379958617981336566e+00,7.810679546776425619e-01
4.181575812871564324e+00,4.526385002299901927e+00,6.569600803813928636e-01
4.260964346029109784e+00,4.671637303918483752e+00,5.486667640092209863e-01
4.342494235631648714e+00,4.815698608948227211e+00,4.548738927130059340e-01
4.426119997917513871e+00,4.958553525867128720e+00,3.752596686906825019e-01
4.511796393012840412e+00,5.100188081909682758e+00,3.105977151959114502e-01
4.599478571079495204e+00,5.240589792354702681e+00,2.633231406096658844e-01
4.690050046448598131e+00,5.381166047196564328e+00,2.366844348907492790e-01
4.782577841272729557e+00,5.520462477283399672e+00,2.328440519050173629e-01
4.882689698916212961e+00,5.666632423831839738e+00,2.504265068441937081e-01
4.984894438324286803e+00,5.811346779506906479e+00,2.832171963117413593e-01
5.082582156980223864e+00,5.945709514175163690e+00,3.222282971090982828e-01
5.182022337641971177e+00,6.078780534608141828e+00,3.657526131108946310e-01
5.282811972853461491e+00,6.210090641468171135e+00,4.116047522591593233e-01
5.385260390540826059e+00,6.340110743227183931e+00,4.588893057983441937e-01
5.489328117943469643e+00,6.468838497826041589e+00,5.070307618510979664e-01
5.594976376240867744e+00,6.596272331924323495e+00,5.557241705147042410e-01
5.702167147343586429e+00,6.722411457549551272e+00,6.048182884758296352e-01
5.810863196834582745e+00,6.847255834914183659e+00,6.542314502442519997e-01
5.921028053765089005e+00,6.970806090826448198e+00,7.039417038980151364e-01
6.032626010330068844e+00,7.093063468101030722e+00,7.539279537987885194e-01
6.145622144983398094e+00,7.214029804996500594e+00,8.041997460298393463e-01
6.259982302328460868e+00,7.333707471091600816e+00,8.547624439090871773e-01
6.379296888320046044e+00,7.455765623924910379e+00,9.072048535004948455e-01
6.499990555572526141e+00,7.576460324692622983e+00,9.599651619270940239e-01
6.630777761780758617e+00,7.704250218951903761e+00,1.016827422150307747e+00
6.763065865672662547e+00,7.830485791601963896e+00,1.074018324450159767e+00
6.885814956970301104e+00,7.945027402246962467e+00,1.126856640753022276e+00
7.009764377192669649e+00,8.058269039545717050e+00,1.179984885043477982e+00
7.133119129616090071e+00,8.168652958644806006e+00,1.232632431266730055e+00
7.257583727255394912e+00,8.277783956768855589e+00,1.285530677829511470e+00
7.383130986211267732e+00,8.385667811192220711e+00,1.338664415047794654e+00
7.509734304203081301e+00,8.492310420002201710e+00,1.392013150720580184e+00
7.637367305605915924e+00,8.597717508974014322e+00,1.445560414266786609e+00
7.766005270663868920e+00,8.701895802654748380e+00,1.499283025749203357e+00
7.895624847525404277e+00,8.804852710425643991e+00,1.553162161947507558e+00
8.026200906888488973e+00,8.906593839754016528e+00,1.607173527797105317e+00
8.157709261679809032e+00,9.007125228913436032e+00,1.661293008911391977e+00
8.290128060352467187e+00,9.106454349094146750e+00,1.715499139351103652e+00
8.425247194967761644e+00,9.205909395309205934e+00,1.770498111348614678e+00
8.561256454706153818e+00,9.304143670301474600e+00,1.825547612660456398e+00
8.712834547158369247e+00,9.411477007100232939e+00,1.886496332042805202e+00
8.865447940695061035e+00,9.517333148946937271e+00,1.947417116718600738e+00
9.015926761255361299e+00,9.619608388888272188e+00,2.007058716043090829e+00
9.167346717200105743e+00,9.720485062253894526e+00,2.066615764950392897e+00
9.306610539652169223e+00,9.811512395968863487e+00,2.120985576187591537e+00
9.446622096406805724e+00,9.901385391675601610e+00,2.175253095351229238e+00
9.586649866585766233e+00,9.989665422459314215e+00,2.229105683988237274e+00
9.727382788932910529e+00,1.007681694654962712e+01,2.282798068647596157e+00
9.868803997920412741e+00,1.016284696470346560e+01,2.336303278146290019e+00
1.001089718417463637e+01,1.024776252218949502e+01,2.389596736467121119e+00
1.015364642692288832e+01,1.033157060599099708e+01,2.442656285580452113e+00
1.029703614498923336e+01,1.041427811999527542e+01,2.495457650113036774e+00
1.044105123399019952e+01,1.049589196718552131e+01,2.547974755336475106e+00
1.058567687221830234e+01,1.057641894027572071e+01,2.600183312001309588e+00
1.073089855702797024e+01,1.065586574836108724e+01,2.652060598346201115e+00
1.087670234771153410e+01,1.073423915083218816e+01,2.703584848406908936e+00
1.102706145708792640e+01,1.081363251760568112e+01,2.756106870689203792e+00
1.117800583861825992e+01,1.089190744882788664e+01,2.808211352814607764e+00
1.134758297200893296e+01,1.097817668229770582e+01,2.865966682698724899e+00
1.151785602648834050e+01,1.106306411457903494e+01,2.923090828278211095e+00
1.168786289659941424e+01,1.114612310069334988e+01,2.979261437114105959e+00
1.185852166721265100e+01,1.122783429372725905e+01,3.034736737407921048e+00
1.201186122428811842e+01,1.129985895691967634e+01,3.083780539732086101e+00
1.216569727186055161e+01,1.137081700425002673e+01,3.132239522114117936e+00
1.231647872483772055e+01,1.143912602678706136e+01,3.178960059215145240e+00
1.246771204268514488e+01,1.150642873461301718e+01,3.225065969963209600e+00
1.261938670636371640e+01,1.157273095379445138e+01,3.270896873628731605e+00
1.277149235590529663e+01,1.163803838769094590e+01,3.315448339526702259e+00
1.292401885568517805e+01,1.170235664995966296e+01,3.359446500685274284e+00
1.307695640517498603e+01,1.176569131284193936e+01,3.402761606270308992e+00
1.323029540014903915e+01,1.182804784965464329e+01,3.445561637877724070e+00
1.338402639527317639e+01,1.188943162335558412e+01,3.487117149398172078e+00
1.353814018265960684e+01,1.194984792145501551e+01,3.528002183969622507e+00
1.369262775277125144e+01,1.200930194235727200e+01,3.568024135361514748e+00
1.384854791173398780e+01,1.206819832213638222e+01,3.607430180986956447e+00
1.400482928302735353e+01,1.212612943511161312e+01,3.645935519217714305e+00
1.417680149771210019e+01,1.218862100920279801e+01,3.687059217566494240e+00
1.434918751692920047e+01,1.224996187515493773e+01,3.727008511305937688e+00
1.453858714955402043e+01,1.231587808630822067e+01,3.769356337933371215e+00
1.472845679657544160e+01,1.238042797254520089e+01,3.810125917784475735e+00
1.490317117731371788e+01,1.243849275320089909e+01,3.846206198739245519e+00
1.507825988121206429e+01,1.249541885564745236e+01,3.880912338009607776e+00
1.523744347089361995e+01,1.254609089650396747e+01,3.911217755814225594e+00
1.539691955077105412e+01,1.259583475965489363e+01,3.940367869680399426e+00
1.555522498131339404e+01,1.264421437532599235e+01,3.968079269532976738e+00
1.571380358761725304e+01,1.269169092842477475e+01,3.994599753824924715e+00
1.587264862750686945e+01,1.273826842846445651e+01,4.019909954519224726e+00
1.603175341595053638e+01,1.278395078134969687e+01,4.043991509020297137e+00
1.619111138555475549e+01,1.282874180993295354e+01,4.066833477785922746e+00
1.635071616348391288e+01,1.287264527665644742e+01,4.088418323765723450e+00
1.651056147322400491e+01,1.291566485668157682e+01,4.108734627950930474e+00
1.667064110797039689e+01,1.295780413302818168e+01,4.127771420494988242e+00
1.683094899078726314e+01,1.299906661456418178e+01,4.145521271045757850e+00
1.699147914317880392e+01,1.303945572895958449e+01,4.161990583341419025e+00
1.715538414448283433e+01,1.307974211269550580e+01,4.177423816615997154e+00
1.731950799624406301e+01,1.311912744227083749e+01,4.191564723305614137e+00
1.750261705264615841e+01,1.316195154904100306e+01,4.205666088371624589e+00
1.768598211157551248e+01,1.320366589906266874e+01,4.218122715578782156e+00
1.788566346060686385e+01,1.324777372989203528e+01,4.229770738458573653e+00
1.808562787935494498e+01,1.329057997686196302e+01,4.239396206926595134e+00
1.826804579259588834e+01,1.332845053549118930e+01,4.246543314626960886e+00
1.845068297781518041e+01,1.336524909273183859e+01,4.252119613419571564e+00
1.861549764317061317e+01,1.339750450215792021e+01,4.255893689479785635e+00
1.878047929486373491e+01,1.342889463575417608e+01,4.258458010782552705e+00
1.894325354923681104e+01,1.345899045098587266e+01,4.259826052412236663e+00
1.910618009497306602e+01,1.348825061390002311e+01,4.260070506528209400e+00
1.926925409786436916e+01,1.351667749129720875e+01,4.259223140718605194e+00
1.943247077979410875e+01,1.354427337764230010e+01,4.257329132990053999e+00
1.959582542295881069e+01,1.357104049675193380e+01,4.254435960071915268e+00
1.975931336949628303e+01,1.359698100254201769e+01,4.250587610522023496e+00
1.992293001554882537e+01,1.362209697885962889e+01,4.245834149707651939e+00
2.008667080841777519e+01,1.364639043986385758e+01,4.240228210242090512e+00
2.025053125142057553e+01,1.366986333149353072e+01,4.233824062971245361e+00
2.041450688698934712e+01,1.369251752975368497e+01,4.226694326765310095e+00
2.058077563017305778e+01,1.371463968441928216e+01,4.218758778476285443e+00
2.074715358743272731e+01,1.373592489888490142e+01,4.210257711912474221e+00
2.093160855199539938e+01,1.375853194655951128e+01,4.200132756263769807e+00
2.111618601218634694e+01,1.378011606678292367e+01,4.189460568390960482e+00
2.132131700357487247e+01,1.380289144435390547e+01,4.177025056188254482e+00
2.152658358802344551e+01,1.382441054084517162e+01,4.164057175276282052e+00
2.171879141378699529e+01,1.384341292190022266e+01,4.151684526772378980e+00
2.191110442599130437e+01,1.386131947331890402e+01,4.139131806379512390e+00
2.208236969644415737e+01,1.387633821621243513e+01,4.127954704581465961e+00
2.225370865807409615e+01,1.389049151841369323e+01,4.116863295863389283e+00
2.241874535518602940e+01,1.390330215204931541e+01,4.106329653055873052e+00
2.258384221473179210e+01,1.391531260024817129e+01,4.096018939207735521e+00
2.274899527094522611e+01,1.392652380723719219e+01,4.085994889557321486e+00
2.291420058534698256e+01,1.393693665408276416e+01,4.076329265765532561e+00
2.307945423702290455e+01,1.394655195831488825e+01,4.067094957789054277e+00
2.324475232342502551e+01,1.395537047430868860e+01,4.058357242088968420e+00
2.341009096174341764e+01,1.396339289360819436e+01,4.050177415709033113e+00
2.357546627977145093e+01,1.397061984471669760e+01,4.042617504665202866e+00
2.374087441913504293e+01,1.397705189354266686e+01,4.035742393941047723e+00
2.390631153951932575e+01,1.398268954372481510e+01,4.029597680117095848e+00
2.407204442977205261e+01,1.398754050785482939e+01,4.024218464588478206e+00
2.423779871031025479e+01,1.399159529609828034e+01,4.019688346833098613e+00
2.441702222630146579e+01,1.399508376161626089e+01,4.015737386607576731e+00
2.459626142973023732e+01,1.399764229355507439e+01,4.012843096258396081e+00
2.479812727265565186e+01,1.399941059051355552e+01,4.010838339433420607e+00
2.499999999999986144e+01,1.399999999999999112e+01,4.010145811875010402e+00
2.520187272734410300e+01,1.399941059051355730e+01,4.010850876990479819e+00
2.540373857026952464e+01,1.399764229355507617e+01,4.012868654703350302e+00
2.558297777369833170e+01,1.399508376161626799e+01,4.015777224808374513e+00
2.576220128968951784e+01,1.399159529609828390e+01,4.019742713218779961e+00
2.592795557022779818e+01,1.398754050785483294e+01,4.024282864777392277e+00
2.609368846048046819e+01,1.398268954372482042e+01,4.029671239741535516e+00
2.625912558086485760e+01,1.397705189354267041e+01,4.035818330807712684e+00
2.642453372022833236e+01,1.397061984471670470e+01,4.042695098165605572e+00
2.658990903825636565e+01,1.396339289360820324e+01,4.050250260268016156e+00
2.675524767657476488e+01,1.395537047430869926e+01,4.058425538277800726e+00
2.692054576297688584e+01,1.394655195831490246e+01,4.067157736806852775e+00
2.708579941465279717e+01,1.393693665408277482e+01,4.076385784463814055e+00
2.725100472905456783e+01,1.392652380723720462e+01,4.086040844211383138e+00
2.741615778526800185e+01,1.391531260024818373e+01,4.096054334465748958e+00
2.758125464481376099e+01,1.390330215204932962e+01,4.106353581857122848e+00
2.774629134192568003e+01,1.389049151841370922e+01,4.116874408321134382e+00
2.791763030355562947e+01,1.387633821621245289e+01,4.127952619224800834e+00
2.808889557400846826e+01,1.386131947331892178e+01,4.139117359536049534e+00
2.828120858621275602e+01,1.384341292190024575e+01,4.151659761574748586e+00
2.847341641197628448e+01,1.382441054084519472e+01,4.164022286498161307e+00
2.867868299642487173e+01,1.380289144435392679e+01,4.176978308647393945e+00
2.888381398781341147e+01,1.378011606678294854e+01,4.189401696764974758e+00
2.906839144800436969e+01,1.375853194655953615e+01,4.200061971412585748e+00
2.925284641256704887e+01,1.373592489888492452e+01,4.210172826145236691e+00
2.941922436982672551e+01,1.371463968441930525e+01,4.218661764060038344e+00
2.958549311301044682e+01,1.369251752975370984e+01,4.226585024701450699e+00
2.974946874857921486e+01,1.366986333149356092e+01,4.233703171635108120e+00
2.991332919158201165e+01,1.364639043986388423e+01,4.240095104925071468e+00
3.007706998445096147e+01,1.362209697885965198e+01,4.245691395344093344e+00
3.024068663050351091e+01,1.359698100254204434e+01,4.250435265013379649e+00
3.040417457704097970e+01,1.357104049675196755e+01,4.254274947989340916e+00
3.056752922020567453e+01,1.354427337764233030e+01,4.257157878886610014e+00
3.073074590213542123e+01,1.351667749129724250e+01,4.259044709165463516e+00
3.089381990502672792e+01,1.348825061390005509e+01,4.259884880942318652e+00
3.105674645076297935e+01,1.345899045098590641e+01,4.259643968098451694e+00
3.121952070513604838e+01,1.342889463575420983e+01,4.258283890877910594e+00
3.138450235682915590e+01,1.339750450215795574e+01,4.255729153386734964e+00
3.154931702218458511e+01,1.336524909273188122e+01,4.251985321077199842e+00
3.173195420740384876e+01,1.332845053549123904e+01,4.246394802908901589e+00
3.191437212064476370e+01,1.329057997686201453e+01,4.239230518071583909e+00
3.211433653939284483e+01,1.324777372989208679e+01,4.229588958592215064e+00
3.231401788842421041e+01,1.320366589906272203e+01,4.217921813592754532e+00
3.249738294735356448e+01,1.316195154904106168e+01,4.205457679454830178e+00
3.268049200375565988e+01,1.311912744227089433e+01,4.191342850268621412e+00
3.284461585551692764e+01,1.307974211269555731e+01,4.177203375690318410e+00
3.300852085682099357e+01,1.303945572895962712e+01,4.161770111260389982e+00
3.316905100921253791e+01,1.299906661456422441e+01,4.145302956097685509e+00
3.332935889202940416e+01,1.295780413302822076e+01,4.127554588285714310e+00
3.348943852677579258e+01,1.291566485668162123e+01,4.108519917242507979e+00
3.364928383651589172e+01,1.287264527665649183e+01,4.088204721624760118e+00
3.380888861444504556e+01,1.282874180993299795e+01,4.066619695952767621e+00
3.396824658404926112e+01,1.278395078134974305e+01,4.043776410350369943e+00
3.412735137249293871e+01,1.273826842846450269e+01,4.019694192473338923e+00
3.428619641238254445e+01,1.269169092842482627e+01,3.994382759185484577e+00
3.444477501868639990e+01,1.264421437532604919e+01,3.967862623452092841e+00
3.460308044922873449e+01,1.259583475965494692e+01,3.940152519835446121e+00
3.476255652910615623e+01,1.254609089650402964e+01,3.910999738122320935e+00
3.492174011878769591e+01,1.249541885564751986e+01,3.880701619519695722e+00
3.509682882268601389e+01,1.243849275320098258e+01,3.845990930586561607e+00
3.527154320342425819e+01,1.238042797254528793e+01,3.809915291262150561e+00
3.546141285044571134e+01,1.231587808630829883e+01,3.769144319156470857e+00
3.565081248307055972e+01,1.224996187515501411e+01,3.726789958390324564e+00
3.582319850228766001e+01,1.218862100920287617e+01,3.686848890368396248e+00
3.599517071697239601e+01,1.212612943511169306e+01,3.645728891773784675e+00
3.615145208826577061e+01,1.206819832213645682e+01,3.607238070658311813e+00
3.630737224722852119e+01,1.200930194235734838e+01,3.567846828533837833e+00
3.646185981734016934e+01,1.194984792145509189e+01,3.527824009755098800e+00
3.661597360472660512e+01,1.188943162335566228e+01,3.486941791832423032e+00
3.676970459985073347e+01,1.182804784965472500e+01,3.445228702645202201e+00
3.692304359482477594e+01,1.176569131284202641e+01,3.402709232790808613e+00
3.707598114431458924e+01,1.170235664995975355e+01,3.359415864817049346e+00
3.722850764409446356e+01,1.163803838769103294e+01,3.315373673613255079e+00
3.738061329363606689e+01,1.157273095379453487e+01,3.270614123124326866e+00
3.753228795731464373e+01,1.150642873461310067e+01,3.225162138739577244e+00
3.768352127516205741e+01,1.143912602678715018e+01,3.179045941062690339e+00
3.783430272813920681e+01,1.137081700425012087e+01,3.132297415888072312e+00
3.798813877571164710e+01,1.129985895691976694e+01,3.083820046842163265e+00
3.814147833278711630e+01,1.122783429372735675e+01,3.034751346319016996e+00
3.831213710340033884e+01,1.114612310069345824e+01,2.979274529461064080e+00
3.848214397351136995e+01,1.106306411457915573e+01,2.923093995900308162e+00
3.865241702799081480e+01,1.097817668229781773e+01,2.865966233190554213e+00
3.882199416138152515e+01,1.089190744882798434e+01,2.808209817224179172e+00
3.897293854291186932e+01,1.081363251760577704e+01,2.756095484535021622e+00
3.912329765228825806e+01,1.073423915083227875e+01,2.703570662082068754e+00
3.926910144297183081e+01,1.065586574836117428e+01,2.652044157232379185e+00
3.941432312778150759e+01,1.057641894027580776e+01,2.600166008767715642e+00
3.955894876600960686e+01,1.049589196718561546e+01,2.547957799914431387e+00
3.970296385501055880e+01,1.041427811999537312e+01,2.495441069917821331e+00
3.984635357307691805e+01,1.033157060599109656e+01,2.442642689454049609e+00
3.998910281582516291e+01,1.024776252218959982e+01,2.389584901125874516e+00
4.013119600207937054e+01,1.016284696470357929e+01,2.336293561420920817e+00
4.027261721106687276e+01,1.007681694654974081e+01,2.282790115692791666e+00
4.041335013341401350e+01,9.989665422459424349e+00,2.229099616650639160e+00
4.055337790359298111e+01,9.901385391675715297e+00,2.175246858431705288e+00
4.069338946034763893e+01,9.811512395968970068e+00,2.120977085844811150e+00
4.083265328279972550e+01,9.720485062253986897e+00,2.066599937240629181e+00
4.098407323874447883e+01,9.619608388888353900e+00,2.007038329416685585e+00
4.113455205930479508e+01,9.517333148947018984e+00,1.947388783389018219e+00
4.128716545284151351e+01,9.411477007100293335e+00,1.886459811124368224e+00
4.143874354529376092e+01,9.304143670301517233e+00,1.825504180052983649e+00
4.157475280503211934e+01,9.205909395309273435e+00,1.770444268839926005e+00
4.170987193964739248e+01,9.106454349094233791e+00,1.715438659622474660e+00
4.184229073832005952e+01,9.007125228913517745e+00,1.661230642783919187e+00
4.197379909311138135e+01,8.906593839754091135e+00,1.607109833898131335e+00
4.210437515247446782e+01,8.804852710425722151e+00,1.553102588431599429e+00
4.223399472933601118e+01,8.701895802654830092e+00,1.499227545388187810e+00
4.236263269439395884e+01,8.597717508974097811e+00,1.445510541649504876e+00
4.249026569579678636e+01,8.492310420002288751e+00,1.391967818853960148e+00
4.261686901378859460e+01,8.385667811192302423e+00,1.338624679305859821e+00
4.274241627274448518e+01,8.277783956768933749e+00,1.285496580730096872e+00
4.286688087038378825e+01,8.168652958644889495e+00,1.232601935220212663e+00
4.299023562280718380e+01,8.058269039545814749e+00,1.179956799235209131e+00
4.311418504302957189e+01,7.945027402247053949e+00,1.126830743708147065e+00
4.323693413432722110e+01,7.830485791602048273e+00,1.073994170242165147e+00
4.336922223821910194e+01,7.704250218952009455e+00,1.016802624329695703e+00
4.350000944442731310e+01,7.576460324692747328e+00,9.599393852070235988e-01
4.362070311167979497e+01,7.455765623925050711e+00,9.071743877807252332e-01
4.374001769767136949e+01,7.333707471091757135e+00,8.547273063132793114e-01
4.385437785501641628e+01,7.214029804996667572e+00,8.041514647002380167e-01
4.396737398966973132e+01,7.093063468101206581e+00,7.538626222667544896e-01
4.407897194623470938e+01,6.970806090826625834e+00,7.038588307063090577e-01
4.418913680316523340e+01,6.847255834914363071e+00,6.541285206347540182e-01
4.429783285265623505e+01,6.722411457549724467e+00,6.046940378474290334e-01
4.440502362375895729e+01,6.596272331924479815e+00,5.555748327324754321e-01
4.451067188205636427e+01,6.468838497826206790e+00,5.068628131653339919e-01
4.461473960945901496e+01,6.340110743227359791e+00,4.587002040225485189e-01
4.471718802714637775e+01,6.210090641468344330e+00,4.114099460220482229e-01
4.481797766235786185e+01,6.078780534608308805e+00,3.655564163775065767e-01
4.491741784301959939e+01,5.945709514175353760e+00,3.220641580524383762e-01
4.501510556167553290e+01,5.811346779507121418e+00,2.831090451433158628e-01
4.511731030108362717e+01,5.666632423832035137e+00,2.504503954855797354e-01
4.521742215872712478e+01,5.520462477283576419e+00,2.330180499175522058e-01
4.530994995355126065e+01,5.381166047196740188e+00,2.369501117898229758e-01
4.540052142892037779e+01,5.240589792354873211e+00,2.635565714435234019e-01
4.548820360698702103e+01,5.100188081909863946e+00,3.106336840357696305e-01
4.557388000208232626e+01,4.958553525867325007e+00,3.751865528506995728e-01
4.565750576436821717e+01,4.815698608948423498e+00,4.549258131707601405e-01
4.573903565397075255e+01,4.671637303918687145e+00,5.489745592747140579e-01
4.581842418712829357e+01,4.526385002300109761e+00,6.577734087197499857e-01
4.589562568376110363e+01,4.379958617981554170e+00,7.825528435409657702e-01
4.597059435298704955e+01,4.232376636953753213e+00,9.253394618238429681e-01
4.604328438702199122e+01,4.083659159795176130e+00,1.088992180666019660e+00
4.611365004991173322e+01,3.933827964452794035e+00,1.276198843834077890e+00
4.618164579011079951e+01,3.782906529902776427e+00,1.490968384995053686e+00
4.624838492986258842e+01,3.628173453609811361e+00,1.742678619763815329e+00
4.631257378892906473e+01,3.472365195404691462e+00,2.034131046497554607e+00
4.637469275869719354e+01,3.314135720066545776e+00,2.375598998195240341e+00
4.643412179847581456e+01,3.154876474218708537e+00,2.773819666352168589e+00
4.648936404680018342e+01,2.998835049766145566e+00,3.226155541258417081e+00
4.654196964052214724e+01,2.841885150630446333e+00,3.753663005899019023e+00
4.659189777228692009e+01,2.684063126581495151e+00,4.370583121922982706e+00
4.663910884674199764e+01,2.525407172184254367e+00,5.094635450501666440e+00
4.668356463326907857e+01,2.365957278257341034e+00,5.946560983056302874e+00
4.672522840852950310e+01,2.205755205586982015e+00,6.955154310627371217e+00
4.676406510195943156e+01,2.044844437587543418e+00,8.152083284877175373e+00
4.680004143780539749e+01,1.883270129780048707e+00,9.593722756126041418e+00
4.683312607646397652e+01,1.721079040573740171e+00,1.131432192514702528e+01
4.686328975272935082e+01,1.558319443963873452e+00,1.348941805806072836e+01
4.689063110465745154e+01,1.394242061789202403e+00,1.601353268979032052e+01
4.691497046268698767e+01,1.229692602044277994e+00,1.983268625301895227e+01
4.693811162434250406e+01,1.049374703762421923e+00,2.357101261372541856e+01
4.695761405136942557e+01,8.686270794616071100e-01,3.417066662686814027e+01
4.697518774387869911e+01,6.647254913619853323e-01,3.739996640711746068e+01
4.698809670318470211e+01,4.604755464871217452e-01,8.947889832240605301e+01
4.699702279220894496e+01,2.303146549218565708e-01,1.008868201855146225e+02
4.699999999999997868e+01,-4.445401728479730065e-17,7.522041841150787604e+02
