x,y,stress
5.999999999999997335e+00,4.489365674041609738e-16,1.109165239206995011e+03
6.004523530667707831e+00,1.745585408854040677e-01,1.396010152363054715e+02
6.018052277550001605e+00,3.486510704379431891e-01,1.304073812365304263e+02
6.038963435036824201e+00,5.120755453493746057e-01,5.216736865155009895e+01
6.067616423289973859e+00,6.743223430768333637e-01,4.894260143550307873e+01
6.103792650420807320e+00,8.350597691372727560e-01,3.330713098964795194e+01
6.147229036148825543e+00,9.939898713269406105e-01,2.805800918156108992e+01
6.197627442364486150e+00,1.150852167762801637e+00,2.261031679036684139e+01
6.254664274633587873e+00,1.305425357888180038e+00,1.908811845326228607e+01
6.317999663890795148e+00,1.457527276761056090e+00,1.591375877579538489e+01
6.387285765499889578e+00,1.607013372696849851e+00,1.378769974017019528e+01
6.462173896056357059e+00,1.753774097143952826e+00,1.195627415231933632e+01
6.542320373351270923e+00,1.897731565510843987e+00,1.046827299153946100e+01
6.627391091220698804e+00,2.038835880332922290e+00,9.219858460144104484e+00
6.717064931738170763e+00,2.177061387294906503e+00,8.168570955936917954e+00
6.811036073273659674e+00,2.312402931360284963e+00,7.273105527335057552e+00
6.909015423026201752e+00,2.444872371907310882e+00,6.506072473945549994e+00
7.010731378093955080e+00,2.574495472575224930e+00,5.844930525237966634e+00
7.115929999677972795e+00,2.701309098004494924e+00,5.272375101088236704e+00
7.224374727138653363e+00,2.825358729540885960e+00,4.774236963313200910e+00
7.335845969871557237e+00,2.946696536949162670e+00,4.339691422328169068e+00
7.450140277383320075e+00,3.065379515329902826e+00,3.959440241601968502e+00
7.567069392535599626e+00,3.181467956734166602e+00,3.626307166173802887e+00
7.686459460748037209e+00,3.295024409732009385e+00,3.333903106723594689e+00
7.808149910417935935e+00,3.406112556485820786e+00,3.077341000897151790e+00
7.931992568466053939e+00,3.514796514481600020e+00,2.852135778465308302e+00
8.057850764264104626e+00,3.621140250446763353e+00,2.654798766643227559e+00
8.185598316153219756e+00,3.725206995647513342e+00,2.482057853061271580e+00
8.315118798232829178e+00,3.827058971519330388e+00,2.331354153061555134e+00
8.446304665882900409e+00,3.926757041049437458e+00,2.200258193782768323e+00
8.579056497699637518e+00,4.024360491042419774e+00,2.086769171574615278e+00
8.713282226185105728e+00,4.119926829484497510e+00,1.989015142260680324e+00
8.848896876990069771e+00,4.213511950090504499e+00,1.905365111315040938e+00
8.985852258881438459e+00,4.305190005825617838e+00,1.834350078917147409e+00
9.124045142561126198e+00,4.394992010030597029e+00,1.774581056580620597e+00
9.263417601056497475e+00,4.482974366827327195e+00,1.724785980378498174e+00
9.403896700636783734e+00,4.569178920898727014e+00,1.683860076771455550e+00
9.545382401064605560e+00,4.653627802287714665e+00,1.650503976561835895e+00
9.687860808998982165e+00,4.736390966033094507e+00,1.624045927606993178e+00
9.831280705012769516e+00,4.817511086225654715e+00,1.603599436628846631e+00
9.975594888896193169e+00,4.897029476569792372e+00,1.588416185373260348e+00
1.012075906282002968e+01,4.974985656665595890e+00,1.577783786657163345e+00
1.026673165258062603e+01,5.051417464705879823e+00,1.571147613811243460e+00
1.041347374353005151e+01,5.126361210550970604e+00,1.567738576143275164e+00
1.056094900319513918e+01,5.199851799493395710e+00,1.567803121449058423e+00
1.070912326881355447e+01,5.271922676771389149e+00,1.569238960400884064e+00
1.085796449379962958e+01,5.342605947874047523e+00,1.573413482564860244e+00
1.101176135885018503e+01,5.413911367351608384e+00,1.579340940330094201e+00
1.116620145056767655e+01,5.483812777878261713e+00,1.587328314180936895e+00
1.131707307462389345e+01,5.550513611608806741e+00,1.595620799237301934e+00
1.146850110298818315e+01,5.615941498068250937e+00,1.605203345130980841e+00
1.162029006807471632e+01,5.680050909022995143e+00,1.615528732328713968e+00
1.177258812045318237e+01,5.742941421585127770e+00,1.626554475587054904e+00
1.192537403380539196e+01,5.804637074132252827e+00,1.638017224842039488e+00
1.207862789174478557e+01,5.865161034966978271e+00,1.649898986075330365e+00
1.223233079763544495e+01,5.924535555950950716e+00,1.661954322343216717e+00
1.238646474800471964e+01,5.982781994142670534e+00,1.674546587999840686e+00
1.254101266239607071e+01,6.039920889158121753e+00,1.687051445584439646e+00
1.269595841155074822e+01,6.095972031398620317e+00,1.699477586598501677e+00
1.285128664262450116e+01,6.150954451680698654e+00,1.711989868778594825e+00
1.300698272190882498e+01,6.204886453525709555e+00,1.724465878363703464e+00
1.316902296457052657e+01,6.259793628234104013e+00,1.737325671623330292e+00
1.333142998883933217e+01,6.313606273815902448e+00,1.750050512090953303e+00
1.349683607358274173e+01,6.367190411683340656e+00,1.762806127765859099e+00
1.366259229901232430e+01,6.419681463560123369e+00,1.775352621428657685e+00
1.381998731827455273e+01,6.468433525732764089e+00,1.787032054926529501e+00
1.397767384630065912e+01,6.516234334429923614e+00,1.798489328263050968e+00
1.413564147483967126e+01,6.563097894790458575e+00,1.809704301154639206e+00
1.429388022268641478e+01,6.609037704517541023e+00,1.820669495186395537e+00
1.445238047995715469e+01,6.654066766716257852e+00,1.831376718328364461e+00
1.461113316326652622e+01,6.698197660236677287e+00,1.841810495637034695e+00
1.477012955875366806e+01,6.741442518135039919e+00,1.851957273309098762e+00
1.492936119589246857e+01,6.783813017822533098e+00,1.861853804808449642e+00
1.508882002734172545e+01,6.825320452366131718e+00,1.871643556168533395e+00
1.524849826066058434e+01,6.865975706047865224e+00,1.880882569827991180e+00
1.540838840097870310e+01,6.905789285906736019e+00,1.889910687556948243e+00
1.556848330467698460e+01,6.944771352869709702e+00,1.898646323229390420e+00
1.573815602400613400e+01,6.985138112066832328e+00,1.907571990834916242e+00
1.590804253625480058e+01,7.024595454003078387e+00,1.916179170764765738e+00
1.608551330360953102e+01,7.064805542420967477e+00,1.924817491345059528e+00
1.626320027146386593e+01,7.104049243714565698e+00,1.933099564426072670e+00
1.642564315703751632e+01,7.139051416827534524e+00,1.940370303494258764e+00
1.658825384798305791e+01,7.173265560463778279e+00,1.947365821347562864e+00
1.674965602294418332e+01,7.206421565535288565e+00,1.954030121956731092e+00
1.691121232013038522e+01,7.238818273279937543e+00,1.960427514300016494e+00
1.707291760289870552e+01,7.270463019477942268e+00,1.966563996572028961e+00
1.723476687764974713e+01,7.301362884873479508e+00,1.972442380988546518e+00
1.739675531314471613e+01,7.331524708839997295e+00,1.978070929874811812e+00
1.755887823558180472e+01,7.360955097454664475e+00,1.983452336011008343e+00
1.772113111367944427e+01,7.389660429318276158e+00,1.988592829020909836e+00
1.788350953903440299e+01,7.417646860372506090e+00,1.993497427906885555e+00
1.804600922974270460e+01,7.444920332523091488e+00,1.998172720474219677e+00
1.820862603966196147e+01,7.471486582524010878e+00,2.002627265173834825e+00
1.837438541612873522e+01,7.497825873004345887e+00,2.006935771680354197e+00
1.854025797331344450e+01,7.523442754674538158e+00,2.011036046738694516e+00
1.872439290948781121e+01,7.551021717536370303e+00,2.015329279105327664e+00
1.890865680560295203e+01,7.577725493178214755e+00,2.019358511450562332e+00
1.908675587390461814e+01,7.602694304806312253e+00,2.023025301586942604e+00
1.926496584379061616e+01,7.626858889988601398e+00,2.026467578426282223e+00
1.942887582092323484e+01,7.648367164905632620e+00,2.029449939424039950e+00
1.959287239174054918e+01,7.669204913481167729e+00,2.032266520873707183e+00
1.975641363360120906e+01,7.689311091828949785e+00,2.034908993685859535e+00
1.992003445520496285e+01,7.708759058128509700e+00,2.037394059155438697e+00
2.008373175268387811e+01,7.727552535698984038e+00,2.039729352948079111e+00
2.024750247016660865e+01,7.745695096511357569e+00,2.041919773717995046e+00
2.041134362537760794e+01,7.763190167861689694e+00,2.043972611130906003e+00
2.057525229007603329e+01,7.780041033621544422e+00,2.045892836221700595e+00
2.073922559008308397e+01,7.796250837609930429e+00,2.047688630315965597e+00
2.090326071378132511e+01,7.811822587518173933e+00,2.049363810192682323e+00
2.106735489835509156e+01,7.826759156430328268e+00,2.050924436357682179e+00
2.123150542291679344e+01,7.841063285039788333e+00,2.052378835125743262e+00
2.140054722168077106e+01,7.855130853260416046e+00,2.053763480599213320e+00
2.156964302759909557e+01,7.868533649375964778e+00,2.055051794028802892e+00
2.175837238079450131e+01,7.882706346608622461e+00,2.056365916859131726e+00
2.194716159468283223e+01,7.896058024703741296e+00,2.057551941842734600e+00
2.212926142186231004e+01,7.908158247824911946e+00,2.058594578867439129e+00
2.231141002376918436e+01,7.919500629934867142e+00,2.059536106904080288e+00
2.247717512763309955e+01,7.929164005365024970e+00,2.060313414270875221e+00
2.264297540630941086e+01,7.938203820806922550e+00,2.061026646642141635e+00
2.280753599647396967e+01,7.946559474683021485e+00,2.061668571080819579e+00
2.297212647233767058e+01,7.954304163025626373e+00,2.062249418743193452e+00
2.313674450310648112e+01,7.961439243521557074e+00,2.062773352740376431e+00
2.330138777652724258e+01,7.967965963663338869e+00,2.063241780914891521e+00
2.346605399844204953e+01,7.973885461854123946e+00,2.063658965838992554e+00
2.363074089524240051e+01,7.979198768477036907e+00,2.064025914224515645e+00
2.379544620628628238e+01,7.983906806511199328e+00,2.064345645796608952e+00
2.396016768568093269e+01,7.988010392402877358e+00,2.064619567341803741e+00
2.412490310116669789e+01,7.991510236714786330e+00,2.064849060536440462e+00
2.428965022608540991e+01,7.994406944566757822e+00,2.065038106009782215e+00
2.445766729001153550e+01,7.996740335708757641e+00,2.065186405339991538e+00
2.462569188458477143e+01,7.998447422027882503e+00,2.065300870132725120e+00
2.481284433220144336e+01,7.999611877078226740e+00,2.065379852657557969e+00
2.499999999999998579e+01,7.999999999999993783e+00,2.065400431145052007e+00
2.518715566779853887e+01,7.999611877078227629e+00,2.065376877240324038e+00
2.537430811541518239e+01,7.998447422027883391e+00,2.065294850466493859e+00
2.554233270998848582e+01,7.996740335708757641e+00,2.065177492568058604e+00
2.571034977391455101e+01,7.994406944566758710e+00,2.065026437986475560e+00
2.587509689883325592e+01,7.991510236714785442e+00,2.064835180150104588e+00
2.603983231431900336e+01,7.988010392402877358e+00,2.064603514511449411e+00
2.620455379371366789e+01,7.983906806511199328e+00,2.064328203368198444e+00
2.636925910475755686e+01,7.979198768477036019e+00,2.064007135786226410e+00
2.653394600155790783e+01,7.973885461854123058e+00,2.063638454504942654e+00
2.669861222347270768e+01,7.967965963663338869e+00,2.063219326109420937e+00
2.686325549689348335e+01,7.961439243521557074e+00,2.062748386090010655e+00
2.702787352766229745e+01,7.954304163025625485e+00,2.062221621760421009e+00
2.719246400352598059e+01,7.946559474683021485e+00,2.061636022084244679e+00
2.735702459369053230e+01,7.938203820806923439e+00,2.060988857508459837e+00
2.752282487236684361e+01,7.929164005365026746e+00,2.060269883811015834e+00
2.768858997623076235e+01,7.919500629934868030e+00,2.059486966705803557e+00
2.787073857813760824e+01,7.908158247824917275e+00,2.058541016435440518e+00
2.805283840531703987e+01,7.896058024703747513e+00,2.057494145270946539e+00
2.824162761920537434e+01,7.882706346608627790e+00,2.056307956757522870e+00
2.843035697240077653e+01,7.868533649375970995e+00,2.054993488522466549e+00
2.859945277831912946e+01,7.855130853260424040e+00,2.053708662752635750e+00
2.876849457708313551e+01,7.841063285039792774e+00,2.052328388155407968e+00
2.893264510164483383e+01,7.826759156430331821e+00,2.050879001664957624e+00
2.909673928621859673e+01,7.811822587518179262e+00,2.049323622331929329e+00
2.926077440991683076e+01,7.796250837609936646e+00,2.047651459382020089e+00
2.942474770992387434e+01,7.780041033621550639e+00,2.045858547859653598e+00
2.958865637462229969e+01,7.763190167861697688e+00,2.043938531325497188e+00
2.975249752983329543e+01,7.745695096511365563e+00,2.041885630933033546e+00
2.991626824731601886e+01,7.727552535698992031e+00,2.039693210921826871e+00
3.007996554479492346e+01,7.708759058128520358e+00,2.037355575240170857e+00
3.024358636639869857e+01,7.689311091828958666e+00,2.034867383462612977e+00
3.040712760825936201e+01,7.669204913481176611e+00,2.032221680193574187e+00
3.057112417907668700e+01,7.648367164905639726e+00,2.029402593777792418e+00
3.073503415620929857e+01,7.626858889988608503e+00,2.026417984638680725e+00
3.091324412609531080e+01,7.602694304806318470e+00,2.022973476469193344e+00
3.109134319439698757e+01,7.577725493178220972e+00,2.019304800198686412e+00
3.127560709051212129e+01,7.551021717536376521e+00,2.015274670019271408e+00
3.145974202668647379e+01,7.523442754674546151e+00,2.010980113245675049e+00
3.162561458387119728e+01,7.497825873004352992e+00,2.006880254851580503e+00
3.179137396033797103e+01,7.471486582524017983e+00,2.002572166890434602e+00
3.195399077025721368e+01,7.444920332523099482e+00,1.998118747202043410e+00
3.211649046096550819e+01,7.417646860372516748e+00,1.993444477264409320e+00
3.227886888632046691e+01,7.389660429318285928e+00,1.988540414915822341e+00
3.244112176441812068e+01,7.360955097454672469e+00,1.983400480993855020e+00
3.260324468685521992e+01,7.331524708840002624e+00,1.978019123432814608e+00
3.276523312235019603e+01,7.301362884873484838e+00,1.972390003560266392e+00
3.292708239710124474e+01,7.270463019477945821e+00,1.966509257042940106e+00
3.308878767986957570e+01,7.238818273279939319e+00,1.960369974494187817e+00
3.325034397705579181e+01,7.206421565535285900e+00,1.953967868673634367e+00
3.341174615201693854e+01,7.173265560463772950e+00,1.947298019084220400e+00
3.357435684296249434e+01,7.139051416827526531e+00,1.940296827382630873e+00
3.373679972853614828e+01,7.104049243714555040e+00,1.933020730539511067e+00
3.391448669639047608e+01,7.064805542420956819e+00,1.924733443951444078e+00
3.409195746374521008e+01,7.024595454003070394e+00,1.916088043053542744e+00
3.426184397599389087e+01,6.985138112066821670e+00,1.907476570260779214e+00
3.443151669532306158e+01,6.944771352869691938e+00,1.898543995490024727e+00
3.459161159902134131e+01,6.905789285906718256e+00,1.889801933574702941e+00
3.475150173933945297e+01,6.865975706047847460e+00,1.880778038249868889e+00
3.491117997265831718e+01,6.825320452366113066e+00,1.871465407490188859e+00
3.507063880410757406e+01,6.783813017822515334e+00,1.861866041571025310e+00
3.522987044124637634e+01,6.741442518135020379e+00,1.851983166922224866e+00
3.538886683673351286e+01,6.698197660236658635e+00,1.841819253424552327e+00
3.554761952004287906e+01,6.654066766716240089e+00,1.831380665959382092e+00
3.570611977731361719e+01,6.609037704517523260e+00,1.820672383759195601e+00
3.586435852516036249e+01,6.563097894790439923e+00,1.809703382774919822e+00
3.602232615369936752e+01,6.516234334429907626e+00,1.798482808584178638e+00
3.618001268172547213e+01,6.468433525732748990e+00,1.787024016170472906e+00
3.633740770098770412e+01,6.419681463560105605e+00,1.775343480135659568e+00
3.650316392641730090e+01,6.367190411683316675e+00,1.762801211607928131e+00
3.666857001116073178e+01,6.313606273815873138e+00,1.750049510730539826e+00
3.683097703542951962e+01,6.259793628234080920e+00,1.737331508831936988e+00
3.699301727809120166e+01,6.204886453525691792e+00,1.724478754032019001e+00
3.714871335737552016e+01,6.150954451680680890e+00,1.712004935960169005e+00
3.730404158844927309e+01,6.095972031398600777e+00,1.699486122591704396e+00
3.745898733760396482e+01,6.039920889158098660e+00,1.686966698840739687e+00
3.761353525199532299e+01,5.982781994142645665e+00,1.674503167482391364e+00
3.776766920236459413e+01,5.924535555950926735e+00,1.662160777164160663e+00
3.792137210825525528e+01,5.865161034966952514e+00,1.650013790422777848e+00
3.807462596619465245e+01,5.804637074132223518e+00,1.638149036803727032e+00
3.822741187954687092e+01,5.742941421585096684e+00,1.626668801950881926e+00
3.837970993192533342e+01,5.680050909022962280e+00,1.615689725303524282e+00
3.853149889701186481e+01,5.615941498068218074e+00,1.605349367525238380e+00
3.868292692537614386e+01,5.550513611608777431e+00,1.595794091786471247e+00
3.883379854943236609e+01,5.483812777878232403e+00,1.587218769460233103e+00
3.898823864114985582e+01,5.413911367351576409e+00,1.579656138981011981e+00
3.914203550620042193e+01,5.342605947874009331e+00,1.573634470012539310e+00
3.929087673118650059e+01,5.271922676771350957e+00,1.569535318966980286e+00
3.943905099680491588e+01,5.199851799493356630e+00,1.567500414611473714e+00
3.958652625647000178e+01,5.126361210550931524e+00,1.567905957167260222e+00
3.973326834741941838e+01,5.051417464705844296e+00,1.571184932145252233e+00
3.987924093718000762e+01,4.974985656665559475e+00,1.577816082105411688e+00
4.002440511110385302e+01,4.897029476569750628e+00,1.588362610460271496e+00
4.016871929498726246e+01,4.817511086225620964e+00,1.603437170733148509e+00
4.031213919100105159e+01,4.736390966033058980e+00,1.623748368517371032e+00
4.045461759893542109e+01,4.653627802287680026e+00,1.650055306510879616e+00
4.059610329936325002e+01,4.569178920898688823e+00,1.683236404971201639e+00
4.073658239894353272e+01,4.482974366827289892e+00,1.724232859326273015e+00
4.087595485743891999e+01,4.394992010030551732e+00,1.774097698519621735e+00
4.101414774111859884e+01,4.305190005825577870e+00,1.833929814564337013e+00
4.115110312300996753e+01,4.213511950090458313e+00,1.905010357225700890e+00
4.128671777381492092e+01,4.119926829484457542e+00,1.988636206836732034e+00
4.142094350230040334e+01,4.024360491042371812e+00,2.086360727204474852e+00
4.155369533411712979e+01,3.926757041049392605e+00,2.199767382066642796e+00
4.168488120176721878e+01,3.827058971519271768e+00,2.330766129499242112e+00
4.181440168384681755e+01,3.725206995647462271e+00,2.481352724132819265e+00
4.194214923573593978e+01,3.621140250446702069e+00,2.653961704274061084e+00
4.206800743153397804e+01,3.514796514481550727e+00,2.851176621787630427e+00
4.219185008958210403e+01,3.406112556485762166e+00,3.076251852344635385e+00
4.231354053925198855e+01,3.295024409731961423e+00,3.332725856998825176e+00
4.243293060746444212e+01,3.181467956734099989e+00,3.625058098694304842e+00
4.254985972261669502e+01,3.065379515329859750e+00,3.958186294946183903e+00
4.266415403012846497e+01,2.946696536949111156e+00,4.338470961814659965e+00
4.277562527286135463e+01,2.825358729540853542e+00,4.773100456120796586e+00
4.288407000032204763e+01,2.701309098004444298e+00,5.271396973681443221e+00
4.298926862190604226e+01,2.574495472575189847e+00,5.844106520508304925e+00
4.309098457697381690e+01,2.444872371907247377e+00,6.505490545892654630e+00
4.318896392672634477e+01,2.312402931360243663e+00,7.272437402579502219e+00
4.328293506826184256e+01,2.177061387294844330e+00,8.167964755191334802e+00
4.337260890877930564e+01,2.038835880332870332e+00,9.219956329732331923e+00
4.345767962664874773e+01,1.897731565510758722e+00,1.046917891183883498e+01
4.353782610394366515e+01,1.753774097143876221e+00,1.196409390646313931e+01
4.361271423450013884e+01,1.607013372696743492e+00,1.379191039125521101e+01
4.368200033610921906e+01,1.457527276760958612e+00,1.602060893713373346e+01
4.374533572536643788e+01,1.305425357888059246e+00,1.892289356915910759e+01
4.380237255763552895e+01,1.150852167762673739e+00,2.242568894583693861e+01
4.385277096385119222e+01,9.939898713267915076e-01,2.793331457766385029e+01
4.389620734957919268e+01,8.350597691371601794e-01,3.321234184430321790e+01
4.393238357671001637e+01,6.743223430767516513e-01,4.878917986983610433e+01
4.396103656496315892e+01,5.120755453493199827e-01,5.213775322262485901e+01
4.398194772244998063e+01,3.486510704379133241e-01,1.303770229731250936e+02
4.399547646933226730e+01,1.745585408853868037e-01,1.379728781938153190e+02
4.399999999999997868e+01,-3.401623553578146695e-17,1.107730536744731580e+03
