x,y,stress
-2.959961931816878136e-18,-6.756253719301207344e-17,1.437416474408453665e-04
1.352812572212156589e-02,1.644655922581475527e-01,1.520024449269551277e-04
5.279443112209130512e-02,3.247728008406517430e-01,2.729857456498872696e-04
1.144591037041598897e-01,4.779060283690584332e-01,1.196615296253430907e-03
1.944263188053943769e-01,6.223669125789206280e-01,6.020131585092671975e-03
2.888432598272706042e-01,7.578583657284752029e-01,1.589714102083101752e-02
3.945302664876312870e-01,8.847792762764435937e-01,3.577566099671976307e-02
5.090236936272450885e-01,1.003834240513608034e+00,6.525723420699000576e-02
6.304631744572862795e-01,1.115807777505022136e+00,1.018315163065739298e-01
7.574515590872042958e-01,1.221455608526099024e+00,1.409230864624798074e-01
8.889341111431287024e-01,1.321461338113264494e+00,1.795921420635272492e-01
1.024106316294449259e+00,1.416425389036050086e+00,2.181039802592458776e-01
1.162346845856865984e+00,1.506868170780307770e+00,2.553717683829221374e-01
1.303169314995094696e+00,1.593238406343631341e+00,2.909943433700993842e-01
1.446188159492573844e+00,1.675923002789473593e+00,3.247810481912213332e-01
1.591093952285016710e+00,1.755256307771066338e+00,3.566693597262743376e-01
1.737635014004563105e+00,1.831528053384206656e+00,3.867032527316217605e-01
1.885604180190273205e+00,1.904990350475953997e+00,4.149445752593584058e-01
2.034830771710355979e+00,1.975864391257844854e+00,4.414891285843258184e-01
2.185172135888150180e+00,2.044344682590931495e+00,4.664832984859950682e-01
2.336506442515647652e+00,2.110602376288486237e+00,4.898920695298390471e-01
2.488730667715954414e+00,2.174789673043052929e+00,5.126053391937682724e-01
2.641756474359001405e+00,2.237042211922987356e+00,5.333661708439697557e-01
2.795507424165479815e+00,2.297481311782184399e+00,5.532240634537612944e-01
2.949917570017535073e+00,2.356216160126048287e+00,5.716531785746620242e-01
3.104929151638617046e+00,2.413345168393741691e+00,5.896601123334346273e-01
3.260491418951127596e+00,2.468957404691319635e+00,6.064353040325370925e-01
3.416559601954554548e+00,2.523133770405522114e+00,6.224629378459994866e-01
3.573094049537145711e+00,2.575947991633521728e+00,6.376913665085347516e-01
3.730059451903782630e+00,2.627467442846454837e+00,6.522057816928683582e-01
3.887424252118163448e+00,2.677753874350303764e+00,6.660573471247384081e-01
4.049744916174944365e+00,2.728272801042170403e+00,6.796663662542561379e-01
4.212430807557859147e+00,2.777603046293191547e+00,6.926631945473652463e-01
4.371677161371718690e+00,2.824693235488247911e+00,7.048164066293435281e-01
4.531227107356778028e+00,2.870744407079069749e+00,7.164705121182407543e-01
4.690234322625625119e+00,2.915567993583038753e+00,7.275999416506940820e-01
4.849505882731670603e+00,2.959443101868555193e+00,7.382982466096040808e-01
5.009026190364495257e+00,3.002405476563531739e+00,7.485923943854450036e-01
5.168780768249462199e+00,3.044488421933954747e+00,7.585083960504219736e-01
5.328756350463186742e+00,3.085723080774147586e+00,7.680706150425103962e-01
5.488940839589248277e+00,3.126138643367895487e+00,7.773001666269214738e-01
5.649323008732545226e+00,3.165762467271556080e+00,7.862184560120980548e-01
5.809892506061742345e+00,3.204620254389555889e+00,7.948421774267808715e-01
5.970639711973823260e+00,3.242736171991129623e+00,8.031879933805778915e-01
6.131555740047827108e+00,3.280132992481114229e+00,8.112734023462770949e-01
6.296804963066691130e+00,3.317773322036532413e+00,8.193076460809434192e-01
6.462214838405890838e+00,3.354701305944128631e+00,8.270990349865092739e-01
6.643084553847041995e+00,3.394251937041743883e+00,8.353445773403533892e-01
6.824127376639094855e+00,3.433002501480937774e+00,8.433214744545335373e-01
6.991739215906740412e+00,3.468155380210573568e+00,8.504872612882976579e-01
7.159485290948374825e+00,3.502662044309227340e+00,8.574539615214812338e-01
7.321423075639319045e+00,3.535352417677545933e+00,8.639922570206566288e-01
7.483475106473140848e+00,3.567471685406647275e+00,8.703632601279391867e-01
7.645636617552185932e+00,3.599033601343307520e+00,8.765713707281632683e-01
7.807903114361169905e+00,3.630051265063938271e+00,8.826257776598378513e-01
7.970270383199624220e+00,3.660537169207119579e+00,8.885335946326986534e-01
8.132734400629450633e+00,3.690503224224527479e+00,8.943011567253851268e-01
8.295291361036154498e+00,3.719960802413523560e+00,8.999353401524224916e-01
8.457937710427682276e+00,3.748920779146496240e+00,9.054405860897566383e-01
8.620670074197228416e+00,3.777393552076360628e+00,9.108231817380229023e-01
8.783485224147403514e+00,3.805389065651786140e+00,9.160869183409819927e-01
8.946670341830769146e+00,3.832965467551952443e+00,9.212450918668473321e-01
9.109932567727796027e+00,3.860081641612477910e+00,9.262945235705040137e-01
9.286627331093988857e+00,3.888906886867194768e+00,9.316350585929226158e-01
9.463405760623039953e+00,3.917214517694727505e+00,9.368558142193578187e-01
9.658583957259828878e+00,3.947865011894677423e+00,9.424819373535956446e-01
9.853856183944868619e+00,3.977910645066701445e+00,9.479677539792212837e-01
1.003482859181639242e+01,4.005214824319331512e+00,9.529334293144003931e-01
1.021587556172848288e+01,4.032020161624704002e+00,9.577903685811905987e-01
1.038062483461786378e+01,4.055977661545032475e+00,9.621166359720907391e-01
1.054543158855483398e+01,4.079536503275101644e+00,9.663602119538609037e-01
1.070902858878829100e+01,4.102526714715843070e+00,9.704900751678540161e-01
1.087267859285907612e+01,4.125136554633494157e+00,9.745414586863574424e-01
1.103637988353355048e+01,4.147371761696860837e+00,9.785165617176947439e-01
1.120013088427293191e+01,4.169237879463352670e+00,9.824167888077639521e-01
1.136393009327170667e+01,4.190740256798640928e+00,9.862444957449132410e-01
1.152777597726308301e+01,4.211884043423750335e+00,9.900007038476366095e-01
1.169166706829140701e+01,4.232674211789989371e+00,9.936876488174701816e-01
1.185560203051331207e+01,4.253115573410878980e+00,9.973059973690650004e-01
1.201957956164696739e+01,4.273212773750383775e+00,1.000858180429480271e+00
1.218359836765783832e+01,4.292970296652408813e+00,1.004343939619654513e+00
1.235110453617358850e+01,4.312796974332045785e+00,1.007838333825156196e+00
1.251865119476276611e+01,4.332278532144500538e+00,1.011262325465227985e+00
1.270551502883963302e+01,4.353599151478745988e+00,1.015014718035839092e+00
1.289242607791459072e+01,4.374501817218673594e+00,1.018636538514702261e+00
1.309892653896508996e+01,4.397110189545174741e+00,1.022608640179639261e+00
1.330548069437236158e+01,4.419222638475241993e+00,1.026472440340243208e+00
1.349711506480866241e+01,4.439295611548064180e+00,1.029977527557230932e+00
1.368879249401591203e+01,4.458953172019498368e+00,1.033403421882255646e+00
1.385948443389760598e+01,4.476109529139919552e+00,1.036389905801549549e+00
1.403020840863083052e+01,4.492944123587230720e+00,1.039317997379812120e+00
1.419464495174014118e+01,4.508854853645411609e+00,1.042082374731310823e+00
1.435910952105758120e+01,4.524473228189783924e+00,1.044793623177312281e+00
1.452360131901454032e+01,4.539802069152555575e+00,1.047451830433916653e+00
1.468811959154475311e+01,4.554844113432275243e+00,1.050057783264735978e+00
1.485266361641449251e+01,4.569602014698265435e+00,1.052612119465271778e+00
1.501723265312843658e+01,4.584078341818492497e+00,1.055115392338512148e+00
1.518182598964647312e+01,4.598275585923131459e+00,1.057568133248657505e+00
1.534644295651592216e+01,4.612196164120509145e+00,1.059970889928941506e+00
1.551108290171372417e+01,4.625842419719243814e+00,1.062324204081409373e+00
1.567574517012447188e+01,4.639216622954967839e+00,1.064628680390479643e+00
1.584066392828009029e+01,4.652339466226814046e+00,1.066887341290273516e+00
1.600560382992056319e+01,4.665193833210619978e+00,1.069099133902375875e+00
1.618373270260553554e+01,4.678775185626649957e+00,1.071432427929839282e+00
1.636188479795442063e+01,4.692048447133463362e+00,1.073712177968409121e+00
1.656249769798029803e+01,4.706627475819227691e+00,1.076212095859581108e+00
1.676313814172715411e+01,4.720822414485549956e+00,1.078643529442844473e+00
1.697748703500054290e+01,4.735564531189138116e+00,1.081166246496518824e+00
1.719186511849404297e+01,4.749875912788499299e+00,1.083609727337030870e+00
1.738492450175890269e+01,4.762396981168569354e+00,1.085746279247316259e+00
1.757800586985619873e+01,4.774574339696096459e+00,1.087821725833167941e+00
1.774980283732771724e+01,4.785121277887857794e+00,1.089617890761695795e+00
1.792161607314321614e+01,4.795399799741477231e+00,1.091367501312045185e+00
1.808654056570111024e+01,4.805014375213890077e+00,1.093002635203852213e+00
1.825147912426720609e+01,4.814384554602169075e+00,1.094595141364183455e+00
1.841643132968738428e+01,4.823511681599942591e+00,1.096145009510707480e+00
1.858139673434855510e+01,4.832397053712238488e+00,1.097652477132523119e+00
1.874637491342326356e+01,4.841041926182989563e+00,1.099117864632698227e+00
1.891136545726871176e+01,4.849447512470089983e+00,1.100541419333377346e+00
1.907636795003099905e+01,4.857614984070184327e+00,1.101923438766941432e+00
1.924138200276306065e+01,4.865545473066297255e+00,1.103264200508266013e+00
1.940640722424845066e+01,4.873240071488616820e+00,1.104563879443457353e+00
1.957144322813235604e+01,4.880699832501930402e+00,1.105822931003606513e+00
1.973663228283876947e+01,4.887931915540330685e+00,1.107042137717357155e+00
1.990183138435174826e+01,4.894930752386263073e+00,1.108222196982370900e+00
2.007960675178708954e+01,4.902202485752461314e+00,1.109446260520113858e+00
2.025739287368355690e+01,4.909206362113581967e+00,1.110625623451858335e+00
2.045757926758170342e+01,4.916772981904678375e+00,1.111897579957024318e+00
2.065777810547702487e+01,4.924002879847755310e+00,1.113112278216141116e+00
2.087773035518440423e+01,4.931559157002707749e+00,1.114380931045321210e+00
2.109769607877812092e+01,4.938712480420035966e+00,1.115578186933365856e+00
2.130026633300257188e+01,4.944944775397536851e+00,1.116621322349764966e+00
2.150284673564767246e+01,4.950837985818680842e+00,1.117606382250015740e+00
2.168277804141971288e+01,4.955788689916115430e+00,1.118433339644934410e+00
2.186271646466420648e+01,4.960473574242323380e+00,1.119215863906611430e+00
2.202834130421899417e+01,4.964551317473869574e+00,1.119896335899990492e+00
2.219397150883009928e+01,4.968404991973750739e+00,1.120539850245033442e+00
2.235913635947527212e+01,4.972025097411129302e+00,1.121143698436439351e+00
2.252430592361900707e+01,4.975423354208850846e+00,1.121710242621811959e+00
2.268947989655003283e+01,4.978600192228947563e+00,1.122239494081898492e+00
2.285465797250427755e+01,4.981556012271908251e+00,1.122731644290997366e+00
2.301983984715195675e+01,4.984291186393797091e+00,1.123186639567096190e+00
2.318502522278052780e+01,4.986806058222261306e+00,1.123604732897917069e+00
2.335021379975854572e+01,4.989100943029683322e+00,1.123986102138928800e+00
2.351540528282489717e+01,4.991176128031288073e+00,1.124330826759653235e+00
2.368059937762493661e+01,4.993031872510631963e+00,1.124638843168112023e+00
2.384579578952336831e+01,4.994668407974716118e+00,1.124910777550500285e+00
2.401634937525352242e+01,4.996128226730915500e+00,1.125153001612159143e+00
2.418690479788364200e+01,4.997354805063554117e+00,1.125357714192229075e+00
2.437813617239475761e+01,4.998452902168492251e+00,1.125540524984516288e+00
2.456936900420366143e+01,4.999258172751067875e+00,1.125675282068764327e+00
2.478468418260185047e+01,4.999814552956048708e+00,1.125768969621774307e+00
2.500000000000006395e+01,4.999999999999997335e+00,1.125799378013681906e+00
2.521531581739827033e+01,4.999814552956048708e+00,1.125769211982879492e+00
2.543063099579643449e+01,4.999258172751066986e+00,1.125675760551421378e+00
2.562186382760539871e+01,4.998452902168490475e+00,1.125541231508347728e+00
2.581309520211645392e+01,4.997354805063553229e+00,1.125358666146601072e+00
2.598365062474667297e+01,4.996128226730914612e+00,1.125154119975432243e+00
2.615420421047671340e+01,4.994668407974716118e+00,1.124912027378108803e+00
2.631940062237514866e+01,4.993031872510629299e+00,1.124640087574771741e+00
2.648459471717519520e+01,4.991176128031287185e+00,1.124332053380217689e+00
2.664978620024153244e+01,4.989100943029683322e+00,1.123987138337254610e+00
2.681497477721954326e+01,4.986806058222260418e+00,1.123605536080220624e+00
2.698016015284812141e+01,4.984291186393794426e+00,1.123187035714142024e+00
2.714534202749581127e+01,4.981556012271906475e+00,1.122731640550744592e+00
2.731052010345004533e+01,4.978600192228945787e+00,1.122239087296690530e+00
2.747569407638107819e+01,4.975423354208848181e+00,1.121709415995252535e+00
2.764086364052481315e+01,4.972025097411126637e+00,1.121142546591938016e+00
2.780602849116999309e+01,4.968404991973748075e+00,1.120538403587398202e+00
2.797165869578108044e+01,4.964551317473867798e+00,1.119894790512466543e+00
2.813728353533587168e+01,4.960473574242320716e+00,1.119214242511720636e+00
2.831722195858037594e+01,4.955788689916110989e+00,1.118431713266214267e+00
2.849715326435243057e+01,4.950837985818677289e+00,1.117604807184548132e+00
2.869973366699752759e+01,4.944944775397535075e+00,1.116619912959762040e+00
2.890230392122198921e+01,4.938712480420031525e+00,1.115576945563947042e+00
2.912226964481570235e+01,4.931559157002702420e+00,1.114379797112553083e+00
2.934222189452308882e+01,4.924002879847750869e+00,1.113111266204462879e+00
2.954242073241838895e+01,4.916772981904675710e+00,1.111896772889415130e+00
2.974260712631653192e+01,4.909206362113578415e+00,1.110625012824054902e+00
2.992039324821299928e+01,4.902202485752456873e+00,1.109445778178757225e+00
3.009816861564834767e+01,4.894930752386257744e+00,1.108221845487678214e+00
3.026336771716130869e+01,4.887931915540327132e+00,1.107041856320695405e+00
3.042855677186770791e+01,4.880699832501925961e+00,1.105822688936333398e+00
3.059359277575162039e+01,4.873240071488611491e+00,1.104563524477091496e+00
3.075861799723702106e+01,4.865545473066291926e+00,1.103263729089518419e+00
3.092363204996908266e+01,4.857614984070179887e+00,1.101922746099212924e+00
3.108863454273136639e+01,4.849447512470084654e+00,1.100540471262273279e+00
3.125362508657682881e+01,4.841041926182982458e+00,1.099116573954989295e+00
3.141860326565156214e+01,4.832397053712231383e+00,1.097650826656267009e+00
3.158356867031273296e+01,4.823511681599935486e+00,1.096143022709348491e+00
3.174852087573290760e+01,4.814384554602160193e+00,1.094592781141275895e+00
3.191345943429900700e+01,4.805014375213880307e+00,1.092999932713454525e+00
3.207838392685690110e+01,4.795399799741469238e+00,1.091364465115735261e+00
3.225019716267239289e+01,4.785121277887849800e+00,1.089614560503024743e+00
3.242199413014390075e+01,4.774574339696087577e+00,1.087818096501384613e+00
3.261507549824123942e+01,4.762396981168556920e+00,1.085742294489376647e+00
3.280813488150612756e+01,4.749875912788485977e+00,1.083605416389235021e+00
3.302251296499964184e+01,4.735564531189123905e+00,1.081161555978785049e+00
3.323686185827303774e+01,4.720822414485534857e+00,1.078638395028883146e+00
3.343750230201989382e+01,4.706627475819209927e+00,1.076206750682148217e+00
3.363811520204578187e+01,4.692048447133446487e+00,1.073706609494792907e+00
3.381626729739465986e+01,4.678775185626633970e+00,1.071427021551144998e+00
3.399439617007961090e+01,4.665193833210602214e+00,1.069093950094975876e+00
3.415933607172009090e+01,4.652339466226796283e+00,1.066882632248381979e+00
3.432425482987572707e+01,4.639216622954950076e+00,1.064624545616863260e+00
3.448891709828644991e+01,4.625842419719227827e+00,1.062320577240433828e+00
3.465355704348422705e+01,4.612196164120493158e+00,1.059967789891240963e+00
3.481817401035367254e+01,4.598275585923115472e+00,1.057565402607610006e+00
3.498276734687173217e+01,4.584078341818474733e+00,1.055113011919536437e+00
3.514733638358568157e+01,4.569602014698248560e+00,1.052609927322132766e+00
3.531188040845541565e+01,4.554844113432258368e+00,1.050055722517664103e+00
3.547639868098563909e+01,4.539802069152535147e+00,1.047449944101485952e+00
3.564089047894260176e+01,4.524473228189764384e+00,1.044791864975842088e+00
3.580535504826003290e+01,4.508854853645392957e+00,1.042080901604290677e+00
3.596979159136935067e+01,4.492944123587211180e+00,1.039316813309499210e+00
3.614051556610256455e+01,4.476109529139898235e+00,1.036389322692712334e+00
3.631120750598424962e+01,4.458953172019479716e+00,1.033403639744855385e+00
3.650288493519152411e+01,4.439295611548042864e+00,1.029978958925410693e+00
3.669451930562783559e+01,4.419222638475217124e+00,1.026476625029647760e+00
3.690107346103509656e+01,4.397110189545149872e+00,1.022614425758527901e+00
3.710757392208560645e+01,4.374501817218648725e+00,1.018656442963019382e+00
3.729448497116054995e+01,4.353599151478722007e+00,1.014991605960045007e+00
3.748134880523739554e+01,4.332278532144477445e+00,1.011248554347250250e+00
3.764889546382654828e+01,4.312796974332024469e+00,1.007822004670014371e+00
3.781640163234229135e+01,4.292970296652390161e+00,1.004331603263308947e+00
3.798042043835317827e+01,4.273212773750363347e+00,1.000847072709773355e+00
3.814439796948683181e+01,4.253115573410856776e+00,9.972974441304479631e-01
3.830833293170873333e+01,4.232674211789965391e+00,9.936805706903876212e-01
3.847222402273706621e+01,4.211884043423727242e+00,9.899953395347724783e-01
3.863606990672844432e+01,4.190740256798618724e+00,9.862400949986164234e-01
3.879986911572721198e+01,4.169237879463330465e+00,9.824133589942568578e-01
3.896362011646659340e+01,4.147371761696835968e+00,9.785134601461484838e-01
3.912732140714108908e+01,4.125136554633468400e+00,9.745386222340209903e-01
3.929097141121187775e+01,4.102526714715815537e+00,9.704869241329222573e-01
3.945456841144535076e+01,4.079536503275069670e+00,9.663565451121691741e-01
3.961937516538231563e+01,4.055977661545000501e+00,9.621120120401406295e-01
3.978412443827171785e+01,4.032020161624670251e+00,9.577847087424389283e-01
3.996517140818377101e+01,4.005214824319303979e+00,9.529267795318667744e-01
4.014614381605524329e+01,3.977910645066678796e+00,9.479601688485698174e-01
4.034141604274026349e+01,3.947865011894657439e+00,9.424739455421236034e-01
4.053659423937703110e+01,3.917214517694712406e+00,9.368474629800288556e-01
4.071337266890610351e+01,3.888906886867176116e+00,9.316273351778288081e-01
4.089006743227231766e+01,3.860081641612453485e+00,9.262876573502233368e-01
4.105332965816933211e+01,3.832965467551929795e+00,9.212394644561606727e-01
4.121651477585268708e+01,3.805389065651766156e+00,9.160826613849241129e-01
4.137932992580285685e+01,3.777393552076341532e+00,9.108195880601470673e-01
4.154206228957238523e+01,3.748920779146477589e+00,9.054375327284605035e-01
4.170470863896390057e+01,3.719960802413506684e+00,8.999319497889380903e-01
4.186726559937060443e+01,3.690503224224512824e+00,8.942972040388522670e-01
4.202972961680043085e+01,3.660537169207105368e+00,8.885279614432577411e-01
4.219209688563888250e+01,3.630051265063921395e+00,8.826181343500858478e-01
4.235436338244785759e+01,3.599033601343290645e+00,8.765621825982173876e-01
4.251652489352692754e+01,3.567471685406629955e+00,8.703526304549294990e-01
4.267857692436073336e+01,3.535352417677531722e+00,8.639823374135350287e-01
4.284051470905165360e+01,3.502662044309212686e+00,8.574448672192133136e-01
4.300826078409330222e+01,3.468155380210556249e+00,8.504806723647124755e-01
4.317587262336098064e+01,3.433002501480916901e+00,8.433183797016192695e-01
4.335691544615302462e+01,3.394251937041724343e+00,8.353386662310490207e-01
4.353778516159417933e+01,3.354701305944105094e+00,8.270897798874600193e-01
4.370319503693336571e+01,3.317773322036509764e+00,8.192965219367901453e-01
4.386844425995224839e+01,3.280132992481092469e+00,8.112601533133367848e-01
4.402936028802624691e+01,3.242736171991109639e+00,8.031742474865647408e-01
4.419010749393830650e+01,3.204620254389533685e+00,7.948276622716341500e-01
4.435067699126748408e+01,3.165762467271537428e+00,7.862022861341130264e-01
4.451105916041080235e+01,3.126138643367876835e+00,7.772818889792267871e-01
4.467124364953684079e+01,3.085723080774135596e+00,7.680474119689929546e-01
4.483121923175053780e+01,3.044488421933942757e+00,7.584790692545205770e-01
4.499097380963551984e+01,3.002405476563516640e+00,7.485563010485045687e-01
4.515049411726838713e+01,2.959443101868533432e+00,7.382544859604096565e-01
4.530976567737440774e+01,2.915567993583021877e+00,7.275496412187366646e-01
4.546877289264326549e+01,2.870744407079046656e+00,7.164129472800876419e-01
4.562832283862829996e+01,2.824693235488232812e+00,7.047560453167315275e-01
4.578756919244217016e+01,2.777603046293174671e+00,6.926002210776177614e-01
4.595025508382504853e+01,2.728272801042165074e+00,6.796041576118896366e-01
4.611257574788183433e+01,2.677753874350292662e+00,6.659955830065433791e-01
4.626994054809620849e+01,2.627467442846447288e+00,6.521483066268268791e-01
4.642690595046289559e+01,2.575947991633500411e+00,6.376387155343090640e-01
4.658344039804545389e+01,2.523133770405511900e+00,6.224105691370976912e-01
4.673950858104890216e+01,2.468957404691293434e+00,6.064068092648079444e-01
4.689507084836137807e+01,2.413345168393729256e+00,5.895647699291409749e-01
4.705008242998254531e+01,2.356216160126009651e+00,5.718143319536468372e-01
4.720449257583452862e+01,2.297481311782171076e+00,5.530824268645230246e-01
4.735824352564109319e+01,2.237042211922935842e+00,5.332840416296172892e-01
4.751126933228400873e+01,2.174789673043054705e+00,5.123361526083927142e-01
4.766349355748443628e+01,2.110602376288440496e+00,4.901355694907419958e-01
4.781482786411175567e+01,2.044344682590965689e+00,4.665907612283550776e-01
4.796516922828971730e+01,1.975864391257792008e+00,4.415823183044777500e-01
4.811439581980950209e+01,1.904990350476045480e+00,4.150104905706930025e-01
4.826236498599548241e+01,1.831528053384170018e+00,3.867535022048368409e-01
4.840890604771458783e+01,1.755256307771264401e+00,3.567191480002626647e-01
4.855381184050744992e+01,1.675923002789439842e+00,3.248258298385794385e-01
4.869683068500422252e+01,1.593238406344018365e+00,2.910362659410611341e-01
4.883765315414317598e+01,1.506868170780268024e+00,2.554141927899793441e-01
4.897589368370439189e+01,1.416425389036821025e+00,2.181381214878530816e-01
4.911106588885686364e+01,1.321461338113249173e+00,1.796433362933223810e-01
4.924254844091081651e+01,1.221455608527639569e+00,1.409604982817614927e-01
4.936953682554269562e+01,1.115807777505019915e+00,1.019020024876473862e-01
4.949097630636970280e+01,1.003834240516564114e+00,6.525101123265410197e-02
4.960546973351231514e+01,8.847792762764673524e-01,3.577905954148564299e-02
4.971115674016909480e+01,7.578583657331613432e-01,1.590031905249671834e-02
4.980557368119455219e+01,6.223669125789667023e-01,6.018859372799416005e-03
4.988554089629406718e+01,4.779060283727202818e-01,1.196792427020563565e-03
4.994720556887782692e+01,3.247728008407987921e-01,2.730936569763834742e-04
4.998647187427780381e+01,1.644655922583760088e-01,1.519925237379396183e-04
4.999999999999997868e+01,-6.754677435495586737e-17,1.435144849283829529e-04
