x,y,stress
2.999999999999998668e+00,5.079175509092586564e-16,1.114807984000598253e+03
3.004583888154487514e+00,1.837132793922079954e-01,1.244632904574791468e+02
3.018295885557635838e+00,3.669716988483399667e-01,1.270893745861844764e+02
3.038491278706027199e+00,5.321539527576596429e-01,4.715152947237373837e+01
3.065938076768640830e+00,6.962875750295821620e-01,4.557260328836863295e+01
3.100008822690240695e+00,8.571783679079723051e-01,2.997582550725056905e+01
3.140772838944675183e+00,1.016505541435144711e+00,2.494444779690368819e+01
3.187989750587111981e+00,1.174041651766586369e+00,1.948632324251687464e+01
3.241396896199200572e+00,1.329588941536587132e+00,1.592951739685278412e+01
3.300715971012726957e+00,1.482979803321208712e+00,1.282776886727331167e+01
3.365659207663008967e+00,1.634076164406176757e+00,1.071428977722070819e+01
3.435934894033342513e+00,1.782768058823764656e+00,8.926072897446447385e+00
3.511252112570515838e+00,1.928971620781696927e+00,7.488614753754942122e+00
3.591324627954266990e+00,2.072626654238090449e+00,6.306448907291137829e+00
3.675873924576185114e+00,2.213693958870779799e+00,5.331938561029233803e+00
3.764631534577124850e+00,2.352152705394589205e+00,4.521989726054526315e+00
3.857340708032224175e+00,2.487997885371727946e+00,3.846256149133433500e+00
3.953757436265158187e+00,2.621237795828446515e+00,3.279971932303708648e+00
4.053651040817077167e+00,2.751891793956056098e+00,2.803654480143776162e+00
4.156804402743528470e+00,2.879988299468023261e+00,2.401570644006820743e+00
4.263013856569664917e+00,3.005562976052827739e+00,2.061603224149391789e+00
4.372088899763991954e+00,3.128657190539150701e+00,1.773636914351045979e+00
4.483851743406710000e+00,3.249316685252192638e+00,1.530041627920361247e+00
4.598136676679963841e+00,3.367590368836001602e+00,1.324395620718522348e+00
4.714789587913160496e+00,3.483529522917546029e+00,1.152025684209791789e+00
4.833667192190241657e+00,3.597186890978898433e+00,1.009005280470272714e+00
4.954636254515758509e+00,3.708615939176872267e+00,8.926276823428166418e-01
5.077573076663501439e+00,3.817870480875300121e+00,8.005153924976866620e-01
5.202362709316436629e+00,3.925004125446424741e+00,7.308427520495616170e-01
5.328898393130701017e+00,4.030070003121816846e+00,6.815746533914812666e-01
5.457080930379286876e+00,4.133120470161135707e+00,6.505930154153558576e-01
5.586818120968277235e+00,4.234206902198421218e+00,6.352797289782375900e-01
5.718024199393132001e+00,4.333379511432466025e+00,6.328718327115689934e-01
5.850619329531544288e+00,4.430687225144551711e+00,6.405491715078951431e-01
5.984529239718120230e+00,4.526177672637833993e+00,6.557887687148876710e-01
6.119684354271771376e+00,4.619896820636693491e+00,6.764565191754436935e-01
6.256020431215124411e+00,4.711889661447841604e+00,7.008740358895737543e-01
6.393845879165017898e+00,4.802438545381980894e+00,7.278556360551788895e-01
6.532741287135801933e+00,4.891337596597827186e+00,7.563923168596464741e-01
6.676320441627900060e+00,4.980885812471490759e+00,7.865811171170985494e-01
6.820916786742722060e+00,5.068782193457975538e+00,8.171939549382256640e-01
6.962385332473584931e+00,5.152669416812210024e+00,8.469888740391231519e-01
7.104724457446834229e+00,5.235070897430512460e+00,8.766036404971053742e-01
7.247893822746582337e+00,5.316021478075295903e+00,9.058963764790333162e-01
7.391855447485942143e+00,5.395554659184402801e+00,9.347603880194303994e-01
7.536573775066075065e+00,5.473702779146953468e+00,9.631295728313951088e-01
7.682015174606731556e+00,5.550496874598184860e+00,9.909631141842470958e-01
7.828147917409146395e+00,5.625966800357575792e+00,1.018237875701877071e+00
7.974942393867772594e+00,5.700141453612766362e+00,1.044942045657317298e+00
8.122370688230736491e+00,5.773048654972149585e+00,1.071073784434523057e+00
8.270406152838265967e+00,5.844715043430626089e+00,1.096637552321094722e+00
8.419125813539682923e+00,5.915214223892020229e+00,1.121653453223763197e+00
8.568404690163889725e+00,5.984521481156241940e+00,1.146126753805451592e+00
8.729109838407127953e+00,6.057559446589571017e+00,1.171764521567819184e+00
8.890406306806141856e+00,6.129282155375147312e+00,1.196791499491861366e+00
9.048384608875528201e+00,6.198044092896521029e+00,1.220627523288598582e+00
9.206880947848352648e+00,6.265603438149620175e+00,1.243989376321266160e+00
9.358644332076718086e+00,6.328994577371321206e+00,1.266001745972917369e+00
9.510844016899037356e+00,6.391330938072923296e+00,1.287187950321720731e+00
9.663463920522328721e+00,6.452631526050264910e+00,1.308006986999237453e+00
9.816488592420361314e+00,6.512914615885717851e+00,1.328449156623947802e+00
9.969903367902716695e+00,6.572197862121504919e+00,1.348538145994084170e+00
1.012369431882139992e+01,6.630498322099263042e+00,1.368006994220414940e+00
1.027784821024522621e+01,6.687832478957377091e+00,1.387137367748356720e+00
1.043235227878075655e+01,6.744216198127133133e+00,1.405852282935077913e+00
1.058719430219300861e+01,6.799664792615773834e+00,1.424168617325328734e+00
1.074236279909677449e+01,6.854193127134057484e+00,1.442102025093106032e+00
1.089785971072967996e+01,6.907819975838742188e+00,1.459623521200010154e+00
1.105366147970047841e+01,6.960554592237353511e+00,1.476864150081113936e+00
1.122007470909636417e+01,7.015803644574710951e+00,1.495047743031940657e+00
1.138681110742759373e+01,7.070069631290389012e+00,1.512448984354051396e+00
1.156623541018833379e+01,7.127274391898472672e+00,1.530839839456072937e+00
1.174600624840557650e+01,7.183380672989225779e+00,1.548736703619616240e+00
1.190919245461770792e+01,7.233286717730046611e+00,1.564595851112719815e+00
1.207264375502180265e+01,7.282317583282087448e+00,1.580094307235955453e+00
1.223042216155011097e+01,7.328756959427010109e+00,1.594706916356600335e+00
1.238843132729807195e+01,7.374405030589873178e+00,1.608969124392477745e+00
1.254666408308433745e+01,7.419271921321842989e+00,1.623102718393912625e+00
1.270511353745596850e+01,7.463367440167542277e+00,1.636712742886538674e+00
1.286377305067903265e+01,7.506701087656463045e+00,1.650076198510814329e+00
1.302263622331488513e+01,7.549282067808351648e+00,1.663122945926079455e+00
1.318169690418264750e+01,7.591119303943818508e+00,1.675870974237865907e+00
1.334094912730625992e+01,7.632221435091000927e+00,1.688321343757738902e+00
1.350038712615836722e+01,7.672596832677018419e+00,1.700478390436476417e+00
1.366000538380482787e+01,7.712253624723554246e+00,1.712346250759750665e+00
1.381997010515118873e+01,7.751241097048445106e+00,1.723938178536073673e+00
1.398010491632814656e+01,7.789523969893775046e+00,1.735254863200337727e+00
1.415279549573252105e+01,7.829984551594184161e+00,1.747122563034822607e+00
1.432567157764741950e+01,7.869645067877208078e+00,1.758676053275778806e+00
1.451687075868030163e+01,7.912541580856732537e+00,1.771064349092796864e+00
1.470828160766478732e+01,7.954483523805977008e+00,1.783055433708123250e+00
1.488625244050744634e+01,7.992594833893688744e+00,1.793864325902451817e+00
1.506439389381856309e+01,8.029900506203038191e+00,1.804349063579496315e+00
1.522671794172518389e+01,8.063169964804520973e+00,1.813622769718518990e+00
1.538917485924750750e+01,8.095784441395265318e+00,1.822642371495050373e+00
1.555055583263898633e+01,8.127515300320656166e+00,1.831342901393445022e+00
1.571206019355553885e+01,8.158612053091706784e+00,1.839795382391141709e+00
1.587368433537088919e+01,8.189080029051934773e+00,1.848003202129966605e+00
1.603542478975418462e+01,8.218924405218313467e+00,1.855969637882393108e+00
1.619727818382325069e+01,8.248150203188242102e+00,1.863699768312923055e+00
1.635924119708645819e+01,8.276762286704810734e+00,1.871195856770492050e+00
1.652131059469167340e+01,8.304765372944350688e+00,1.878462026150490960e+00
1.668348326753695687e+01,8.332164043871850723e+00,1.885501450266804158e+00
1.684575618190616098e+01,8.358962741634620386e+00,1.892318364767390682e+00
1.700812634796196576e+01,8.385165767853212770e+00,1.898918563630414447e+00
1.717374162865727882e+01,8.411268031721171212e+00,1.905420527061382652e+00
1.733945195846105491e+01,8.436759921624805258e+00,1.911713107844408510e+00
1.752404425055126680e+01,8.464426891141863862e+00,1.918453838911882814e+00
1.770874679232015225e+01,8.491348022475843749e+00,1.924933934737787844e+00
1.790847696658142496e+01,8.519609658441073208e+00,1.931646289700367003e+00
1.810832672314285574e+01,8.547012913400640954e+00,1.938049076930803860e+00
1.828979134355462577e+01,8.571143819193920876e+00,1.943619176711847585e+00
1.847134733089399461e+01,8.594577408303118560e+00,1.948956410572715958e+00
1.863612317549989683e+01,8.615235736951332157e+00,1.953604641056363223e+00
1.880096913804480252e+01,8.635326890664028809e+00,1.958075305113732734e+00
1.896429873110561815e+01,8.654669012392208316e+00,1.962327075481341554e+00
1.912769258413010220e+01,8.673460572045303962e+00,1.966408139956862700e+00
1.929114850923325619e+01,8.691704293589515018e+00,1.970321585798084030e+00
1.945466436690783496e+01,8.709402806858671298e+00,1.974071620149834949e+00
1.961823805155732359e+01,8.726558647959011594e+00,1.977663169461077786e+00
1.978186749514964404e+01,8.743174261653718915e+00,1.981099257824428195e+00
1.994555066388637243e+01,8.759252002882611521e+00,1.984383980157957028e+00
2.010928555853119448e+01,8.774794138577057367e+00,1.987520782786038609e+00
2.027307020754749445e+01,8.789802848713174299e+00,1.990514107966810275e+00
2.043690267775099301e+01,8.804280228914858952e+00,1.993369038008397931e+00
2.060342833797642825e+01,8.818449242345637984e+00,1.996126883988181833e+00
2.076999943436083029e+01,8.832073723948903776e+00,1.998756263547618817e+00
2.095501155144036431e+01,8.846566727301858890e+00,2.001511203481801005e+00
2.114007467160277898e+01,8.860393240391182701e+00,2.004109525216146270e+00
2.134463591005032512e+01,8.874899997453397305e+00,2.006798209202623084e+00
2.154925283920854540e+01,8.888598866360020168e+00,2.009288581821467634e+00
2.173942410449786777e+01,8.900605912052260038e+00,2.011448254682794090e+00
2.192963784816653572e+01,8.911920118580853867e+00,2.013455040641843219e+00
2.209934205474619517e+01,8.921429403854848061e+00,2.015123231940753268e+00
2.226907609621033046e+01,8.930390404639300783e+00,2.016684158368407420e+00
2.243334492284929738e+01,8.938540706201724362e+00,2.018089369408214484e+00
2.259763831132194767e+01,8.946179909114087891e+00,2.019396301540798078e+00
2.276195462839977068e+01,8.953309027015556865e+00,2.020605293279555514e+00
2.292629224544814193e+01,8.959929003284335280e+00,2.021718585501411258e+00
2.309064955141868936e+01,8.966040712252533851e+00,2.022738776070851952e+00
2.325502494342283555e+01,8.971644959386468443e+00,2.023667320365833966e+00
2.341941682827847160e+01,8.976742481903034587e+00,2.024506535742805369e+00
2.358382362566386448e+01,8.981333949338614175e+00,2.025257588960689858e+00
2.374824376080172073e+01,8.985419963755591155e+00,2.025922614883285178e+00
2.391267566812438972e+01,8.989001060246915031e+00,2.026502931208780112e+00
2.407742832406602318e+01,8.992083040111223724e+00,2.026999193209822359e+00
2.424218966769733186e+01,8.994659067625143223e+00,2.027418195009069724e+00
2.442046281804054786e+01,8.996876761684790225e+00,2.027775795424574756e+00
2.459874234573682728e+01,8.998502903018545496e+00,2.028042885754659519e+00
2.479936977635492568e+01,8.999625743892261553e+00,2.028229542619108372e+00
2.499999999999984368e+01,8.999999999999992895e+00,2.028287553641761942e+00
2.520063022364479011e+01,8.999625743892261553e+00,2.028231538384032362e+00
2.540125765426290272e+01,8.998502903018547272e+00,2.028046957997413635e+00
2.557953718195924608e+01,8.996876761684792001e+00,2.027781883996960577e+00
2.575781033230240880e+01,8.994659067625144999e+00,2.027426264152062174e+00
2.592257167593384537e+01,8.992083040111225500e+00,2.027008526975249136e+00
2.608732433187537580e+01,8.989001060246920360e+00,2.026513321221813602e+00
2.625175623919804480e+01,8.985419963755594708e+00,2.025932639708504901e+00
2.641617637433589039e+01,8.981333949338619504e+00,2.025267057544338112e+00
2.658058317172129392e+01,8.976742481903041693e+00,2.024514189426565469e+00
2.674497505657692997e+01,8.971644959386475549e+00,2.023673019170701082e+00
2.690935044858107261e+01,8.966040712252542733e+00,2.022741247830608380e+00
2.707370775455160583e+01,8.959929003284342386e+00,2.021717650449337267e+00
2.723804537159998418e+01,8.953309027015563970e+00,2.020600586295548062e+00
2.740236168867781075e+01,8.946179909114096773e+00,2.019387756153155689e+00
2.756665507715045393e+01,8.938540706201736796e+00,2.018077032921066660e+00
2.773092390378941730e+01,8.930390404639313218e+00,2.016667964481393849e+00
2.790065794525355614e+01,8.921429403854858720e+00,2.015103897240396513e+00
2.807036215183320138e+01,8.911920118580868078e+00,2.013432787838018712e+00
2.826057589550185156e+01,8.900605912052276025e+00,2.011424186725388363e+00
2.845074716079115618e+01,8.888598866360039708e+00,2.009262795451071337e+00
2.865536408994941198e+01,8.874899997453413292e+00,2.006771979835429320e+00
2.885992532839697233e+01,8.860393240391200465e+00,2.004082739809498470e+00
2.904498844855938344e+01,8.846566727301878430e+00,2.001484739103298605e+00
2.923000056563891391e+01,8.832073723948921540e+00,1.998730159439843446e+00
2.939657166202332306e+01,8.818449242345653971e+00,1.996101027952263296e+00
2.956309732224877251e+01,8.804280228914876716e+00,1.993343595785950662e+00
2.972692979245226752e+01,8.789802848713193839e+00,1.990488386750822514e+00
2.989071444146855683e+01,8.774794138577076907e+00,1.987494618821624259e+00
3.005444933611338953e+01,8.759252002882631061e+00,1.984356141545024821e+00
3.021813250485013569e+01,8.743174261653738455e+00,1.981069799484240335e+00
3.038176194844245614e+01,8.726558647959032911e+00,1.977632402214459129e+00
3.054533563309194832e+01,8.709402806858692614e+00,1.974039398669154455e+00
3.070885149076653065e+01,8.691704293589534558e+00,1.970287365213299280e+00
3.087230741586968108e+01,8.673460572045327055e+00,1.966372077493611314e+00
3.103570126889417580e+01,8.654669012392229632e+00,1.962289929496383367e+00
3.119903086195499498e+01,8.635326890664050126e+00,1.958036935963036740e+00
3.136387682449990066e+01,8.615235736951355250e+00,1.953564950693953195e+00
3.152865266910579223e+01,8.594577408303143429e+00,1.948915820316473146e+00
3.171020865644514330e+01,8.571143819193949298e+00,1.943578310078286409e+00
3.189167327685687781e+01,8.547012913400672929e+00,1.938008106713355883e+00
3.209152303341828372e+01,8.519609658441105182e+00,1.931605020752397150e+00
3.229125320767954577e+01,8.491348022475881052e+00,1.924892209108070240e+00
3.247595574944842411e+01,8.464426891141906495e+00,1.918412592744052736e+00
3.266054804153862534e+01,8.436759921624847891e+00,1.911671961574281209e+00
3.282625837134239788e+01,8.411268031721213845e+00,1.905379635162295582e+00
3.299187365203771094e+01,8.385165767853260732e+00,1.898877906070921773e+00
3.315424381809352639e+01,8.358962741634666571e+00,1.892277431414871813e+00
3.331651673246273049e+01,8.332164043871896908e+00,1.885460011287140469e+00
3.347868940530801751e+01,8.304765372944395097e+00,1.878419298984336461e+00
3.364075880291324694e+01,8.276762286704856919e+00,1.871151832737401044e+00
3.380272181617645089e+01,8.248150203188290064e+00,1.863653856506215512e+00
3.396457521024552051e+01,8.218924405218363205e+00,1.855921590033695390e+00
3.412631566462882660e+01,8.189080029051982734e+00,1.847952620460917794e+00
3.428793980644417871e+01,8.158612053091754746e+00,1.839742366904490556e+00
3.444944416736072412e+01,8.127515300320707681e+00,1.831288332381097561e+00
3.461082514075218342e+01,8.095784441395320385e+00,1.822586415783218117e+00
3.477328205827451058e+01,8.063169964804576040e+00,1.813565800551261376e+00
3.493560610618114026e+01,8.029900506203095034e+00,1.804292351381739268e+00
3.511374755949227477e+01,7.992594833893743811e+00,1.793807705898157412e+00
3.529171839233494978e+01,7.954483523806025858e+00,1.782999907734144074e+00
3.548312924131946033e+01,7.912541580856777834e+00,1.771008737116921417e+00
3.567432842235236734e+01,7.869645067877251599e+00,1.758620249891472698e+00
3.584720450426727467e+01,7.829984551594225906e+00,1.747069273721058691e+00
3.601989508367165627e+01,7.789523969893813238e+00,1.735203206084821925e+00
3.618002989484863718e+01,7.751241097048482409e+00,1.723888164602039419e+00
3.633999461619499982e+01,7.712253624723589773e+00,1.712297490710503078e+00
3.649961287384146402e+01,7.672596832677053946e+00,1.700429734168117157e+00
3.665905087269356954e+01,7.632221435091034678e+00,1.688271778435055381e+00
3.681830309581719263e+01,7.591119303943852259e+00,1.675819646379755223e+00
3.697736377668495322e+01,7.549282067808387175e+00,1.663069192551622333e+00
3.713622694932080037e+01,7.506701087656501237e+00,1.650017724543689557e+00
3.729488646254385742e+01,7.463367440167580469e+00,1.636660091749456480e+00
3.745333591691549913e+01,7.419271921321882068e+00,1.622993265236671867e+00
3.761156867270177884e+01,7.374405030589907817e+00,1.609012058399798439e+00
3.776957783844972028e+01,7.328756959427051854e+00,1.594712791921214512e+00
3.792735624497800728e+01,7.282317583282133633e+00,1.580092538266532509e+00
3.809080754538211977e+01,7.233286717730091020e+00,1.564577669064708410e+00
3.825399375159425830e+01,7.183380672989268412e+00,1.548708931038472736e+00
3.843376458981149568e+01,7.127274391898518857e+00,1.530782615914525913e+00
3.861318889257223930e+01,7.070069631290430756e+00,1.512389028811601532e+00
3.877992529090347062e+01,7.015803644574751807e+00,1.494847552783232336e+00
3.894633852029937060e+01,6.960554592237395255e+00,1.476904159264033733e+00
3.910214028927016017e+01,6.907819975838788373e+00,1.459688563759007796e+00
3.925763720090306208e+01,6.854193127134101005e+00,1.442109444315690547e+00
3.941280569780683862e+01,6.799664792615819131e+00,1.424151569367582804e+00
3.956764772121909601e+01,6.744216198127175765e+00,1.405807627701487705e+00
3.972215178975462635e+01,6.687832478957420612e+00,1.387069759937529234e+00
3.987630568117845087e+01,6.630498322099304787e+00,1.367927482062270883e+00
4.003009663209714830e+01,6.572197862121543999e+00,1.348373132169288002e+00
4.018351140757950191e+01,6.512914615885759595e+00,1.328395195818671493e+00
4.033653607947752562e+01,6.452631526050314648e+00,1.307984622404482211e+00
4.048915598310080810e+01,6.391330938072972145e+00,1.287128298028466400e+00
4.064135566792312204e+01,6.328994577371370944e+00,1.265815571285834329e+00
4.079311905215150347e+01,6.265603438149671689e+00,1.244037414585922763e+00
4.095161539112429949e+01,6.198044092896588531e+00,1.220711638313209724e+00
4.110959369319364498e+01,6.129282155375224583e+00,1.196838276404691426e+00
4.127089016159268198e+01,6.057559446589639407e+00,1.171806360204413311e+00
4.143159530983594863e+01,5.984521481156305889e+00,1.146161871397501697e+00
4.158087418646015720e+01,5.915214223892083290e+00,1.121686785351354798e+00
4.172959384716156706e+01,5.844715043430689150e+00,1.096670597570874595e+00
4.187762931176910541e+01,5.773048654972216198e+00,1.071109607653048190e+00
4.202505760613206576e+01,5.700141453612832976e+00,1.044980526063158610e+00
4.217185208259069640e+01,5.625966800357645958e+00,1.018280960879076824e+00
4.231798482539310413e+01,5.550496874598252361e+00,9.910104408776122531e-01
4.246342622493377661e+01,5.473702779147021857e+00,9.631821231317818643e-01
4.260814455251391308e+01,5.395554659184471191e+00,9.348171933739548578e-01
4.275210617725326046e+01,5.316021478075369622e+00,9.059593181085511260e-01
4.289527554255300146e+01,5.235070897430584402e+00,8.766727459026067981e-01
4.303761466752624898e+01,5.152669416812289960e+00,8.470616934233320405e-01
4.317908321325711540e+01,5.068782193458059915e+00,8.172786810781437206e-01
4.332367955837190010e+01,4.980885812471595564e+00,7.867047193875229549e-01
4.346725871286397336e+01,4.891337596597946202e+00,7.565461388899349382e-01
4.360615412083476627e+01,4.802438545382103463e+00,7.280345213360917001e-01
4.374397956878467397e+01,4.711889661447957067e+00,7.010820139574303056e-01
4.388031564572803944e+01,4.619896820636806289e+00,6.766823960897153656e-01
4.401547076028170125e+01,4.526177672637930804e+00,6.560342426875274136e-01
4.414938067046828252e+01,4.430687225144660069e+00,6.408022908720573119e-01
4.428197580060669480e+01,4.333379511432577047e+00,6.331261062686802665e-01
4.441318187903154779e+01,4.234206902198540234e+00,6.355173560077267414e-01
4.454291906962052394e+01,4.133120470161253834e+00,6.507991818726955868e-01
4.467110160686910802e+01,4.030070003121942079e+00,6.817301584316458607e-01
4.479763729068340439e+01,3.925004125446540648e+00,7.309376123511626133e-01
4.492242692333635290e+01,3.817870480875406258e+00,8.005689602153972517e-01
4.504536374548411715e+01,3.708615939176951315e+00,8.926546463748561422e-01
4.516633280780961712e+01,3.597186890978993024e+00,1.009032041752446096e+00
4.528521041208671960e+01,3.483529522917640175e+00,1.152095201344634834e+00
4.540186332331993668e+01,3.367590368836083314e+00,1.324591752030511049e+00
4.551614825659321184e+01,3.249316685252234382e+00,1.530457963510224451e+00
4.562791110023592722e+01,3.128657190539211097e+00,1.774365682864239346e+00
4.573698614343026492e+01,3.005562976052880142e+00,2.062804036009744824e+00
4.584319559725641824e+01,2.879988299468058788e+00,2.403353031536639151e+00
4.594634895918289885e+01,2.751891793956038335e+00,2.806266271873166573e+00
4.604624256373482183e+01,2.621237795828438077e+00,3.283543252133279911e+00
4.614265929196776739e+01,2.487997885371699525e+00,3.851164359980061125e+00
4.623536846542287293e+01,2.352152705394559451e+00,4.527996415622879134e+00
4.632412607542381977e+01,2.213693958870715850e+00,5.339457968117274689e+00
4.640867537204573523e+01,2.072626654238025168e+00,6.316489247705091792e+00
4.648874788742951125e+01,1.928971620781604335e+00,7.501121766409640124e+00
4.656406510596666948e+01,1.782768058823687163e+00,8.946908734266811436e+00
4.663434079233700658e+01,1.634076164406093490e+00,1.072910833879111436e+01
4.669928402898727882e+01,1.482979803321139656e+00,1.294568250140525301e+01
4.675860310380080165e+01,1.329588941536515412e+00,1.576440468949181195e+01
4.681201024941287159e+01,1.174041651766551508e+00,1.931853959423824563e+01
4.685922716105529418e+01,1.016505541435136051e+00,2.441993302490481810e+01
4.689999117730973666e+01,8.571783679079848506e-01,2.974898971789103186e+01
4.693406192323133297e+01,6.962875750296176891e-01,4.354066484683135485e+01
4.696150872129394571e+01,5.321539527576606421e-01,4.961116247326449269e+01
4.698170411444232997e+01,3.669716988483062714e-01,1.247740141694485061e+02
4.699541611184547918e+01,1.837132793921907592e-01,1.265533843000824845e+02
4.699999999999997868e+01,-3.538884214126078796e-17,1.112927476031988363e+03
