x,y,stress
4.999999999999997335e+00,4.481275039928370270e-16,1.055231337463391355e+03
5.004830268222907996e+00,1.758123533431535379e-01,1.405344396361137740e+02
5.019270147929979942e+00,3.510976111791364040e-01,1.253406614609562126e+02
5.041556374855737488e+00,5.154459136613198655e-01,5.168409539960334342e+01
5.072055197828079010e+00,6.784707464985305636e-01,4.732484104789048018e+01
5.110504485293515309e+00,8.398064701318496139e-01,3.219072502811790315e+01
5.156591182588076805e+00,9.991297417299865868e-01,2.690539084015515670e+01
5.209963695119359528e+00,1.156163521410801032e+00,2.152179901872346690e+01
5.270244219574832023e+00,1.310678410276438166e+00,1.802503780952682177e+01
5.337040179204206147e+00,1.462491632018196208e+00,1.498501136520466304e+01
5.409954229025024652e+00,1.611464262891643573e+00,1.286506375911350908e+01
5.488592565934349743e+00,1.757497308874773179e+00,1.106746622239564637e+01
5.572571420833306810e+00,1.900527034330312670e+00,9.605945749471210604e+00
5.661521867425588717e+00,2.040520071587291540e+00,8.385953528025103410e+00
5.755093155411290518e+00,2.177468642000716770e+00,7.363387416879304759e+00
5.852954736962806770e+00,2.311385997888024235e+00,6.497496164103242933e+00
5.954797245853964860e+00,2.442302259867712433e+00,5.760377211351176641e+00
6.060332776643240216e+00,2.570260857376331920e+00,5.129252431039755145e+00
6.169294582498277002e+00,2.695315446600529796e+00,4.586557316638393722e+00
6.281436290000711686e+00,2.817527217535199746e+00,4.117848952658650141e+00
6.396530923421026138e+00,2.936962739069596484e+00,3.712157341270682309e+00
6.514369690669473023e+00,3.053692114585506712e+00,3.359929272563436875e+00
6.634760875225889087e+00,3.167787666870778285e+00,3.053998395365419061e+00
6.757528497456838146e+00,3.279322697848462642e+00,2.787867665844665943e+00
6.882510968893826409e+00,3.388370492322172023e+00,2.556646038189155146e+00
7.009560090676147048e+00,3.495003790990964365e+00,2.355778813748496958e+00
7.138539720963282598e+00,3.599294079686039982e+00,2.181824768968303019e+00
7.269324830964392525e+00,3.701311293045083328e+00,2.031519209623042332e+00
7.401800577654094049e+00,3.801123562134631761e+00,1.902304785661319109e+00
7.535861248745608698e+00,3.898796894980496752e+00,1.791741238793876478e+00
7.671409607319673363e+00,3.994395173293841417e+00,1.697846746326084455e+00
7.808355808759766425e+00,4.087979843429678795e+00,1.618755717298363539e+00
7.946617326824386041e+00,4.179610305322422725e+00,1.552802384870908270e+00
8.086118232165732778e+00,4.269343809884110996e+00,1.498471983583748557e+00
8.226787426528773040e+00,4.357234718766420656e+00,1.454370605375032488e+00
8.369107096684611946e+00,4.443663375881730104e+00,1.419119135136603260e+00
8.512476854716405583e+00,4.528338866007936225e+00,1.391751034055405123e+00
8.656284310415175653e+00,4.610994816011293018e+00,1.371250210631046906e+00
8.801025132123925232e+00,4.692005340660546864e+00,1.356585071471914317e+00
8.946650829812696770e+00,4.771414556209453650e+00,1.346898292996419499e+00
9.093116046356891857e+00,4.849264569154072113e+00,1.341475754047435354e+00
9.240378501958938173e+00,4.925595683585602735e+00,1.339651111450691490e+00
9.388398879544517683e+00,5.000446547352235704e+00,1.340874099264679709e+00
9.537140476093101782e+00,5.073854161781503613e+00,1.344646773128810313e+00
9.686568722010619581e+00,5.145853826051362212e+00,1.350550543135628390e+00
9.836651251836309839e+00,5.216479345176209925e+00,1.358220336830723962e+00
9.987357891478584548e+00,5.285763171712476449e+00,1.367371036814464258e+00
1.014159329287937794e+01,5.355038750571917916e+00,1.377816030590048646e+00
1.029641940617376328e+01,5.422983942013569703e+00,1.389592887177263814e+00
1.045351632136077313e+01,5.490352448972034338e+00,1.401779292246150055e+00
1.061116402386243074e+01,5.556421859460409785e+00,1.414828404623219127e+00
1.076464587115383509e+01,5.619319429629782370e+00,1.427939811824230576e+00
1.091860256857930089e+01,5.681045627394710529e+00,1.441426767140288945e+00
1.107301434375448146e+01,5.741624446523565517e+00,1.455131289155126462e+00
1.122786252751530256e+01,5.801078926392679413e+00,1.469012439087377553e+00
1.138312948313997275e+01,5.859431198702727883e+00,1.482908616823421122e+00
1.153879842462030858e+01,5.916702489015248645e+00,1.497034419446191977e+00
1.169485346990196639e+01,5.972913202953749945e+00,1.511011794505804584e+00
1.185127956691461115e+01,6.028082958587251738e+00,1.524809073493798683e+00
1.200806244865621153e+01,6.082230625840924887e+00,1.538564229818921270e+00
1.216518848864642699e+01,6.135374328831463053e+00,1.552187931639122942e+00
1.232326810859917643e+01,6.187735851550758781e+00,1.565690644069103188e+00
1.248166812450489438e+01,6.239120028400967577e+00,1.579030283945793478e+00
1.265372420024664457e+01,6.293736236944469375e+00,1.593186066690128744e+00
1.282612846977341370e+01,6.347243205871833993e+00,1.607272130277892730e+00
1.299131622600061142e+01,6.397393394389109034e+00,1.620502810398024351e+00
1.315679855961213285e+01,6.446562862703126839e+00,1.633203828998828877e+00
1.331606571155055185e+01,6.492896790101565507e+00,1.645266807007206955e+00
1.347558560336732114e+01,6.538352976885666301e+00,1.657062486066793072e+00
1.363534947792335217e+01,6.582944247202012100e+00,1.668608159687208659e+00
1.379534886903205937e+01,6.626682947397422474e+00,1.679865671574927832e+00
1.395557566414585615e+01,6.669580989412664529e+00,1.690865748470549823e+00
1.411602215839876528e+01,6.711649887692691330e+00,1.701477285505245574e+00
1.427668088835950222e+01,6.752900736482662758e+00,1.712077148447828545e+00
1.443754475292571904e+01,6.793344262185485150e+00,1.722214970822665947e+00
1.459860691631657481e+01,6.832990817130693451e+00,1.732122363218853600e+00
1.475986076894529830e+01,6.871850388692865685e+00,1.741745915120854526e+00
1.492153779763083143e+01,6.909988128909234639e+00,1.751106654348386638e+00
1.508339459138478311e+01,6.947355608227616663e+00,1.760203502417017951e+00
1.525845786730339704e+01,6.986871767844567316e+00,1.769716956082604487e+00
1.543371691790882672e+01,7.025510407004417424e+00,1.778917396161118880e+00
1.561664729410889940e+01,7.064873015100509690e+00,1.788179848951805484e+00
1.579977549390140723e+01,7.103304797485550104e+00,1.797096341120284269e+00
1.596522686756325626e+01,7.137202526989397278e+00,1.804870688062927275e+00
1.613082839833072057e+01,7.170358932161130738e+00,1.812385904467337161e+00
1.629361192871737174e+01,7.202208625161895306e+00,1.819514072362221180e+00
1.645653099987363177e+01,7.233357587664301924e+00,1.826396130725263633e+00
1.661958123436120971e+01,7.263812567103082429e+00,1.833036311220691328e+00
1.678275837913276902e+01,7.293580082722472824e+00,1.839438082072883951e+00
1.694605831881419888e+01,7.322666436713423543e+00,1.845606783520720384e+00
1.710947706321654138e+01,7.351077719998274418e+00,1.851546302620977746e+00
1.727301072429341033e+01,7.378819816020611100e+00,1.857262560294672848e+00
1.743665556023536567e+01,7.405898415565596693e+00,1.862759115619259109e+00
1.760040793381363855e+01,7.432319016339723916e+00,1.868041653341437458e+00
1.776426428400895929e+01,7.458086925192882077e+00,1.873115899160019859e+00
1.793000833255297621e+01,7.483477457142281963e+00,1.878034802402146264e+00
1.809585164381845246e+01,7.508211349991000816e+00,1.882758517762765260e+00
1.827921197737341430e+01,7.534783429985697722e+00,1.887739160054395127e+00
1.846268495842301149e+01,7.560566243843602763e+00,1.892479847889722233e+00
1.865267035014021246e+01,7.586423729964052676e+00,1.897149041530134195e+00
1.884276714285244836e+01,7.611449097698677058e+00,1.901565161895930611e+00
1.901279698856733447e+01,7.633121511936164616e+00,1.905328013864109105e+00
1.918290912369711521e+01,7.654138266186034656e+00,1.908901353674036905e+00
1.934760309196721906e+01,7.673855971481991389e+00,1.912216347475543143e+00
1.951236854006200261e+01,7.692967187866056378e+00,1.915224415752240894e+00
1.967720282207744376e+01,7.711475399197738057e+00,1.918265848179361299e+00
1.984210333274949534e+01,7.729383954442588411e+00,1.921091693341151485e+00
2.000706752598807370e+01,7.746696073139381689e+00,1.923781742523243077e+00
2.017209291009324090e+01,7.763414847925909079e+00,1.926327184940375137e+00
2.033717704715717645e+01,7.779543247368107650e+00,1.928753793401033478e+00
2.050231753055773964e+01,7.795084116586005862e+00,1.931050385050467888e+00
2.066751199277419104e+01,7.810040180867130033e+00,1.933225142650593531e+00
2.083275813144399891e+01,7.824414050485351879e+00,1.935280542867562126e+00
2.099859474254003899e+01,7.838252417120251003e+00,1.937222263711769310e+00
2.116447881957375898e+01,7.851509686927745868e+00,1.939058204590364154e+00
2.134506784274760349e+01,7.865280373142531367e+00,1.940926866941298901e+00
2.152570763357425321e+01,7.878368283370313030e+00,1.942673787014632225e+00
2.172285640165862830e+01,7.891872577135035982e+00,1.944442897373401591e+00
2.192005875289802574e+01,7.904570444135717189e+00,1.946061965634905633e+00
2.210024130316039859e+01,7.915467384811614160e+00,1.947431503652031992e+00
2.228046302207962626e+01,7.925696119592002375e+00,1.948696641905626636e+00
2.244651854539842262e+01,7.934529424846873624e+00,1.949771823438716245e+00
2.261260310413737429e+01,7.942798862482921329e+00,1.950769066221020864e+00
2.277829495661829640e+01,7.950487046215085840e+00,1.951682583455184306e+00
2.294401177567262451e+01,7.957616853520169897e+00,1.952519179136484206e+00
2.310975162884269096e+01,7.964189461285678284e+00,1.953280554404433156e+00
2.327551260146993783e+01,7.970205951791313304e+00,1.953969488409496247e+00
2.344129279387880160e+01,7.975667313478768783e+00,1.954588512246929088e+00
2.360709031751417442e+01,7.980574441644528783e+00,1.955139130147923510e+00
2.377290329895700438e+01,7.984928139301331385e+00,1.955623824619601603e+00
2.393872987139880948e+01,7.988729117591991447e+00,1.956043661116782184e+00
2.410456817747036595e+01,7.991977996478225599e+00,1.956400389292386910e+00
2.427041637175512889e+01,7.994675305270592780e+00,1.956697526347834559e+00
2.444224196328026011e+01,7.996888454617573139e+00,1.956939234771062797e+00
2.461407415183069958e+01,7.998510473729109727e+00,1.957122559555311447e+00
2.480703563855781368e+01,7.999627638886326331e+00,1.957251149318813832e+00
2.500000000000003197e+01,7.999999999999993783e+00,1.957290746899881917e+00
2.519296436144225737e+01,7.999627638886326331e+00,1.957254820895406366e+00
2.538592584816933950e+01,7.998510473729109727e+00,1.957130007024152407e+00
2.555775803671985003e+01,7.996888454617571362e+00,1.956950297093791313e+00
2.572958362824491729e+01,7.994675305270591892e+00,1.956711968258522116e+00
2.589543182252967313e+01,7.991977996478224711e+00,1.956416303490401409e+00
2.606127012860122250e+01,7.988729117591989670e+00,1.956060713607228996e+00
2.622709670104303115e+01,7.984928139301328720e+00,1.955639260891411935e+00
2.639290968248585756e+01,7.980574441644526118e+00,1.955152628169726459e+00
2.655870720612123037e+01,7.975667313478766118e+00,1.954597750127522238e+00
2.672448739853007638e+01,7.970205951791310639e+00,1.953974241275694856e+00
2.689024837115733746e+01,7.964189461285675620e+00,1.953280311752376486e+00
2.705598822432740036e+01,7.957616853520169009e+00,1.952513836140783221e+00
2.722170504338172492e+01,7.950487046215084952e+00,1.951674090104947634e+00
2.738739689586263282e+01,7.942798862482919553e+00,1.950757605902485370e+00
2.755348145460159515e+01,7.934529424846870072e+00,1.949759213260318758e+00
2.771953697792039506e+01,7.925696119591998823e+00,1.948683173499869081e+00
2.789975869683965115e+01,7.915467384811612384e+00,1.947418521092188604e+00
2.807994124710205597e+01,7.904570444135710083e+00,1.946049613956780666e+00
2.827714359834146407e+01,7.891872577135027100e+00,1.944431259952145163e+00
2.847429236642583561e+01,7.878368283370305036e+00,1.942662875013025703e+00
2.865493215725247111e+01,7.865280373142526038e+00,1.940917743709049903e+00
2.883552118042628365e+01,7.851509686927739651e+00,1.939051095516249879e+00
2.900140525746000364e+01,7.838252417120243898e+00,1.937217611434914444e+00
2.916724186855604373e+01,7.824414050485346550e+00,1.935278502185897365e+00
2.933248800722585159e+01,7.810040180867125592e+00,1.933227018146738585e+00
2.949768246944229233e+01,7.795084116586000533e+00,1.931055570405534993e+00
2.966282295284286974e+01,7.779543247368098768e+00,1.928759442892027387e+00
2.982790708990683370e+01,7.763414847925899309e+00,1.926333599046246903e+00
2.999293247401196894e+01,7.746696073139375471e+00,1.923773583780383989e+00
3.015789666725051887e+01,7.729383954442583970e+00,1.921074649516668842e+00
3.032279717792257046e+01,7.711475399197734504e+00,1.918232916491138917e+00
3.048763145993800805e+01,7.692967187866052825e+00,1.915242752967574624e+00
3.065239690803279160e+01,7.673855971481986060e+00,1.912099786765575349e+00
3.081709087630289190e+01,7.654138266186031103e+00,1.908800738220101767e+00
3.098720301143269040e+01,7.633121511936159287e+00,1.905221263031760426e+00
3.115723285714758006e+01,7.611449097698669952e+00,1.901467749174211797e+00
3.134732964985979820e+01,7.586423729964050011e+00,1.897055358721154050e+00
3.153731504157698140e+01,7.560566243843599210e+00,1.892391861104599338e+00
3.172078802262659636e+01,7.534783429985689729e+00,1.887655640914654764e+00
3.190414835618157596e+01,7.508211349990991934e+00,1.882679714953172212e+00
3.206999166744703444e+01,7.483477457142276634e+00,1.877960732017218692e+00
3.223573571599102650e+01,7.458086925192878525e+00,1.873047164515325269e+00
3.239959206618635790e+01,7.432319016339719475e+00,1.867977337485576816e+00
3.256334443976462723e+01,7.405898415565592252e+00,1.862699321022023069e+00
3.272698927570657901e+01,7.378819816020607547e+00,1.857205640403683189e+00
3.289052293678343375e+01,7.351077719998271753e+00,1.851492129377578788e+00
3.305394168118579046e+01,7.322666436713419991e+00,1.845554300864759467e+00
3.321724162086722032e+01,7.293580082722469271e+00,1.839386967107957016e+00
3.338041876563877963e+01,7.263812567103077988e+00,1.832985932254602046e+00
3.354346900012634336e+01,7.233357587664298372e+00,1.826346195615205392e+00
3.370638807128260339e+01,7.202208625161894417e+00,1.819464713659668664e+00
3.386917160166924390e+01,7.170358932161130738e+00,1.812337152341922497e+00
3.403477313243670466e+01,7.137202526989400830e+00,1.804823034804220905e+00
3.420022450609855014e+01,7.103304797485550992e+00,1.797050504807320648e+00
3.438335270589109172e+01,7.064873015100506137e+00,1.788133818161984356e+00
3.456628308209118217e+01,7.025510407004410318e+00,1.778871317030854105e+00
3.474154213269660119e+01,6.986871767844562875e+00,1.769673308803562994e+00
3.491660540861521156e+01,6.947355608227610446e+00,1.760161416266031065e+00
3.507846220236916679e+01,6.909988128909225757e+00,1.751069746749029488e+00
3.524013923105470525e+01,6.871850388692858580e+00,1.741713750936095817e+00
3.540139308368342341e+01,6.832990817130688121e+00,1.732094229305196187e+00
3.556245524707428274e+01,6.793344262185475380e+00,1.722200244253560220e+00
3.572331911164049956e+01,6.752900736482655653e+00,1.712028705628262815e+00
3.588397784160122228e+01,6.711649887692686889e+00,1.701580691539851475e+00
3.604442433585413141e+01,6.669580989412661864e+00,1.690856050321106308e+00
3.620465113096791754e+01,6.626682947397418033e+00,1.679855953089024467e+00
3.636465052207663007e+01,6.582944247202009436e+00,1.668582943458509549e+00
3.652441439663265044e+01,6.538352976885667189e+00,1.657039699437296232e+00
3.668393428844942861e+01,6.492896790101564619e+00,1.645231834865282572e+00
3.684320144038784406e+01,6.446562862703121510e+00,1.633164581569550577e+00
3.700868377399936548e+01,6.397393394389101928e+00,1.620340443044929524e+00
3.717387153022657742e+01,6.347243205871829552e+00,1.607249539660255966e+00
3.734627579975335010e+01,6.293736236944464046e+00,1.593297321836247171e+00
3.751833187549509319e+01,6.239120028400958695e+00,1.579077640993711285e+00
3.767673189140081291e+01,6.187735851550749899e+00,1.565738039103508950e+00
3.783481151135357123e+01,6.135374328831454172e+00,1.552219599222055990e+00
3.799193755134378847e+01,6.082230625840916893e+00,1.538589680575724428e+00
3.814872043308538707e+01,6.028082958587238416e+00,1.524823876750234009e+00
3.830514653009804249e+01,5.972913202953738399e+00,1.510952462346496272e+00
3.846120157537969675e+01,5.916702489015236210e+00,1.497011647291511816e+00
3.861687051686002548e+01,5.859431198702718113e+00,1.483045577323578890e+00
3.877213747248469389e+01,5.801078926392666091e+00,1.469103492738643713e+00
3.892698565624552032e+01,5.741624446523555747e+00,1.455245425379079416e+00
3.908139743142070444e+01,5.681045627394699871e+00,1.441541799321751194e+00
3.923535412884616136e+01,5.619319429629773488e+00,1.428077023161188785e+00
3.938883597613754262e+01,5.556421859460402679e+00,1.414946139225109034e+00
3.954648367863924108e+01,5.490352448972018351e+00,1.401891407380629229e+00
3.970358059382627403e+01,5.422983942013542169e+00,1.389468410176139423e+00
3.985840670712065759e+01,5.355038750571893935e+00,1.377971003107973713e+00
4.001264210852143322e+01,5.285763171712453357e+00,1.367470505291523253e+00
4.016334874816371325e+01,5.216479345176187721e+00,1.358360572160038471e+00
4.031343127798940174e+01,5.145853826051340896e+00,1.350703412914826540e+00
4.046285952390690710e+01,5.073854161781484073e+00,1.344810006674168834e+00
4.061160112045548942e+01,5.000446547352215276e+00,1.341048548551314390e+00
4.075962149804107071e+01,4.925595683585578755e+00,1.339835790862611065e+00
4.090688395364314545e+01,4.849264569154040139e+00,1.341672666148040705e+00
4.105334917018733876e+01,4.771414556209418123e+00,1.347119110293393485e+00
4.119897486787611740e+01,4.692005340660501567e+00,1.356833095250676191e+00
4.134371568958485454e+01,4.610994816011255715e+00,1.371537912043314655e+00
4.148752314528362461e+01,4.528338866007903363e+00,1.392080518137163159e+00
4.163089290331539871e+01,4.443663375881709676e+00,1.419498691440209903e+00
4.177321257347121986e+01,4.357234718766402004e+00,1.454799398376569464e+00
4.191388176783425479e+01,4.269343809884095009e+00,1.498916347771514168e+00
4.205338267317562639e+01,4.179610305322400521e+00,1.553253228415353959e+00
4.219164419124023624e+01,4.087979843429659255e+00,1.619160896132828320e+00
4.232859039268033285e+01,3.994395173293815660e+00,1.698184363838262101e+00
4.246413875125438864e+01,3.898796894980482541e+00,1.791949298210606889e+00
4.259819942234590684e+01,3.801123562134612222e+00,1.902346923033240378e+00
4.273067516903559238e+01,3.701311293045075335e+00,2.031403179243726154e+00
4.286146027903671296e+01,3.599294079686023551e+00,2.181527599070414603e+00
4.299043990932383252e+01,3.495003790990962589e+00,2.355353340141506546e+00
4.311748903110616737e+01,3.388370492322156924e+00,2.556104547547570327e+00
4.324247150254313254e+01,3.279322697848465751e+00,2.787422067368597212e+00
4.336523912477409226e+01,3.167787666870758745e+00,3.053739393394292900e+00
4.348563030933049589e+01,3.053692114585514261e+00,3.359955315473755810e+00
4.360346907657895343e+01,2.936962739069588491e+00,3.712806100212866944e+00
4.371856370999923769e+01,2.817527217535226836e+00,4.118545211005617546e+00
4.383070541750166882e+01,2.695315446600544451e+00,4.586925543113212989e+00
4.393966722335669317e+01,2.570260857376363450e+00,5.128826020672986097e+00
4.404520275414601116e+01,2.442302259867707992e+00,5.759127448043420472e+00
4.414704526303714971e+01,2.311385997888048216e+00,6.494361779099443233e+00
4.424490684458867662e+01,2.177468642000708332e+00,7.361919099078887641e+00
4.433847813257438730e+01,2.040520071587303974e+00,8.368720873863274790e+00
4.442742857916667987e+01,1.900527034330287579e+00,9.638001137015102415e+00
4.451140743406563161e+01,1.757497308874755859e+00,1.110474379842309389e+01
4.459004577097498156e+01,1.611464262891581400e+00,1.290264083194072420e+01
4.466295982079578408e+01,1.462491632018160459e+00,1.510695854194245236e+01
4.472975578042516531e+01,1.310678410276386208e+00,1.798370772249099758e+01
4.479003630488062271e+01,1.156163521410779271e+00,2.145916046279939948e+01
4.484340881741189122e+01,9.991297417299682682e-01,2.690670446322209486e+01
4.488949551470646071e+01,8.398064701318077585e-01,3.225496819321919872e+01
4.492794480217191477e+01,6.784707464984525149e-01,4.733821298366046193e+01
4.495844362514424830e+01,5.154459136612551395e-01,5.194883098446423730e+01
4.498072985206999164e+01,3.510976111790840570e-01,1.250280756335448586e+02
4.499516973177705381e+01,1.758123533431255880e-01,1.418087541004110506e+02
4.499999999999997868e+01,-3.418931986923596947e-17,1.055667990948162924e+03
