x,y,stress
4.999999999999997335e+00,6.851663256994955073e-16,8.558213498407367297e+02
5.003124377798028100e+00,2.121026309748940408e-01,1.065230463582503120e+02
5.012489608125552110e+00,4.240214623058178867e-01,1.019339061165151747e+02
5.026026385783609385e+00,6.119935466093733289e-01,4.187749268578141226e+01
5.044443880949860848e+00,7.995503690191499979e-01,3.972800030084393796e+01
5.065095917108334511e+00,9.673963583388739407e-01,2.794165986991761841e+01
5.089616866174470289e+00,1.134720955627129380e+00,2.408767073090055533e+01
5.117369576710366630e+00,1.298138159949058013e+00,1.978078714850117947e+01
5.148762639759614679e+00,1.460895306400403326e+00,1.699347379365777755e+01
5.183751172330254953e+00,1.622917639301491244e+00,1.459610957474643556e+01
5.222286104248350824e+00,1.784133375284827183e+00,1.270561691864610943e+01
5.264314527239630337e+00,1.944473916332938090e+00,1.111592752842372001e+01
5.309780051053246019e+00,2.103874000589337712e+00,9.782810310179586466e+00
5.358623170028971039e+00,2.262271831656805343e+00,8.643349121919232658e+00
5.410781636496518665e+00,2.419609184664358370e+00,7.664524749223195599e+00
5.466190822987701203e+00,2.575831448869522422e+00,6.817878314715159149e+00
5.524784085499548247e+00,2.730887663396614595e+00,6.068884422412155644e+00
5.586628777680460622e+00,2.885059167918335721e+00,5.392875604601700346e+00
5.651532527568902786e+00,3.037968125010424014e+00,4.827377107232316611e+00
5.719275777776050340e+00,3.189251079478827133e+00,4.317501410917418347e+00
5.789922859142689227e+00,3.339200060977498996e+00,3.865127828561627954e+00
5.863402015910637921e+00,3.487781864498542994e+00,3.460818125094261344e+00
5.939641328973041645e+00,3.634966552727922906e+00,3.098946533260258818e+00
6.018568970023891573e+00,3.780727361174526013e+00,2.774369719518975597e+00
6.100113441439856565e+00,3.925040599341715897e+00,2.482809002769980289e+00
6.184203731399652959e+00,4.067885431064781621e+00,2.220644601128249462e+00
6.270769564833197585e+00,4.209243854935444062e+00,1.984820006152599792e+00
6.359741525697546471e+00,4.349100486770848484e+00,1.772649208531101417e+00
6.451051141119099164e+00,4.487442327542888520e+00,1.582100311863392950e+00
6.544669033410440484e+00,4.624313268898483820e+00,1.411228086478944821e+00
6.640492870188064778e+00,4.759649069221231876e+00,1.259309477708598024e+00
6.740026117383922433e+00,4.895549751582999320e+00,1.123381700755827994e+00
6.841702212094337376e+00,5.029854840894171453e+00,1.005642892846323466e+00
6.943781634580443729e+00,5.160452712941261844e+00,9.073179149090880857e-01
7.047812498897211064e+00,5.289501584562538383e+00,8.265407769364582213e-01
7.153735890258004382e+00,5.417001812545432671e+00,7.635343387555068029e-01
7.261494345245329107e+00,5.542955003339388398e+00,7.184114405105749279e-01
7.371031967740624857e+00,5.667364025923137483e+00,6.907256260908990475e-01
7.482294466805703870e+00,5.790232933727779141e+00,6.794098520824216614e-01
7.595229042110559270e+00,5.911566733551011588e+00,6.826038680850732288e-01
7.709784515751494816e+00,6.031371441303475578e+00,6.980159078609602386e-01
7.825911227294349182e+00,6.149653887642887007e+00,7.231713750419549447e-01
7.943560983017486699e+00,6.266421602604181018e+00,7.557721733764456440e-01
8.063355759189034799e+00,6.382321636338436299e+00,7.940737807888359479e-01
8.184597447210249399e+00,6.496707267189088419e+00,8.363085212448500005e-01
8.312410508178219359e+00,6.614285184574229426e+00,8.831584859597965131e-01
8.441697296321976296e+00,6.730240721282773286e+00,9.319186352231366710e-01
8.566429726116492560e+00,6.839414923748935671e+00,9.795453130912272766e-01
8.692422370592334246e+00,6.947132377456427754e+00,1.027725445877227584e+00
8.819634596191120224e+00,7.053401955348986618e+00,1.076117446389663890e+00
8.948031792411839547e+00,7.158236793968780987e+00,1.124469788977406015e+00
9.077575288010343968e+00,7.261645878502174689e+00,1.172598073904470795e+00
9.208233406621099348e+00,7.363643040621075109e+00,1.220371462513255789e+00
9.339979213245696243e+00,7.464244745788573887e+00,1.267701965330016778e+00
9.472774052126341715e+00,7.563457646534714307e+00,1.314520917334180750e+00
9.606583198953956071e+00,7.661290942663542936e+00,1.360781424353994629e+00
9.741379935301310411e+00,7.757759015309953377e+00,1.406454965759381670e+00
9.877135442402613208e+00,7.852873889610307856e+00,1.451513055534418228e+00
1.001382117988148224e+01,7.946647090044655748e+00,1.495932854883026852e+00
1.015909071598935576e+01,8.044194688379686653e+00,1.542107789031838205e+00
1.030533552565727540e+01,8.140274009831383495e+00,1.587549774647315726e+00
1.045282378383944000e+01,8.235088286651825129e+00,1.632334266083630636e+00
1.060123220713608028e+01,8.328455737829580485e+00,1.676403068637759342e+00
1.074235641539441666e+01,8.415405860038353225e+00,1.717246237269428821e+00
1.088425508495952876e+01,8.501086305741358373e+00,1.757854375910934630e+00
1.102690608463750799e+01,8.585508296873600287e+00,1.797828425682204356e+00
1.117028797837803999e+01,8.668682918623900946e+00,1.836531698218266895e+00
1.131437994982565165e+01,8.750621085569623148e+00,1.874865173980411415e+00
1.145916200483112135e+01,8.831333664848854070e+00,1.912500963280770350e+00
1.160461478491123621e+01,8.910831374129870142e+00,1.949501662360176413e+00
1.175071939345905747e+01,8.989124697504738748e+00,1.985838301298382680e+00
1.189745755326312526e+01,9.066223983297842182e+00,2.021508573299810152e+00
1.204481164967303819e+01,9.142139472285405688e+00,2.056511669792050689e+00
1.219276465159123646e+01,9.216881261195068120e+00,2.090842352397066950e+00
1.234129988764059149e+01,9.290459198959254650e+00,2.124513210214661552e+00
1.249964743813844770e+01,9.367327628438008702e+00,2.159521386264477982e+00
1.265861473641724011e+01,9.442906095016299517e+00,2.193767313960387710e+00
1.282610746178838212e+01,9.520855138510780691e+00,2.228883091194161281e+00
1.299424278701152957e+01,9.597408282833395532e+00,2.263130014225792852e+00
1.314759064270321609e+01,9.665781979423229586e+00,2.293503924090965373e+00
1.330143890192956846e+01,9.733022170143078355e+00,2.323230943115558222e+00
1.345380343906023590e+01,9.798302107580237674e+00,2.352268863544648259e+00
1.360662935507330573e+01,9.862494508238576429e+00,2.380038185567576292e+00
1.375990417951469880e+01,9.925607716440900674e+00,2.407283251939044355e+00
1.391361567413489908e+01,9.987649860128081869e+00,2.433867297269546981e+00
1.406775197138975564e+01,1.004862891616269316e+01,2.459984527200433924e+00
1.422230158590922500e+01,1.010855271946314815e+01,2.485041413255195231e+00
1.437725326642439683e+01,1.016742891100553159e+01,2.509527992453645773e+00
1.453259616739316229e+01,1.022526500985895836e+01,2.533307221023321620e+00
1.468831973254670764e+01,1.028206837276688823e+01,2.556403834263965003e+00
1.484441358560672342e+01,1.033784616101074327e+01,2.578802508377711966e+00
1.500329389313577799e+01,1.039344563293011170e+01,2.600820636318458945e+00
1.516253542069893356e+01,1.044800194459968523e+01,2.622141187347394542e+00
1.533973494213893396e+01,1.050735649172866815e+01,2.644929367621607685e+00
1.551735406120149818e+01,1.056544335841045879e+01,2.666806786481212832e+00
1.569345790389752437e+01,1.062166553403231717e+01,2.687585015735840521e+00
1.586994751046560737e+01,1.067666478605583968e+01,2.707468917671478792e+00
1.603014654949096851e+01,1.072543810142507859e+01,2.724749941693493049e+00
1.619064383092067416e+01,1.077322086467502693e+01,2.741334333812960988e+00
1.634979832969321834e+01,1.081954915801429173e+01,2.757056979007147302e+00
1.650922889547660333e+01,1.086491832358681542e+01,2.772093401547145231e+00
1.666892775720223696e+01,1.090933383404790646e+01,2.786447917751463166e+00
1.682888733927808289e+01,1.095280103164867569e+01,2.800125055680676489e+00
1.698910024850424350e+01,1.099532512760466574e+01,2.813133482659401885e+00
1.714955920212029383e+01,1.103691118657909875e+01,2.825478865234135384e+00
1.731025706190105140e+01,1.107756414003297785e+01,2.837168114753957582e+00
1.747118691145323766e+01,1.111728880851719303e+01,2.848211076125654717e+00
1.763234197559026839e+01,1.115608988332051155e+01,2.858614354494420251e+00
1.779371555096144064e+01,1.119397191341108133e+01,2.868399565088022296e+00
1.795833282359468441e+01,1.123162376576178367e+01,2.877717862832617435e+00
1.812316332012626674e+01,1.126833094207848696e+01,2.886443153756212965e+00
1.830695516902509468e+01,1.130810038514876226e+01,2.895413312800100947e+00
1.849099420184784037e+01,1.134670981681754753e+01,2.903634209070585115e+00
1.867837612936699188e+01,1.138478571558408348e+01,2.911291454186037519e+00
1.886599547886557815e+01,1.142167395229319027e+01,2.918179662674690533e+00
1.903372706978009177e+01,1.145361477595457167e+01,2.923759124753686045e+00
1.920163469725064331e+01,1.148461690844383298e+01,2.928810991262507102e+00
1.936480235782481785e+01,1.151381939723323633e+01,2.933212513397096100e+00
1.952812469569764531e+01,1.154214403980038739e+01,2.937144475239271024e+00
1.969159636619600207e+01,1.156959404256786250e+01,2.940621107836647319e+00
1.985521200302046196e+01,1.159617248611836615e+01,2.943664040024637440e+00
2.001896634562773869e+01,1.162188234944081167e+01,2.946285924368651443e+00
2.018285426396299442e+01,1.164672651455338404e+01,2.948515868796038220e+00
2.034687067716954445e+01,1.167070775496522650e+01,2.950371116443501140e+00
2.051101056939708300e+01,1.169382874002764972e+01,2.951882365968532262e+00
2.067526899687075215e+01,1.171609203745882510e+01,2.953105675376086481e+00
2.083964107523983955e+01,1.173750011297893359e+01,2.954023828049851641e+00
2.100482109044294532e+01,1.175814085529795072e+01,2.954657100656184809e+00
2.117010603902247112e+01,1.177792377327856244e+01,2.955059407009307915e+00
2.135061448935971740e+01,1.179853866977187415e+01,2.955202439911063017e+00
2.153123613224032695e+01,1.181813706988968882e+01,2.955106890026025557e+00
2.172794544812757422e+01,1.183831564216148813e+01,2.954754783949617991e+00
2.192477396922782162e+01,1.185729625797879372e+01,2.954137808848197100e+00
2.210428745413864604e+01,1.187355656855294228e+01,2.953437878210440903e+00
2.228388793443136251e+01,1.188882604334918902e+01,2.952614560972081303e+00
2.244951779354281740e+01,1.190202565050319983e+01,2.951775698564316652e+00
2.261521236673889845e+01,1.191438641558716860e+01,2.950889935868868719e+00
2.278057351758981497e+01,1.192588330448119827e+01,2.949963074970447963e+00
2.294599043023435314e+01,1.193654791333875664e+01,2.949014023058150968e+00
2.311145883276648050e+01,1.194638139410754896e+01,2.948058392718647891e+00
2.327697447644113282e+01,1.195538480753585731e+01,2.947116266596021550e+00
2.344253313622014900e+01,1.196355912379597264e+01,2.946201845395702179e+00
2.360813061277791647e+01,1.197090522304846161e+01,2.945332613578719894e+00
2.377376272490190345e+01,1.197742389549011044e+01,2.944522884978475030e+00
2.393942530823480297e+01,1.198311584173111832e+01,2.943785956576708607e+00
2.410511421474485871e+01,1.198798167312935270e+01,2.943135129440991982e+00
2.427082530853972031e+01,1.199202191196130052e+01,2.942587420628448136e+00
2.444254739583340452e+01,1.199533779323778404e+01,2.942124912274888704e+00
2.461428429865623713e+01,1.199776814341672271e+01,2.941800965730045903e+00
2.480713892062988180e+01,1.199944205609006609e+01,2.941581752427371743e+00
2.500000000000018829e+01,1.199999999999999112e+01,2.941494028958609785e+00
2.519286107937048413e+01,1.199944205609006076e+01,2.941583387568266428e+00
2.538571570134410393e+01,1.199776814341671916e+01,2.941803962216810397e+00
2.555745260416696496e+01,1.199533779323777871e+01,2.942126547735605779e+00
2.572917469146057456e+01,1.199202191196129341e+01,2.942587192493427928e+00
2.589488578525553919e+01,1.198798167312933849e+01,2.943128684988995047e+00
2.606057469176551322e+01,1.198311584173110766e+01,2.943772406467688896e+00
2.622623727509841274e+01,1.197742389549009623e+01,2.944497975500633746e+00
2.639186938722238196e+01,1.197090522304844384e+01,2.945296080402833638e+00
2.655746686378015298e+01,1.196355912379595487e+01,2.946154281460195090e+00
2.672302552355917626e+01,1.195538480753583954e+01,2.947057835105232115e+00
2.688854116723382504e+01,1.194638139410752942e+01,2.947992537551915593e+00
2.705400956976594884e+01,1.193654791333873888e+01,2.948941133394799241e+00
2.721942648241049767e+01,1.192588330448117695e+01,2.949888035070712622e+00
2.738478763326140708e+01,1.191438641558714551e+01,2.950813471307171643e+00
2.755048220645748103e+01,1.190202565050317851e+01,2.951700126589736239e+00
2.771611206556893947e+01,1.188882604334916415e+01,2.952540566853318449e+00
2.789571254586169502e+01,1.187355656855291031e+01,2.953365273096297372e+00
2.807522603077254075e+01,1.185729625797875819e+01,2.954066872613602346e+00
2.827205455187278105e+01,1.183831564216145438e+01,2.954683302897932684e+00
2.846876386776001411e+01,1.181813706988964796e+01,2.955033342952941400e+00
2.864938551064061656e+01,1.179853866977182975e+01,2.955128327015887013e+00
2.882989396097784862e+01,1.177792377327852336e+01,2.954984188436673431e+00
2.899517890955736732e+01,1.175814085529791164e+01,2.954588658862345785e+00
2.916035892476045177e+01,1.173750011297889273e+01,2.953962316178083025e+00
2.932473100312953562e+01,1.171609203745878425e+01,2.953054143880691207e+00
2.948898943060319411e+01,1.169382874002760708e+01,2.951847394799223867e+00
2.965312932283072556e+01,1.167070775496518387e+01,2.950316897537188510e+00
2.981714573603726492e+01,1.164672651455334140e+01,2.948439060341292439e+00
2.998103365437251711e+01,1.162188234944076726e+01,2.946194194195418170e+00
3.014478799697978317e+01,1.159617248611832352e+01,2.943557983606725603e+00
3.030840363380424662e+01,1.156959404256782165e+01,2.940510584563622576e+00
3.047187530430260338e+01,1.154214403980034120e+01,2.937029615856892040e+00
3.063519764217544505e+01,1.151381939723318482e+01,2.933096836358817239e+00
3.079836530274961959e+01,1.148461690844378147e+01,2.928696492004147611e+00
3.096627293022018179e+01,1.145361477595452016e+01,2.923652253008987678e+00
3.113400452113470607e+01,1.142167395229312987e+01,2.918084290667433134e+00
3.132162387063327813e+01,1.138478571558401953e+01,2.911205394231754617e+00
3.150900579815241187e+01,1.134670981681749069e+01,2.903567187296153040e+00
3.169304483097515757e+01,1.130810038514870364e+01,2.895341428557277830e+00
3.187683667987397840e+01,1.126833094207842478e+01,2.886357225829338624e+00
3.204166717640552520e+01,1.123162376576172328e+01,2.877619762402601200e+00
3.220628444903875476e+01,1.119397191341102804e+01,2.868286714905234014e+00
3.236765802440992701e+01,1.115608988332045648e+01,2.858492147228999247e+00
3.252881308854694709e+01,1.111728880851713619e+01,2.848078247961088660e+00
3.268974293809915821e+01,1.107756414003291745e+01,2.837027594708457112e+00
3.285044079787991933e+01,1.103691118657903480e+01,2.825330672192546189e+00
3.301089975149596967e+01,1.099532512760460357e+01,2.812980360435692440e+00
3.317111266072211606e+01,1.095280103164860996e+01,2.799966573109301304e+00
3.333107224279796554e+01,1.090933383404784074e+01,2.786285803053885068e+00
3.349077110452360984e+01,1.086491832358674792e+01,2.771928210320110164e+00
3.365020167030699128e+01,1.081954915801422423e+01,2.756891167477864446e+00
3.380935616907952124e+01,1.077322086467495765e+01,2.741168149715118130e+00
3.396985345050925531e+01,1.072543810142500043e+01,2.724582986406202778e+00
3.413005248953464132e+01,1.067666478605575442e+01,2.707305974807992843e+00
3.430654209610273853e+01,1.062166553403222657e+01,2.687421790236547814e+00
3.448264593879876827e+01,1.056544335841035931e+01,2.666644810633004958e+00
3.466026505786133782e+01,1.050735649172856689e+01,2.644771319740911064e+00
3.483746457930132578e+01,1.044800194459958753e+01,2.621983532268174599e+00
3.499670610686447247e+01,1.039344563293001400e+01,2.600676304452690157e+00
3.515558641439352527e+01,1.033784616101064557e+01,2.578670969732386631e+00
3.531168026745353927e+01,1.028206837276678876e+01,2.556283881338388131e+00
3.546740383260707574e+01,1.022526500985886067e+01,2.533200138812285562e+00
3.562274673357584476e+01,1.016742891100543034e+01,2.509411316723383578e+00
3.577769841409102014e+01,1.010855271946303979e+01,2.484919358549602553e+00
3.593224802861049483e+01,1.004862891616258480e+01,2.459726682185032320e+00
3.608638432586535316e+01,9.987649860127969959e+00,2.433828576731688287e+00
3.624009582048554279e+01,9.925607716440788764e+00,2.407241759552533722e+00
3.639337064492693230e+01,9.862494508238462743e+00,2.379963686257083211e+00
3.654619656094000391e+01,9.798302107580118658e+00,2.351996107740696562e+00
3.669856109807069089e+01,9.733022170142957563e+00,2.323340178155604896e+00
3.685240935729704148e+01,9.665781979423103465e+00,2.293610547418146961e+00
3.700575721298872622e+01,9.597408282833264082e+00,2.263191105274642290e+00
3.717389253821190920e+01,9.520855138510635030e+00,2.228927508456200357e+00
3.734138526358307075e+01,9.442906095016139645e+00,2.193789801446991206e+00
3.750035256186184540e+01,9.367327628437854159e+00,2.159530710817971322e+00
3.765870011235967496e+01,9.290459198959105436e+00,2.124511461435648396e+00
3.780723534840903000e+01,9.216881261194917130e+00,2.090829407488565383e+00
3.795518835032722649e+01,9.142139472285256474e+00,2.056489495023818836e+00
3.810254244673713941e+01,9.066223983297692968e+00,2.021479287556008142e+00
3.824928060654119122e+01,8.989124697504587758e+00,1.985800553758685361e+00
3.839538521508902136e+01,8.910831374129713822e+00,1.949457051236808125e+00
3.854083799516914155e+01,8.831333664848692422e+00,1.912446711065215688e+00
3.868562005017460592e+01,8.750621085569461499e+00,1.874773422569534498e+00
3.882971202162221402e+01,8.668682918623730416e+00,1.836434596165443800e+00
3.897309391536276024e+01,8.585508296873429757e+00,1.797433884967983175e+00
3.911574491504074302e+01,8.501086305741177185e+00,1.757768852913774937e+00
3.925764358460584447e+01,8.415405860038175589e+00,1.717439663607181144e+00
3.939876779286416308e+01,8.328455737829404626e+00,1.676454782818916245e+00
3.954717621616082823e+01,8.235088286651638612e+00,1.632392851740712469e+00
3.969466447434300704e+01,8.140274009831184543e+00,1.587582000978847052e+00
3.984090928401091247e+01,8.044194688379491254e+00,1.542134168567652397e+00
3.998617882011876645e+01,7.946647090044463013e+00,1.495953670319640327e+00
4.012286455759764436e+01,7.852873889610110680e+00,1.451534271496189188e+00
4.025862006469894538e+01,7.757759015309752648e+00,1.406488406240012479e+00
4.039341680104629972e+01,7.661290942663339543e+00,1.360824606519223323e+00
4.052722594787390875e+01,7.563457646534503809e+00,1.314565096897630569e+00
4.066002078675454356e+01,7.464244745788363389e+00,1.267743429779330189e+00
4.079176659337914401e+01,7.363643040620866387e+00,1.220407622810851578e+00
4.092242471198989762e+01,7.261645878501966855e+00,1.172628533248516680e+00
4.105196820758838783e+01,7.158236793968570488e+00,1.124496963809715755e+00
4.118036540380910537e+01,7.053401955348772567e+00,1.076142918997493370e+00
4.130757762940789490e+01,6.947132377456207486e+00,1.027750041330057984e+00
4.143357027388373837e+01,6.839414923748716291e+00,9.795684969760860561e-01
4.155830270367823687e+01,6.730240721282554794e+00,9.319397237808042522e-01
4.168758949182198847e+01,6.614285184574018928e+00,8.831786899536547830e-01
4.181540255278994067e+01,6.496707267188887691e+00,8.363281714335437655e-01
4.193664424081114106e+01,6.382321636338238235e+00,7.940884213661627555e-01
4.205643901698267939e+01,6.266421602603984731e+00,7.557814521735235491e-01
4.217408877270582934e+01,6.149653887642675620e+00,7.231754914880742513e-01
4.229021548424869792e+01,6.031371441303246428e+00,6.980155443094427925e-01
4.240477095788963169e+01,5.911566733550785102e+00,6.825945988535409015e-01
4.251770553319447998e+01,5.790232933727544662e+00,6.793950839889775217e-01
4.262896803225952880e+01,5.667364025922918991e+00,6.907145834400202355e-01
4.273850565475482455e+01,5.542955003339186781e+00,7.184104459583263713e-01
4.284626410974214394e+01,5.417001812545226613e+00,7.635513382356292622e-01
4.295218750110293371e+01,5.289501584562326109e+00,8.265832503942729392e-01
4.305621836541970993e+01,5.160452712941038911e+00,9.073815091633112839e-01
4.315829778790581628e+01,5.029854840893943191e+00,1.005724930386161065e+00
4.325997388261622234e+01,4.895549751582772835e+00,1.123412748665362670e+00
4.335950712981205157e+01,4.759649069221008055e+00,1.259274823566896018e+00
4.345533096658968475e+01,4.624313268898268880e+00,1.411137258847421805e+00
4.354894885888102607e+01,4.487442327542675358e+00,1.581855215852073338e+00
4.364025847430256277e+01,4.349100486770638874e+00,1.772582907691173215e+00
4.372923043516689035e+01,4.209243854935230900e+00,1.985115926201248771e+00
4.381579626860045806e+01,4.067885431064562241e+00,2.221469170626432899e+00
4.389988655856024735e+01,3.925040599341497405e+00,2.484289602477759651e+00
4.398143102997619991e+01,3.780727361174321732e+00,2.776539090539015486e+00
4.406035867102702497e+01,3.634966552727732836e+00,3.101986355044895838e+00
4.413659798408941271e+01,3.487781864498366247e+00,3.464810802546709034e+00
4.421007714085737206e+01,3.339200060977332019e+00,3.870306265183021566e+00
4.428072422222399496e+01,3.189251079478669926e+00,4.324410853518236841e+00
4.434846747243111764e+01,3.037968125010275244e+00,4.834685532546153297e+00
4.441337122231957579e+01,2.885059167918195389e+00,5.411080912975803514e+00
4.447521591450048106e+01,2.730887663396484921e+00,6.063914566860151290e+00
4.453380917701230857e+01,2.575831448869420282e+00,6.804870202664816681e+00
4.458921836350346979e+01,2.419609184664276214e+00,7.652782925283530879e+00
4.464137682997102274e+01,2.262271831656702759e+00,8.629105593223046711e+00
4.469021994894676908e+01,2.103874000589212923e+00,9.764197795810289904e+00
4.473568547276037322e+01,1.944473916332834174e+00,1.109424558877468137e+01
4.477771389575163141e+01,1.784133375284739476e+00,1.268340149909550441e+01
4.481624882766974594e+01,1.622917639301372006e+00,1.457679076436800258e+01
4.485123736024038976e+01,1.460895306400256333e+00,1.697658989516247274e+01
4.488263042328964048e+01,1.298138159948903914e+00,1.978967667921225981e+01
4.491038313382551905e+01,1.134720955626967953e+00,2.407655328067561840e+01
4.493490408289164151e+01,9.673963583387658050e-01,2.802335740705596834e+01
4.495555611905012228e+01,7.995503690190934876e-01,3.965202261760747149e+01
4.497397361421637640e+01,6.119935466092798482e-01,4.209996884845136833e+01
4.498751039187441592e+01,4.240214623056924870e-01,1.017178712989925202e+02
4.499687562220193371e+01,2.121026309748297034e-01,1.063670993266477183e+02
4.499999999999997868e+01,-4.092258581067698700e-17,8.552289046293913088e+02
