x,y,stress
8.999999999999994671e+00,3.280997723566414301e-16,1.115325820637672223e+03
9.006006319561523199e+00,1.643878488727247289e-01,1.460385262445501269e+02
9.023912150191963022e+00,3.279089321210759134e-01,1.305189250257349727e+02
9.053386940992497856e+00,4.897350609740496741e-01,5.248226588893895439e+01
9.093920242393846110e+00,6.491537845299005793e-01,4.789462800253865282e+01
9.144862056368676662e+00,8.055608207155496858e-01,3.235714363560312989e+01
9.205473085698935520e+00,9.584841220383445437e-01,2.705684687481578621e+01
9.274971289873743530e+00,1.107582168166221237e+00,2.171644328562372550e+01
9.352570646192114978e+00,1.252632175899534461e+00,1.826590582107168714e+01
9.437510067298349625e+00,1.393512669541431492e+00,1.527808358276514511e+01
9.529072621197117954e+00,1.530184090019216958e+00,1.328831634909951909e+01
9.626596520027563386e+00,1.662670052288563793e+00,1.159181541344121058e+01
9.729479837919287277e+00,1.791040749359237294e+00,1.022928815197517238e+01
9.837180798144405713e+00,1.915399047304482183e+00,9.099137422344835358e+00
9.949215414991440909e+00,2.035869556161062910e+00,8.156267071498831456e+00
1.006515335186240456e+01,2.152590011073579834e+00,7.361047769581849032e+00
1.018461300355440180e+01,2.265704820352394844e+00,6.685487127818320552e+00
1.030725660679811639e+01,2.375360578659922783e+00,6.107288663407859808e+00
1.043278517272052319e+01,2.481702633724356399e+00,5.609889078427625186e+00
1.056093394818833353e+01,2.584872893280914408e+00,5.179561650527286787e+00
1.069146837570663067e+01,2.685008452062378037e+00,4.806029589872714780e+00
1.082418020694960781e+01,2.782240550445156391e+00,4.480339565598125517e+00
1.095888417787208091e+01,2.876694061294314597e+00,4.195839649740014110e+00
1.109541502915446820e+01,2.968487228099184083e+00,3.946226747199197415e+00
1.123362545070883556e+01,3.057731966664735790e+00,3.727092466346256572e+00
1.137338365001112983e+01,3.144533803016217988e+00,3.534242164866054470e+00
1.151457087774180188e+01,3.228991745927035417e+00,3.364961239352797673e+00
1.165708048023222432e+01,3.311199009141650329e+00,3.216221503973756946e+00
1.180081633291743337e+01,3.391243214846667353e+00,3.085333425067201762e+00
1.194569145759242268e+01,3.469206628315358198e+00,2.970407838672739054e+00
1.209162712807818174e+01,3.545166577968553945e+00,2.869452489194406652e+00
1.223855186069694057e+01,3.619195724904972877e+00,2.780324906889794168e+00
1.238640045740354800e+01,3.691362297671873627e+00,2.703590911041509948e+00
1.253511334985910963e+01,3.761730417956474337e+00,2.630986606657702342e+00
1.268463634546833596e+01,3.830360546243014142e+00,2.570957110174098670e+00
1.283491978374004105e+01,3.897309588813411718e+00,2.517158537149563724e+00
1.298591783835173707e+01,3.962631047356834468e+00,2.470279651018143507e+00
1.313758844114873092e+01,4.026375401795729836e+00,2.428961039112451203e+00
1.328989286456954666e+01,4.088590293981737567e+00,2.392949363301929644e+00
1.344279527387649864e+01,4.149320671556929518e+00,2.361581145802892578e+00
1.359626262387596896e+01,4.208609042611953122e+00,2.334768632601509797e+00
1.375026428740108031e+01,4.266495593520827079e+00,2.309795843442185692e+00
1.390477175508588381e+01,4.323018317209307071e+00,2.289179098350085706e+00
1.405975852994881237e+01,4.378213193602695341e+00,2.271003390844832381e+00
1.421519999909852316e+01,4.432114338243724916e+00,2.255364527771382743e+00
1.437107319101612468e+01,4.484754093738331449e+00,2.241775897526991468e+00
1.452735662931449134e+01,4.536163142379270319e+00,2.230053131249434273e+00
1.468403026417426993e+01,4.586370630203125742e+00,2.219936204973902871e+00
1.484107526376005026e+01,4.635404233031334975e+00,2.211248640953978217e+00
1.499862434037036607e+01,4.683335423730331293e+00,2.203733095098331596e+00
1.515651120897778448e+01,4.730141970301306564e+00,2.197336719415390771e+00
1.531568272482079784e+01,4.776122234327156768e+00,2.191752413650794651e+00
1.547516536915381025e+01,4.821011510978689962e+00,2.187427890446227874e+00
1.563382744827492310e+01,4.864529309164012716e+00,2.183347686426208689e+00
1.579276937215616528e+01,4.907013694529573478e+00,2.179998062972740236e+00
1.595197880199073204e+01,4.948484319092333550e+00,2.177181868471152359e+00
1.611144410326576804e+01,4.988959947091427871e+00,2.174857492817098059e+00
1.627115420777625232e+01,5.028458480582357559e+00,2.172916980113229091e+00
1.643109868149520736e+01,5.066997033104799542e+00,2.171311266635673753e+00
1.659126761460717603e+01,5.104591953938405702e+00,2.169979239273725824e+00
1.675165154751852015e+01,5.141258859489718169e+00,2.168877718518305020e+00
1.691224150375641599e+01,5.177012686141312159e+00,2.167963364935802772e+00
1.707302893850722114e+01,5.211867719614030392e+00,2.167203149347681101e+00
1.723674024137882199e+01,5.246406778217290068e+00,2.166553554203168641e+00
1.740063919434031803e+01,5.280044149478993809e+00,2.166001886147775668e+00
1.756506789059684692e+01,5.312861841731778334e+00,2.165522655401527441e+00
1.772966971852308760e+01,5.344799865266469219e+00,2.165094636315713750e+00
1.789134082951500204e+01,5.375294589573839765e+00,2.164708544247697652e+00
1.805316525573458719e+01,5.404964996595146509e+00,2.164341209359595730e+00
1.821513682285637614e+01,5.433821579076167474e+00,2.163977722237588885e+00
1.837724954005857469e+01,5.461874373652712222e+00,2.163609650151669062e+00
1.853949768335127146e+01,5.489132997838185979e+00,2.163226231897022789e+00
1.870187575740666475e+01,5.515606663175924851e+00,2.162824310667911920e+00
1.886437845585915341e+01,5.541304187649092050e+00,2.162409886960340089e+00
1.902700070035366053e+01,5.566234019595600380e+00,2.161965995925176465e+00
1.918973758502812998e+01,5.590404245253766113e+00,2.161494411009923677e+00
1.935258436878608634e+01,5.613822603342137008e+00,2.160991118795430044e+00
1.951678772484588364e+01,5.636667688435240464e+00,2.160447746271477953e+00
1.968109350741287145e+01,5.658764086999293674e+00,2.159873227165777010e+00
1.985411386606749318e+01,5.681217275853785331e+00,2.159230868598056130e+00
2.002723789339705363e+01,5.702856648864950806e+00,2.158545355873706217e+00
2.019081059952383583e+01,5.722550343532822659e+00,2.157870908167820900e+00
2.035446760316651194e+01,5.741530799182790190e+00,2.157171645320493880e+00
2.051797456320420565e+01,5.759778413510200146e+00,2.156449784061620800e+00
2.068155815970233036e+01,5.777325750087169531e+00,2.155706183039608259e+00
2.084521483572919465e+01,5.794177899717520397e+00,2.154945904940462675e+00
2.100894112890265575e+01,5.810339708478372778e+00,2.154170794874198602e+00
2.117273366416560521e+01,5.825815784548033172e+00,2.153385613942180310e+00
2.133658915020446400e+01,5.840610504945098036e+00,2.152593258909897500e+00
2.150050437262854430e+01,5.854728021525198223e+00,2.151796801549469951e+00
2.166447619075998787e+01,5.868172266906683809e+00,2.151001603257605588e+00
2.182850153379603242e+01,5.880946959926222739e+00,2.150208486281322884e+00
2.199257739103761011e+01,5.893055610287092350e+00,2.149427888803873365e+00
2.216258874120986633e+01,5.904899814106207678e+00,2.148631002823913061e+00
2.233264791549973438e+01,5.916036331071629739e+00,2.147853208513824885e+00
2.250660917981641163e+01,5.926696777031999375e+00,2.147084328600656011e+00
2.268061384637656985e+01,5.936623660109519918e+00,2.146339220048575136e+00
2.284490569377739178e+01,5.945323946154001504e+00,2.145668894442399832e+00
2.300923061064640862e+01,5.953375532977215556e+00,2.145035785669771489e+00
2.317358593892983976e+01,5.960780550158841784e+00,2.144440858725781052e+00
2.333796904464930932e+01,5.967540948135461321e+00,2.143886028219191608e+00
2.350237733051845268e+01,5.973658501416203137e+00,2.143375571589085649e+00
2.366680822521682970e+01,5.979134810458641702e+00,2.142910530046840734e+00
2.383125917970609109e+01,5.983971303687571464e+00,2.142495412870085936e+00
2.399572767384998428e+01,5.988169239548461142e+00,2.142130350551468165e+00
2.416021120571651082e+01,5.991729707778674197e+00,2.141818886463624949e+00
2.432470728457018083e+01,5.994653630705530034e+00,2.141561279627365533e+00
2.448921343513074333e+01,5.996941764566256161e+00,2.141359822057800510e+00
2.465372719440007643e+01,5.998594700397694268e+00,2.141218060321879779e+00
2.482686217125959161e+01,5.999648700171860582e+00,2.141130859660481889e+00
2.499999999999995381e+01,5.999999999999995559e+00,2.141103382760952023e+00
2.517313782874034445e+01,5.999648700171858806e+00,2.141141589259537348e+00
2.534627280559985252e+01,5.998594700397695156e+00,2.141239422108081936e+00
2.551078656486917495e+01,5.996941764566257937e+00,2.141388694741153120e+00
2.567529271542973035e+01,5.994653630705530922e+00,2.141596832938106321e+00
2.583978879428341457e+01,5.991729707778673308e+00,2.141855769969483347e+00
2.600427232614994466e+01,5.988169239548462031e+00,2.142167816642536859e+00
2.616874082029382720e+01,5.983971303687575016e+00,2.142529937425099451e+00
2.633319177478308504e+01,5.979134810458644367e+00,2.142941651990555307e+00
2.649762266948146916e+01,5.973658501416203137e+00,2.143401667297524682e+00
2.666203095535062317e+01,5.967540948135463097e+00,2.143906952394631471e+00
2.682641406107008919e+01,5.960780550158844449e+00,2.144456530791197579e+00
2.699076938935350611e+01,5.953375532977218221e+00,2.145045984961243768e+00
2.715509430622253007e+01,5.945323946154002392e+00,2.145673397590093234e+00
2.731938615362335909e+01,5.936623660109522582e+00,2.146337920114494757e+00
2.749339082018350311e+01,5.926696777032003816e+00,2.147077406533958843e+00
2.766735208450017680e+01,5.916036331071633292e+00,2.147840359549396894e+00
2.783741125879005551e+01,5.904899814106209455e+00,2.148613393121221460e+00
2.800742260896231883e+01,5.893055610287096791e+00,2.149405227144802311e+00
2.817149846620388587e+01,5.880946959926228068e+00,2.150183579497049635e+00
2.833552380923992331e+01,5.868172266906688250e+00,2.150974776206695971e+00
2.849949562737137398e+01,5.854728021525200887e+00,2.151772280159334638e+00
2.866341084979545784e+01,5.840610504945102477e+00,2.152571351929097432e+00
2.882726633583432374e+01,5.825815784548038501e+00,2.153368555156177422e+00
2.899105887109728030e+01,5.810339708478375442e+00,2.154159012963258846e+00
2.915478516427072009e+01,5.794177899717523950e+00,2.154940097030288992e+00
2.931844184029757017e+01,5.777325750087176637e+00,2.155706522410010706e+00
2.948202543679569132e+01,5.759778413510209916e+00,2.156456184035500989e+00
2.964553239683338148e+01,5.741530799182799072e+00,2.157184485108493810e+00
2.980918940047605048e+01,5.722550343532831540e+00,2.157890285304250089e+00
2.997276210660281848e+01,5.702856648864963240e+00,2.158571652245212302e+00
3.014588613393240024e+01,5.681217275853797766e+00,2.159263763158036475e+00
3.031890649258703618e+01,5.658764086999301668e+00,2.159913635793157205e+00
3.048321227515403820e+01,5.636667688435244905e+00,2.160495343767927512e+00
3.064741563121386392e+01,5.613822603342142337e+00,2.161047279179470593e+00
3.081026241497182028e+01,5.590404245253772331e+00,2.161557513965633781e+00
3.097299929964628973e+01,5.566234019595603044e+00,2.162037194789053096e+00
3.113562154414080396e+01,5.541304187649092938e+00,2.162483031083889173e+00
3.129812424259329617e+01,5.515606663175928404e+00,2.162902382629173559e+00
3.146050231664868946e+01,5.489132997838190420e+00,2.163296349297868737e+00
3.162275045994138623e+01,5.461874373652713111e+00,2.163670925171913506e+00
3.178486317714358478e+01,5.433821579076167474e+00,2.164060929182222370e+00
3.194683474426536662e+01,5.404964996595147397e+00,2.164347413124211084e+00
3.210865917048495533e+01,5.375294589573842430e+00,2.164713953475253749e+00
3.227033028147687332e+01,5.344799865266469219e+00,2.165106804133683838e+00
3.243493210940314242e+01,5.312861841731772117e+00,2.165542229816150410e+00
3.259936080565970684e+01,5.280044149478983151e+00,2.166025132233796224e+00
3.276325975862120288e+01,5.246406778217278521e+00,2.166581880186515097e+00
3.292697106149280728e+01,5.211867719614016181e+00,2.167235931226274115e+00
3.308775849624360887e+01,5.177012686141296172e+00,2.168000817532013791e+00
3.324834845248152249e+01,5.141258859489701294e+00,2.168919200689086946e+00
3.340873238539285239e+01,5.104591953938391491e+00,2.170025285137349602e+00
3.356890131850481396e+01,5.066997033104784443e+00,2.171359668437078394e+00
3.372884579222375834e+01,5.028458480582343348e+00,2.172967589576376479e+00
3.388855589673425328e+01,4.988959947091415437e+00,2.174901576100536804e+00
3.404802119800928040e+01,4.948484319092322892e+00,2.177219541030343652e+00
3.420723062784384183e+01,4.907013694529561043e+00,2.179989766113617389e+00
3.436617255172508578e+01,4.864529309164001170e+00,2.183287122714273831e+00
3.452483463084620752e+01,4.821011510978675751e+00,2.187198609868210131e+00
3.468431727517921814e+01,4.776122234327143445e+00,2.191857187029611076e+00
3.484348879102222440e+01,4.730141970301293242e+00,2.197351619074695783e+00
3.500137565962963038e+01,4.683335423730319746e+00,2.203764986118720515e+00
3.515892473623995329e+01,4.635404233031326093e+00,2.211270012272806174e+00
3.531596973582572474e+01,4.586370630203119525e+00,2.220017122799169407e+00
3.547264337068548912e+01,4.536163142379264102e+00,2.230192330526134636e+00
3.562892680898386288e+01,4.484754093738323455e+00,2.241995484610600275e+00
3.578480000090146973e+01,4.432114338243717810e+00,2.255657766382869411e+00
3.594024147005118408e+01,4.378213193602688236e+00,2.271433399002408038e+00
3.609522824491411086e+01,4.323018317209294636e+00,2.289616287250513693e+00
3.624973571259890548e+01,4.266495593520817309e+00,2.310525978139498449e+00
3.640373737612402749e+01,4.208609042611944240e+00,2.334540355212209484e+00
3.655720472612348004e+01,4.149320671556925966e+00,2.362068380187682060e+00
3.671010713543043380e+01,4.088590293981731350e+00,2.393587799725011234e+00
3.686241155885123533e+01,4.026375401795729836e+00,2.429612984621848160e+00
3.701408216164823983e+01,3.962631047356834468e+00,2.470756867813764135e+00
3.716508021625991631e+01,3.897309588813417047e+00,2.517677926137909417e+00
3.731536365453162318e+01,3.830360546243016362e+00,2.571152530110526246e+00
3.746488665014084063e+01,3.761730417956479666e+00,2.632009742810808905e+00
3.761359954259642535e+01,3.691362297671874959e+00,2.701250744826614980e+00
3.776144813930300614e+01,3.619195724904984424e+00,2.779949260687946566e+00
3.790837287192177030e+01,3.545166577968560606e+00,2.869381795867703477e+00
3.805430854240750449e+01,3.469206628315376850e+00,2.970916628625972500e+00
3.819918366708252222e+01,3.391243214846678011e+00,3.086230396455070135e+00
3.834291951976769752e+01,3.311199009141676974e+00,3.217137917478229081e+00
3.848542912225813240e+01,3.228991745927052737e+00,3.365835444582270242e+00
3.862661634998877247e+01,3.144533803016255291e+00,3.534714554828243926e+00
3.876637454929110049e+01,3.057731966664759771e+00,3.726771504634290633e+00
3.890458497084542699e+01,2.968487228099235598e+00,3.945313109874629909e+00
3.904111582212784270e+01,2.876694061294340798e+00,4.194474301948799777e+00
3.917581979305027318e+01,2.782240550445217231e+00,4.478875999699589272e+00
3.930853162429330894e+01,2.685008452062402906e+00,4.804486641239124722e+00
3.943906605181153679e+01,2.584872893280991679e+00,5.178112741667727725e+00
3.956721482727940042e+01,2.481702633724389262e+00,5.608596162558179721e+00
3.969274339320173794e+01,2.375360578660020927e+00,6.106265544715603788e+00
3.981538699644553247e+01,2.265704820352427262e+00,6.684859607776579615e+00
3.993484664813744445e+01,2.152590011073698406e+00,7.360945642344856488e+00
4.005078458500850047e+01,2.035869556161089999e+00,8.156923760474821705e+00
4.016281920185542731e+01,1.915399047304628510e+00,9.100858764206146034e+00
4.027052016208065055e+01,1.791040749359277706e+00,1.023209576829355960e+01
4.037340347997228207e+01,1.662670052288728995e+00,1.159957628268758256e+01
4.047092737880282698e+01,1.530184090019249821e+00,1.328871683387153091e+01
4.056248993270151004e+01,1.393512669541600912e+00,1.534634930008295228e+01
4.064742935380782995e+01,1.252632175899582201e+00,1.814671788588712431e+01
4.072502871012616055e+01,1.107582168166354908e+00,2.156843759320315712e+01
4.079452691430102362e+01,9.584841220383613081e-01,2.665302168302105557e+01
4.085513794363126294e+01,8.055608207156172984e-01,3.201184994953518981e+01
4.090607975760612192e+01,6.491537845299203413e-01,4.704242967783837059e+01
4.094661305900746839e+01,4.897350609740787064e-01,5.387591294175756929e+01
4.097608784980799612e+01,3.279089321210932328e-01,1.294640963658365536e+02
4.099399368043844305e+01,1.643878488727320286e-01,1.485290473305470300e+02
4.099999999999997868e+01,-3.211535354067030149e-17,1.115553982598808943e+03
