x,y,stress
5.999999999999997335e+00,-3.398725839795504878e-13,8.497500619096232413e+02
6.002721741859037508e+00,2.200338319948255961e-01,1.199619631627293757e+02
6.010882649034797964e+00,4.399331260092166351e-01,1.047042380307898526e+02
6.022692250030449834e+00,6.351709372250590180e-01,4.694551479521287973e+01
6.038774356391646059e+00,8.301033436590407044e-01,4.260142320084742806e+01
6.056638930963086587e+00,1.003032891046806485e+00,3.081032793141697113e+01
6.077845798253849630e+00,1.175584467995452131e+00,2.651618966901004271e+01
6.101026461794741174e+00,1.338816471149220755e+00,2.213290423520046701e+01
6.127174781850034613e+00,1.501599461361638133e+00,1.922156746086441714e+01
6.156268539060807399e+00,1.663881922794458124e+00,1.671880031404595002e+01
6.188283293036416666e+00,1.825613513348905315e+00,1.472486175473587444e+01
6.223192487099429293e+00,1.986745160666072207e+00,1.303897657991930181e+01
6.260967560933420550e+00,2.147229154956499020e+00,1.161438580944763821e+01
6.301578066537679490e+00,2.307019222098352973e+00,1.038648188883903067e+01
6.344991788628348672e+00,2.466070589540803049e+00,9.323091120784908981e+00
6.391174870274064723e+00,2.624340050124634338e+00,8.392346762862214149e+00
6.440091939374636532e+00,2.781786010324001523e+00,7.572340411548260874e+00
6.491706236922105688e+00,2.938368531141812845e+00,6.845335924299271291e+00
6.545979744455877380e+00,3.094049356572126541e+00,6.196992939918095189e+00
6.603641110411378357e+00,3.250826680849710826e+00,5.608984304191737991e+00
6.663950341370502350e+00,3.406604638089039128e+00,5.080987290090530628e+00
6.726029109107034998e+00,3.559341013861225811e+00,4.611203360943555651e+00
6.790603841921729611e+00,3.711039036367767441e+00,4.186087701803061556e+00
6.857632083462523731e+00,3.861669080096871376e+00,3.801474909389240153e+00
6.927070859806293335e+00,4.011203236700396246e+00,3.449966955861900608e+00
6.998876760913965711e+00,4.159615233704031745e+00,3.113427448870001779e+00
7.073006095127468029e+00,4.306880513138772848e+00,2.826372546856585011e+00
7.149414957942622273e+00,4.452976130724908721e+00,2.558902105968746898e+00
7.228059295643729065e+00,4.597880665748295570e+00,2.316118755576427546e+00
7.308895036547877311e+00,4.741574266108256275e+00,2.094470870397466822e+00
7.391878161748650200e+00,4.884038580415696273e+00,1.892984353676680831e+00
7.477307301563290487e+00,5.025815808902408754e+00,1.709703855691045327e+00
7.564812482951333017e+00,5.166321238540053429e+00,1.544756428340059440e+00
7.656341504717982360e+00,5.308587927972984843e+00,1.394602391141011255e+00
7.749946440946089865e+00,5.449497479552017687e+00,1.263545568324450974e+00
7.843127668924627649e+00,5.585510706509831280e+00,1.154147428115828378e+00
7.938194629221116294e+00,5.720212686065979213e+00,1.063408645024110699e+00
8.035105516693610284e+00,5.853594208929957077e+00,9.919324791753406645e-01
8.133819080153520176e+00,5.985647205048281627e+00,9.399881842639392637e-01
8.234294629410845445e+00,6.116364647990550019e+00,9.074221212747798360e-01
8.336492006321785553e+00,6.245740427096096781e+00,8.933480259994707184e-01
8.440371668042439879e+00,6.373769373753132683e+00,8.961418652679030705e-01
8.545894746017873800e+00,6.500447252705247259e+00,9.135863286132984706e-01
8.653023017863988642e+00,6.625770651710189085e+00,9.431929374464894655e-01
8.761718905117815481e+00,6.749736914361498030e+00,9.824980557074031173e-01
8.872192032096906544e+00,6.872614955809479120e+00,1.029410903277558242e+00
8.984166267108465220e+00,6.994126701642152000e+00,1.081962855825770564e+00
9.103732874937712438e+00,7.120678961212501434e+00,1.141767141142596032e+00
9.224885397428204570e+00,7.245713857227921828e+00,1.204833967907350978e+00
9.341396703344425845e+00,7.363076282015719620e+00,1.266805144644220560e+00
9.459269169425347457e+00,7.479071595606094469e+00,1.330077848468697255e+00
9.578104770165422721e+00,7.593354349656585178e+00,1.393963066212720259e+00
9.698228706667508803e+00,7.706282180860120512e+00,1.458277145799477204e+00
9.819609963469931202e+00,7.817857808771705663e+00,1.522729151821359705e+00
9.942217917888898526e+00,7.928084060768278540e+00,1.587114570756277931e+00
1.006602267043737164e+01,8.036964165015701766e+00,1.651261100195643428e+00
1.019099522806467917e+01,8.144501880013752526e+00,1.715055791860245371e+00
1.031710717159633894e+01,8.250701176288002259e+00,1.778396115778300146e+00
1.044433071455033790e+01,8.355566275362381390e+00,1.841219806533477055e+00
1.057263880270287615e+01,8.459101715402477240e+00,1.903468413892339672e+00
1.070200489026855273e+01,8.561312154671998798e+00,1.965103994522978903e+00
1.083638798121090829e+01,8.665252669969778054e+00,2.027931281863844859e+00
1.097183941193781642e+01,8.767797108830896136e+00,2.090038302808711279e+00
1.111425097582569421e+01,8.873289248306065247e+00,2.154034863729642701e+00
1.125776609213436785e+01,8.977275129718771396e+00,2.217169192844902437e+00
1.139244295349978842e+01,9.072806789490893919e+00,2.275227302389315476e+00
1.152802965333073182e+01,9.167042698276430812e+00,2.332534656782739635e+00
1.166429886701621754e+01,9.259850444862905761e+00,2.388990960750878578e+00
1.180143126501278950e+01,9.351377960851921856e+00,2.444664053031958773e+00
1.193940572848652693e+01,9.441631194380114778e+00,2.499578941439893232e+00
1.207820158158250834e+01,9.530616102972670589e+00,2.553677142230202257e+00
1.221779866012318472e+01,9.618338697214976918e+00,2.606964763176258693e+00
1.235817733227824711e+01,9.704805049526269656e+00,2.659427333790479686e+00
1.249931842044404995e+01,9.790021242166401905e+00,2.711056879129236208e+00
1.264120320421957011e+01,9.873993368174001972e+00,2.761811910037638818e+00
1.278381341390653603e+01,9.956727526263543737e+00,2.811688063043821018e+00
1.292713121939801724e+01,1.003822981322083230e+01,2.860688422587592594e+00
1.307643229557334053e+01,1.012142650737505001e+01,2.910522205565432508e+00
1.322645618252585642e+01,1.020331263766587782e+01,2.959398957802667152e+00
1.338780027415875296e+01,1.028950762709331102e+01,3.010611810950683420e+00
1.354992911445743609e+01,1.037421734390838957e+01,3.060643976670596178e+00
1.369904262079531954e+01,1.045048120549931348e+01,3.105469591604554491e+00
1.384877988346670818e+01,1.052551299507584837e+01,3.149323970188429467e+00
1.399677516703054714e+01,1.059817685590139469e+01,3.191502936382926592e+00
1.414534503901303530e+01,1.066965857589777578e+01,3.232704179405968326e+00
1.429447523286673061e+01,1.073996393840828389e+01,3.272887529744334945e+00
1.444415173416420295e+01,1.080909863332957421e+01,3.312068578358263071e+00
1.459436080047917983e+01,1.087706827042159929e+01,3.350188833472330430e+00
1.474508914981064045e+01,1.094387846494603700e+01,3.387342253230570588e+00
1.489632375484485394e+01,1.100953474330165172e+01,3.423849602474599241e+00
1.504805180204820658e+01,1.107404252897781483e+01,3.458691647910947520e+00
1.520026080131616197e+01,1.113740719225810594e+01,3.492675337022730364e+00
1.535293851357000250e+01,1.119963402033869571e+01,3.525576355825277286e+00
1.550771476904961865e+01,1.126137615825238036e+01,3.557742900632954175e+00
1.566294550594377100e+01,1.132196659556447571e+01,3.588832495097469266e+00
1.583463933634364018e+01,1.138745381689988001e+01,3.621773941114316830e+00
1.600685592522620482e+01,1.145155371535226863e+01,3.653300088626271425e+00
1.617580077214212864e+01,1.151291733280290508e+01,3.682809718261522036e+00
1.634521737708090328e+01,1.157296623987745932e+01,3.710949601025979039e+00
1.650149049456785377e+01,1.162705696994741800e+01,3.735676355986096819e+00
1.665814106984464971e+01,1.168004463911688440e+01,3.759277624514397065e+00
1.681468565186108677e+01,1.173177921303690141e+01,3.781663460984508340e+00
1.697158544836553418e+01,1.178242630107327038e+01,3.802908755232604410e+00
1.712883080048674245e+01,1.183199024478440897e+01,3.823018809712893429e+00
1.728641217031117705e+01,1.188047527800923753e+01,3.841992634010701568e+00
1.744432019440735715e+01,1.192788554635834153e+01,3.859833185272864675e+00
1.760254573710858139e+01,1.197422512397692707e+01,3.876546473345369836e+00
1.776107979711335005e+01,1.201949798639917866e+01,3.892144629838829584e+00
1.791991352905240475e+01,1.206370801885828214e+01,3.906633521551436061e+00
1.807903825169089984e+01,1.210685901984791712e+01,3.920019423416200688e+00
1.823844540865383124e+01,1.214895469175014853e+01,3.932336530066898206e+00
1.840302092259813094e+01,1.219123902449918795e+01,3.943882856445166230e+00
1.856787846210973569e+01,1.223241009905811438e+01,3.954356806778533073e+00
1.875146877740686335e+01,1.227687734121387564e+01,3.964668297492631055e+00
1.893538462377391340e+01,1.231997841685124762e+01,3.973591666225452457e+00
1.911035340555887174e+01,1.235965407607294253e+01,3.980900508548534500e+00
1.928559523923953023e+01,1.239810577982420625e+01,3.987053430127265319e+00
1.944728956749666438e+01,1.243245370581128917e+01,3.991758986498141315e+00
1.960919983619499618e+01,1.246576888961695317e+01,3.995587776707982375e+00
1.977089613011624891e+01,1.249797145748773985e+01,3.998539180239594870e+00
1.993279256045757819e+01,1.252915227518189489e+01,4.000676275898769951e+00
2.009488192805370588e+01,1.255931401323136853e+01,4.002085380058928443e+00
2.025715715358556324e+01,1.258845925910846653e+01,4.002734023596659974e+00
2.041961124004930284e+01,1.261659051082106231e+01,4.002685643931792825e+00
2.058223725859506459e+01,1.264371017563291133e+01,4.001979108885644010e+00
2.074502837191707627e+01,1.266982057507641812e+01,4.000655177039210031e+00
2.090797781507257724e+01,1.269492394250185718e+01,3.998770269219051876e+00
2.107107888324314970e+01,1.271902242221776191e+01,3.996375319559601014e+00
2.123432497479753422e+01,1.274211807660084084e+01,3.993541388568059958e+00
2.140294387616520666e+01,1.276490391137924618e+01,3.990166896175157962e+00
2.157170313243682358e+01,1.278662583837515143e+01,3.986466592417782451e+00
2.176024045834783394e+01,1.280961906152222696e+01,3.981935197015867178e+00
2.194893415367998912e+01,1.283129166457040071e+01,3.977030943126113272e+00
2.213056754684852478e+01,1.285089371414462889e+01,3.972126328267298057e+00
2.231232820571718989e+01,1.286927830909866977e+01,3.967051414776191276e+00
2.247775781484273594e+01,1.288494491228556527e+01,3.962391876266675883e+00
2.264327946056070573e+01,1.289960721583387659e+01,3.957756876425281956e+00
2.280759296249939538e+01,1.291316367418531996e+01,3.953202533648599193e+00
2.297198485732040751e+01,1.292573386357269527e+01,3.948747003458902505e+00
2.313644910995422777e+01,1.293731885288684680e+01,3.944441070898522472e+00
2.330097973372510722e+01,1.294791962805912178e+01,3.940325200620763191e+00
2.346557077218255216e+01,1.295753709088660344e+01,3.936446235306782171e+00
2.363021627940907265e+01,1.296617205832500730e+01,3.932840675944545783e+00
2.379491033834668556e+01,1.297382526402946823e+01,3.929550444389830588e+00
2.395964706134472877e+01,1.298049735846042019e+01,3.926604872681382918e+00
2.412442057422415687e+01,1.298618890834118567e+01,3.924034065065072241e+00
2.428922502277459472e+01,1.299090039715161282e+01,3.921873894819660311e+00
2.445732167685659064e+01,1.299469629080163280e+01,3.920096135392911574e+00
2.462543824451957164e+01,1.299747364009743222e+01,3.918815670961683040e+00
2.481271486211325339e+01,1.299936842732124731e+01,3.917938157271828370e+00
2.499999999999967315e+01,1.299999999999999289e+01,3.917615595098071779e+00
2.518728513788610002e+01,1.299936842732124731e+01,3.917918095333057238e+00
2.537456175547979242e+01,1.299747364009744111e+01,3.918774771346338781e+00
2.554267832314280540e+01,1.299469629080164168e+01,3.920034656355229519e+00
2.571077497722477290e+01,1.299090039715162703e+01,3.921791241512541770e+00
2.587557942577529246e+01,1.298618890834120521e+01,3.923933044571646711e+00
2.604035293865465306e+01,1.298049735846044150e+01,3.926485018561674423e+00
2.620508966165268205e+01,1.297382526402949665e+01,3.929414440450468948e+00
2.636978372059030207e+01,1.296617205832503750e+01,3.932688327000805728e+00
2.653442922781681901e+01,1.295753709088663541e+01,3.936282658856308014e+00
2.669902026627427105e+01,1.294791962805915730e+01,3.940149884323661755e+00
2.686355089004514696e+01,1.293731885288688588e+01,3.944256498822162449e+00
2.702801514267897076e+01,1.292573386357273790e+01,3.948553075422578829e+00
2.719240703749997934e+01,1.291316367418536615e+01,3.953003899020483658e+00
2.735672053943867255e+01,1.289960721583392633e+01,3.957553636368539074e+00
2.752224218515663168e+01,1.288494491228562033e+01,3.962187470595023964e+00
2.768767179428218483e+01,1.286927830909873016e+01,3.966848197778030549e+00
2.786943245315084994e+01,1.285089371414469284e+01,3.971921288108210657e+00
2.805106584631938205e+01,1.283129166457046821e+01,3.976824964337159596e+00
2.823975954165152302e+01,1.280961906152230156e+01,3.981728288947675942e+00
2.842829686756254404e+01,1.278662583837522781e+01,3.986256565792463125e+00
2.859705612383417872e+01,1.276490391137932079e+01,3.989962021534825265e+00
2.876567502520187958e+01,1.274211807660091900e+01,3.993339506464469224e+00
2.892892111675626765e+01,1.271902242221784007e+01,3.996177315246598027e+00
2.909202218492684366e+01,1.269492394250194067e+01,3.998574913518345042e+00
2.925497162808235529e+01,1.266982057507650516e+01,4.000458874010266008e+00
2.941776274140437764e+01,1.264371017563299660e+01,4.001782005266259823e+00
2.958038875995013584e+01,1.261659051082115468e+01,4.002494514693025529e+00
2.974284284641387899e+01,1.258845925910856067e+01,4.002549079195213189e+00
2.990511807194573990e+01,1.255931401323146268e+01,4.001906179870040603e+00
3.006720743954188535e+01,1.252915227518199259e+01,4.000517434801843741e+00
3.022910386988320397e+01,1.249797145748784288e+01,3.998347754380095598e+00
3.039080016380446381e+01,1.246576888961705798e+01,3.995352924850808396e+00
3.055271043250280627e+01,1.243245370581139753e+01,3.991489866050563773e+00
3.071440476075993686e+01,1.239810577982431639e+01,3.986755007052816158e+00
3.088964659444057759e+01,1.235965407607306155e+01,3.980581106059239982e+00
3.106461537622552882e+01,1.231997841685137018e+01,3.973255942638485916e+00
3.124853122259258598e+01,1.227687734121399998e+01,3.964325613664333670e+00
3.143212153788972429e+01,1.223241009905824228e+01,3.954000352516958028e+00
3.159697907740132194e+01,1.219123902449932118e+01,3.943531769563176859e+00
3.176155459134562520e+01,1.214895469175028353e+01,3.931988011157142360e+00
3.192096174830856015e+01,1.210685901984805746e+01,3.919681169376513452e+00
3.208008647094705168e+01,1.206370801885842425e+01,3.906304109078313491e+00
3.223892020288610638e+01,1.201949798639932077e+01,3.891823457093039895e+00
3.239745426289088215e+01,1.197422512397707095e+01,3.876230981693240096e+00
3.255567980559209929e+01,1.192788554635848719e+01,3.859522141057359690e+00
3.271358782968829360e+01,1.188047527800938674e+01,3.841684296343150784e+00
3.287116919951272820e+01,1.183199024478456352e+01,3.822715793219785940e+00
3.302841455163393647e+01,1.178242630107342848e+01,3.802609030314748839e+00
3.318531434813837677e+01,1.173177921303706484e+01,3.781368934098947143e+00
3.334185893015480673e+01,1.168004463911705493e+01,3.758988677761392783e+00
3.349850950543159911e+01,1.162705696994759386e+01,3.735395977216745766e+00
3.365478262291853895e+01,1.157296623987764228e+01,3.710684023284512190e+00
3.382419922785731359e+01,1.151291733280309693e+01,3.682551369282122344e+00
3.399314407477323385e+01,1.145155371535246225e+01,3.653052820401888390e+00
3.416536066365582514e+01,1.138745381690007186e+01,3.621542985372264489e+00
3.433705449405571386e+01,1.132196659556466223e+01,3.588613869253454602e+00
3.449228523094986087e+01,1.126137615825257576e+01,3.557543180129231875e+00
3.464706148642947170e+01,1.119963402033889821e+01,3.525392469394077022e+00
3.479973919868330512e+01,1.113740719225831377e+01,3.492479059165917388e+00
3.495194819795124630e+01,1.107404252897802621e+01,3.458495026845676001e+00
3.510367624515460250e+01,1.100953474330186843e+01,3.423446147006254936e+00
3.525491085018882131e+01,1.094387846494625904e+01,3.387341711965828672e+00
3.540563919952028726e+01,1.087706827042182489e+01,3.350196451388551822e+00
3.555584826583526592e+01,1.080909863332980514e+01,3.312017295859064792e+00
3.570552476713274359e+01,1.073996393840851482e+01,3.272821181801514712e+00
3.585465496098644422e+01,1.066965857589801026e+01,3.232615805380304241e+00
3.600322483296893239e+01,1.059817685590163627e+01,3.191417135287136109e+00
3.615122011653276246e+01,1.052551299507609883e+01,3.149237437972057130e+00
3.630095737920416354e+01,1.045048120549955861e+01,3.105396162232349599e+00
3.645007088554207542e+01,1.037421734390862760e+01,3.060583371514997708e+00
3.661219972584076032e+01,1.028950762709355615e+01,3.010550069968299436e+00
3.677354381747365153e+01,1.020331263766613006e+01,2.959328669289240654e+00
3.692356770442616920e+01,1.012142650737530403e+01,2.910445746656192156e+00
3.707286878060149604e+01,1.003822981322109165e+01,2.860604757221960170e+00
3.721618658609298080e+01,9.956727526263806638e+00,2.811608882114117858e+00
3.735879679577993784e+01,9.873993368174271978e+00,2.761744032911590097e+00
3.750068157955545445e+01,9.790021242166673687e+00,2.711013153643611062e+00
3.764182266772126439e+01,9.704805049526548544e+00,2.659426688028188490e+00
3.778220133987633744e+01,9.618338697215259359e+00,2.606999235591799469e+00
3.792179841841701204e+01,9.530616102972954806e+00,2.553738777017337203e+00
3.806059427151298991e+01,9.441631194380402547e+00,2.499660359522705377e+00
3.819856873498674332e+01,9.351377960852213178e+00,2.444773055399934503e+00
3.833570113298330995e+01,9.259850444863204189e+00,2.389091119296927523e+00
3.847197034666880455e+01,9.167042698276734569e+00,2.332624711771675408e+00
3.860755704649973552e+01,9.072806789491201229e+00,2.275297712949265527e+00
3.874223390786516319e+01,8.977275129719087587e+00,2.217219668101769514e+00
3.888574902417383328e+01,8.873289248306392096e+00,2.154076286941580598e+00
3.902816058806170929e+01,8.767797108831231867e+00,2.090075580292641622e+00
3.916361201878861920e+01,8.665252669970113786e+00,2.027954210772930921e+00
3.929799510973098364e+01,8.561312154672336305e+00,1.965115476143400208e+00
3.942736119729666910e+01,8.459101715402818300e+00,1.903463561423084149e+00
3.955566928544921268e+01,8.355566275362726003e+00,1.841198179111103173e+00
3.968289282840321874e+01,8.250701176288350425e+00,1.778361290997295230e+00
3.980900477193488740e+01,8.144501880014102468e+00,1.715005489048255782e+00
3.993397732956219670e+01,8.036964165016057038e+00,1.651206871661077047e+00
4.005778208211066982e+01,7.928084060768637364e+00,1.587054734189502270e+00
4.018039003652963714e+01,7.817857808772070705e+00,1.522673669168455479e+00
4.030177129333205954e+01,7.706282180860495323e+00,1.458224782782711726e+00
4.042189522983414207e+01,7.593354349656976865e+00,1.393922548152316754e+00
4.054073083057421201e+01,7.479071595606498590e+00,1.330049136473079319e+00
4.065860329665513717e+01,7.363076282016130847e+00,1.266789870873160639e+00
4.077511460257134956e+01,7.245713857228347266e+00,1.204832124025105644e+00
4.089626712506186124e+01,7.120678961212922431e+00,1.141782334954241529e+00
4.101583373289111734e+01,6.994126701642571220e+00,1.082002435539017204e+00
4.112780796790267601e+01,6.872614955809901893e+00,1.029473815818673366e+00
4.123828109488177773e+01,6.749736914361929685e+00,9.825921465437483793e-01
4.134697698213560102e+01,6.625770651710632286e+00,9.433278545772827428e-01
4.145410525398170876e+01,6.500447252705697565e+00,9.137851946506465595e-01
4.155962833195715689e+01,6.373769373753587431e+00,8.964056634773661658e-01
4.166350799367781832e+01,6.245740427096555969e+00,8.937074325657473617e-01
4.176570537058874777e+01,6.116364647991035852e+00,9.078688288126686157e-01
4.186618091984606593e+01,5.985647205048794106e+00,9.405457568338668750e-01
4.196489448330596872e+01,5.853594208930489984e+00,9.925468526360491373e-01
4.206180537077846537e+01,5.720212686066532548e+00,1.064077776687382793e+00
4.215687233107495757e+01,5.585510706510390833e+00,1.154760808675484807e+00
4.225005355905350513e+01,5.449497479552579016e+00,1.264071407910684286e+00
4.234365849528164460e+01,5.308587927973507092e+00,1.395017614272494821e+00
4.243518751704833392e+01,5.166321238540543703e+00,1.544936071822256451e+00
4.252269269843638000e+01,5.025815808902908799e+00,1.709926347968651283e+00
4.260812183825103006e+01,4.884038580416200759e+00,1.893404014363462062e+00
4.269110496345180650e+01,4.741574266108768754e+00,2.095264376340542967e+00
4.277194070435596274e+01,4.597880665748815154e+00,2.317329831764308512e+00
4.285058504205708374e+01,4.452976130725415871e+00,2.560978465711533314e+00
4.292699390487225486e+01,4.306880513139267563e+00,2.828097732206332982e+00
4.300112323908575007e+01,4.159615233704557546e+00,3.120740106562525984e+00
4.307292914019341623e+01,4.011203236700957575e+00,3.441666000844197271e+00
4.314236791653718939e+01,3.861669080097451356e+00,3.793846832695590088e+00
4.320939615807798617e+01,3.711039036368372290e+00,4.181105492399779244e+00
4.327397089089268434e+01,3.559341013861847980e+00,4.607582127639354042e+00
4.333604965862922853e+01,3.406604638089666182e+00,5.078595667444363748e+00
4.339635888958836318e+01,3.250826680850340988e+00,5.607308086306828976e+00
4.345402025554387393e+01,3.094049356572762477e+00,6.196108387622868641e+00
4.350829376307763852e+01,2.938368531142444784e+00,6.844998766441793059e+00
4.355990806062514054e+01,2.781786010324631686e+00,7.572582097951002567e+00
4.360882512972572300e+01,2.624340050125252954e+00,8.392638851719834037e+00
4.365500821137145948e+01,2.466070589541411451e+00,9.323304133838179908e+00
4.369842193346213577e+01,2.307019222098954714e+00,1.038657329905151450e+01
4.373903243906641336e+01,2.147229154957094988e+00,1.161372241423485718e+01
4.377680751290041172e+01,1.986745160666692822e+00,1.304107251057231309e+01
4.381171670696343057e+01,1.825613513349547024e+00,1.473254405393811162e+01
4.384373146093903273e+01,1.663881922795099833e+00,1.673780123308093337e+01
4.387282521814983482e+01,1.501599461362277621e+00,1.924988807170150196e+01
4.389897353820513359e+01,1.338816471149838927e+00,2.219187306360385392e+01
4.392215420174603224e+01,1.175584467996050098e+00,2.656277739300942642e+01
4.394336106903680417e+01,1.003032891047402675e+00,3.094857737083896154e+01
4.396122564360828022e+01,8.301033436596313431e-01,4.262288371223245775e+01
4.397730774996949066e+01,6.351709372256191255e-01,4.718869035077975127e+01
4.398911735096515230e+01,4.399331260097436025e-01,1.044757463062560987e+02
4.399727825814093052e+01,2.200338319952619970e-01,1.211866549570457892e+02
4.399999999999997868e+01,-4.263849346608653932e-17,8.503881249911261193e+02
