x,y,stress
7.999999999999995559e+00,5.077044103953832399e-16,8.742013740121202545e+02
8.003508778671777790e+00,1.828473300839360272e-01,1.352408375375569278e+02
8.014018845010339120e+00,3.654261407215183555e-01,1.087808658523080823e+02
8.029575243205018253e+00,5.306500860349711024e-01,5.087513987895300716e+01
8.050799034746754401e+00,6.952421544137595832e-01,4.466486322134003473e+01
8.077319952035358241e+00,8.574019248075115396e-01,3.197825409139147368e+01
8.109226756529329450e+00,1.018588680733953700e+00,2.691823337123952697e+01
8.146410105031980819e+00,1.178640821567676911e+00,2.207991479531295909e+01
8.188746679646579096e+00,1.337407896400479190e+00,1.888343598478801511e+01
8.236101212880091893e+00,1.494751479582290044e+00,1.625049910603715375e+01
8.288328560138339185e+00,1.650545733987109687e+00,1.419937165532923729e+01
8.345275751978089573e+00,1.804677676375230577e+00,1.250548162875010227e+01
8.406783979508256621e+00,1.957047198360957418e+00,1.110818859916022561e+01
8.472690457501796502e+00,2.107566843708631676e+00,9.885684374946505315e+00
8.542830145327947378e+00,2.256161414085784411e+00,8.888357947486873911e+00
8.617037289127651434e+00,2.402767405299666592e+00,8.016383355168301250e+00
8.695146776146204459e+00,2.547332324152561167e+00,7.260774969879304486e+00
8.776995313551710254e+00,2.689813949150337002e+00,6.599147555554658595e+00
8.862422409971951964e+00,2.830179516474768953e+00,6.018279229447452749e+00
8.951271166460781359e+00,2.968404863910733216e+00,5.505289216683395992e+00
9.043388993914016183e+00,3.104473712000383134e+00,5.051059633131740334e+00
9.138628079521572189e+00,3.238376790636747771e+00,4.647663156867719358e+00
9.236845678404423055e+00,3.370110957132736118e+00,4.288673314480618615e+00
9.337904440189044308e+00,3.499678569868832412e+00,3.968652588543312376e+00
9.441672607003953388e+00,3.627086845840249207e+00,3.683278964380186871e+00
9.548024041661946626e+00,3.752347158234609736e+00,3.428738499799217632e+00
9.656838169352351287e+00,3.875474382447572808e+00,3.201925448385755768e+00
9.767999976917554505e+00,3.996486432219428231e+00,3.000046756899873657e+00
9.881399977899206988e+00,4.115403844058339367e+00,2.820836186078168772e+00
9.996934004566428555e+00,4.232249260746113073e+00,2.662187212145375348e+00
1.011450302923047850e+01,4.347047032774795206e+00,2.522339432172114204e+00
1.023401308116081410e+01,4.459822973245248789e+00,2.399620633182200091e+00
1.035537488663858952e+01,4.570603898230960915e+00,2.292613893413595783e+00
1.047850373788644518e+01,4.679417440401479666e+00,2.199925394307260529e+00
1.060331946672533299e+01,4.786291974289308193e+00,2.120346768279280258e+00
1.072974606167378830e+01,4.891256253245710894e+00,2.052658721035891531e+00
1.085771137809547504e+01,4.994339174507113732e+00,1.995802567149172146e+00
1.098714689908347530e+01,5.095569615700763499e+00,1.948688149801304892e+00
1.111798805824027347e+01,5.194976712769249438e+00,1.910370255513848869e+00
1.125017374554335703e+01,5.292589490477702441e+00,1.879876725882618560e+00
1.138364551488378851e+01,5.388436334994692878e+00,1.856372917015024937e+00
1.151834815838490300e+01,5.482545488079116680e+00,1.839015146271292034e+00
1.165422938823117072e+01,5.574944861093054094e+00,1.827077344170628503e+00
1.179123952513630691e+01,5.665661877712734551e+00,1.819803764617764719e+00
1.192933149425293138e+01,5.754723532945077658e+00,1.816630884012511382e+00
1.206846054348733155e+01,5.842156268176109890e+00,1.816837455616628461e+00
1.220858421609104916e+01,5.927986016056533636e+00,1.820188712647768048e+00
1.235004105767653648e+01,6.012461580238228187e+00,1.825865762513323665e+00
1.249241859878224226e+01,6.095376035998466335e+00,1.835155314499760992e+00
1.263636856967206867e+01,6.177140032699870886e+00,1.844919905194347676e+00
1.278117546406025973e+01,6.257376680331903529e+00,1.856168571542209600e+00
1.292572116563238716e+01,6.335530347069165735e+00,1.868605117819460260e+00
1.307104638559958687e+01,6.412224840182416230e+00,1.882085948780476414e+00
1.321712112653145255e+01,6.487481957680814482e+00,1.896290399520581094e+00
1.336391684018321158e+01,6.561322938308657982e+00,1.911123827292205313e+00
1.351140625690059238e+01,6.633768420308446601e+00,1.926275649122820122e+00
1.365956336955230022e+01,6.704838478993642603e+00,1.942055155681975842e+00
1.380836333796983162e+01,6.774552622477534314e+00,1.957790124736063841e+00
1.395778241572514311e+01,6.842929798217698867e+00,1.973431664617826042e+00
1.410779791696968033e+01,6.909988416651573040e+00,1.989027329340227856e+00
1.425838812119446963e+01,6.975746345170325213e+00,2.004894175367407438e+00
1.441221262067900177e+01,7.041350784424839304e+00,2.020757657002974828e+00
1.456658986697543234e+01,7.105643790474419852e+00,2.036113007676988662e+00
1.472238537560315486e+01,7.168998435985773909e+00,2.051383871927866309e+00
1.487870009930008308e+01,7.231061017526770662e+00,2.066332311382007347e+00
1.503190777461148109e+01,7.290465909489787677e+00,2.080584824409447364e+00
1.518557642386602069e+01,7.348668000512186715e+00,2.094461290703676148e+00
1.533968995093473886e+01,7.405681721860756461e+00,2.107944110155184347e+00
1.549423287577293884e+01,7.461521061147080580e+00,2.121011396407663341e+00
1.564919033559159622e+01,7.516199586374507469e+00,2.133651308160020132e+00
1.580454800837594576e+01,7.569730440970633190e+00,2.145853617602273111e+00
1.596029213165151006e+01,7.622126371901293496e+00,2.157609863915781911e+00
1.611640943292596617e+01,7.673399725994529241e+00,2.168913560889938807e+00
1.627288712307256091e+01,7.723562467449255564e+00,2.179761631384271148e+00
1.642971289151927650e+01,7.772626194246332609e+00,2.190140037830987652e+00
1.658764908657582993e+01,7.820835564715543420e+00,2.200065275541173815e+00
1.674591315297196203e+01,7.867957459750286375e+00,2.209563860041869887e+00
1.691480200935416534e+01,7.916955535227549134e+00,2.219481909852623946e+00
1.708403686018076684e+01,7.964744924113815294e+00,2.228465870501479706e+00
1.724372726932834610e+01,8.008658571138777660e+00,2.236595167361024927e+00
1.740370316274369600e+01,8.051520568887784890e+00,2.244264978123043708e+00
1.756269885703094857e+01,8.093016915667089251e+00,2.251449368591721623e+00
1.772195653299368701e+01,8.133496195925882688e+00,2.258216684886445336e+00
1.788146717879720171e+01,8.172967029389951676e+00,2.264574914326820121e+00
1.804122198889907835e+01,8.211437734930195020e+00,2.270534560049939810e+00
1.820121246685670613e+01,8.248916366792865773e+00,2.276104015099680744e+00
1.836143033689140225e+01,8.285410702905521063e+00,2.281295774215136074e+00
1.852186754923078027e+01,8.320928256203819373e+00,2.286123906341163359e+00
1.868251632826778419e+01,8.355476293972230906e+00,2.290598845567549446e+00
1.884336909697158902e+01,8.389061829139638604e+00,2.294733807202436360e+00
1.900441846517554723e+01,8.421691626420582111e+00,2.298543970388915891e+00
1.916860777353698353e+01,8.453942803809303186e+00,2.302094524310731583e+00
1.933298609421823144e+01,8.485216377404253052e+00,2.305341788574230222e+00
1.950959122146240787e+01,8.517697498836906078e+00,2.308485334284708479e+00
1.968639706117639676e+01,8.549067722395964353e+00,2.311278779279072104e+00
1.985037964471601768e+01,8.577147198742697043e+00,2.313596595356437469e+00
2.001452071439709357e+01,8.604284902544076630e+00,2.315673856070817216e+00
2.017679086589142301e+01,8.630169369193833262e+00,2.317516539650477991e+00
2.033920334427500975e+01,8.655145265983028580e+00,2.319136176578438402e+00
2.050175223820520998e+01,8.679217338495323730e+00,2.320551376791484710e+00
2.066443176907228363e+01,8.702390137677580739e+00,2.321774312062581558e+00
2.082723629789433417e+01,8.724668024934825183e+00,2.322815925170737206e+00
2.099016023673961939e+01,8.746055164324564757e+00,2.323692223047609584e+00
2.115319809589867717e+01,8.766555533996985616e+00,2.324417309458826075e+00
2.131634455391654015e+01,8.786172938363401741e+00,2.325003465920401524e+00
2.147959436702169356e+01,8.804910999615595202e+00,2.325460259667811780e+00
2.164294233999598660e+01,8.822773158426553408e+00,2.325805759776649495e+00
2.180844797634992460e+01,8.839971670504308321e+00,2.326043824012391514e+00
2.197404383859352350e+01,8.856278584147567301e+00,2.326201637269495137e+00
2.215471183097940155e+01,8.873047551512216913e+00,2.326278064339646789e+00
2.233547445400205689e+01,8.888763676588800067e+00,2.326252596331884970e+00
2.250509082230655977e+01,8.902550018379987051e+00,2.326173764140339717e+00
2.267477949119868086e+01,8.915415931592425736e+00,2.326049777426737464e+00
2.283869461137134138e+01,8.926968099399422485e+00,2.325895574799800247e+00
2.300266767295559589e+01,8.937666445248156677e+00,2.325718737612428644e+00
2.316669409522097212e+01,8.947512875940438093e+00,2.325525445335721031e+00
2.333076934277274717e+01,8.956509142569826665e+00,2.325320983821145049e+00
2.349488891660152845e+01,8.964656841528107378e+00,2.325115813449266877e+00
2.365904835540183626e+01,8.971957415980572392e+00,2.324912621686155756e+00
2.382324322905038372e+01,8.978412156777423547e+00,2.324719803621587477e+00
2.398746913370847267e+01,8.984022203387887373e+00,2.324540189636714604e+00
2.415172169108369360e+01,8.988788544868608454e+00,2.324380717869658941e+00
2.431599654332121574e+01,8.992712020538068174e+00,2.324243656791264101e+00
2.448050468387296519e+01,8.995796806655736333e+00,2.324129481291511201e+00
2.464502648319935929e+01,8.998037751868750433e+00,2.324053457586374272e+00
2.482251052964351246e+01,8.999509463087244754e+00,2.324004548632441658e+00
2.499999999999991829e+01,8.999999999999992895e+00,2.323981103264467496e+00
2.517748947035634899e+01,8.999509463087242978e+00,2.324000540417323624e+00
2.535497351680050571e+01,8.998037751868750433e+00,2.324045565991733397e+00
2.551949531612688915e+01,8.995796806655739886e+00,2.324119056259559279e+00
2.568400345667863505e+01,8.992712020538071727e+00,2.324230738996929446e+00
2.584827830891617140e+01,8.988788544868610231e+00,2.324365957324052268e+00
2.601253086629141009e+01,8.984022203387890926e+00,2.324523755492550858e+00
2.617675677094949194e+01,8.978412156777427100e+00,2.324699444339648036e+00
2.634095164459804295e+01,8.971957415980574169e+00,2.324887979147537198e+00
2.650511108339835786e+01,8.964656841528110931e+00,2.325085882018479655e+00
2.666923065722714270e+01,8.956509142569831994e+00,2.325285719948638086e+00
2.683330590477891420e+01,8.947512875940445198e+00,2.325482584141543185e+00
2.699733232704427977e+01,8.937666445248162006e+00,2.325667802110394700e+00
2.716130538862856270e+01,8.926968099399426038e+00,2.325836053606080700e+00
2.732522050880124809e+01,8.915415931592431065e+00,2.325981541148578469e+00
2.749490917769336562e+01,8.902550018379990604e+00,2.326095232537402691e+00
2.766452554599786495e+01,8.888763676588803619e+00,2.326163361245749073e+00
2.784528816902052739e+01,8.873047551512220465e+00,2.326179185851124931e+00
2.802595616140641255e+01,8.856278584147572630e+00,2.326091920340198183e+00
2.819155202365002566e+01,8.839971670504311874e+00,2.325926401908338548e+00
2.835705766000398498e+01,8.822773158426553408e+00,2.325680955651339143e+00
2.852040563297827092e+01,8.804910999615595202e+00,2.325334001861709687e+00
2.868365544608341722e+01,8.786172938363405294e+00,2.324876326927397319e+00
2.884680190410126954e+01,8.766555533996990945e+00,2.324293258582321275e+00
2.900983976326032376e+01,8.746055164324568310e+00,2.323571566536183131e+00
2.917276370210562320e+01,8.724668024934826960e+00,2.322701318985505470e+00
2.933556823092768084e+01,8.702390137677582516e+00,2.321666206414418454e+00
2.949824776179475450e+01,8.679217338495325507e+00,2.320455016198056608e+00
2.966079665572495472e+01,8.655145265983030356e+00,2.319052209095159967e+00
2.982320913410854857e+01,8.630169369193831486e+00,2.317446379838282944e+00
2.998547928560289577e+01,8.604284902544074853e+00,2.315623141866010481e+00
3.014962035528396456e+01,8.577147198742697043e+00,2.313539959386170963e+00
3.031360293882357482e+01,8.549067722395962576e+00,2.311212467457179010e+00
3.049040877853762410e+01,8.517697498836893644e+00,2.308409377898073878e+00
3.066701390578185737e+01,8.485216377404231736e+00,2.305256075260196269e+00
3.083139222646309463e+01,8.453942803809283646e+00,2.302004143068561604e+00
3.099558153482451672e+01,8.421691626420562571e+00,2.298448350631101089e+00
3.115663090302848914e+01,8.389061829139615512e+00,2.294632705174056042e+00
3.131748367173230818e+01,8.355476293972207813e+00,2.290492041202987217e+00
3.147813245076930144e+01,8.320928256203798057e+00,2.286009689781628662e+00
3.163856966310865815e+01,8.285410702905499747e+00,2.281172580797269589e+00
3.179878753314336493e+01,8.248916366792840904e+00,2.275971048155451815e+00
3.195877801110098559e+01,8.211437734930170151e+00,2.270390838653867149e+00
3.211853282120287645e+01,8.172967029389926807e+00,2.264423190411065434e+00
3.227804346700638405e+01,8.133496195925852490e+00,2.258054563192439801e+00
3.243730114296912603e+01,8.093016915667055500e+00,2.251277837907119217e+00
3.259629683725639637e+01,8.051520568887751139e+00,2.244081797354666286e+00
3.275627273067173917e+01,8.008658571138749238e+00,2.236396708825937552e+00
3.291596313981929711e+01,7.964744924113785984e+00,2.228274237040824612e+00
3.308519799064588085e+01,7.916955535227525154e+00,2.219168272645580586e+00
3.325408684702807705e+01,7.867957459750267724e+00,2.209529292654265120e+00
3.341235091342420560e+01,7.820835564715523880e+00,2.200000968260818812e+00
3.357028710848074127e+01,7.772626194246313069e+00,2.190021166239041417e+00
3.372711287692746396e+01,7.723562467449234248e+00,2.179628093287298451e+00
3.388359056707407291e+01,7.673399725994507037e+00,2.168777237148645121e+00
3.403970786834851481e+01,7.622126371901275732e+00,2.157470085939139803e+00
3.419545199162406846e+01,7.569730440970616314e+00,2.145708263047064523e+00
3.435080966440841621e+01,7.516199586374487929e+00,2.133500148383591810e+00
3.450576712422707715e+01,7.461521061147064593e+00,2.120851795665165795e+00
3.466031004906528068e+01,7.405681721860741362e+00,2.107776599279926444e+00
3.481442357613398286e+01,7.348668000512171616e+00,2.094286808339245631e+00
3.496809222538851714e+01,7.290465909489773466e+00,2.080402496519679900e+00
3.512129990069991692e+01,7.231061017526760004e+00,2.066146346191339855e+00
3.527761462439684692e+01,7.168998435985761475e+00,2.051202190140985149e+00
3.543341013302456588e+01,7.105643790474405641e+00,2.035926986614674306e+00
3.558778737932098579e+01,7.041350784424829534e+00,2.020456621902484873e+00
3.574161187880551438e+01,6.975746345170319884e+00,2.004753062358153315e+00
3.589220208303029125e+01,6.909988416651573928e+00,1.989148910072919385e+00
3.604221758427481603e+01,6.842929798217700643e+00,1.973440803957120071e+00
3.619163666203012042e+01,6.774552622477538755e+00,1.957701510092791031e+00
3.634043663044765538e+01,6.704838478993649709e+00,1.942018429322334594e+00
3.648859374309935788e+01,6.633768420308456371e+00,1.926493018539799262e+00
3.663608315981673513e+01,6.561322938308666863e+00,1.911241657506092873e+00
3.678287887346849061e+01,6.487481957680825140e+00,1.896399213090969260e+00
3.692895361440035629e+01,6.412224840182431329e+00,1.882123866116938382e+00
3.707427883436755423e+01,6.335530347069181722e+00,1.868596266773902004e+00
3.721882453593968165e+01,6.257376680331915075e+00,1.856023648591646813e+00
3.736363143032788514e+01,6.177140032699875327e+00,1.844564148419424843e+00
3.750758140121773465e+01,6.095376035998464559e+00,1.834600879668148554e+00
3.764995894232344398e+01,6.012461580238224634e+00,1.826482656849973019e+00
3.779141578390893130e+01,5.927986016056520313e+00,1.820522569892654374e+00
3.793153945651265957e+01,5.842156268176095679e+00,1.817125281916170065e+00
3.807066850574707217e+01,5.754723532945059006e+00,1.816737010442730060e+00
3.820876047486369487e+01,5.665661877712714123e+00,1.819863640128070781e+00
3.834577061176882751e+01,5.574944861093027448e+00,1.827083134756753990e+00
3.848165184161510410e+01,5.482545488079089147e+00,1.839008606522553047e+00
3.861635448511622570e+01,5.388436334994660903e+00,1.856352562289888208e+00
3.874982625445666429e+01,5.292589490477669578e+00,1.879850499967528066e+00
3.888201194175974251e+01,5.194976712769210359e+00,1.910340933848526435e+00
3.901285310091655134e+01,5.095569615700719091e+00,1.948665377235661245e+00
3.914228862190456226e+01,4.994339174507062218e+00,1.995793943277990534e+00
3.927025393832623479e+01,4.891256253245666485e+00,2.052684101540437567e+00
3.939668053327468300e+01,4.786291974289263784e+00,2.120419345025507329e+00
3.952149626211357258e+01,4.679417440401435258e+00,2.200053741224038184e+00
3.964462511336142825e+01,4.570603898230920059e+00,2.292817920433241952e+00
3.976598691883920367e+01,4.459822973245208821e+00,2.399914135474789489e+00
3.988549697076953748e+01,4.347047032774746356e+00,2.522748008042489332e+00
4.000306599543358033e+01,4.232249260746069552e+00,2.662713410296681182e+00
4.011860002210081433e+01,4.115403844058292293e+00,2.821513348596726090e+00
4.023200002308245615e+01,3.996486432219388263e+00,3.000883393358827256e+00
4.034316183064764516e+01,3.875474382447532395e+00,3.202960195471371119e+00
4.045197595833805337e+01,3.752347158234571989e+00,3.429979019994156442e+00
4.055832739299605549e+01,3.627086845840208351e+00,3.684773015702073273e+00
4.066209555981096457e+01,3.499678569868787115e+00,3.970380909291414184e+00
4.076315432159558583e+01,3.370110957132680163e+00,4.290676976763751149e+00
4.086137192047844025e+01,3.238376790636687375e+00,4.649920981795085062e+00
4.095661100608600691e+01,3.104473712000315633e+00,5.053593340521631561e+00
4.104872883353923640e+01,2.968404863910667935e+00,5.507860992606580020e+00
4.113757759002805869e+01,2.830179516474695678e+00,6.020811840854906727e+00
4.122300468644829152e+01,2.689813949150268613e+00,6.601799835567997654e+00
4.130485322385381153e+01,2.547332324152492777e+00,7.263166979792603506e+00
4.138296271087235567e+01,2.402767405299600867e+00,8.019635293274514964e+00
4.145716985467204552e+01,2.256161414085718242e+00,8.891397656980473130e+00
4.152730954249820172e+01,2.107566843708561066e+00,9.903145991454856301e+00
4.159321602049174516e+01,1.957047198360881923e+00,1.109049129586208871e+01
4.165472424802190687e+01,1.804677676375160411e+00,1.249644426627915550e+01
4.171167143986164660e+01,1.650545733987041075e+00,1.419515956734728590e+01
4.176389878711989212e+01,1.494751479582239195e+00,1.625618337076166497e+01
4.181125332035340847e+01,1.337407896400443885e+00,1.889402348511107377e+01
4.185358989496800319e+01,1.178640821567644270e+00,2.211139999009862578e+01
4.189077324347064746e+01,1.018588680733923502e+00,2.693654637955437892e+01
4.192268004796461867e+01,8.574019248074752353e-01,3.206462188505932431e+01
4.194920096525321895e+01,6.952421544137185050e-01,4.466182584729239124e+01
4.197042475679496221e+01,5.306500860349371296e-01,5.104537624008884222e+01
4.198598115498963068e+01,3.654261407214903223e-01,1.086502385473869765e+02
4.199649122132818491e+01,1.828473300839200399e-01,1.356380540069335723e+02
4.199999999999997868e+01,-3.570644618246855524e-17,8.742685517844571450e+02
