x,y,stress
7.999999999999995559e+00,5.663216116868965175e-16,9.273562494436548604e+02
8.003212571155346566e+00,1.944000607570222361e-01,1.395076753796723779e+02
8.012839915958695158e+00,3.885881992992060718e-01,1.148758908788089883e+02
8.026779400600004166e+00,5.610736384090522222e-01,5.387224201215666142e+01
8.045741008511340553e+00,7.330795001016369161e-01,4.758312662821432326e+01
8.068695162256156905e+00,8.980787820406549438e-01,3.448694348600591297e+01
8.096207515581925307e+00,1.062379591179507088e+00,2.920520982140466160e+01
8.128216620132233672e+00,1.225863946855442199e+00,2.416531782769385472e+01
8.164652513919262944e+00,1.388419108333600160e+00,2.075803221750910765e+01
8.205437498267249552e+00,1.549938091786585703e+00,1.780011660189319755e+01
8.250486963460945233e+00,1.710320093759382543e+00,1.567205361619434534e+01
8.299710247370946092e+00,1.869470825912729950e+00,1.385142940427716951e+01
8.353011501881388412e+00,2.027302735616035356e+00,1.234568812019730721e+01
8.410290556204893520e+00,2.183735139463395480e+00,1.101929994767599652e+01
8.471443751201551464e+00,2.338694245029083962e+00,9.934749184667593269e+00
8.536364746687958416e+00,2.492113112751467519e+00,8.981571600273975164e+00
8.604945297082041478e+00,2.643931570258644559e+00,8.154621114134192439e+00
8.677075952072504705e+00,2.794096007692700834e+00,7.401212404013783441e+00
8.752646704798344501e+00,2.942559139757243258e+00,6.761801556350016895e+00
8.831547583937915391e+00,3.089279737643939594e+00,6.186064137026843213e+00
8.913669213104112643e+00,3.234222379414206205e+00,5.673867321775196260e+00
8.998903250137145093e+00,3.377357067556606474e+00,5.215294480949625111e+00
9.087142800022148137e+00,3.518658900957130076e+00,4.804951785267284059e+00
9.178282786032465168e+00,3.658107760574250467e+00,4.436696660226885136e+00
9.272220191201752115e+00,3.795687877806801946e+00,4.106209680923968541e+00
9.368854334627524594e+00,3.931387544302569204e+00,3.809624320515555329e+00
9.468087098542566693e+00,4.065198813285325841e+00,3.543647306907366179e+00
9.569823062046587836e+00,4.197117138118763080e+00,3.305420162135954687e+00
9.673969546912303485e+00,4.327140970617284310e+00,3.092678299824379806e+00
9.780436771906087401e+00,4.455271561556615190e+00,2.903337674224996334e+00
9.889137898374917413e+00,4.581512667264093785e+00,2.735668587828550713e+00
9.999989011099966518e+00,4.705870232810800857e+00,2.588022541277688049e+00
1.011290918712149711e+01,4.828352220559462893e+00,2.459036724109669336e+00
1.022782040588490204e+01,4.948968297615087053e+00,2.347348288478535494e+00
1.034464757130239398e+01,5.067729683893944070e+00,2.251759193390578950e+00
1.046331843589214294e+01,5.184648923982933866e+00,2.171024208271042255e+00
1.058376353172192275e+01,5.299739697554042728e+00,2.104027000589126839e+00
1.070607037450928445e+01,5.413157616826673291e+00,2.049523206036071965e+00
1.083002468329875256e+01,5.524772757514297972e+00,2.006514191824130044e+00
1.095540636733184137e+01,5.634464807368403605e+00,1.973886546485473126e+00
1.108231080736902996e+01,5.742391612525194589e+00,1.950528879648206759e+00
1.121068157795676612e+01,5.848570566066777943e+00,1.935383892345953649e+00
1.134046423332746834e+01,5.953019141520195845e+00,1.927475157760762947e+00
1.147160674392626589e+01,6.055755245616865068e+00,1.925862536485633658e+00
1.160405919909713646e+01,6.156796960209166336e+00,1.929696816575914520e+00
1.173777371034654493e+01,6.256162466198330385e+00,1.938172418253175877e+00
1.187270446878319596e+01,6.353870085577205451e+00,1.950602199469352538e+00
1.200880766530740651e+01,6.449938218180665039e+00,1.966288509240356808e+00
1.214604098804350762e+01,6.544384997022520523e+00,1.984732445846825399e+00
1.228440608741248674e+01,6.637256474792024186e+00,2.005252975130209503e+00
1.242382274738694825e+01,6.728541842960988006e+00,2.027709548391640304e+00
1.256662554440150004e+01,6.819755539735613326e+00,2.051715134404482388e+00
1.271043958913172922e+01,6.909366415141970030e+00,2.078271369850094974e+00
1.285278135155865087e+01,6.995922665885075276e+00,2.104293696148543891e+00
1.299603297366459209e+01,7.080964678054254335e+00,2.130448533510598708e+00
1.314016299403698973e+01,7.164509467799138775e+00,2.157203104027725971e+00
1.328514112388342383e+01,7.246573740274995679e+00,2.184190745575509407e+00
1.343093832308831281e+01,7.327173955322865417e+00,2.211237387518149689e+00
1.357752665024730909e+01,7.406326262783204051e+00,2.238209104520800352e+00
1.372487924353720246e+01,7.484046514014884188e+00,2.264973369921918778e+00
1.387297031789779744e+01,7.560350279632047865e+00,2.291453375020624517e+00
1.402177506515616123e+01,7.635252815984845398e+00,2.317506716663053634e+00
1.417126958673174819e+01,7.708769051511144887e+00,2.343117973671660526e+00
1.432230305607645882e+01,7.781327751907389789e+00,2.368262814188281329e+00
1.447398854055130890e+01,7.852513377983067144e+00,2.393129411278516194e+00
1.463200628208256227e+01,7.924922500035288309e+00,2.418337705530559045e+00
1.479067901656998352e+01,7.995884864122910329e+00,2.442447318945253354e+00
1.494335029646124191e+01,8.062553811205606991e+00,2.465031711904166922e+00
1.509658359763576385e+01,8.127920684770364446e+00,2.486913307662184991e+00
1.525036059690850898e+01,8.191998195337763633e+00,2.508091463531123555e+00
1.540466352224745350e+01,8.254798706699961741e+00,2.528550200658228775e+00
1.555947520184585997e+01,8.316334273957872725e+00,2.548240160303254065e+00
1.571477914954679456e+01,8.376616690693554190e+00,2.567309598557029116e+00
1.587055943709348504e+01,8.435657449890213044e+00,2.586106520269102038e+00
1.602680055504083967e+01,8.493467706130466865e+00,2.603452559231806518e+00
1.618348748756067579e+01,8.550058319839966003e+00,2.620276892165744442e+00
1.634060583386822429e+01,8.605439912143344472e+00,2.636337951141920044e+00
1.649815669271290020e+01,8.659627927356645216e+00,2.651670873777574489e+00
1.665611146773166595e+01,8.712627040791492306e+00,2.666301786227978976e+00
1.682431884876359973e+01,8.767631523425226447e+00,2.681051844590599753e+00
1.699295185739335423e+01,8.821316978349594606e+00,2.694995494088539001e+00
1.715620666801667582e+01,8.871924266783844715e+00,2.707753212756268013e+00
1.731983179312140209e+01,8.921321148962425340e+00,2.719776406840566096e+00
1.747966040370193497e+01,8.968312003521571540e+00,2.730823774404360194e+00
1.763981766926542250e+01,9.014170237580982459e+00,2.741213907735134736e+00
1.780029266630607410e+01,9.058904016242015800e+00,2.750951975225357504e+00
1.796107473750394945e+01,9.102521251342402309e+00,2.760062826542145853e+00
1.812215352664103563e+01,9.145029619611147353e+00,2.768562863728449841e+00
1.828351896378601182e+01,9.186436565862097225e+00,2.776471095773810571e+00
1.844516121009052867e+01,9.226749296139216128e+00,2.783805842484668336e+00
1.860707073192874361e+01,9.265974803362722056e+00,2.790584358874127258e+00
1.876923823596606411e+01,9.304119856889617068e+00,2.796828829461808219e+00
1.893165460452176774e+01,9.341190994231892475e+00,2.802559550344790207e+00
1.909549569889438558e+01,9.377452693385709637e+00,2.807822182806771316e+00
1.925957143986893527e+01,9.412637458542764790e+00,2.812622032591919563e+00
1.943758710499405851e+01,9.449548473961854711e+00,2.817290364795014490e+00
1.961585730765989766e+01,9.485209894172731637e+00,2.821410771964780739e+00
1.978380576679318281e+01,9.517627385303955023e+00,2.824856054125297611e+00
1.995196172991856542e+01,9.548950731752521293e+00,2.827895764987261362e+00
2.011592941183474181e+01,9.578411685227463224e+00,2.830490830907989253e+00
2.028007844961375739e+01,9.606844816128562670e+00,2.832744628774704232e+00
2.044440144939065007e+01,9.634254807225556050e+00,2.834679778583272913e+00
2.060889112640373355e+01,9.660646149957027973e+00,2.836311634322007613e+00
2.077354035154734646e+01,9.686023156141807533e+00,2.837668796141203043e+00
2.093834211051783001e+01,9.710389954873685170e+00,2.838765407213862169e+00
2.110328950496707634e+01,9.733750496387143514e+00,2.839626570502156611e+00
2.126837577238183030e+01,9.756108557980727625e+00,2.840269099908388828e+00
2.143359423930020924e+01,9.777467740434698129e+00,2.840714015730219089e+00
2.159893835165078357e+01,9.797831475070648111e+00,2.840983924733433863e+00
2.176554121593884972e+01,9.817332958958969513e+00,2.841085085032094337e+00
2.193225839974638447e+01,9.835831702766492768e+00,2.841065145722913687e+00
2.211423430278072289e+01,9.854869984005084405e+00,2.840893730683363483e+00
2.229633037127321060e+01,9.872722382667555863e+00,2.840574497465427672e+00
2.246989228477535860e+01,9.888628171314026716e+00,2.840184933406297851e+00
2.264354895052837691e+01,9.903463768797093891e+00,2.839725436536083780e+00
2.280961997746990377e+01,9.916646299325050151e+00,2.839240644156160620e+00
2.297576540033576720e+01,9.928855474477034093e+00,2.838733234029088504e+00
2.314197935735499811e+01,9.940093210933344636e+00,2.838211469669622122e+00
2.330825603500745302e+01,9.950361269665288333e+00,2.837685672767956468e+00
2.347458965691606991e+01,9.959661256680584884e+00,2.837174571278755053e+00
2.364097450829657276e+01,9.967994625584161383e+00,2.836682836734808255e+00
2.380740490690811484e+01,9.975362676826984298e+00,2.836225742629868929e+00
2.397387519336051653e+01,9.981766558416017787e+00,2.835807050450915412e+00
2.414037974385050234e+01,9.987207267389880627e+00,2.835440701869628377e+00
2.430691295641713623e+01,9.991685649980871275e+00,2.835129106684905143e+00
2.447364696038040321e+01,9.995205640977408379e+00,2.834876089880511429e+00
2.464039851508272250e+01,9.997762496600119064e+00,2.834703044562195018e+00
2.482019577678586231e+01,9.999440649430981765e+00,2.834594400140637127e+00
2.499999999999988987e+01,9.999999999999994671e+00,2.834550699555829389e+00
2.517980422321394585e+01,9.999440649430985317e+00,2.834599248615718547e+00
2.535960148491711053e+01,9.997762496600120841e+00,2.834712822320221814e+00
2.552635303961950797e+01,9.995205640977408379e+00,2.834889533440500209e+00
2.569308704358272522e+01,9.991685649980874828e+00,2.835145854142796296e+00
2.585962025614933779e+01,9.987207267389885956e+00,2.835456936497973146e+00
2.602612480663931649e+01,9.981766558416023116e+00,2.835822277426877758e+00
2.619259509309172884e+01,9.975362676826987851e+00,2.836234996048179635e+00
2.635902549170327447e+01,9.967994625584168489e+00,2.836685671785636131e+00
2.652541034308375245e+01,9.959661256680593766e+00,2.837165941532727942e+00
2.669174396499235513e+01,9.950361269665297215e+00,2.837664717315993013e+00
2.685802064264482070e+01,9.940093210933353518e+00,2.838174859186631593e+00
2.702423459966406583e+01,9.928855474477044751e+00,2.838680135445737385e+00
2.719038002252991859e+01,9.916646299325062586e+00,2.839168439973775104e+00
2.735645104947143125e+01,9.903463768797106326e+00,2.839633431880931536e+00
2.753010771522444244e+01,9.888628171314039150e+00,2.840075280779069455e+00
2.770366962872658689e+01,9.872722382667573626e+00,2.840446977406303031e+00
2.788576569721904974e+01,9.854869984005105721e+00,2.840754650505004530e+00
2.806774160025337395e+01,9.835831702766515861e+00,2.840913013464390513e+00
2.823445878406093357e+01,9.817332958958989053e+00,2.840932285790795930e+00
2.840106164834902813e+01,9.797831475070669427e+00,2.840831759546154967e+00
2.856640576069959891e+01,9.777467740434721222e+00,2.840570794223975071e+00
2.873162422761796719e+01,9.756108557980748941e+00,2.840136021991389814e+00
2.889671049503273181e+01,9.733750496387164830e+00,2.839506534517654668e+00
2.906165788948198880e+01,9.710389954873708263e+00,2.838658355295214264e+00
2.922645964845247235e+01,9.686023156141832402e+00,2.837571069085605302e+00
2.939110887359608526e+01,9.660646149957049289e+00,2.836222861349864122e+00
2.955559855060917229e+01,9.634254807225577366e+00,2.834594200197664282e+00
2.971992155038607919e+01,9.606844816128587539e+00,2.832661547749007358e+00
2.988407058816508055e+01,9.578411685227491645e+00,2.830405024153776594e+00
3.004803827008124628e+01,9.548950731752551491e+00,2.827806747484443051e+00
3.021619423320663955e+01,9.517627385303981669e+00,2.824759890120327466e+00
3.038414269233994602e+01,9.485209894172758283e+00,2.821307873248167120e+00
3.056241289500578873e+01,9.449548473961881356e+00,2.817178540795822084e+00
3.074042856013091907e+01,9.412637458542789659e+00,2.812500005893055377e+00
3.090450430110546520e+01,9.377452693385734506e+00,2.807695182055886640e+00
3.106834539547808305e+01,9.341190994231920897e+00,2.802426182723432468e+00
3.123076176403378312e+01,9.304119856889647266e+00,2.796691493642508242e+00
3.139292926807109296e+01,9.265974803362754031e+00,2.790442685774555009e+00
3.155483878990930791e+01,9.226749296139248102e+00,2.783659506347576862e+00
3.171648103621383896e+01,9.186436565862130976e+00,2.776319676391247881e+00
3.187784647335879740e+01,9.145029619611184657e+00,2.768408053899977794e+00
3.203892526249586581e+01,9.102521251342437836e+00,2.759903204132430954e+00
3.219970733369373761e+01,9.058904016242056656e+00,2.750791030672796289e+00
3.236018233073439632e+01,9.014170237581025091e+00,2.741051599436040043e+00
3.252033959629787319e+01,8.968312003521617726e+00,2.730671461870951777e+00
3.268016820687839896e+01,8.921321148962471526e+00,2.719638376697327775e+00
3.284379333198314299e+01,8.871924266783885571e+00,2.707626942388428493e+00
3.300704814260648590e+01,8.821316978349633686e+00,2.694894951696904073e+00
3.317568115123625461e+01,8.767631523425263751e+00,2.680954122231260506e+00
3.334388853226818128e+01,8.712627040791527833e+00,2.666194062128246500e+00
3.350184330728696125e+01,8.659627927356680743e+00,2.651552784187501732e+00
3.365939416613163360e+01,8.605439912143381775e+00,2.636202324638480032e+00
3.381651251243918210e+01,8.550058319840006860e+00,2.620119369432551526e+00
3.397319944495902178e+01,8.493467706130504169e+00,2.603300671764628316e+00
3.412944056290638883e+01,8.435657449890245019e+00,2.585744265799906128e+00
3.428522085045309353e+01,8.376616690693586165e+00,2.567447089823057471e+00
3.444052479815402279e+01,8.316334273957908252e+00,2.548413644639300202e+00
3.459533647775241860e+01,8.254798706699997268e+00,2.528644212800311486e+00
3.474963940309136490e+01,8.191998195337800936e+00,2.508148737310333054e+00
3.490341640236411536e+01,8.127920684770403525e+00,2.486934090914625806e+00
3.505664970353863197e+01,8.062553811205647847e+00,2.465015354331438147e+00
3.520932098342989747e+01,7.995884864122947633e+00,2.442414089043607905e+00
3.536799371791730096e+01,7.924922500035335382e+00,2.418136609486174482e+00
3.552601145944854721e+01,7.852513377983123988e+00,2.393152896010824371e+00
3.567769694392340085e+01,7.781327751907444856e+00,2.368445172209573180e+00
3.582873041326810437e+01,7.708769051511199955e+00,2.343176857720623563e+00
3.597822493484369488e+01,7.635252815984898689e+00,2.317540617570061467e+00
3.612702968210206222e+01,7.560350279632106485e+00,2.291452523450071332e+00
3.627512075646265544e+01,7.484046514014945473e+00,2.264982276727541155e+00
3.642247334975254347e+01,7.406326262783262671e+00,2.238208146681480493e+00
3.656906167691155218e+01,7.327173955322918708e+00,2.211227757460143994e+00
3.671485887611645893e+01,7.246573740275047193e+00,2.184150893600329990e+00
3.685983700596289481e+01,7.164509467799190290e+00,2.157109915673080636e+00
3.700396702633528889e+01,7.080964678054305850e+00,2.130256460707630417e+00
3.714721864844123189e+01,6.995922665885125014e+00,2.103769384273108667e+00
3.728956041086816242e+01,6.909366415142021545e+00,2.077855441338701592e+00
3.743337445559837562e+01,6.819755539735671945e+00,2.052340961596197833e+00
3.757617725261290786e+01,6.728541842961054620e+00,2.027972966925067677e+00
3.771559391258739424e+01,6.637256474792082805e+00,2.005446602082931129e+00
3.785395901195638402e+01,6.544384997022578254e+00,1.984735082540745710e+00
3.799119233469247092e+01,6.449938218180730765e+00,1.966274590845957793e+00
3.812729553121667436e+01,6.353870085577272953e+00,1.950560627664211344e+00
3.826222628965333428e+01,6.256162466198394334e+00,1.938144497363347041e+00
3.839594080090275696e+01,6.156796960209228509e+00,1.929676266508366211e+00
3.852839325607362042e+01,6.055755245616931681e+00,1.925854431344439233e+00
3.865953576667241975e+01,5.953019141520258017e+00,1.927479433450536073e+00
3.878931842204311664e+01,5.848570566066844556e+00,1.935389638165508908e+00
3.891768919263086701e+01,5.742391612525261202e+00,1.950540274957392572e+00
3.904459363266804672e+01,5.634464807368474659e+00,1.973900535469515605e+00
3.916997531670112664e+01,5.524772757514376131e+00,2.006535505984653689e+00
3.929392962549059121e+01,5.413157616826751450e+00,2.049549957213415929e+00
3.941623646827797245e+01,5.299739697554117335e+00,2.104070170875522283e+00
3.953668156410775225e+01,5.184648923983011137e+00,2.171095199099687623e+00
3.965535242869749055e+01,5.067729683894025783e+00,2.251872486372123117e+00
3.977217959411497361e+01,4.948968297615174095e+00,2.347505987215780188e+00
3.988709081287839098e+01,4.828352220559555263e+00,2.459260809165120243e+00
4.000001098889991624e+01,4.705870232810901221e+00,2.588320426356240045e+00
4.011086210162496002e+01,4.581512667264193261e+00,2.736065749035537120e+00
4.021956322809379714e+01,4.455271561556712889e+00,2.903836489604043614e+00
4.032603045308758993e+01,4.327140970617379345e+00,3.093313332547456440e+00
4.043017693795331269e+01,4.197117138118851010e+00,3.306186961971820271e+00
4.053191290145734627e+01,4.065198813285400448e+00,3.544591372250141426e+00
4.063114566537239369e+01,3.931387544302633597e+00,3.810768625807981369e+00
4.072777980879818216e+01,3.795687877806859678e+00,4.107611658450518455e+00
4.082171721396746022e+01,3.658107760574318856e+00,4.438242246696533222e+00
4.091285719997776482e+01,3.518658900957205571e+00,4.806647618074211259e+00
4.100109674986278208e+01,3.377357067556672199e+00,5.217269152862388459e+00
4.108633078689582874e+01,3.234222379414263937e+00,5.675814953515275540e+00
4.116845241606203132e+01,3.089279737643992885e+00,6.188770148780011304e+00
4.124735329520159155e+01,2.942559139757290776e+00,6.764553567236520237e+00
4.132292404792744378e+01,2.794096007692742134e+00,7.413011391813343565e+00
4.139505470291791767e+01,2.643931570258675645e+00,8.147079727052503273e+00
4.146363525331199895e+01,2.492113112751493276e+00,8.982266516193968542e+00
4.152855624879840946e+01,2.338694245029103946e+00,9.939655356209508241e+00
4.158970944379506562e+01,2.183735139463415020e+00,1.104514328302355253e+01
4.164698849811858139e+01,2.027302735616054896e+00,1.233593055046779874e+01
4.170028975262902549e+01,1.869470825912745937e+00,1.385674785270497189e+01
4.174951303653901391e+01,1.710320093759388982e+00,1.568483084685578355e+01
4.179456250173272025e+01,1.549938091786596361e+00,1.789036227576945137e+01
4.183534748608070686e+01,1.388419108333618146e+00,2.069857525540703236e+01
4.187178337986772902e+01,1.225863946855469511e+00,2.409348209594498158e+01
4.190379248441804094e+01,1.062379591179541949e+00,2.917316237028333248e+01
4.193130483774380934e+01,8.980787820406822552e-01,3.442570748144681403e+01
4.195425899148862925e+01,7.330795001016574552e-01,4.759989165048668269e+01
4.197322059939997274e+01,5.610736384090687645e-01,5.366267377072951916e+01
4.198716008404127109e+01,3.885881992992188394e-01,1.151544981910408012e+02
4.199678742884461968e+01,1.944000607570297301e-01,1.394179320295321816e+02
4.199999999999997868e+01,-3.784153340999556663e-17,9.278081346295543881e+02
