x,y,stress
9.999999999999994449e-01,2.673173276843934865e-16,1.419575098159435129e+03
1.013211753968423112e+00,1.658822216517812365e-01,1.214525681886774038e+02
1.051637769735900507e+00,3.278154285736659679e-01,1.365619634485691449e+02
1.112183945452694944e+00,4.828771259387447667e-01,2.872059646003769018e+01
1.190993299962634255e+00,6.295390715460975617e-01,2.864194876311486126e+01
1.284369573247281737e+00,7.674156628269438452e-01,1.327249931747899225e+01
1.389208242751308164e+00,8.968142061237858176e-01,9.534569849444945788e+00
1.503067667979375743e+00,1.018368004908854596e+00,6.006641016223935203e+00
1.624081730783145661e+00,1.132813243695037109e+00,4.122289248897243574e+00
1.750835603922275219e+00,1.240875637363559880e+00,2.837732166636794062e+00
1.882253424808467024e+00,1.343221686925344160e+00,2.016333317985096851e+00
2.017509891334106076e+00,1.440443068246408220e+00,1.457429634503955462e+00
2.155964634899538712e+00,1.533056590713979705e+00,1.083647949179691761e+00
2.297114700673154264e+00,1.621510664569584037e+00,8.326449928703290038e-01
2.440560188506174288e+00,1.706193723527406281e+00,6.747192003262235671e-01
2.585979310234441275e+00,1.787442653008332716e+00,5.854605684947593591e-01
2.733110171427805657e+00,1.865550463361071554e+00,5.454944768003009425e-01
2.881736865751515442e+00,1.940772727917897456e+00,5.379654574507957143e-01
3.031681073425586792e+00,2.013334061339120851e+00,5.492856141113121593e-01
3.182793769173164922e+00,2.083432417243465284e+00,5.699931498146479925e-01
3.334947468342873922e+00,2.151242159749668925e+00,5.967042551524305294e-01
3.488034246135976346e+00,2.216918545806433105e+00,6.235615069247358866e-01
3.641961683436631958e+00,2.280600166845581533e+00,6.502150543012529260e-01
3.796649693816123605e+00,2.342411060074618856e+00,6.762648523672697420e-01
3.952029149689848087e+00,2.402462956816528106e+00,7.017561379247764242e-01
4.108039476238219301e+00,2.460856627626895055e+00,7.259298774486359074e-01
4.264627454810622886e+00,2.517683340210096432e+00,7.481795343516621788e-01
4.421745960918994633e+00,2.573025982015196611e+00,7.694338030938693285e-01
4.579353542427129220e+00,2.626960232501261316e+00,7.895130225245058364e-01
4.737753895320662600e+00,2.679667063765667656e+00,8.085434019621825508e-01
4.896574879869651120e+00,2.731092660413008577e+00,8.265673662074033423e-01
5.058270417106506933e+00,2.782068553411879197e+00,8.439139768843351153e-01
5.220340785824295615e+00,2.831839996864539355e+00,8.603718936286346430e-01
5.379922138844063007e+00,2.879619964935594023e+00,8.757510184545886922e-01
5.539818987870924083e+00,2.926333348277634805e+00,8.904099058466986572e-01
5.700011697942977129e+00,2.972022695684856775e+00,9.044025817162926195e-01
5.860481983104073755e+00,3.016727454504630312e+00,9.177818710472208652e-01
6.021213272451160670e+00,3.060484415733943919e+00,9.305940370706065057e-01
6.182190467470768169e+00,3.103327937566999761e+00,9.428813534302891153e-01
6.343399599916975440e+00,3.145290112532939997e+00,9.546831188493097864e-01
6.504827931072900249e+00,3.186401023381180142e+00,9.660329280016876075e-01
6.666463678723584252e+00,3.226688874350810643e+00,9.769627071011415254e-01
6.828295904146443718e+00,3.266180144551738440e+00,9.875009612567974271e-01
6.991704553088379903e+00,3.305228490961368060e+00,9.977572376916058472e-01
7.155293165319059234e+00,3.343515944458164579e+00,1.007669975424860587e+00
7.333505337725288342e+00,3.384342562606293736e+00,1.018085031055044665e+00
7.511909371207458719e+00,3.424322508515182939e+00,1.028128846132121632e+00
7.680171339777481343e+00,3.461240840923579309e+00,1.037285476339092405e+00
7.848587148550618231e+00,3.497450939309828755e+00,1.046160114981508737e+00
8.011586010838618321e+00,3.531810981330976595e+00,1.054488652511110125e+00
8.174715923033959442e+00,3.565543386502635137e+00,1.062582087128008057e+00
8.337971221414550271e+00,3.598663892813146692e+00,1.070451948581893076e+00
8.501346496821122756e+00,3.631187443176751906e+00,1.078108714795011025e+00
8.664836674814646145e+00,3.663128259180710611e+00,1.085564355872747022e+00
8.828437028842566647e+00,3.694499894913994442e+00,1.092826678959202935e+00
8.992143058006620393e+00,3.725315260502583214e+00,1.099906615215937578e+00
9.155950546346756980e+00,3.755586677139111540e+00,1.106809085430102479e+00
9.319855518616332546e+00,3.785325908394969296e+00,1.113547373432510090e+00
9.483854162659037357e+00,3.814544183045763148e+00,1.120117356604083181e+00
9.648575678186377402e+00,3.843361945698534399e+00,1.126571376612021558e+00
9.813384536100420164e+00,3.871675941836525858e+00,1.132807060966370516e+00
9.993225722673463096e+00,3.901993379621253144e+00,1.139539568798816793e+00
1.017316291011156260e+01,3.931735760429452498e+00,1.146079025990007993e+00
1.036570498922094252e+01,3.962921735013487545e+00,1.152902747033139441e+00
1.055834814204250627e+01,3.993477166462885641e+00,1.159546003643205037e+00
1.073185005659654756e+01,4.020454954090562083e+00,1.165382158754175945e+00
1.090542764125417641e+01,4.046941521461408620e+00,1.171089972311096794e+00
1.107017006961738836e+01,4.071623505869748527e+00,1.176386393650170614e+00
1.123497591627431014e+01,4.095878432983577788e+00,1.181574440772916512e+00
1.139984305195137004e+01,4.119713210317234697e+00,1.186661833040238090e+00
1.156476943979663830e+01,4.143134484797986516e+00,1.191645451194787153e+00
1.172975312849346885e+01,4.166148655139639168e+00,1.196528691748892870e+00
1.189479225072960311e+01,4.188761884124602375e+00,1.201313732894455422e+00
1.205988502009817331e+01,4.210980109848940778e+00,1.206002368637671518e+00
1.222502971306945341e+01,4.232809054272629545e+00,1.210597354826426386e+00
1.239022468977724678e+01,4.254254236293133040e+00,1.215100605702293279e+00
1.255546835521733051e+01,4.275320976325373223e+00,1.219514641221795204e+00
1.272079941057615393e+01,4.296019399081783874e+00,1.223840526316326338e+00
1.288617618749877280e+01,4.316349291741731875e+00,1.228082787961000344e+00
1.306319778709922375e+01,4.337701889164033986e+00,1.232527264461922067e+00
1.324026846555606696e+01,4.358643602711773646e+00,1.236880280528023235e+00
1.343979896664600560e+01,4.381749516165315050e+00,1.241675942930683840e+00
1.363938753038945784e+01,4.404348409188298064e+00,1.246353421469128087e+00
1.383626378220476560e+01,4.426144477210096184e+00,1.250857294136200837e+00
1.403319252271585249e+01,4.447461109361027454e+00,1.255251358249329430e+00
1.420799818726430885e+01,4.465982033555575548e+00,1.259062674396997927e+00
1.438284248015431999e+01,4.484134678029988663e+00,1.262793447057513507e+00
1.454856757292572844e+01,4.501000854277189767e+00,1.266254628723181064e+00
1.471432528113156479e+01,4.517543424559313792e+00,1.269645456303848396e+00
1.488011463580938099e+01,4.533765682008652043e+00,1.272965900994591060e+00
1.504593471501783597e+01,4.549670815235987043e+00,1.276217086152264590e+00
1.521178462604965276e+01,4.565261910391021694e+00,1.279399952970199372e+00
1.537766348453890863e+01,4.580541952935830885e+00,1.282515339786875375e+00
1.554357046036444601e+01,4.595513835420488746e+00,1.285563992759726215e+00
1.570950471014585581e+01,4.610180354640035283e+00,1.288546818086459655e+00
1.587546541501654573e+01,4.624544218380172822e+00,1.291464688909078617e+00
1.604145181469911918e+01,4.638608051267434362e+00,1.294318407355134815e+00
1.620749193038579250e+01,4.652376753350000449e+00,1.297108790386370281e+00
1.637355625610673115e+01,4.665850320773405890e+00,1.299837799224231816e+00
1.655109183345423673e+01,4.679928842984965698e+00,1.302684652582141611e+00
1.672865340209684248e+01,4.693675679326141825e+00,1.305463122463731862e+00
1.692880229461140118e+01,4.708774719357665894e+00,1.308509350776063451e+00
1.712898199760436668e+01,4.723459642025341410e+00,1.311467381569629831e+00
1.733952633728909021e+01,4.738459771874716786e+00,1.314485347023396589e+00
1.755010225208534891e+01,4.753009936082680298e+00,1.317405171882916948e+00
1.773830779860543672e+01,4.765635024453049873e+00,1.319936302700554842e+00
1.792653673279933813e+01,4.777906498926178358e+00,1.322393390021763926e+00
1.809568371536049725e+01,4.788633173123492348e+00,1.324538528291980599e+00
1.826484832386803348e+01,4.799078198793791827e+00,1.326626175159441035e+00
1.843112945482780063e+01,4.809071378586401657e+00,1.328621090749261269e+00
1.859742652437482135e+01,4.818795723632061545e+00,1.330560404274557129e+00
1.876373900666429151e+01,4.828252757312755605e+00,1.332444353650687585e+00
1.893006639250787160e+01,4.837443950654321867e+00,1.334273380855681479e+00
1.909640818870064294e+01,4.846370723487564369e+00,1.336047929512024002e+00
1.926276389324746674e+01,4.855034444319464626e+00,1.337768374760726520e+00
1.942913300734502613e+01,4.863436432207981497e+00,1.339435108585318668e+00
1.959551507102051104e+01,4.871577959605271069e+00,1.341048576135408066e+00
1.976190962504508164e+01,4.879460251378543667e+00,1.342608956744638649e+00
1.992831620315206109e+01,4.887084485502276365e+00,1.344117187890186749e+00
2.009690350075713638e+01,4.894546128298800092e+00,1.345591376672104156e+00
2.026550221342002089e+01,4.901745236910261205e+00,1.347014407644998801e+00
2.045236103425892082e+01,4.909418120068753666e+00,1.348528497498724610e+00
2.063923270870131788e+01,4.916771311700378178e+00,1.349979489752277217e+00
2.084985899401593201e+01,4.924677132811112301e+00,1.351537568075072304e+00
2.106050000371137898e+01,4.932180414000667312e+00,1.353012842898189794e+00
2.127139339900877602e+01,4.939290695038853762e+00,1.354410631538664589e+00
2.148229990377449994e+01,4.946000883644912527e+00,1.355726022834440769e+00
2.166944408121546672e+01,4.951620969825222929e+00,1.356827285093452184e+00
2.185659738996652734e+01,4.956928284955208319e+00,1.357866822067633317e+00
2.202538002714737786e+01,4.961447009124812624e+00,1.358750855908252397e+00
2.219416924656262324e+01,4.965712793709697870e+00,1.359586095249388560e+00
2.236070328335156177e+01,4.969674149039756017e+00,1.360360922640516224e+00
2.252724296902428591e+01,4.973390446053458369e+00,1.361087547042130419e+00
2.269378793396728611e+01,4.976862201670184227e+00,1.361765683193466581e+00
2.286033780768154955e+01,4.980089897421995815e+00,1.362395728139035089e+00
2.302689222822421655e+01,4.983073979981845092e+00,1.362977795712377427e+00
2.319345082853453377e+01,4.985814861217961358e+00,1.363512099432625524e+00
2.336001324203767027e+01,4.988312918616117919e+00,1.363998578073878587e+00
2.352657911569752969e+01,4.990568495721752207e+00,1.364437564352154908e+00
2.369314809671568867e+01,4.992581902142840811e+00,1.364829271826133450e+00
2.385971982601036601e+01,4.994353413710518552e+00,1.365174109582018236e+00
2.402909625110855529e+01,4.995906944092059376e+00,1.365475940064445393e+00
2.419847478190009582e+01,4.997210842393097430e+00,1.365730791981207171e+00
2.438688610420978975e+01,4.998368185761581373e+00,1.365956461131805133e+00
2.457529906875164372e+01,4.999217078976887940e+00,1.366122987551275036e+00
2.478764917352727792e+01,4.999804280572583970e+00,1.366238628720722215e+00
2.499999999999982236e+01,4.999999999999997335e+00,1.366275898892134855e+00
2.521235082647239523e+01,4.999804280572584858e+00,1.366238407056777904e+00
2.542470093124804009e+01,4.999217078976889717e+00,1.366122570074248754e+00
2.561311389578997932e+01,4.998368185761582261e+00,1.365956034433300381e+00
2.580152521809961641e+01,4.997210842393099206e+00,1.365730306632449542e+00
2.597090374889129194e+01,4.995906944092059376e+00,1.365475260067912311e+00
2.614028017398937109e+01,4.994353413710520329e+00,1.365173160592182189e+00
2.630685190328403777e+01,4.992581902142844363e+00,1.364827737023069254e+00
2.647342088430219320e+01,4.990568495721756648e+00,1.364435369496460604e+00
2.663998675796205617e+01,4.988312918616119696e+00,1.363995341497464375e+00
2.680654917146520333e+01,4.985814861217964911e+00,1.363507810400762743e+00
2.697310777177550634e+01,4.983073979981849533e+00,1.362972375444518880e+00
2.713966219231817689e+01,4.980089897422000256e+00,1.362389152869898146e+00
2.730621206603243678e+01,4.976862201670188668e+00,1.361758022524319101e+00
2.747275703097544763e+01,4.973390446053463698e+00,1.361078812012479045e+00
2.763929671664816468e+01,4.969674149039763122e+00,1.360351342918340478e+00
2.780583075343711030e+01,4.965712793709704087e+00,1.359575684692305719e+00
2.797461997285236279e+01,4.961447009124818841e+00,1.358739850633181367e+00
2.814340261003320975e+01,4.956928284955215425e+00,1.357855287013927992e+00
2.833055591878424551e+01,4.951620969825230922e+00,1.356815398374345394e+00
2.851770009622518387e+01,4.946000883644921409e+00,1.355713840318505170e+00
2.872860660099091135e+01,4.939290695038861756e+00,1.354398318793417877e+00
2.893949999628831193e+01,4.932180414000677970e+00,1.353000433520051393e+00
2.915014100598378732e+01,4.924677132811122071e+00,1.351525158444157659e+00
2.936076729129843699e+01,4.916771311700386171e+00,1.349967105362711361e+00
2.954763896574086957e+01,4.909418120068759883e+00,1.348516180750744864e+00
2.973449778657981213e+01,4.901745236910266534e+00,1.347002169574612829e+00
2.990309649924271085e+01,4.894546128298807197e+00,1.345578894821446880e+00
3.007168379684780746e+01,4.887084485502280806e+00,1.344104404896398375e+00
3.023809037495477980e+01,4.879460251378549884e+00,1.342595654714421771e+00
3.040448492897934685e+01,4.871577959605276398e+00,1.341034715045764214e+00
3.057086699265482821e+01,4.863436432207987714e+00,1.339420409783852683e+00
3.073723610675238405e+01,4.855034444319470843e+00,1.337752790597164898e+00
3.090359181129920785e+01,4.846370723487569698e+00,1.336031339508633176e+00
3.106993360749199340e+01,4.837443950654328972e+00,1.334255734792402004e+00
3.123626099333555572e+01,4.828252757312761823e+00,1.332425405493229853e+00
3.140257347562501167e+01,4.818795723632068650e+00,1.330540090236672857e+00
3.156887054517202174e+01,4.809071378586409651e+00,1.328599508240655425e+00
3.173515167613178889e+01,4.799078198793800709e+00,1.326603313671512741e+00
3.190431628463930025e+01,4.788633173123504783e+00,1.324514438440574704e+00
3.207346326720043805e+01,4.777906498926190793e+00,1.322368157203627437e+00
3.226169220139433236e+01,4.765635024453061419e+00,1.319910201598014865e+00
3.244989774791442727e+01,4.753009936082693621e+00,1.317378310434505373e+00
3.266047366271066466e+01,4.738459771874732773e+00,1.314457797581688903e+00
3.287101800239537397e+01,4.723459642025357397e+00,1.311439152023501586e+00
3.307119770538832881e+01,4.708774719357682770e+00,1.308480861117231608e+00
3.327134659790289106e+01,4.693675679326159589e+00,1.305434411302332176e+00
3.344890816654548615e+01,4.679928842984984350e+00,1.302656009070024989e+00
3.362644374389299173e+01,4.665850320773426319e+00,1.299809292207079414e+00
3.379250806961392328e+01,4.652376753350020877e+00,1.297080383927472269e+00
3.395854818530059305e+01,4.638608051267456567e+00,1.294290101671895510e+00
3.412453458498315939e+01,4.624544218380195915e+00,1.291436017016291959e+00
3.429049528985385109e+01,4.610180354640058376e+00,1.288517716157443704e+00
3.445642953963526622e+01,4.595513835420510951e+00,1.285534162380609580e+00
3.462233651546080893e+01,4.580541952935853978e+00,1.282484720393689770e+00
3.478821537395006658e+01,4.565261910391045674e+00,1.279368442279867013e+00
3.495406528498187981e+01,4.549670815236011912e+00,1.276184630647888119e+00
3.511988536419033835e+01,4.533765682008675135e+00,1.272932522358491081e+00
3.528567471886817941e+01,4.517543424559335996e+00,1.269611146176552907e+00
3.545143242707402464e+01,4.501000854277211971e+00,1.266219510476957799e+00
3.561715751984542777e+01,4.484134678030010868e+00,1.262757575912802688e+00
3.579200181273540693e+01,4.465982033555601305e+00,1.259026120029241191e+00
3.596680747728385796e+01,4.447461109361055875e+00,1.255214376242116847e+00
3.616373621779495551e+01,4.426144477210123718e+00,1.250820422202122195e+00
3.636061246961028104e+01,4.404348409188323821e+00,1.246316809589572916e+00
3.656020103335374927e+01,4.381749516165337255e+00,1.241639942257207974e+00
3.675973153444370922e+01,4.358643602711796738e+00,1.236845543334842867e+00
3.693680221290055243e+01,4.337701889164058855e+00,1.232490846672727791e+00
3.711382381250101758e+01,4.316349291741754968e+00,1.228044101781211150e+00
3.727920058942364534e+01,4.296019399081805190e+00,1.223800699042514095e+00
3.744453164478247942e+01,4.275320976325394540e+00,1.219473580815132463e+00
3.760977531022255249e+01,4.254254236293154356e+00,1.215059576470359781e+00
3.777497028693033343e+01,4.232809054272653526e+00,1.210556429189798555e+00
3.794011497990162241e+01,4.210980109848962982e+00,1.205961989851328964e+00
3.810520774927022103e+01,4.188761884124621915e+00,1.201273973091617098e+00
3.827024687150636595e+01,4.166148655139657819e+00,1.196489851883025812e+00
3.843523056020320894e+01,4.143134484798004280e+00,1.191607397440314964e+00
3.860015694804847186e+01,4.119713210317251573e+00,1.186624045178942488e+00
3.876502408372554243e+01,4.095878432983595552e+00,1.181536976607483913e+00
3.892982993038246065e+01,4.071623505869766291e+00,1.176342855037716628e+00
3.909457235874565839e+01,4.046941521461429048e+00,1.171040283557892359e+00
3.926814994340325882e+01,4.020454954090586064e+00,1.165328300443859266e+00
3.944165185795728235e+01,3.993477166462914063e+00,1.159488202238111443e+00
3.963429501077884964e+01,3.962921735013516411e+00,1.152843996056361453e+00
3.982683708988822247e+01,3.931735760429482696e+00,1.146021828845782631e+00
4.000677427732633618e+01,3.901993379621281566e+00,1.139481981257333798e+00
4.018661546389940042e+01,3.871675941836552060e+00,1.132778405355232554e+00
4.035142432181345384e+01,3.843361945698557935e+00,1.126481138330419185e+00
4.051614583734081521e+01,3.814544183045785353e+00,1.120038138399939154e+00
4.068014448138351469e+01,3.785325908394991057e+00,1.113464854454788711e+00
4.084404945365309203e+01,3.755586677139132856e+00,1.106731363177495986e+00
4.100785694199322506e+01,3.725315260502607195e+00,1.099829832326887802e+00
4.117156297115726460e+01,3.694499894914020643e+00,1.092752833855235250e+00
4.133516332518517800e+01,3.663128259180737256e+00,1.085492084538084212e+00
4.149865350317870849e+01,3.631187443176781215e+00,1.078038500444936210e+00
4.166202877858529519e+01,3.598663892813172005e+00,1.070382326924517624e+00
4.182528407696590733e+01,3.565543386502657341e+00,1.062513113518792407e+00
4.198841398916123069e+01,3.531810981331001909e+00,1.054419728767422404e+00
4.215141285144923700e+01,3.497450939309854512e+00,1.046091303043354959e+00
4.231982866022236323e+01,3.461240840923605955e+00,1.037215473779543373e+00
4.248809062879239207e+01,3.424322508515210028e+00,1.028057695862913068e+00
4.266649466227453757e+01,3.384342562606323490e+00,1.018011563743029591e+00
4.284470683468078533e+01,3.343515944458194777e+00,1.007593809083590308e+00
4.300829544691146111e+01,3.305228490961400478e+00,9.976789122812131927e-01
4.317170409585339996e+01,3.266180144551770859e+00,9.874197993773936588e-01
4.333353632127626298e+01,3.226688874350841285e+00,9.768784773628297335e-01
4.349517206892696919e+01,3.186401023381205899e+00,9.659451210814663513e-01
4.365660040008287268e+01,3.145290112532971527e+00,9.545909204935242309e-01
4.381780953252908972e+01,3.103327937567031736e+00,9.427838902101919327e-01
4.397878672754865903e+01,3.060484415733981223e+00,9.304909517685496789e-01
4.413951801689575660e+01,3.016727454504668948e+00,9.176721076972820246e-01
4.429998830205685323e+01,2.972022695684897631e+00,9.042865206927874766e-01
4.446018101212893470e+01,2.926333348277669888e+00,8.902858644039267633e-01
4.462007786115574248e+01,2.879619964935639320e+00,8.756192797469530831e-01
4.477965921417551698e+01,2.831839996864587761e+00,8.602302140791057150e-01
4.494172958289330921e+01,2.782068553411928047e+00,8.437621680682285685e-01
4.510342512013021832e+01,2.731092660413042328e+00,8.264004962864225368e-01
4.526224610467917842e+01,2.679667063765705404e+00,8.083611959246989054e-01
4.542064645757277930e+01,2.626960232501282189e+00,7.893045120380713930e-01
4.557825403908087480e+01,2.573025982015233915e+00,7.691923199360383157e-01
4.573537254518929984e+01,2.517683340210115972e+00,7.479010581608865893e-01
4.589196052376162527e+01,2.460856627626938575e+00,7.253628071879950623e-01
4.604797085031006532e+01,2.402462956816551642e+00,7.015316788132939241e-01
4.620335030618370808e+01,2.342411060074675255e+00,6.764293642554100039e-01
4.635803831656329521e+01,2.280600166845603738e+00,6.501822798098534362e-01
4.651196575386381227e+01,2.216918545806505048e+00,6.231507235567131930e-01
4.666505253165706080e+01,2.151242159749690241e+00,5.960982694774568103e-01
4.681720623082658506e+01,2.083432417243569201e+00,5.705659105433785738e-01
4.696831892657434082e+01,2.013334061339143943e+00,5.494746881735511623e-01
4.711826313424815993e+01,1.940772727918039786e+00,5.380980449721898262e-01
4.726688982857218235e+01,1.865550463361066003e+00,5.453114804750416322e-01
4.741402068976510975e+01,1.787442653008564308e+00,5.840550300536323514e-01
4.755943981149379596e+01,1.706193723527408279e+00,6.709932920926089395e-01
4.770288529932610544e+01,1.621510664570011473e+00,8.244462359145541264e-01
4.784403536510041732e+01,1.533056590713997469e+00,1.067028833289239698e+00
4.798249010866471309e+01,1.440443068247209579e+00,1.431269834625916060e+00
4.811774657519148235e+01,1.343221686925369474e+00,1.969107221609862401e+00
4.824916439607582674e+01,1.240875637365076223e+00,2.774088106790787212e+00
4.837591826921680394e+01,1.132813243695061312e+00,3.994804510024547728e+00
4.849693233201780629e+01,1.018368004911651470e+00,5.869585770857574047e+00
4.861079175724860590e+01,8.968142061238505436e-01,9.128526409463573188e+00
4.871563042674954147e+01,7.674156628311509243e-01,1.303444935947208627e+01
4.880900670003730824e+01,6.295390715461576248e-01,2.713017321012268823e+01
4.888781605454587975e+01,4.828771259417439787e-01,2.916175507222081009e+01
4.894836223026406685e+01,3.278154285736705198e-01,1.358510976525350316e+02
4.898678824603153714e+01,1.658822216519007797e-01,1.206373880499075142e+02
4.899999999999997868e+01,-3.224610245843124509e-17,1.417635242003615986e+03
