x,y,stress
8.999999999999994671e+00,-3.398719768785102316e-13,8.894320358660074817e+02
9.002300575381777747e+00,2.204453695728381957e-01,1.406035241993959630e+02
9.009200278829457176e+00,4.407947495835513041e-01,1.125728198570597414e+02
9.019182668673170866e+00,6.363889965042545116e-01,5.424277609787192489e+01
9.032783078400930421e+00,8.317650156995983757e-01,4.793003252155304494e+01
9.047895864453570525e+00,1.005129707556773555e+00,3.560869473813290398e+01
9.065849590705713723e+00,1.178223261889929319e+00,3.067342678718897631e+01
9.085539869340966135e+00,1.342460178490602285e+00,2.593318509888615964e+01
9.107778628904886986e+00,1.506371470421346892e+00,2.270346992831996147e+01
9.132555124888980913e+00,1.669918411026157790e+00,1.996275848498300221e+01
9.159857457762262456e+00,1.833062708655216699e+00,1.777115781131296757e+01
9.189672600408224312e+00,1.995766545338749198e+00,1.592369703129580927e+01
9.221986429867474300e+00,2.157992624578918939e+00,1.436343920162920362e+01
9.256783757442361704e+00,2.319704196753654468e+00,1.302052733206251389e+01
9.294048365579453019e+00,2.480865107485527687e+00,1.185472278953866976e+01
9.333763042595395021e+00,2.641439823590316927e+00,1.083181315429784064e+01
9.375909618588650574e+00,2.801393457908858409e+00,9.927473511482867607e+00
9.420471907838875225e+00,2.960701885691588320e+00,9.122069741616531502e+00
9.467427346565996160e+00,3.119321442775083941e+00,8.400378450425071364e+00
9.517197202486133989e+00,3.278597834778704811e+00,7.745020293889483654e+00
9.569358928112308149e+00,3.437107035883571360e+00,7.152656445994563406e+00
9.623402896324929401e+00,3.593442484343833510e+00,6.619806085299280163e+00
9.679751493900830894e+00,3.748962140348874872e+00,6.134316858117525584e+00
9.738380983276709202e+00,3.903636357134455004e+00,5.691231606085771055e+00
9.799267010147463708e+00,4.057436315607691135e+00,5.285382294829384264e+00
9.862384640442925843e+00,4.210334016223513665e+00,4.898904468597361728e+00
9.927708401031599905e+00,4.362302281742477028e+00,4.561441522867850651e+00
9.995212327525784701e+00,4.513314775286707103e+00,4.247515383328242855e+00
1.006487000300120549e+01,4.663345995380753450e+00,3.961539483012486595e+00
1.013665460348342684e+01,4.812371285791136266e+00,3.690796157951090173e+00
1.021053893101127841e+01,4.960366818679207590e+00,3.452103566694182391e+00
1.028732247871652561e+01,5.108882165125698371e+00,3.230003420243899637e+00
1.036619425915790416e+01,5.256299157075876138e+00,3.029604857005524288e+00
1.044658545021050244e+01,5.401635716958890221e+00,2.850623167429419347e+00
1.052898020556394698e+01,5.545845873696453765e+00,2.691191481214030734e+00
1.061300268363885912e+01,5.688330327100456607e+00,2.551421944029069966e+00
1.069895525942296466e+01,5.829658868676131256e+00,2.430179462118087219e+00
1.078680920443653690e+01,5.969813403996674595e+00,2.326869619183850268e+00
1.087653570264532021e+01,6.108776602659675703e+00,2.241401350195175279e+00
1.096810589018716797e+01,6.246531900213653898e+00,2.173143635976387600e+00
1.106149087844277368e+01,6.383063474605868315e+00,2.121535628736890722e+00
1.115666178576125311e+01,6.518356237378592155e+00,2.085737966625042628e+00
1.125358975800638284e+01,6.652395809775573987e+00,2.064787707308722631e+00
1.135224600121442329e+01,6.785168517412309974e+00,2.057529210059585889e+00
1.145260179269576994e+01,6.916661356585647624e+00,2.062714747599752041e+00
1.155690604877490735e+01,7.049729889587439402e+00,2.079511121989370270e+00
1.166292560984583737e+01,7.181435891371919844e+00,2.106611823401878691e+00
1.176857880852610094e+01,7.309316710940851003e+00,2.141823420246167231e+00
1.187582549889689432e+01,7.435864152904851920e+00,2.184376481455280405e+00
1.198432940296113181e+01,7.560718254902707436e+00,2.232990899564748943e+00
1.209436193050454555e+01,7.684227331145971895e+00,2.286799730185223201e+00
1.220589559215907549e+01,7.806382809071878093e+00,2.344889215088455270e+00
1.231890285522279527e+01,7.927176359681498141e+00,2.406501024365505170e+00
1.243335641017520921e+01,8.046600175352427442e+00,2.470938003341875078e+00
1.254922945488269903e+01,8.164647226368950683e+00,2.537619975127642036e+00
1.266649536304762336e+01,8.281310874676341527e+00,2.606039298465587351e+00
1.278512765380559379e+01,8.396584827672219475e+00,2.675755084933854278e+00
1.290510003211769785e+01,8.510463163900070072e+00,2.746401928994526731e+00
1.302638674766481763e+01,8.622940646474685167e+00,2.817644531322239576e+00
1.315260641431967947e+01,8.737275529839887867e+00,2.891327444367951305e+00
1.328016453601061642e+01,8.850115240641780900e+00,2.965085729378128310e+00
1.340653754469785142e+01,8.959323265083760646e+00,3.037298457696489873e+00
1.353414619849980838e+01,9.067084880266136793e+00,3.109179835396324698e+00
1.366171895261904901e+01,9.172379502417784991e+00,3.179904137478299031e+00
1.379045488844103673e+01,9.276248784748277743e+00,3.250010828174483724e+00
1.392033005884299612e+01,9.378689787466381489e+00,3.319395329161138442e+00
1.405132107299748689e+01,9.479700068667799684e+00,3.387938302151707770e+00
1.418340480324982167e+01,9.579277428853528065e+00,3.455556013419330608e+00
1.431655825058333065e+01,9.677419802644308788e+00,3.522161733917839044e+00
1.445075883354944501e+01,9.774125465842312011e+00,3.587670398481602074e+00
1.458598421205915052e+01,9.869392890609706370e+00,3.651994524795221242e+00
1.472221233717555933e+01,9.963220772249217205e+00,3.715076965323301117e+00
1.485942153293967394e+01,1.005560807299435311e+01,3.776872615508295006e+00
1.500015214274931097e+01,1.014822071815823534e+01,3.838414684995672399e+00
1.514185588254036041e+01,1.023933745730656142e+01,3.898516142255005423e+00
1.528727093955232164e+01,1.033067132369042440e+01,3.958238745490849642e+00
1.543365119667780583e+01,1.042045015126257468e+01,4.016344048563404101e+00
1.557554828189986473e+01,1.050546192731999184e+01,4.070776483711195048e+00
1.571830003466796732e+01,1.058903061035312554e+01,4.123665506977239659e+00
1.586188678699324761e+01,1.067115634241285704e+01,4.174958696502061528e+00
1.600628913992818880e+01,1.075183939189975568e+01,4.224632040810839761e+00
1.615148797128031433e+01,1.083108015127843515e+01,4.272654421099923105e+00
1.629746441385909606e+01,1.090887911878935412e+01,4.319001081893873106e+00
1.644419987555115625e+01,1.098523690340943837e+01,4.363652721594816875e+00
1.659167600276252230e+01,1.106015419994757210e+01,4.406582436353714272e+00
1.673987468573231752e+01,1.113363178738825887e+01,4.447780701692722438e+00
1.688877809601431679e+01,1.120567054220400749e+01,4.487219805834715025e+00
1.703855206395473587e+01,1.127635690330056306e+01,4.524942656997871460e+00
1.718899741022751826e+01,1.134560286412171592e+01,4.560923686481654471e+00
1.734940956116886568e+01,1.141753221875891988e+01,4.597188593164450943e+00
1.751053854511624408e+01,1.148784113383784167e+01,4.631384261433899141e+00
1.766438421550269311e+01,1.155318835178693604e+01,4.661956042765849517e+00
1.781884286016775931e+01,1.161707323506064071e+01,4.690916015562129893e+00
1.797228546421415984e+01,1.167885669707231777e+01,4.718644449083266856e+00
1.812629598308736689e+01,1.173921057687313585e+01,4.743174300462559501e+00
1.828085858658068474e+01,1.179813618004085640e+01,4.766386462720003436e+00
1.843595768318769146e+01,1.185563484999186201e+01,4.787769524817311328e+00
1.859157786995119110e+01,1.191170794532434662e+01,4.807419730158117410e+00
1.874770389628336531e+01,1.196635682502115650e+01,4.825344003579586705e+00
1.890432069522618264e+01,1.201958285830755102e+01,4.841568603723885644e+00
1.906141340727368316e+01,1.207138743003807591e+01,4.856118988353730792e+00
1.921896733856178585e+01,1.212177192387987645e+01,4.869017006810873127e+00
1.937696794347695572e+01,1.217073771532693627e+01,4.880317627646927114e+00
1.953817420053788112e+01,1.221910478389012233e+01,4.890188161781947151e+00
1.969981302772758625e+01,1.226600597369539614e+01,4.898506526666102090e+00
1.987037327477303350e+01,1.231378342176976304e+01,4.905596118791638816e+00
2.004137913381929792e+01,1.235994054787381025e+01,4.910962342680852188e+00
2.020176352847267154e+01,1.240166014324646504e+01,4.914607782902887578e+00
2.036250951979189239e+01,1.244196406473535355e+01,4.916970866083735459e+00
2.052330429526724132e+01,1.248078273581738529e+01,4.918079807191099384e+00
2.068443245651404894e+01,1.251819350601233438e+01,4.918007099514194458e+00
2.084588075845911703e+01,1.255419759424877313e+01,4.916837787263219184e+00
2.100763608747987021e+01,1.258879619317919385e+01,4.914640709332687152e+00
2.116968544540584674e+01,1.262199046427968518e+01,4.911501444868089372e+00
2.133201591996705559e+01,1.265378153107759651e+01,4.907499216209574300e+00
2.149461470548039088e+01,1.268417048297600935e+01,4.902732303407472791e+00
2.165746910775627754e+01,1.271315837506879731e+01,4.897287429947544624e+00
2.182056651779561207e+01,1.274074622240407351e+01,4.891252761744713240e+00
2.198389441829154478e+01,1.276693500060522801e+01,4.884756514472050171e+00
2.215349798308405127e+01,1.279261643720829333e+01,4.877595497695677906e+00
2.232332226895603711e+01,1.281679531336143185e+01,4.870116182773814195e+00
2.249773569228398529e+01,1.284003684061562645e+01,4.862252154778607505e+00
2.267235226320700647e+01,1.286169935953634180e+01,4.854220314630046218e+00
2.283669051676724493e+01,1.288062613140470525e+01,4.846712500425209846e+00
2.300118335068044573e+01,1.289815873917518552e+01,4.839345765656315912e+00
2.316580844291520336e+01,1.291429686872844940e+01,4.832174756728002230e+00
2.333056412240618371e+01,1.292904226422530556e+01,4.825283580970421760e+00
2.349543847661265161e+01,1.294239547946131097e+01,4.818765897070458770e+00
2.366041963599280606e+01,1.295435701797340222e+01,4.812688835527995757e+00
2.382549577029791976e+01,1.296492733249429641e+01,4.807132134543164348e+00
2.399065508382624756e+01,1.297410682438667173e+01,4.802152959370002527e+00
2.415588581138544200e+01,1.298189584319344014e+01,4.797828207337015982e+00
2.432117621380178818e+01,1.298829468622195726e+01,4.794194379961322028e+00
2.448651457367897422e+01,1.299330359820695335e+01,4.791297907269359335e+00
2.465188919126925526e+01,1.299692277103488003e+01,4.789202903953690083e+00
2.482593779497385000e+01,1.299923070093717214e+01,4.787872434306924774e+00
2.499999999999986500e+01,1.299999999999999467e+01,4.787398446990319911e+00
2.517406220502587288e+01,1.299923070093717747e+01,4.787856577935546198e+00
2.534811080873044631e+01,1.299692277103488358e+01,4.789170051381388404e+00
2.551348542632075223e+01,1.299330359820695691e+01,4.791246337353361362e+00
2.567882378619792760e+01,1.298829468622196615e+01,4.794123495566389614e+00
2.584411418861433063e+01,1.298189584319344902e+01,4.797730794728248149e+00
2.600934491617346467e+01,1.297410682438668417e+01,4.802027251417221976e+00
2.617450422970178892e+01,1.296492733249431595e+01,4.806980263613700899e+00
2.633958036400689551e+01,1.295435701797341999e+01,4.812510131129315027e+00
2.650456152338703930e+01,1.294239547946133229e+01,4.818558423484537556e+00
2.666943587759349299e+01,1.292904226422532865e+01,4.825046431675175107e+00
2.683419155708446979e+01,1.291429686872847782e+01,4.831919578840714102e+00
2.699881664931922387e+01,1.289815873917521749e+01,4.839072294252341422e+00
2.716330948323242467e+01,1.288062613140474255e+01,4.846426332545643589e+00
2.732764773679266312e+01,1.286169935953637733e+01,4.853922689081423769e+00
2.750226430771574471e+01,1.284003684061565309e+01,4.861947642204503595e+00
2.767667773104374618e+01,1.281679531336145850e+01,4.869803258890647690e+00
2.784650201691572491e+01,1.279261643720832708e+01,4.877278987831426882e+00
2.801610558170823495e+01,1.276693500060525821e+01,4.884432564572491309e+00
2.817943348220417121e+01,1.274074622240410726e+01,4.890928696796650321e+00
2.834253089224349154e+01,1.271315837506883462e+01,4.896961562945421953e+00
2.850538529451936753e+01,1.268417048297605021e+01,4.902405811559421345e+00
2.866798408003269572e+01,1.265378153107763737e+01,4.907169200921656760e+00
2.883031455459390813e+01,1.262199046427972959e+01,4.911169670628978245e+00
2.899236391251987399e+01,1.258879619317924359e+01,4.914306771253480477e+00
2.915411924154062007e+01,1.255419759424882820e+01,4.916504664546405223e+00
2.931556754348567395e+01,1.251819350601238945e+01,4.917672215333097618e+00
2.947669570473248513e+01,1.248078273581743858e+01,4.917744713442357529e+00
2.963749048020784116e+01,1.244196406473541217e+01,4.916636882368758066e+00
2.979823647152706201e+01,1.240166014324652899e+01,4.914276125611459101e+00
2.995862086618042852e+01,1.235994054787387597e+01,4.910634502715153893e+00
3.012962672522672491e+01,1.231378342176982521e+01,4.905262442355653896e+00
3.030018697227219349e+01,1.226600597369545298e+01,4.898164648191549730e+00
3.046182579946189861e+01,1.221910478389018451e+01,4.889848995359674433e+00
3.062303205652282045e+01,1.217073771532699489e+01,4.879971622357020422e+00
3.078103266143800099e+01,1.212177192387993152e+01,4.868665699502238375e+00
3.093858659272611078e+01,1.207138743003813630e+01,4.855757575764776846e+00
3.109567930477360775e+01,1.201958285830761497e+01,4.841202684810594903e+00
3.125229610371642508e+01,1.196635682502121867e+01,4.824964892925117432e+00
3.140842213004859573e+01,1.191170794532440880e+01,4.807027592180758369e+00
3.156404231681209538e+01,1.185563484999193129e+01,4.787357689088374890e+00
3.171914141341910565e+01,1.179813618004093101e+01,4.765946910621980948e+00
3.187370401691241639e+01,1.173921057687320868e+01,4.742769206062664722e+00
3.202771453578561989e+01,1.167885669707239238e+01,4.717819234803561024e+00
3.218115713983203108e+01,1.161707323506071532e+01,4.691086595176927609e+00
3.233561578449710794e+01,1.155318835178700887e+01,4.662249434801310599e+00
3.248946145488356052e+01,1.148784113383790739e+01,4.631592616393040984e+00
3.265059043883095313e+01,1.141753221875898738e+01,4.597400908888195303e+00
3.281100258977229345e+01,1.134560286412178520e+01,4.561113732366697704e+00
3.296144793604507583e+01,1.127635690330063767e+01,4.525083481146671360e+00
3.311122190398548781e+01,1.120567054220408032e+01,4.487320585654248184e+00
3.326012531426749774e+01,1.113363178738832815e+01,4.447837603966068976e+00
3.340832399723728940e+01,1.106015419994765026e+01,4.406607296367385906e+00
3.355580012444865901e+01,1.098523690340951831e+01,4.363647646622110798e+00
3.370253558614071920e+01,1.090887911878943228e+01,4.318968802235305660e+00
3.384851202871951159e+01,1.083108015127850798e+01,4.272603423689967705e+00
3.399371086007163711e+01,1.075183939189983029e+01,4.224562348827160640e+00
3.413811321300659074e+01,1.067115634241293343e+01,4.174881344227977742e+00
3.428169996533187458e+01,1.058903061035319482e+01,4.123577699776277861e+00
3.442445171809998783e+01,1.050546192732005757e+01,4.070688349281929241e+00
3.456634880332205739e+01,1.042045015126264040e+01,4.016251943083190667e+00
3.471272906044752915e+01,1.033067132369050078e+01,3.958151322037332331e+00
3.485814411745946728e+01,1.023933745730664491e+01,3.898428303893301639e+00
3.499984785725052205e+01,1.014822071815832061e+01,3.838332259732594842e+00
3.514057846706015908e+01,1.005560807299444548e+01,3.776791134830360885e+00
3.527778766282427370e+01,9.963220772249309576e+00,3.715006083749317956e+00
3.541401578794069138e+01,9.869392890609798741e+00,3.651936133445683463e+00
3.554924116645040044e+01,9.774125465842402605e+00,3.587636161579979444e+00
3.568344174941652369e+01,9.677419802644394053e+00,3.522165592836612902e+00
3.581659519675002912e+01,9.579277428853616883e+00,3.455599216320471179e+00
3.594867892700236212e+01,9.479700068667888502e+00,3.388009826698390015e+00
3.607966994115685111e+01,9.378689787466472083e+00,3.319484986055052378e+00
3.620954511155881050e+01,9.276248784748378995e+00,3.250118633885953123e+00
3.633828104738078935e+01,9.172379502417893349e+00,3.180019062613379077e+00
3.646585380150003175e+01,9.067084880266245150e+00,3.109306829171569309e+00
3.659346245530198871e+01,8.959323265083872556e+00,3.037426560926370644e+00
3.671983546398922726e+01,8.850115240641896364e+00,2.965219045779897034e+00
3.684739358568015888e+01,8.737275529840008659e+00,2.891458802383970017e+00
3.697361325233500651e+01,8.622940646474811288e+00,2.817779419048055622e+00
3.709489996788213517e+01,8.510463163900194417e+00,2.746523042724481556e+00
3.721487234619424811e+01,8.396584827672342044e+00,2.675865557131145156e+00
3.733350463695221322e+01,8.281310874676474754e+00,2.606128423305449360e+00
3.745077054511712333e+01,8.164647226369089239e+00,2.537687490194227902e+00
3.756664358982462204e+01,8.046600175352567774e+00,2.470977249912448936e+00
3.768109714477704131e+01,7.927176359681644691e+00,2.406509621362451945e+00
3.779410440784075575e+01,7.806382809072029971e+00,2.344869886189305586e+00
3.790563806949528214e+01,7.684227331146130879e+00,2.286746367791589574e+00
3.801567059703869944e+01,7.560718254902867308e+00,2.232916109219560408e+00
3.812417450110294226e+01,7.435864152905010016e+00,2.184277393545123402e+00
3.823142119147373563e+01,7.309316710941009099e+00,2.141718780587703375e+00
3.833707439015400809e+01,7.181435891372073499e+00,2.106498608336112355e+00
3.844309395122493100e+01,7.049729889587605491e+00,2.079410272807192595e+00
3.854739820730406308e+01,6.916661356585822595e+00,2.062628090643461309e+00
3.864775399878541151e+01,6.785168517412486722e+00,2.057463110783441351e+00
3.874641024199345907e+01,6.652395809775749846e+00,2.064747298554337807e+00
3.884333821423859234e+01,6.518356237378769791e+00,2.085718161883270305e+00
3.893850912155706823e+01,6.383063474606053056e+00,2.121532686026663228e+00
3.903189410981267571e+01,6.246531900213848409e+00,2.173135436415518651e+00
3.912346429735451636e+01,6.108776602659872879e+00,2.241389009565153412e+00
3.921319079556330678e+01,5.969813403996865553e+00,2.326890078502727999e+00
3.930104474057689146e+01,5.829658868676322214e+00,2.430215005455352184e+00
3.938699731636098988e+01,5.688330327100660000e+00,2.551727959973517645e+00
3.947101979443590380e+01,5.545845873696666928e+00,2.691854210912031586e+00
3.955341454978934479e+01,5.401635716959110489e+00,2.851592017173844251e+00
3.963380574084194308e+01,5.256299157076110617e+00,3.030940247161976409e+00
3.971267752128332518e+01,5.108882165125931074e+00,3.231767267100435159e+00
3.978946106898857238e+01,4.960366818679434076e+00,3.453836663162040299e+00
3.986334539651642217e+01,4.812371285791373410e+00,3.695264157909713187e+00
3.993512999699865418e+01,4.663345995380993259e+00,3.959500460524861598e+00
4.000478767247408030e+01,4.513314775286944247e+00,4.247954425264922840e+00
4.007229159896826332e+01,4.362302281742715948e+00,4.562452945282460703e+00
4.013761535955693915e+01,4.210334016223755249e+00,4.905011715671236949e+00
4.020073298985241195e+01,4.057436315607940713e+00,5.278324480505269811e+00
4.026161901672316645e+01,3.903636357134703250e+00,5.685366342700445053e+00
4.032024850609905542e+01,3.748962140349111127e+00,6.129953115959467347e+00
4.037659710367496047e+01,3.593442484344067545e+00,6.616373538235874818e+00
4.043064107188758527e+01,3.437107035883805839e+00,7.150091116382874645e+00
4.048280279751376298e+01,3.278597834778946396e+00,7.742845199997824501e+00
4.053257265343389548e+01,3.119321442775326858e+00,8.398692578517691132e+00
4.057952809216101997e+01,2.960701885691836566e+00,9.120669089727510226e+00
4.062409038141125706e+01,2.801393457909106655e+00,9.926427615790174741e+00
4.066623695740451438e+01,2.641439823590568725e+00,1.083101947351377703e+01
4.070595163442045816e+01,2.480865107485777266e+00,1.185431359939264340e+01
4.074321624255755125e+01,2.319704196753913372e+00,1.302080517246715807e+01
4.077801357013244399e+01,2.157992624579186280e+00,1.436460075573366701e+01
4.081032739959169220e+01,1.995766545339030307e+00,1.592709922079841256e+01
4.084014254223765050e+01,1.833062708655516237e+00,1.777703653923631322e+01
4.086744487511094093e+01,1.669918411026466432e+00,1.997609783250185345e+01
4.089222137109504018e+01,1.506371470421664638e+00,2.271803514271680768e+01
4.091446013065896636e+01,1.342460178490923361e+00,2.598003640216563426e+01
4.093415040929422588e+01,1.178223261890257945e+00,3.068832836194739144e+01
4.095210413554637086e+01,1.005129707557113283e+00,3.578324494985641735e+01
4.096721692159901096e+01,8.317650156999514266e-01,4.783688679784130215e+01
4.098081733132678295e+01,6.363889965046054531e-01,5.482563544051543403e+01
4.099079972117049664e+01,4.407947495838943075e-01,1.118390961151835654e+02
4.099769942461818317e+01,2.204453695731738716e-01,1.409259958997114950e+02
4.099999999999997868e+01,-4.254171843536030921e-17,8.881177210639713167e+02
