x,y,stress
3.999999999999997780e+00,6.260624412332401718e-16,9.269974949891376355e+02
4.003533821418941763e+00,2.017911260177969179e-01,1.282754761157193286e+02
4.014121554886529886e+00,4.033353356827551472e-01,1.111723224149342428e+02
4.029430754147623084e+00,5.821655679554148533e-01,4.874813190850300515e+01
4.050240406768932822e+00,7.604395603256982605e-01,4.385611915950108397e+01
4.074192780728062679e+00,9.238361052212373803e-01,3.108604521053325698e+01
4.102689938279866944e+00,1.086501692648009332e+00,2.617192306448182038e+01
4.135552911239863683e+00,1.247815841730968822e+00,2.124080777384574503e+01
4.172786279223033468e+00,1.408177771160187497e+00,1.791994110603457102e+01
4.214304810193778117e+00,1.567484178550325069e+00,1.515586457476527116e+01
4.260016341573034993e+00,1.725638611048465387e+00,1.298046037573067402e+01
4.309822773458545697e+00,1.882551777180732522e+00,1.118755651657727590e+01
4.363621045865383685e+00,2.038141690071069156e+00,9.675140685049381517e+00
4.421304105503168991e+00,2.192333740907072226e+00,8.341096881572886090e+00
4.482761848259098514e+00,2.345060700854123770e+00,7.303257253576671992e+00
4.547881988148809285e+00,2.496262570653978941e+00,6.387713114732047615e+00
4.616550862244182873e+00,2.645886359668380816e+00,5.593608677818148855e+00
4.688654194510495365e+00,2.793885865810590285e+00,4.881038320248709539e+00
4.764077775703420059e+00,2.940221373033981234e+00,4.296588778688635202e+00
4.842708057833501556e+00,3.084859290921712738e+00,3.774680802125036649e+00
4.924432687278728515e+00,3.227771795118220766e+00,3.319539117303229592e+00
5.009140961869957387e+00,3.368936442732795022e+00,2.919125941237945998e+00
5.096724209955112883e+00,3.508335765790031147e+00,2.566804324734584419e+00
5.187076112952027529e+00,3.645956879950242424e+00,2.256032442230958335e+00
5.280092986645894548e+00,3.781791124896566547e+00,1.981662044513420540e+00
5.375673970592012019e+00,3.915833657217985930e+00,1.739086917747120875e+00
5.473721179411202620e+00,4.048083078693957226e+00,1.525384152909661672e+00
5.574139821452798849e+00,4.178541097474404609e+00,1.337443404708454686e+00
5.676838291963425043e+00,4.307212222509529731e+00,1.173114830614126358e+00
5.782579706012001886e+00,4.435115908454871914e+00,1.029776831867228459e+00
5.890460684671714908e+00,4.561220339816938640e+00,9.078096085865667852e-01
5.999513025815914169e+00,4.684552910663446923e+00,8.073337542049064952e-01
6.110509641303228712e+00,4.806138750443023078e+00,7.272453703190463470e-01
6.223374914545755310e+00,4.925992055299912131e+00,6.675062557518287587e-01
6.338036327373482770e+00,5.044128293783685102e+00,6.278611274983163515e-01
6.454424346229550302e+00,5.160563976303624401e+00,6.072097193420649131e-01
6.572472327646921464e+00,5.275316476099075835e+00,6.035601771357015366e-01
6.692116458244663058e+00,5.388403906484778183e+00,6.140946465533523302e-01
6.813295644891232961e+00,5.499844967652967931e+00,6.357479123533159582e-01
6.935951423822785067e+00,5.609658829634384780e+00,6.656102070841453111e-01
7.060027861938313443e+00,5.717865022243367790e+00,7.012548494808813482e-01
7.185611654987369867e+00,5.824600988749886632e+00,7.408401391776335831e-01
7.312514302607929118e+00,5.929765573798476908e+00,7.829187749380630557e-01
7.446546629913323834e+00,6.038055664750768159e+00,8.284780349919462772e-01
7.581913274646926659e+00,6.144673196706682994e+00,8.748602777229388394e-01
7.712582790118944764e+00,6.245101472933744624e+00,9.195056851641048024e-01
7.844383302521229062e+00,6.344040841793141539e+00,9.640643904285008947e-01
7.977134546142237603e+00,6.441410153304144792e+00,1.008276916641073662e+00
8.110934606224111221e+00,6.537333199633461156e+00,1.052025902082608599e+00
8.245746045007356528e+00,6.631829369005485475e+00,1.095228325377266332e+00
8.381533266027695106e+00,6.724917987147890130e+00,1.137809980190649606e+00
8.518262385704225892e+00,6.816618240906188397e+00,1.179731510169056419e+00
8.655900378685180030e+00,6.906948638262338847e+00,1.220972971356868442e+00
8.794415623484651334e+00,6.995927425093225516e+00,1.261493619466349747e+00
8.933778372724930250e+00,7.083572903098221296e+00,1.301297621474055477e+00
9.073959963782339599e+00,7.169902939684012821e+00,1.340396157926173615e+00
9.214932721329606835e+00,7.254934949090333873e+00,1.378810769090224486e+00
9.362104930663138092e+00,7.341863433138807515e+00,1.417966073828605955e+00
9.510073131254435097e+00,7.427430015745660086e+00,1.456397795757297997e+00
9.665336242297783542e+00,7.515308425186407071e+00,1.495752424965496763e+00
9.821407397433178588e+00,7.601743671444939565e+00,1.534333015621664797e+00
9.966551772114279117e+00,7.680473748839625081e+00,1.569375552278523100e+00
1.011234258461915836e+01,7.758000253494881981e+00,1.603800902130713135e+00
1.025832386082890046e+01,7.834113600963158675e+00,1.637437057214956582e+00
1.040490754007939600e+01,7.909060278044881542e+00,1.670606832618060311e+00
1.055207470542094406e+01,7.982854645520305326e+00,1.703377225819910690e+00
1.069980716611250671e+01,8.055510736773372926e+00,1.735089763473929292e+00
1.084808741419362299e+01,8.127042257174666773e+00,1.766361408629270047e+00
1.099689860454870605e+01,8.197462594575506856e+00,1.797026616370985153e+00
1.114622456874017153e+01,8.266784844218758366e+00,1.827108940193153730e+00
1.129604962540791924e+01,8.335021739136307062e+00,1.856618835048419625e+00
1.144635868248174759e+01,8.402185717598950276e+00,1.885530701889962968e+00
1.159713725793313621e+01,8.468288947958233948e+00,1.913924214724898487e+00
1.175290438357700751e+01,8.535274198026073122e+00,1.942774276469991568e+00
1.190913996102170636e+01,8.601159468881411030e+00,1.970744677241207388e+00
1.208188413365234837e+01,8.672524992541280398e+00,2.000973429355533018e+00
1.225516191553313483e+01,8.742584984648633650e+00,2.030453913566467872e+00
1.241728536522425053e+01,8.806783406817363158e+00,2.057329649019584039e+00
1.257984413573147719e+01,8.869871438272079800e+00,2.083587779693332642e+00
1.273371101777597048e+01,8.928427517208831432e+00,2.107818293445082425e+00
1.288794329007801487e+01,8.986014322713286262e+00,2.131510454766752716e+00
1.304253044985323839e+01,9.042641432372260368e+00,2.154657460175577022e+00
1.319746242576193929e+01,9.098318217404417041e+00,2.177256526388096525e+00
1.335272950194667452e+01,9.153053823361235075e+00,2.199312765669131586e+00
1.350832211077722000e+01,9.206857108146262902e+00,2.220827458863561255e+00
1.366423101588028466e+01,9.259736718484166573e+00,2.241801155242531873e+00
1.382044735152397941e+01,9.311701110894100353e+00,2.262238059437200466e+00
1.397696248376804995e+01,9.362758512857151771e+00,2.282141032936054970e+00
1.413376802849941427e+01,9.412916938301369996e+00,2.301513332151779778e+00
1.429085584689534372e+01,9.462184194650522073e+00,2.320351883040274288e+00
1.444821805450302676e+01,9.510567893506644666e+00,2.338676746069367152e+00
1.461447714748000770e+01,9.560649073860050251e+00,2.357425585756590003e+00
1.478102421837862224e+01,9.609764097582269571e+00,2.375619933237561821e+00
1.496630867331522019e+01,9.663186054315266560e+00,2.395149194527127712e+00
1.515192661057114876e+01,9.715437549883445101e+00,2.413932420077313790e+00
1.532621601543836576e+01,9.763364155002371092e+00,2.430920568846027141e+00
1.550078019538505991e+01,9.810280090534229558e+00,2.447283897777995598e+00
1.566078047479051349e+01,9.852340262966153617e+00,2.461731104567691730e+00
1.582099755832563837e+01,9.893566889360453587e+00,2.475679883413814952e+00
1.598064541097347835e+01,9.933771662986293549e+00,2.489058783418104603e+00
1.614049601202112783e+01,9.973162613530899279e+00,2.501945684763169364e+00
1.630054363473315959e+01,1.001174531698041825e+01,2.514340337909236389e+00
1.646078267014548047e+01,1.004952519208885064e+01,2.526254325093941766e+00
1.662120765109959208e+01,1.008650751092393882e+01,2.537689621154580966e+00
1.678181325177407146e+01,1.012269740286820507e+01,2.548658690961547180e+00
1.694259425221265047e+01,1.015809985071264698e+01,2.559184357210401384e+00
1.710354558008075543e+01,1.019271970395884352e+01,2.569253432366283896e+00
1.726466227771464190e+01,1.022656167506181824e+01,2.578878950171346496e+00
1.742593947252621334e+01,1.025963033708641170e+01,2.588080243153371818e+00
1.759137989404471369e+01,1.029272183284619757e+01,2.597068897141324051e+00
1.775697888029265670e+01,1.032501047884214529e+01,2.605623187592271517e+00
1.794215844160497042e+01,1.036013767067751878e+01,2.614637783183892061e+00
1.812752311279662365e+01,1.039427459200098092e+01,2.623116159107748313e+00
1.832023445147859420e+01,1.042868760516187798e+01,2.631372387187556505e+00
1.851313130588422240e+01,1.046204506917438870e+01,2.639058386871777184e+00
1.868533675861973364e+01,1.049091264313778993e+01,2.645485786310864285e+00
1.885767941255389957e+01,1.051894949553549985e+01,2.651513640320863452e+00
1.902029713552510515e+01,1.054462728633055413e+01,2.656839596982089713e+00
1.918302870235816471e+01,1.056957343606801913e+01,2.661833669641076039e+00
1.934587028244091655e+01,1.059379111291938003e+01,2.666502449553874499e+00
1.950881809634248398e+01,1.061728337655124577e+01,2.670855278676629752e+00
1.967186844088105246e+01,1.064005318392577770e+01,2.674905136736169364e+00
1.983501766066206073e+01,1.066210338715787387e+01,2.678662038194301154e+00
1.999826215040609867e+01,1.068343673595057197e+01,2.682141856684924885e+00
2.016159838740705723e+01,1.070405588356239512e+01,2.685353068939928090e+00
2.032502289864001810e+01,1.072396338396273485e+01,2.688308418469962380e+00
2.048853224020074393e+01,1.074316169115423847e+01,2.691020400211433294e+00
2.065212302533212707e+01,1.076165316429367458e+01,2.693499212769317808e+00
2.081579191643458060e+01,1.077944006811771693e+01,2.695770302771434146e+00
2.098827627355527881e+01,1.079741663083901848e+01,2.697926205165502633e+00
2.116083983788198708e+01,1.081461624950425104e+01,2.699885593669111739e+00
2.135509190044027861e+01,1.083304259562117622e+01,2.701836513886584079e+00
2.154943421210248289e+01,1.085049139246408423e+01,2.703534802214618615e+00
2.174414837723819360e+01,1.086698917090372518e+01,2.705029587029280869e+00
2.193894267083947014e+01,1.088251226615390088e+01,2.706302957417248134e+00
2.211211723279575025e+01,1.089549160001750927e+01,2.707291573621471770e+00
2.228534750213515636e+01,1.090770495528947492e+01,2.708158166428156655e+00
2.244962065009012164e+01,1.091857758481577534e+01,2.708868788699676955e+00
2.261393774314695193e+01,1.092876455225947119e+01,2.709488789637855000e+00
2.277829583989130313e+01,1.093826706600733267e+01,2.710019720708185087e+00
2.294269201943626157e+01,1.094708625110902389e+01,2.710471814624311637e+00
2.310712338255994069e+01,1.095522315000128799e+01,2.710852948704887133e+00
2.327158704680078571e+01,1.096267872285826606e+01,2.711171826024370901e+00
2.343608014798069306e+01,1.096945384823269265e+01,2.711437436072213991e+00
2.360059983659106209e+01,1.097554932339797595e+01,2.711655296827147232e+00
2.376514327769101698e+01,1.098096586480809300e+01,2.711833059998905338e+00
2.392970764824124430e+01,1.098570410841208123e+01,2.711975759282013065e+00
2.409429013554288801e+01,1.098976460998116700e+01,2.712088365846394122e+00
2.425888793799889598e+01,1.099314784543975776e+01,2.712184629516242840e+00
2.443321910900631622e+01,1.099599286836025946e+01,2.712256043044553699e+00
2.460756101175297417e+01,1.099807909310063003e+01,2.712318881612600041e+00
2.480377815513204709e+01,1.099951979321842366e+01,2.712366136171829645e+00
2.499999999999989342e+01,1.099999999999999467e+01,2.712372206322373636e+00
2.519622184486775041e+01,1.099951979321842899e+01,2.712367329997173560e+00
2.539243898824683043e+01,1.099807909310063536e+01,2.712321405129768159e+00
2.556678089099355944e+01,1.099599286836025946e+01,2.712261132047828038e+00
2.574111206200094060e+01,1.099314784543975954e+01,2.712192367802860549e+00
2.590570986445705159e+01,1.098976460998116877e+01,2.712099252421270812e+00
2.607029235175857806e+01,1.098570410841208478e+01,2.711989638969775296e+00
2.623485672230881960e+01,1.098096586480809655e+01,2.711847773929534799e+00
2.639940016340876738e+01,1.097554932339798306e+01,2.711670598422041945e+00
2.656391985201913641e+01,1.096945384823269976e+01,2.711449987899999581e+00
2.672841295319903310e+01,1.096267872285827139e+01,2.711181248404932909e+00
2.689287661743989233e+01,1.095522315000129510e+01,2.710857103581454819e+00
2.705730798056357500e+01,1.094708625110903100e+01,2.710470547249914208e+00
2.722170416010853700e+01,1.093826706600733978e+01,2.710013684442460047e+00
2.738606225685286688e+01,1.092876455225948007e+01,2.709477816325577493e+00
2.755037934990970783e+01,1.091857758481578244e+01,2.708854835703716990e+00
2.771465249786468021e+01,1.090770495528948381e+01,2.708141482412460999e+00
2.788788276720406856e+01,1.089549160001752348e+01,2.707274699944530294e+00
2.806105732916033091e+01,1.088251226615391154e+01,2.706286242537613962e+00
2.825585162276161455e+01,1.086698917090374117e+01,2.705013678923902098e+00
2.845056578789731461e+01,1.085049139246410022e+01,2.703519453385297311e+00
2.864490809955952599e+01,1.083304259562119398e+01,2.701822402117356248e+00
2.883916016211782107e+01,1.081461624950426703e+01,2.699872208410584395e+00
2.901172372644456132e+01,1.079741663083903447e+01,2.697913804005298122e+00
2.918420808356527374e+01,1.077944006811772937e+01,2.695758911719250861e+00
2.934787697466772372e+01,1.076165316429369057e+01,2.693488570800163018e+00
2.951146775979909620e+01,1.074316169115425446e+01,2.691010500476973988e+00
2.967497710135983979e+01,1.072396338396274906e+01,2.688298406874447544e+00
2.983840161259280777e+01,1.070405588356240933e+01,2.685343241423447491e+00
3.000173784959375922e+01,1.068343673595058796e+01,2.682131716508196817e+00
3.016498233933777229e+01,1.066210338715789163e+01,2.678651473403799166e+00
3.032813155911879122e+01,1.064005318392579369e+01,2.674892100015105800e+00
3.049118190365737036e+01,1.061728337655126353e+01,2.670840016986903098e+00
3.065412971755894134e+01,1.059379111291939779e+01,2.666485043556268586e+00
3.081697129764168963e+01,1.056957343606803512e+01,2.661813463131457613e+00
3.097970286447475985e+01,1.054462728633057189e+01,2.656815830765580699e+00
3.114232058744596898e+01,1.051894949553551584e+01,2.651486609353560286e+00
3.131466324138011004e+01,1.049091264313781480e+01,2.645456993990629613e+00
3.148686869411560352e+01,1.046204506917441357e+01,2.639028484221549675e+00
3.167976554852125304e+01,1.042868760516189930e+01,2.631341681329997684e+00
3.187247688720324490e+01,1.039427459200100046e+01,2.623083868817793096e+00
3.205784155839490523e+01,1.036013767067753477e+01,2.614613309633475602e+00
3.224302111970720830e+01,1.032501047884216128e+01,2.605606341240492174e+00
3.240862010595517972e+01,1.029272183284621001e+01,2.597066321863839899e+00
3.257406052747369785e+01,1.025963033708642413e+01,2.588104976756167908e+00
3.273533772228526573e+01,1.022656167506183245e+01,2.578913725875652485e+00
3.289645441991913799e+01,1.019271970395885596e+01,2.569289819915536732e+00
3.305740574778725716e+01,1.015809985071266119e+01,2.559218117624255662e+00
3.321818674822584683e+01,1.012269740286821751e+01,2.548692226083692169e+00
3.337879234890031199e+01,1.008650751092395481e+01,2.537705473313932369e+00
3.353921732985439519e+01,1.004952519208887018e+01,2.526250404974970998e+00
3.369945636526673383e+01,1.001174531698043602e+01,2.514322805694375162e+00
3.385950398797876204e+01,9.973162613530917042e+00,2.501914706829295731e+00
3.401935458902642040e+01,9.933771662986311313e+00,2.489022359485745906e+00
3.417900244167427104e+01,9.893566889360469574e+00,2.475638968185791100e+00
3.433921952520940835e+01,9.852340262966164275e+00,2.461690926068020424e+00
3.449921980461488147e+01,9.810280090534236663e+00,2.447248777384947616e+00
3.467378398456156674e+01,9.763364155002383526e+00,2.430893349858832320e+00
3.484807338942876953e+01,9.715437549883459312e+00,2.413918705199916026e+00
3.503369132668473185e+01,9.663186054315273665e+00,2.395144912900202261e+00
3.521897578162134579e+01,9.609764097582271347e+00,2.375634579380203171e+00
3.538552285251994078e+01,9.560649073860057356e+00,2.357447115036712670e+00
3.555178194549691284e+01,9.510567893506655324e+00,2.338693947029893749e+00
3.570914415310460299e+01,9.462184194650530955e+00,2.320362101650814690e+00
3.586623197150053954e+01,9.412916938301375325e+00,2.301514128877418131e+00
3.602303751623190919e+01,9.362758512857157100e+00,2.282134907396597523e+00
3.617955264847596908e+01,9.311701110894103905e+00,2.262223576898499733e+00
3.633576898411969580e+01,9.259736718484164797e+00,2.241779207685774988e+00
3.649167788922277111e+01,9.206857108146259350e+00,2.220797781100493751e+00
3.664727049805330950e+01,9.153053823361233299e+00,2.199278608791709111e+00
3.680253757423803762e+01,9.098318217404417041e+00,2.177218126673875265e+00
3.695746955014674739e+01,9.042641432372255039e+00,2.154616466902416150e+00
3.711205670992196559e+01,8.986014322713282709e+00,2.131469721065020195e+00
3.726628898222401176e+01,8.928427517208827879e+00,2.107776371299643348e+00
3.742015586426850149e+01,8.869871438272074471e+00,2.083541786832071807e+00
3.758271463477571217e+01,8.806783406817363158e+00,2.057278519214531087e+00
3.774483808446680655e+01,8.742584984648646085e+00,2.030396215279205663e+00
3.791811586634756992e+01,8.672524992541305267e+00,2.000906339100632092e+00
3.809086003897818529e+01,8.601159468881443004e+00,1.970673368448688567e+00
3.824709561642292499e+01,8.535274198026090886e+00,1.942612722725090002e+00
3.840286274206683004e+01,8.468288947958235724e+00,1.913970730303245382e+00
3.855364131751820622e+01,8.402185717598959158e+00,1.885579228445836364e+00
3.870395037459201859e+01,8.335021739136319496e+00,1.856623971811628415e+00
3.885377543125976985e+01,8.266784844218769024e+00,1.827095207017787937e+00
3.900310139545124599e+01,8.197462594575519290e+00,1.796988341830277891e+00
3.915191258580632194e+01,8.127042257174680984e+00,1.766300574350751607e+00
3.930019283388743645e+01,8.055510736773383584e+00,1.735023260676475054e+00
3.944792529457900088e+01,7.982854645520320425e+00,1.703153308830138934e+00
3.959509245992054360e+01,7.909060278044900194e+00,1.670681850791412737e+00
3.974167613917103381e+01,7.834113600963176438e+00,1.637604416035084887e+00
3.988765741538077236e+01,7.758000253494901521e+00,1.603910634449800865e+00
4.003344822788564983e+01,7.680473748839642845e+00,1.569488743879366766e+00
4.017859260256676635e+01,7.601743671444954664e+00,1.534439286075155451e+00
4.033466375770217383e+01,7.515308425186417729e+00,1.495857927305359825e+00
4.048992686874552760e+01,7.427430015745663638e+00,1.456491807726306043e+00
4.063789506933680684e+01,7.341863433138826167e+00,1.418044117363041590e+00
4.078506727867031145e+01,7.254934949090364960e+00,1.378873702580843519e+00
4.092604003621759290e+01,7.169902939684043019e+00,1.340442517932539657e+00
4.106622162727498448e+01,7.083572903098252382e+00,1.301326103828441605e+00
4.120558437651526873e+01,6.995927425093261043e+00,1.261512328907631320e+00
4.134409962131474003e+01,6.906948638262375262e+00,1.220998465389745657e+00
4.148173761429568884e+01,6.816618240906231918e+00,1.179789160181129892e+00
4.161846673397220542e+01,6.724917987147930987e+00,1.137892924136153727e+00
4.175425395499255643e+01,6.631829369005528996e+00,1.095334455551192354e+00
4.188906539377580174e+01,6.537333199633505565e+00,1.052152489982512762e+00
4.202286545385766914e+01,6.441410153304190978e+00,1.008413036629245196e+00
4.215561669747867768e+01,6.344040841793186836e+00,9.642150113738062744e-01
4.228741720988095665e+01,6.245101472933796138e+00,9.196634137521902952e-01
4.241808672535297120e+01,6.144673196706743390e+00,8.750271290636036925e-01
4.255345337008658646e+01,6.038055664750819673e+00,8.286462305183832644e-01
4.268748569739198473e+01,5.929765573798516876e+00,7.830947234366014698e-01
4.281438834501253865e+01,5.824600988749930153e+00,7.410195987540243445e-01
4.293997213806160573e+01,5.717865022243416639e+00,7.014414019939434475e-01
4.306404857617713589e+01,5.609658829634430077e+00,6.658014274396489851e-01
4.318670435510868089e+01,5.499844967653007011e+00,6.359491953218661120e-01
4.330788354175528099e+01,5.388403906484812822e+00,6.143098865545196796e-01
4.342752767235301548e+01,5.275316476099112251e+00,6.038013420701409117e-01
4.354557565377038486e+01,5.160563976303662592e+00,6.074890662088865412e-01
4.366196367262644173e+01,5.044128293783722405e+00,6.281989006851526058e-01
4.377662508545416387e+01,4.925992055299956540e+00,6.679161921568324001e-01
4.388949035869669757e+01,4.806138750443072816e+00,7.277578085742212322e-01
4.400048697418401389e+01,4.684552910663502878e+00,8.079868538799787059e-01
4.410953931532819894e+01,4.561220339816994596e+00,9.086488603049998058e-01
4.421742029398793505e+01,4.435115908454924316e+00,1.030818086171394699e+00
4.432316170803651545e+01,4.307212222509577693e+00,1.174414609540680221e+00
4.442586017854713276e+01,4.178541097474456123e+00,1.338943701058578073e+00
4.452627882058872189e+01,4.048083078694006076e+00,1.527138741130922961e+00
4.462432602940793913e+01,3.915833657217998365e+00,1.741116158419206972e+00
4.471990701335410279e+01,3.781791124896535905e+00,1.983892640527194606e+00
4.481292388704796537e+01,3.645956879950220220e+00,2.258909918506164960e+00
4.490327579004485870e+01,3.508335765790016492e+00,2.570701481808830735e+00
4.499085903813000442e+01,3.368936442732803904e+00,2.924322963367285144e+00
4.507556731272122619e+01,3.227771795118254072e+00,3.326328477853726540e+00
4.515729194216645226e+01,3.084859290921746933e+00,3.784070579612666130e+00
4.523592222429653731e+01,2.940221373034015873e+00,4.306940464994338136e+00
4.531134580548947355e+01,2.793885865810601388e+00,4.905633761370824963e+00
4.538344913775579670e+01,2.645886359668365717e+00,5.594061677060621740e+00
4.545211801185116229e+01,2.496262570653986490e+00,6.388500030815255748e+00
4.551723815174084820e+01,2.345060700854154412e+00,7.310485497936331178e+00
4.557869589449678216e+01,2.192333740907093542e+00,8.385849760204846959e+00
4.563637895413459233e+01,2.038141690071076262e+00,9.651184306205403018e+00
4.569017722654142943e+01,1.882551777180727859e+00,1.114915610166499604e+01
4.573998365842694369e+01,1.725638611048447846e+00,1.295421981892741847e+01
4.578569518980619790e+01,1.567484178550321072e+00,1.512620537273918941e+01
4.582721372077694610e+01,1.408177771160195713e+00,1.788879850393743709e+01
4.586444708876012299e+01,1.247815841730948616e+00,2.117456488862637798e+01
4.589731006172010552e+01,1.086501692647957151e+00,2.613374466324098577e+01
4.592580721927192400e+01,9.238361052211897517e-01,3.093015822185142127e+01
4.594975959323104320e+01,7.604395603256560721e-01,4.391278872694143587e+01
4.597056924585235294e+01,5.821655679553995322e-01,4.837538797005927194e+01
4.598587844511343548e+01,4.033353356827702463e-01,1.115676507782640385e+02
4.599646617858102360e+01,2.017911260178030242e-01,1.279230634100558035e+02
4.599999999999997868e+01,-3.908104922035865445e-17,9.274247259206149465e+02
