x,y,stress
5.999999999999997335e+00,3.396431508160108526e-13,8.292941176355840298e+02
6.002537169930985961e+00,2.287844547333384992e-01,1.146697219114450235e+02
6.010145722845822824e+00,4.574564398379596386e-01,1.018852033419528595e+02
6.021160613218969893e+00,6.605556379123244115e-01,4.520925367370102066e+01
6.036166309219578530e+00,8.633990399520499182e-01,4.129755565545806917e+01
6.052842397402741881e+00,1.043410773612127418e+00,2.979336985902772383e+01
6.072648415910339992e+00,1.223105074503518797e+00,2.568907214166300079e+01
6.093501184336578724e+00,1.387202386569006185e+00,2.154332596475319050e+01
6.116950250631970398e+00,1.550948868644345557e+00,1.879710419174181268e+01
6.142844849587928202e+00,1.713486610976431956e+00,1.641934156835472436e+01
6.171281117376813619e+00,1.875599011886208256e+00,1.451638421403668389e+01
6.202242745575126115e+00,2.037248124858583864e+00,1.289719424707283757e+01
6.235712143199276802e+00,2.198396696383429383e+00,1.152254228126819413e+01
6.271670488099793772e+00,2.359008221556402329e+00,1.033223378565397432e+01
6.310097784295460421e+00,2.519047006195163529e+00,9.297248341833050489e+00
6.350972913296067723e+00,2.678478187122207643e+00,8.387842281817963652e+00
6.394273686651431809e+00,2.837267753021257111e+00,7.583666655903091858e+00
6.439976906062433670e+00,2.995382586698212890e+00,6.868169892750252359e+00
6.488058431232007983e+00,3.152790521204670071e+00,6.227691812496439105e+00
6.539695633897454563e+00,3.313099949883192785e+00,5.639237168932506705e+00
6.593769274215131482e+00,3.472604063306505839e+00,5.109403024469679089e+00
6.649680961030569826e+00,3.629707782219894430e+00,4.635071217399480581e+00
6.707924707995029046e+00,3.785961960655249481e+00,4.204633179576330093e+00
6.767669277728269428e+00,3.939323317809037217e+00,3.818767832016364494e+00
6.829628646703779005e+00,4.091803359020283359e+00,3.463719928976684237e+00
6.893773692365453343e+00,4.243376949181707936e+00,3.122742168229176052e+00
6.960074810684377944e+00,4.394019934000948702e+00,2.829994526703119462e+00
7.028501999845157222e+00,4.543709202551692528e+00,2.555260930124072516e+00
7.099024896000334373e+00,4.692422637048956346e+00,2.304538207193489452e+00
7.171612832649651104e+00,4.840139119748965157e+00,2.071454088060109555e+00
7.246234903876987765e+00,4.986838545392459743e+00,1.865452300913018835e+00
7.322860004417250046e+00,5.132501787197796261e+00,1.663868200209591697e+00
7.401456865984955336e+00,5.277110661691522431e+00,1.487319277302079801e+00
7.483005012707988790e+00,5.422421333750333083e+00,1.323297533314305996e+00
7.566509362636771208e+00,5.566616766338863265e+00,1.176243335038303028e+00
7.654638653793582215e+00,5.714135215403127965e+00,1.042795076524466236e+00
7.744777886558915192e+00,5.860434197725560956e+00,9.292227679165361298e-01
7.832965276352087614e+00,5.999402575110402758e+00,8.405225439242162144e-01
7.922932531316567939e+00,6.137225380133592090e+00,7.734742270147231258e-01
8.014648517684006990e+00,6.273890773786903630e+00,7.297579351385645730e-01
8.108082215388042968e+00,6.409387647846033431e+00,7.099621446610847597e-01
8.203202768004294043e+00,6.543705638705491268e+00,7.129336060946064313e-01
8.299979610236526639e+00,6.676835243234134687e+00,7.358817810031603734e-01
8.398382394100561754e+00,6.808767649371270103e+00,7.750145747190887446e-01
8.498380983605285266e+00,6.939494678570532038e+00,8.264535301360987907e-01
8.599945562310116642e+00,7.069008877544226799e+00,8.868269806904207631e-01
8.703046568111403758e+00,7.197303383217260375e+00,9.534560368735395253e-01
8.807655749695591396e+00,7.324373151627978196e+00,1.024381227119911530e+00
8.913743252901111802e+00,7.450211359514132603e+00,1.098139744065830481e+00
9.027739095460798779e+00,7.582204854244920078e+00,1.178257003921527213e+00
9.143329228682508969e+00,7.712804485036654611e+00,1.259606695600048676e+00
9.257071160971728219e+00,7.838288995056965192e+00,1.339237035593803471e+00
9.372255419783076746e+00,7.962450914760294651e+00,1.419100072592560213e+00
9.485546797859486290e+00,8.081842683722770815e+00,1.496713030568368685e+00
9.600145877521708115e+00,8.199979837359869350e+00,1.574147401854858019e+00
9.716026342902987167e+00,8.316860233001420966e+00,1.651293836934007109e+00
9.833162411829690086e+00,8.432482270507790645e+00,1.728072774312826354e+00
9.951528657050817017e+00,8.546844683060482950e+00,1.804429311721561291e+00
1.007110000892811108e+01,8.659946522371146926e+00,1.880324129398512456e+00
1.019185195050644488e+01,8.771787321146177874e+00,1.955731870495392766e+00
1.031376011745948595e+01,8.882366700354792144e+00,2.030629739881153473e+00
1.043679857686936963e+01,8.991682861269049809e+00,2.105002613971885150e+00
1.056094595599985553e+01,9.099738023934566655e+00,2.178839437847360561e+00
1.068658635347543928e+01,9.206876449397373818e+00,2.252361283808540282e+00
1.081329683270072550e+01,9.312747174301218678e+00,2.325335703063051263e+00
1.095161090612645083e+01,9.425900210939451185e+00,2.403652947161206033e+00
1.109112414735062835e+01,9.537571398433041026e+00,2.481275114265101500e+00
1.122623999869098554e+01,9.643445801946340268e+00,2.555200160753080318e+00
1.136241323279843662e+01,9.747956746588286592e+00,2.628472058863797756e+00
1.149395151991739894e+01,9.846886577555281406e+00,2.698113162957661348e+00
1.162642023630606936e+01,9.944567052436550370e+00,2.767145687657244668e+00
1.175979946848199909e+01,1.004100038298616404e+01,2.835555752289497189e+00
1.189406982957958014e+01,1.013618903948404437e+01,2.903331343497426609e+00
1.202921222538072676e+01,1.023013557112983918e+01,2.970460360396142363e+00
1.216520789490874854e+01,1.032284263139928981e+01,3.036891395364484492e+00
1.230203840265573767e+01,1.041431296805666129e+01,3.102615820866669427e+00
1.243968572716773480e+01,1.050454947634667136e+01,3.167614081818036720e+00
1.257813220184968728e+01,1.059355515142838833e+01,3.231868402854612743e+00
1.271736038889081222e+01,1.068133300374107897e+01,3.295361926837607314e+00
1.285741311656248875e+01,1.076792281871018986e+01,3.358095629462579002e+00
1.299821438562658038e+01,1.085329007204592067e+01,3.420035388981947921e+00
1.314992153157405319e+01,1.094342356774123637e+01,3.485484558763950247e+00
1.330244964527116736e+01,1.103216072653873603e+01,3.549933407788555151e+00
1.346011554135087884e+01,1.112194918416163070e+01,3.615153456012063060e+00
1.361860807902770354e+01,1.121027031045476896e+01,3.679233475672281983e+00
1.376406247776600900e+01,1.128965485896889298e+01,3.736779017038554862e+00
1.391017427541119922e+01,1.136782284221134987e+01,3.793365931240832101e+00
1.405593588706455499e+01,1.144426240930977734e+01,3.848546185993368507e+00
1.420231705753607798e+01,1.151950873771080630e+01,3.902696289548461817e+00
1.434930371478802869e+01,1.159356530066629354e+01,3.955775581025310128e+00
1.449688208083043861e+01,1.166643559530696095e+01,4.007759631765964947e+00
1.464503862362888320e+01,1.173812311621429672e+01,4.058616771901120579e+00
1.479376002228744369e+01,1.180863133796197140e+01,4.108315351426943707e+00
1.494303320589097339e+01,1.187796373336143851e+01,4.156821877079347693e+00
1.509284534186917348e+01,1.194612376656703923e+01,4.204107088406920489e+00
1.524318383457961446e+01,1.201311489121045462e+01,4.250130022084396053e+00
1.539403627983054967e+01,1.207894052944772234e+01,4.294873156314881868e+00
1.554854549177080081e+01,1.214493744546182619e+01,4.339165498675068733e+00
1.570356485701833194e+01,1.220972701012914818e+01,4.382046045596504236e+00
1.587584527612705010e+01,1.228008329537943943e+01,4.427958441616027585e+00
1.604871952376809929e+01,1.234896759687423540e+01,4.471710287998939215e+00
1.621422644739967822e+01,1.241333344934115068e+01,4.512938128377326663e+00
1.638024525141271326e+01,1.247636727778810695e+01,4.551188326538669671e+00
1.653473718569759754e+01,1.253366743522353488e+01,4.585470352693802099e+00
1.668964723908765890e+01,1.258982740766525588e+01,4.618160848673041663e+00
1.684478834141481585e+01,1.264478853919225898e+01,4.649239936490848102e+00
1.700032562892551269e+01,1.269861828062087739e+01,4.678736886499467396e+00
1.715624885386568366e+01,1.275131966661066762e+01,4.706623535509916856e+00
1.731254793642406398e+01,1.280289568948798440e+01,4.732889445464667055e+00
1.746921293375442019e+01,1.285334928897455775e+01,4.757511636943319466e+00
1.762623407056944558e+01,1.290268336234033875e+01,4.780481702554192580e+00
1.778360170737504831e+01,1.295090075410548458e+01,4.801797737472686123e+00
1.794130633986744527e+01,1.299800425627218914e+01,4.821446574739474578e+00
1.809933862579462982e+01,1.304399661632264085e+01,4.839423640724413112e+00
1.825768930407172519e+01,1.308888051372162842e+01,4.855757197754813070e+00
1.842232022030099614e+01,1.313428294365558813e+01,4.870904186192231755e+00
1.858727407731991121e+01,1.317849770789502628e+01,4.884328248335584099e+00
1.877068457308053340e+01,1.322617476888198951e+01,4.897094191384281814e+00
1.895446720941246355e+01,1.327239658624577068e+01,4.907605373328606468e+00
1.912768488701457059e+01,1.331455365410527136e+01,4.915606864197136439e+00
1.930120948159474281e+01,1.335542905564138216e+01,4.921735133293602793e+00
1.946195670470381245e+01,1.339209414381924113e+01,4.925824860681369266e+00
1.962294901914302869e+01,1.342766764314565719e+01,4.928440779535218752e+00
1.978389752137919544e+01,1.346209265844389869e+01,4.929599012384652923e+00
1.994507398063637993e+01,1.349543409973010277e+01,4.929352629796349028e+00
2.010647039398913449e+01,1.352769398334513440e+01,4.927767333118180382e+00
2.026807884971692886e+01,1.355887426550953023e+01,4.924895436513878622e+00
2.042989151739310927e+01,1.358897684052528376e+01,4.920816139534698763e+00
2.059190063984979702e+01,1.361800353960396492e+01,4.915591413768868989e+00
2.075409854766737894e+01,1.364595613371557370e+01,4.909307147277991668e+00
2.091647762426318025e+01,1.367283632772365998e+01,4.902039152957683221e+00
2.107903032197603110e+01,1.369864576375529630e+01,4.893874409976789686e+00
2.124174917929819628e+01,1.372338602397594265e+01,4.884937842678860775e+00
2.141024524241360893e+01,1.374785578979687628e+01,4.874911136330656092e+00
2.157890305940478726e+01,1.377118461337759570e+01,4.864310467759489498e+00
2.176728931877690343e+01,1.379587215992142823e+01,4.851810361238834801e+00
2.195585583488507453e+01,1.381914290281408952e+01,4.838715546368592690e+00
2.213669522311663940e+01,1.384011304534042885e+01,4.825902032804124886e+00
2.231768035108115456e+01,1.385978574810524222e+01,4.812882174572624017e+00
2.248261533439583815e+01,1.387657343441076030e+01,4.801033866997131305e+00
2.264765607383526813e+01,1.389228743346675010e+01,4.789321635543191569e+00
2.281160155046730864e+01,1.390682675741301466e+01,4.777895035975377347e+00
2.297563728120733018e+01,1.392030972987607207e+01,4.766779197047123162e+00
2.313975635885863014e+01,1.393273718613410850e+01,4.756071098399371699e+00
2.330395189780674059e+01,1.394410989578707216e+01,4.745875315513210957e+00
2.346821703894649147e+01,1.395442856344973315e+01,4.736283989115243287e+00
2.363254496267624916e+01,1.396369382958788208e+01,4.727390682139619216e+00
2.379692886613455016e+01,1.397190626908871813e+01,4.719280573303252346e+00
2.396136196700642529e+01,1.397906639168753884e+01,4.712030854939745161e+00
2.412583750359205226e+01,1.398517464202789107e+01,4.705721111427756398e+00
2.429034872559005720e+01,1.399023139937120597e+01,4.700416212602551269e+00
2.445817936571185669e+01,1.399430635691605218e+01,4.696071136688724224e+00
2.462603299028141635e+01,1.399728793877830846e+01,4.692910096112411722e+00
2.481301157792565348e+01,1.399932199829196477e+01,4.690751600327664583e+00
2.500000000000019540e+01,1.399999999999999112e+01,4.689992956662180745e+00
2.518698842207475153e+01,1.399932199829195767e+01,4.690745217770076358e+00
2.537396700971899577e+01,1.399728793877830135e+01,4.692897272562532862e+00
2.554182063428856608e+01,1.399430635691604508e+01,4.696049192924476756e+00
2.570965127441033715e+01,1.399023139937119353e+01,4.700383015405157572e+00
2.587416249640840604e+01,1.398517464202787153e+01,4.705670226901055742e+00
2.603863803299398683e+01,1.397906639168752285e+01,4.711960846700316452e+00
2.620307113386584774e+01,1.397190626908869859e+01,4.719186995638548154e+00
2.636745503732414520e+01,1.396369382958785899e+01,4.727273026056836080e+00
2.653178296105390999e+01,1.395442856344970473e+01,4.736150119054026497e+00
2.669604810219367153e+01,1.394410989578704374e+01,4.745726313204717606e+00
2.686024364114177843e+01,1.393273718613407830e+01,4.755923095437558423e+00
2.702436271879306773e+01,1.392030972987603654e+01,4.766633041541703975e+00
2.718839844953309282e+01,1.390682675741297558e+01,4.777762106137193321e+00
2.735234392616514043e+01,1.389228743346670925e+01,4.789203260741828672e+00
2.751738466560455620e+01,1.387657343441072122e+01,4.800932959188793703e+00
2.768231964891923624e+01,1.385978574810519781e+01,4.812799616231506761e+00
2.786330477688376206e+01,1.384011304534037734e+01,4.825828107468508321e+00
2.804414416511533048e+01,1.381914290281403801e+01,4.838649972126595422e+00
2.823271068122349092e+01,1.379587215992137672e+01,4.851743428774525135e+00
2.842109694059559644e+01,1.377118461337753885e+01,4.864239401905330773e+00
2.858975475758678542e+01,1.374785578979681411e+01,4.874834900604636090e+00
2.875825082070220517e+01,1.372338602397588048e+01,4.884854359496222820e+00
2.892096967802436325e+01,1.369864576375523413e+01,4.893782178420347684e+00
2.908352237573720700e+01,1.367283632772359248e+01,4.901935567051918241e+00
2.924590145233301186e+01,1.364595613371550087e+01,4.909187979933063772e+00
2.940809936015060444e+01,1.361800353960389032e+01,4.915456441768207618e+00
2.957010848260728508e+01,1.358897684052520916e+01,4.920665432181762000e+00
2.973192115028345484e+01,1.355887426550945207e+01,4.924727109677146331e+00
2.989352960601125986e+01,1.352769398334504913e+01,4.927581343243220502e+00
3.005492601936402508e+01,1.349543409973001751e+01,4.929148599800618591e+00
3.021610247862119891e+01,1.346209265844381164e+01,4.929380087117673170e+00
3.037705098085735500e+01,1.342766764314556838e+01,4.928207199760217705e+00
3.053804329529656059e+01,1.339209414381914875e+01,4.925580500219667535e+00
3.069879051840563022e+01,1.335542905564129157e+01,4.921487516857363964e+00
3.087231511298582021e+01,1.331455365410517366e+01,4.915349547423696563e+00
3.104553279058793791e+01,1.327239658624566232e+01,4.907347004874574203e+00
3.122931542691986451e+01,1.322617476888187937e+01,4.896831372904139279e+00
3.141272592268049024e+01,1.317849770789491437e+01,4.884056593425858850e+00
3.157767977969938045e+01,1.313428294365547977e+01,4.870648242278347695e+00
3.174231069592863363e+01,1.308888051372152006e+01,4.855510669914655075e+00
3.190066137420572900e+01,1.304399661632253249e+01,4.839189714315846658e+00
3.205869366013290289e+01,1.299800425627207900e+01,4.821221968899419785e+00
3.221639829262529986e+01,1.295090075410537089e+01,4.801577036260881393e+00
3.237376592943090259e+01,1.290268336234021795e+01,4.780260489362087917e+00
3.253078706624592797e+01,1.285334928897442985e+01,4.757283437239154367e+00
3.268745206357628064e+01,1.280289568948786005e+01,4.732649041264414436e+00
3.284375114613466451e+01,1.275131966661054328e+01,4.706377178072161271e+00
3.299967437107483192e+01,1.269861828062074771e+01,4.678477530916286042e+00
3.315521165858552877e+01,1.264478853919212398e+01,4.648972931803130315e+00
3.331035276091269282e+01,1.258982740766511732e+01,4.617879339064876909e+00
3.346526281430276129e+01,1.253366743522339100e+01,4.585179202796918041e+00
3.361975474858764557e+01,1.247636727778795596e+01,4.550963573778709303e+00
3.378577355260065929e+01,1.241333344934100502e+01,4.512408673113512236e+00
3.395128047623222756e+01,1.234896759687409507e+01,4.472108372733283765e+00
3.412415472387327497e+01,1.228008329537929733e+01,4.428102485270454913e+00
3.429643514298199136e+01,1.220972701012899897e+01,4.382223456215808000e+00
3.445145450822952427e+01,1.214493744546166987e+01,4.339261748388737239e+00
3.460596372016978250e+01,1.207894052944756780e+01,4.294938037190971336e+00
3.475681616542071595e+01,1.201311489121029830e+01,4.250173304911956329e+00
3.490715465813114804e+01,1.194612376656687935e+01,4.204133571811667913e+00
3.505696679410935701e+01,1.187796373336126621e+01,4.156842403397476460e+00
3.520623997771289027e+01,1.180863133796179909e+01,4.108328443308936428e+00
3.535496137637145608e+01,1.173812311621412263e+01,4.058628972804884327e+00
3.550311791916988113e+01,1.166643559530678331e+01,4.007770108144065979e+00
3.565069628521229106e+01,1.159356530066611057e+01,3.955786691776827180e+00
3.579768294246424176e+01,1.151950873771062867e+01,3.902707074721659897e+00
3.594406411293575587e+01,1.144426240930959970e+01,3.848564711916496961e+00
3.608982572458911875e+01,1.136782284221116335e+01,3.793389234758140827e+00
3.623593752223430187e+01,1.128965485896870291e+01,3.736818234233854064e+00
3.638139192097261798e+01,1.121027031045457889e+01,3.679280334924841522e+00
3.653988445864941070e+01,1.112194918416145484e+01,3.615202258147852010e+00
3.669755035472908844e+01,1.103216072653856372e+01,3.549976193085469856e+00
3.685007846842621149e+01,1.094342356774105873e+01,3.485511541854286133e+00
3.700178561437369495e+01,1.085329007204573948e+01,3.420055645273059941e+00
3.714258688343779369e+01,1.076792281871000156e+01,3.358099625898070872e+00
3.728263961110947378e+01,1.068133300374087646e+01,3.295356418924700659e+00
3.742186779815060760e+01,1.059355515142817694e+01,3.231854820324524979e+00
3.756031427283257074e+01,1.050454947634645464e+01,3.167591877658586075e+00
3.769796159734455188e+01,1.041431296805645168e+01,3.102593510174293190e+00
3.783479210509153035e+01,1.032284263139907665e+01,3.036873320578469926e+00
3.797078777461955212e+01,1.023013557112962424e+01,2.970456264523098078e+00
3.810593017042069874e+01,1.013618903948383299e+01,2.903355627801837535e+00
3.824020053151828336e+01,1.004100038298594200e+01,2.835593908354376858e+00
3.837357976369420243e+01,9.944567052436324772e+00,2.767181811004265857e+00
3.850604848008287462e+01,9.846886577555052256e+00,2.698136048402514309e+00
3.863758676720183161e+01,9.747956746588062771e+00,2.628475996778436574e+00
3.877376000130927736e+01,9.643445801946116447e+00,2.555188821911366759e+00
3.890887585264961501e+01,9.537571398432822534e+00,2.481249951050281233e+00
3.904838909387379431e+01,9.425900210939225587e+00,2.403620960852244082e+00
3.918670316729951963e+01,9.312747174300996633e+00,2.325298524077207940e+00
3.931341364652480053e+01,9.206876449397151774e+00,2.252321101448224283e+00
3.943905404400037185e+01,9.099738023934337505e+00,2.178799609453281771e+00
3.956320142313086308e+01,8.991682861268815330e+00,2.104968110746625598e+00
3.968623988254075385e+01,8.882366700354550559e+00,2.030600088323181840e+00
3.980814804949378782e+01,8.771787321145941618e+00,1.955707420148721676e+00
3.992889999107211452e+01,8.659946522370905342e+00,1.880304032188899743e+00
4.004847134294940503e+01,8.546844683060236036e+00,1.804409876745808772e+00
4.016683758817054439e+01,8.432482270507540179e+00,1.728052699032424755e+00
4.028397365709722777e+01,8.316860233001179381e+00,1.651271881451724211e+00
4.039985412247849439e+01,8.199979837359622437e+00,1.574123599414384733e+00
4.051445320214072154e+01,8.081842683722516796e+00,1.496683930806830265e+00
4.062774458021713286e+01,7.962450914760042409e+00,1.419066737124353272e+00
4.074292883902847251e+01,7.838288995056717390e+00,1.339202312510437531e+00
4.085667077131768110e+01,7.712804485036404145e+00,1.259573123947590467e+00
4.097226090453938951e+01,7.582204854244665171e+00,1.178225565042576584e+00
4.108625674709907827e+01,7.450211359513871479e+00,1.098121931880517543e+00
4.119234425030459334e+01,7.324373151627723288e+00,1.024375014935047012e+00
4.129695343188877388e+01,7.197303383217001027e+00,9.534773447886534248e-01
4.140005443769005211e+01,7.069008877543969227e+00,8.868743696403785792e-01
4.150161901639489059e+01,6.939494678570275354e+00,8.265569295554192619e-01
4.160161760589961233e+01,6.808767649371007202e+00,7.751910793839381641e-01
4.170002038976363679e+01,6.676835243233866457e+00,7.361752044833789199e-01
4.179679723199585339e+01,6.543705638705234584e+00,7.133658758039940206e-01
4.189191778461210447e+01,6.409387647845785629e+00,7.105745853825639058e-01
4.198535148231614755e+01,6.273890773786644282e+00,7.305607503330505681e-01
4.207706746868358039e+01,6.137225380133320307e+00,7.744748143380796312e-01
4.216703472364805094e+01,5.999402575110132751e+00,8.416932695116530194e-01
4.225522211344122780e+01,5.860434197725298056e+00,9.305469102065602183e-01
4.234536134620653769e+01,5.714135215402881052e+00,1.044292538980039486e+00
4.243349063736333449e+01,5.566616766338627897e+00,1.177889951912207245e+00
4.251699498729210092e+01,5.422421333750120809e+00,1.325052655566892446e+00
4.259854313401512371e+01,5.277110661691328808e+00,1.489006305592432078e+00
4.267713999558282723e+01,5.132501787197596421e+00,1.667472584675202762e+00
4.275376509612308240e+01,4.986838545392255462e+00,1.862747996960512076e+00
4.282838716735042084e+01,4.840139119748751106e+00,2.075607405284371154e+00
4.290097510399974823e+01,4.692422637048728973e+00,2.307276165967092396e+00
4.297149800015491650e+01,4.543709202551468707e+00,2.559179858782873573e+00
4.303992518931568156e+01,4.394019934000730210e+00,2.833214479779380124e+00
4.310622630763460705e+01,4.243376949181477897e+00,3.131422728315819803e+00
4.317037135329629649e+01,4.091803359020045328e+00,3.456510731128664915e+00
4.323233072227180429e+01,3.939323317808792968e+00,3.811380763909879121e+00
4.329207529200502336e+01,3.785961960655008784e+00,4.199645827809596277e+00
4.335031903896948080e+01,3.629707782219648848e+00,4.631136388090361322e+00
4.340623072578492980e+01,3.472604063306257149e+00,5.106367361666189986e+00
4.346030436610260494e+01,3.313099949882925888e+00,5.636664875152407994e+00
4.351194156876804442e+01,3.152790521204387186e+00,6.225585588636397105e+00
4.356002309393760896e+01,2.995382586697926453e+00,6.866396506722569626e+00
4.360572631334862592e+01,2.837267753020972005e+00,7.582182079149467846e+00
4.364902708670398823e+01,2.678478187121916765e+00,8.386156669875749259e+00
4.368990221570457777e+01,2.519047006194858440e+00,9.295182436753444577e+00
4.372832951190024176e+01,2.359008221556078588e+00,1.032988743024628420e+01
4.376428785680077027e+01,2.198396696383091431e+00,1.151920412118182391e+01
4.379775725442491563e+01,2.037248124858245024e+00,1.289634368512224150e+01
4.382871888262321391e+01,1.875599011885864309e+00,1.452082809608080538e+01
4.385715515041209045e+01,1.713486610976102886e+00,1.643441860136846699e+01
4.388304974936805536e+01,1.550948868644025813e+00,1.882070169740357457e+01
4.390649881566343993e+01,1.387202386568695767e+00,2.159410421315516260e+01
4.392735158408965646e+01,1.223105074503205714e+00,2.572609395915094410e+01
4.394715760259725101e+01,1.043410773611825437e+00,2.990595875133205084e+01
4.396383369078042591e+01,8.633990399517535996e-01,4.131202852888799981e+01
4.397883938678102567e+01,6.605556379120193222e-01,4.537285151715842346e+01
4.398985427715415142e+01,4.574564398376567698e-01,1.017316510034980155e+02
4.399746283006898295e+01,2.287844547330199485e-01,1.155663489624083837e+02
4.399999999999997868e+01,-4.431637664244607668e-17,8.298559812395569679e+02
