x,y,stress
2.999999999999998668e+00,5.665909332979728723e-16,8.998299981502507308e+02
3.004151682906363252e+00,1.942653098773217679e-01,1.381263837243077148e+02
3.016581213903007264e+00,3.881771542933339370e-01,1.084882112185690772e+02
3.034547471740891122e+00,5.601975796659340867e-01,4.943567683263819390e+01
3.058927318073424662e+00,7.314269940373311352e-01,4.281315849912045479e+01
3.088228865018541658e+00,8.946911522370086800e-01,2.973840004834447726e+01
3.123203984871201211e+00,1.056834908220013913e+00,2.442545183457849234e+01
3.163712589967557332e+00,1.217685800174254318e+00,1.930625945135566113e+01
3.209598785026641199e+00,1.377086312803482704e+00,1.588912878525665384e+01
3.260693766777527092e+00,1.534894705125135372e+00,1.308554082979743249e+01
3.316818698939330456e+00,1.690985376171002308e+00,1.091095995792595907e+01
3.377787493754107029e+00,1.845248887709105334e+00,9.150201782876687062e+00
3.443409407424843582e+00,1.997591629695365967e+00,7.706870732841846205e+00
3.513491384493991010e+00,2.147935175881830805e+00,6.396845698532009905e+00
3.587840147393781987e+00,2.296215465530221156e+00,5.443426222078312726e+00
3.666263988489441683e+00,2.442381805221025548e+00,4.609626313131262698e+00
3.748574274805582807e+00,2.586395775744746217e+00,3.917239001187109881e+00
3.834586693328143614e+00,2.728230118235844603e+00,3.329461298523790358e+00
3.924122196913761851e+00,2.867867538946951900e+00,2.833141733186845812e+00
4.017007763829295364e+00,3.005299617108919907e+00,2.411033759280194033e+00
4.113076945915964622e+00,3.140525740741326732e+00,2.051570179547637096e+00
4.212170193533865792e+00,3.273552040562721199e+00,1.744620077640988809e+00
4.314135101629783975e+00,3.404390499155264482e+00,1.481978807429479517e+00
4.418826479326128265e+00,3.533058063395053239e+00,1.257055883412788955e+00
4.526106279626920248e+00,3.659575798670165359e+00,1.064831591382614961e+00
4.635843485304527611e+00,3.783968178326015064e+00,9.013866830463436175e-01
4.747914139818206536e+00,3.906262674341744123e+00,7.641425811413570246e-01
4.862542487032449401e+00,4.026841884234513280e+00,6.512063086996434658e-01
4.979288277166799226e+00,4.145372360409641743e+00,5.625029409771810096e-01
5.097692632831582138e+00,4.261546334574570771e+00,4.982011736651870693e-01
5.217998288383504324e+00,4.375750426351967981e+00,4.579625949767359705e-01
5.340112066712179306e+00,4.488019093358216693e+00,4.404481375282700006e-01
5.463946272878726695e+00,4.598387355911460972e+00,4.424924654177379013e-01
5.589418118019449544e+00,4.706890302834675133e+00,4.595759799706292670e-01
5.716449672183311570e+00,4.813563111180998000e+00,4.871212713677458006e-01
5.844967532305473945e+00,4.918440825846019493e+00,5.213239180229631842e-01
5.974902304768591854e+00,5.021558022828407353e+00,5.594391981525516089e-01
6.106188630599146627e+00,5.122948933203468336e+00,5.996229428345484225e-01
6.238764910837597988e+00,5.222647319769004426e+00,6.406887483756450452e-01
6.373036598146177845e+00,5.321021666524152316e+00,6.820341725620094886e-01
6.508493186168295530e+00,5.417758062936700370e+00,7.230641576551540828e-01
6.650448061590304327e+00,5.516578014269507335e+00,7.650616083045952420e-01
6.793570489926398004e+00,5.613699383060345660e+00,8.062328820573960719e-01
6.931879686571668309e+00,5.705279350464302013e+00,8.448818568791071071e-01
7.071171211975813442e+00,5.795358257483807840e+00,8.826744934404854304e-01
7.211403887353804443e+00,5.883964908604728983e+00,9.195873341397151624e-01
7.352538783600404138e+00,5.971127373509632186e+00,9.556257623204036378e-01
7.494539040094504223e+00,6.056872958667950613e+00,9.908187220448299026e-01
7.637369664590232254e+00,6.141228170095224925e+00,1.025191031179970347e+00
7.780997528827030330e+00,6.224218791595341749e+00,1.058771380814333751e+00
7.925391165158866436e+00,6.305869840856808572e+00,1.091589954880100244e+00
8.070520692377241900e+00,6.386205600968827056e+00,1.123677416108298965e+00
8.216357784273432330e+00,6.465249670392675618e+00,1.155059624805564011e+00
8.362875538284098909e+00,6.543024953839389646e+00,1.185764569502904653e+00
8.510048283892754029e+00,6.619553622819486449e+00,1.215823677317698914e+00
8.666659750054279243e+00,6.699296809643454864e+00,1.246982769385979184e+00
8.823951495493210118e+00,6.777689682616931499e+00,1.277454177668525537e+00
8.984652006961114878e+00,6.856085983473524159e+00,1.307786424979076045e+00
9.146003379700538005e+00,6.933133871614028720e+00,1.337450491002944775e+00
9.296408587053152317e+00,7.003499962315506977e+00,1.364426966824445531e+00
9.447334643394176723e+00,7.072741883389809026e+00,1.390881627925032893e+00
9.598607594644095187e+00,7.140807996163126781e+00,1.416776150108382426e+00
9.750364939005855547e+00,7.207787204519852331e+00,1.442167133797139567e+00
9.902590033363646072e+00,7.273696132898429312e+00,1.467041519547256812e+00
1.005526719479599329e+01,7.338551005740520772e+00,1.491480178933585199e+00
1.020838137127109135e+01,7.402367534244232772e+00,1.515686380597290883e+00
1.036191800498034254e+01,7.465160893837757605e+00,1.539051688532122375e+00
1.051586321187619788e+01,7.526945830392355319e+00,1.562077591567336832e+00
1.067020369402500535e+01,7.587736651030095203e+00,1.584641315292325547e+00
1.082492668193034824e+01,7.647547227751660515e+00,1.606770512690302244e+00
1.098001993942986054e+01,7.706391024611851215e+00,1.628469562234606816e+00
1.114223349087846238e+01,7.766774799150341302e+00,1.650644969825048047e+00
1.130482456721126461e+01,7.826134563342320050e+00,1.672369207260838930e+00
1.148461928774425367e+01,7.890449350384848515e+00,1.695792791637250163e+00
1.166484269740473856e+01,7.953552921390250496e+00,1.718648147013298377e+00
1.183229827920288457e+01,8.010989757776350473e+00,1.739363579942785787e+00
1.200009774962934728e+01,8.067414066938651374e+00,1.759615480536985022e+00
1.215764597637101296e+01,8.119382268107411704e+00,1.778180681810321628e+00
1.231547763636260484e+01,8.170483214090333846e+00,1.796352294844249409e+00
1.247356818409000745e+01,8.220721977218714116e+00,1.814126705570251463e+00
1.263192544444131471e+01,8.270113620445039615e+00,1.831511803940404137e+00
1.279054146986571894e+01,8.318667675837206232e+00,1.848513605963949091e+00
1.294940868976108383e+01,8.366393432345393677e+00,1.865126182733526816e+00
1.310851972024275547e+01,8.413299889595116099e+00,1.881354738652736280e+00
1.326786746624115310e+01,8.459395800893890538e+00,1.897202970281399725e+00
1.342744505898000185e+01,8.504689665667564569e+00,1.912670862543901951e+00
1.358724583343525261e+01,8.549189734135005381e+00,1.927765692616920878e+00
1.374726336584817510e+01,8.592904028142234196e+00,1.942488971348052651e+00
1.390749140698810393e+01,8.635840332398771579e+00,1.956858024076412406e+00
1.407650328733314460e+01,8.680238070967213559e+00,1.971600947294050776e+00
1.424573524543446190e+01,8.723789427831132315e+00,1.985951681309290784e+00
1.443581425380330963e+01,8.771643592038781634e+00,2.001561143420155897e+00
1.462615282478357415e+01,8.818454714442450992e+00,2.016656444264037340e+00
1.480951732965469425e+01,8.862518145610719600e+00,2.030723074585115917e+00
1.499310655285113292e+01,8.905635734651827562e+00,2.044327230818270724e+00
1.515800061563410139e+01,8.943521688333882835e+00,2.056160555457592576e+00
1.532306464386119416e+01,8.980660144718770610e+00,2.067644460669773920e+00
1.548506036982027467e+01,9.016352497679086753e+00,2.078561762957372494e+00
1.564721022108775017e+01,9.051338006102621847e+00,2.089145032794045065e+00
1.580950977812996605e+01,9.085622206797452804e+00,2.099398325520290598e+00
1.597195478644435163e+01,9.119210487860215153e+00,2.109324511984150163e+00
1.613454110381861639e+01,9.152108082137788259e+00,2.118928167322709388e+00
1.629726464652614482e+01,9.184320061564907434e+00,2.128213010832924468e+00
1.646012143740517075e+01,9.215851352090544069e+00,2.137184884306433830e+00
1.662310763928335788e+01,9.246706744299604708e+00,2.145847069775558946e+00
1.678621949759818577e+01,9.276890886293251981e+00,2.154203912285996392e+00
1.694945333113427210e+01,9.306408286371688376e+00,2.162262785506276153e+00
1.711438069239857640e+01,9.335538249516112330e+00,2.170095040268448461e+00
1.727942513287752391e+01,9.363997386256881938e+00,2.177646241799531701e+00
1.746160766890667304e+01,9.394616018597186979e+00,2.185623091358219749e+00
1.764392376050140143e+01,9.424429113940799851e+00,2.193261593773762286e+00
1.784504865654961492e+01,9.456366425084549832e+00,2.201283877184203153e+00
1.804632450179916603e+01,9.487338202604750137e+00,2.208882878441155828e+00
1.823246255959053030e+01,9.515108006238468974e+00,2.215569707929155641e+00
1.841872023343446685e+01,9.542063863528689183e+00,2.221923942389220308e+00
1.858606790042984969e+01,9.565579164725621197e+00,2.227365271211772857e+00
1.875350548225879876e+01,9.588445463848024986e+00,2.232562434853119004e+00
1.891794565265547234e+01,9.610262839388829192e+00,2.237427321480383036e+00
1.908246679049601369e+01,9.631461024679531135e+00,2.242063610343222990e+00
1.924706616170847795e+01,9.652042907256506155e+00,2.246477289551548573e+00
1.941174108825140010e+01,9.672011276636556687e+00,2.250673778605052355e+00
1.957648893895428088e+01,9.691368825129556441e+00,2.254659813759210873e+00
1.974130711804146898e+01,9.710118148471758914e+00,2.258441282881877843e+00
1.990619307130947746e+01,9.728261748501648043e+00,2.262022943752871385e+00
2.007114429558268753e+01,9.745802035920585027e+00,2.265412871790133842e+00
2.023615832554531480e+01,9.762741330449888011e+00,2.268612243933394890e+00
2.040123272413745426e+01,9.779081861515749097e+00,2.271635196992664696e+00
2.056809932305835886e+01,9.794987928031025248e+00,2.274506931893586881e+00
2.073502267835475266e+01,9.810286897830147623e+00,2.277223791256347774e+00
2.091943212921050232e+01,9.826479720042421206e+00,2.280041921469952548e+00
2.110390467519965085e+01,9.841937183543059575e+00,2.282674135295485573e+00
2.130945984664248982e+01,9.858292576090272874e+00,2.285386172005154481e+00
2.151508510569890120e+01,9.873741871726185337e+00,2.287862901851644537e+00
2.170863782758184968e+01,9.887454851481111362e+00,2.290012066941629065e+00
2.190224538335519355e+01,9.900370603454963003e+00,2.291980417618769472e+00
2.207450788177056467e+01,9.911191352301568003e+00,2.293594805951328031e+00
2.224680865331971447e+01,9.921384548812017812e+00,2.295090581951253927e+00
2.241243418702640255e+01,9.930590762136299432e+00,2.296411941008309032e+00
2.257809079501194915e+01,9.939219790401029542e+00,2.297629195621760267e+00
2.274377640735075445e+01,9.947272717925637053e+00,2.298740177542850649e+00
2.290948897126744299e+01,9.954750554536609286e+00,2.299752567925880786e+00
2.307522644767440667e+01,9.961654236031135312e+00,2.300668547365928962e+00
2.324098681135902211e+01,9.967984624776997649e+00,2.301494038570625289e+00
2.340676804975272773e+01,9.973742510194004041e+00,2.302234166700281470e+00
2.357256816041775238e+01,9.978928609156486829e+00,2.302891108990094970e+00
2.373838515242513481e+01,9.983543566483785270e+00,2.303469744084367221e+00
2.390421704213679988e+01,9.987587955210678103e+00,2.303971257931207273e+00
2.407031590433006940e+01,9.991067161896387105e+00,2.304399006079446810e+00
2.423642575201993665e+01,9.993974986280951711e+00,2.304761723422658726e+00
2.441595675586084369e+01,9.996475551319839781e+00,2.305069619940678827e+00
2.459549580655762924e+01,9.998309530230130804e+00,2.305302219170382916e+00
2.479774613700100616e+01,9.999577401968286594e+00,2.305467864054455251e+00
2.500000000000008882e+01,9.999999999999994671e+00,2.305518236031333767e+00
2.520225386299916792e+01,9.999577401968286594e+00,2.305474478211547940e+00
2.540450419344250932e+01,9.998309530230130804e+00,2.305315552662388079e+00
2.558404324413934461e+01,9.996475551319836228e+00,2.305088132071159368e+00
2.576357424798020190e+01,9.993974986280948158e+00,2.304785293580430050e+00
2.592968409567016153e+01,9.991067161896383553e+00,2.304424496346273443e+00
2.609578295786331381e+01,9.987587955210674551e+00,2.303997891364633066e+00
2.626161484757499309e+01,9.983543566483781717e+00,2.303493892356855532e+00
2.642743183958237552e+01,9.978928609156481500e+00,2.302912249639350595e+00
2.659323195024740016e+01,9.973742510193998712e+00,2.302248964774597617e+00
2.675901318864110223e+01,9.967984624776990543e+00,2.301501944930565813e+00
2.692477355232573188e+01,9.961654236031128207e+00,2.300668349347350095e+00
2.709051102873268846e+01,9.954750554536602181e+00,2.299744346310392817e+00
2.725622359264937700e+01,9.947272717925629948e+00,2.298725785362345064e+00
2.742190920498817519e+01,9.939219790401022436e+00,2.297609187210738479e+00
2.758756581297373600e+01,9.930590762136290550e+00,2.296390049053571580e+00
2.775319134668041343e+01,9.921384548812010706e+00,2.295067493531961489e+00
2.792549211822956323e+01,9.911191352301559121e+00,2.293572540177850616e+00
2.809775461664493790e+01,9.900370603454952345e+00,2.291959015486378703e+00
2.829136217241830664e+01,9.887454851481098927e+00,2.289992241897839786e+00
2.848491489430126578e+01,9.873741871726171127e+00,2.287844666110854241e+00
2.869054015335767005e+01,9.858292576090258663e+00,2.285372900626561066e+00
2.889609532480049836e+01,9.841937183543045364e+00,2.282665513052271500e+00
2.908056787078964689e+01,9.826479720042403443e+00,2.280039468599667440e+00
2.926497732164539656e+01,9.810286897830133412e+00,2.277229858789964645e+00
2.943190067694177969e+01,9.794987928031011037e+00,2.274504410552537159e+00
2.959876727586266654e+01,9.779081861515731333e+00,2.271622546422438660e+00
2.976384167445482376e+01,9.762741330449870247e+00,2.268594218905051196e+00
2.992885570441746879e+01,9.745802035920567263e+00,2.265389572013621677e+00
3.009380692869067175e+01,9.728261748501628503e+00,2.261999926695476670e+00
3.025869288195866602e+01,9.710118148471739374e+00,2.258418996661807565e+00
3.042351106104585057e+01,9.691368825129538678e+00,2.254640685132235589e+00
3.058825891174872780e+01,9.672011276636538923e+00,2.250658115894418110e+00
3.075293383829164995e+01,9.652042907256490167e+00,2.246464587723279838e+00
3.091753320950411776e+01,9.631461024679509819e+00,2.242053926038509726e+00
3.108205434734467687e+01,9.610262839388807876e+00,2.237419908055351403e+00
3.124649451774136111e+01,9.588445463848000117e+00,2.232557289197752759e+00
3.141393209957032440e+01,9.565579164725594552e+00,2.227360850327101627e+00
3.158127976656571789e+01,9.542063863528660761e+00,2.221920459690323923e+00
3.176753744040967220e+01,9.515108006238435223e+00,2.215565531813472155e+00
3.195367549820105069e+01,9.487338202604714610e+00,2.208878193678004198e+00
3.215495134345056982e+01,9.456366425084516081e+00,2.201277089463518966e+00
3.235607623949875489e+01,9.424429113940767877e+00,2.193251969451392114e+00
3.253839233109348328e+01,9.394616018597155005e+00,2.185611836333279712e+00
3.272057486712261465e+01,9.363997386256851740e+00,2.177632550292354807e+00
3.288561930760155150e+01,9.335538249516083908e+00,2.170079884463623987e+00
3.305054666886584869e+01,9.306408286371658178e+00,2.162246199064836283e+00
3.321378050240193147e+01,9.276890886293221783e+00,2.154186933957407124e+00
3.337689236071675936e+01,9.246706744299576286e+00,2.145829944090698493e+00
3.353987856259494293e+01,9.215851352090517423e+00,2.137167769136504969e+00
3.370273535347396177e+01,9.184320061564877236e+00,2.128196035628821203e+00
3.386545889618150085e+01,9.152108082137754508e+00,2.118911140352561340e+00
3.402804521355577805e+01,9.119210487860179626e+00,2.109307533116997480e+00
3.419049022187017783e+01,9.085622206797419054e+00,2.099381123907333446e+00
3.435278977891238839e+01,9.051338006102584544e+00,2.089127367331335083e+00
3.451493963017986744e+01,9.016352497679049449e+00,2.078542954109241059e+00
3.467693535613894795e+01,8.980660144718731530e+00,2.067624803088682572e+00
3.484199938436604072e+01,8.943521688333843755e+00,2.056139718178034759e+00
3.500689344714901097e+01,8.905635734651786706e+00,2.044306569500700554e+00
3.519048267034546740e+01,8.862518145610675191e+00,2.030701041030844145e+00
3.537384717521658928e+01,8.818454714442404807e+00,2.016634714076535939e+00
3.556418574619684136e+01,8.771643592038737225e+00,2.001542400058784477e+00
3.575426475456568198e+01,8.723789427831086130e+00,1.985935824353606272e+00
3.592349671266700994e+01,8.680238070967165598e+00,1.971591782608267174e+00
3.609250859301204883e+01,8.635840332398723618e+00,1.956858760478561443e+00
3.625273663415198655e+01,8.592904028142182682e+00,1.942489603715171320e+00
3.641275416656491615e+01,8.549189734134948537e+00,1.927760645409991147e+00
3.657255494102017224e+01,8.504689665667504173e+00,1.912660553002549779e+00
3.673213253375903520e+01,8.459395800893828365e+00,1.897186875239975867e+00
3.689148027975741684e+01,8.413299889595059255e+00,1.881337530069187913e+00
3.705059131023907071e+01,8.366393432345336834e+00,1.865108348964009677e+00
3.720945853013444804e+01,8.318667675837144060e+00,1.848498032629145360e+00
3.736807455555887003e+01,8.270113620444975666e+00,1.831501714927697755e+00
3.752643181591016486e+01,8.220721977218650167e+00,1.814117252545905279e+00
3.768452236363756214e+01,8.170483214090268120e+00,1.796340603052507534e+00
3.784235402362916290e+01,8.119382268107342426e+00,1.778166238799826715e+00
3.799990225037083036e+01,8.067414066938582096e+00,1.759599079013945966e+00
3.816770172079730372e+01,8.010989757776277642e+00,1.739344703005309745e+00
3.833515730259544796e+01,7.953552921390172337e+00,1.718628444115206655e+00
3.851538071225593285e+01,7.890449350384770355e+00,1.695770248314021789e+00
3.869517543278892902e+01,7.826134563342241002e+00,1.672342700502000845e+00
3.885776650912173125e+01,7.766774799150259589e+00,1.650619798285960282e+00
3.901998006057034019e+01,7.706391024611762397e+00,1.628444645351642128e+00
3.917507331806985604e+01,7.647547227751571697e+00,1.606745230214204234e+00
3.932979630597520071e+01,7.587736651030005497e+00,1.584615899010577644e+00
3.948413678812399752e+01,7.526945830392265613e+00,1.562042755654915904e+00
3.963808199501985996e+01,7.465160893837661682e+00,1.539019518460383873e+00
3.979161862872912536e+01,7.402367534244132408e+00,1.515540013341704295e+00
3.994473280520421810e+01,7.338551005740418631e+00,1.491594164216039076e+00
4.009740996663656176e+01,7.273696132898328948e+00,1.467174772959531248e+00
4.024963506099434341e+01,7.207787204519749302e+00,1.442269965700336165e+00
4.040139240535610554e+01,7.140807996163023752e+00,1.416871493322316100e+00
4.055266535660602756e+01,7.072741883389704221e+00,1.390965441118833690e+00
4.070359141294702710e+01,7.003499962315408389e+00,1.364511505679363301e+00
4.085399662029963963e+01,6.933133871613929244e+00,1.337530655516610878e+00
4.101534799303906453e+01,6.856085983473417578e+00,1.307872912787473085e+00
4.117604850450698706e+01,6.777689682616819589e+00,1.277543814862608373e+00
4.133334024994589129e+01,6.699296809643355388e+00,1.247074860864958445e+00
4.148995171610738453e+01,6.619553622819396743e+00,1.215920509772101310e+00
4.163712446171604142e+01,6.543024953839294611e+00,1.185859713611303157e+00
4.178364221572673642e+01,6.465249670392570813e+00,1.155155576390916483e+00
4.192947930762291975e+01,6.386205600968723139e+00,1.123773099959029853e+00
4.207460883484128544e+01,6.305869840856703767e+00,1.091685835150467909e+00
4.221900247117312688e+01,6.224218791595231615e+00,1.058867946513620373e+00
4.236263033540993206e+01,6.141228170095115679e+00,1.025287699243690787e+00
4.250546095990563344e+01,6.056872958667855578e+00,9.909182562381487758e-01
4.264746121639972642e+01,5.971127373509538927e+00,9.557284358177812189e-01
4.278859611264631013e+01,5.883964908604639277e+00,9.196948014720828235e-01
4.292882878802430469e+01,5.795358257483719022e+00,8.827949240570948097e-01
4.306812031342844449e+01,5.705279350464212307e+00,8.450190211060391032e-01
4.320642951007371124e+01,5.613699383060248849e+00,8.063773952370429932e-01
4.334955193840979604e+01,5.516578014269422958e+00,7.652125260785389571e-01
4.349150681383178352e+01,5.417758062936629315e+00,7.232232667085159994e-01
4.362696340185387811e+01,5.321021666524093696e+00,6.821997127624107593e-01
4.376123508916243310e+01,5.222647319768952912e+00,6.408651054025130689e-01
4.389381136940087913e+01,5.122948933203427480e+00,5.998129015382441809e-01
4.402509769523142324e+01,5.021558022828377155e+00,5.596496840456708366e-01
4.415503246769453227e+01,4.918440825845993736e+00,5.215635094451187559e-01
4.428355032781669109e+01,4.813563111180966025e+00,4.874043466801308844e-01
4.441058188198056200e+01,4.706890302834643158e+00,4.599162274438297060e-01
4.453605372712129196e+01,4.598387355911421004e+00,4.429234787784846472e-01
4.465988793328784112e+01,4.488019093358180278e+00,4.410053224238523195e-01
4.478200171161650189e+01,4.375750426351924460e+00,4.586968217214404953e-01
4.490230736716841164e+01,4.261546334574538797e+00,4.991043189042705941e-01
4.502071172283320522e+01,4.145372360409616874e+00,5.636219193786613513e-01
4.513745751296755060e+01,4.026841884234483082e+00,6.525239340254758158e-01
4.525208586018180057e+01,3.906262674341696606e+00,7.657176261929670158e-01
4.536415651469547328e+01,3.783968178325990195e+00,9.031478669204485721e-01
4.547389372037306288e+01,3.659575798670154256e+00,1.066830054377658321e+00
4.558117352067386463e+01,3.533058063395034587e+00,1.259262822070917665e+00
4.568586489837021958e+01,3.404390499155220073e+00,1.484461032854300644e+00
4.578782980646612799e+01,3.273552040562681231e+00,1.747229792661346481e+00
4.588692305408404337e+01,3.140525740741289873e+00,2.054318243902462537e+00
4.598299223617070908e+01,3.005299617108885712e+00,2.413552812627829169e+00
4.607587780308622172e+01,2.867867538946911043e+00,2.835255032672344022e+00
4.616541330667184440e+01,2.728230118235822399e+00,3.331351505254626755e+00
4.625142572519440876e+01,2.586395775744728454e+00,3.917642184615492074e+00
4.633373601151055965e+01,2.442381805220973590e+00,4.612657246624760177e+00
4.641215985260623000e+01,2.296215465530129229e+00,5.440966993071906010e+00
4.648650861550601121e+01,2.147935175881746428e+00,6.431755636376133012e+00
4.655659059257516930e+01,1.997591629695282256e+00,7.626012013612472273e+00
4.662221250624589430e+01,1.845248887709051377e+00,9.071794080538415628e+00
4.668318130106064245e+01,1.690985376170969223e+00,1.084858962881213174e+01
4.673930623322245026e+01,1.534894705125097181e+00,1.302726703280526976e+01
4.679040121497335036e+01,1.377086312803439849e+00,1.583275874147160422e+01
4.683628741003243334e+01,1.217685800174193034e+00,1.923951780887242080e+01
4.687679601512878236e+01,1.056834908219933089e+00,2.436036662549646437e+01
4.691177113498144280e+01,8.946911522369415115e-01,2.957371199861572464e+01
4.694107268192656335e+01,7.314269940372796208e-01,4.282762444595836371e+01
4.696545252825908534e+01,5.601975796658872353e-01,4.862661554326622593e+01
4.698341878609696920e+01,3.881771542932965779e-01,1.096526678508744368e+02
4.699584831709359634e+01,1.942653098773038933e-01,1.352260096228726240e+02
4.699999999999997868e+01,-3.803569911973666149e-17,8.999093471283383678e+02
