x,y,stress
9.999999999999994449e-01,5.075588837242622413e-16,1.367228377967272309e+03
1.005092811410985165e+00,1.853991091450653272e-01,1.247549523498578736e+02
1.020316690545214344e+00,3.702426443458445293e-01,1.360964181523870593e+02
1.042684241588651917e+00,5.365281164868184183e-01,3.421507936576126241e+01
1.073024654386805610e+00,7.015458076384629704e-01,3.414178315888117510e+01
1.110584508095910694e+00,8.629749335199140559e-01,1.668110885431216772e+01
1.155405504576019426e+00,1.022541412205142164e+00,1.235687555086818534e+01
1.207172997367087719e+00,1.179992379510883982e+00,7.675531145365413366e+00
1.265548273357164577e+00,1.335115930833277176e+00,5.302556118171422028e+00
1.330178161650436452e+00,1.487740564933490273e+00,3.590653909092076823e+00
1.400703563514393624e+00,1.637733138584300807e+00,2.518587443332356290e+00
1.476766677789345339e+00,1.784995827286547598e+00,1.801965040214664970e+00
1.558016792468058798e+00,1.929462399543405260e+00,1.317980212195060119e+00
1.644114713479939427e+00,2.071094224476524914e+00,8.800107186048281571e-01
1.734735949451848169e+00,2.209876261823151999e+00,6.671223736365178292e-01
1.829572801944681304e+00,2.345813195676251350e+00,4.874055001872100723e-01
1.928335579753230222e+00,2.478925888602237393e+00,3.604850279658409762e-01
2.030753102726083004e+00,2.609248193771091628e+00,2.678895955981202559e-01
2.136572676575414054e+00,2.736824172393805821e+00,2.064140246844091975e-01
2.245559667085329725e+00,2.861705692803776291e+00,1.765123886604101910e-01
2.357496793896990628e+00,2.983950394020834729e+00,1.759124495127747934e-01
2.472183266419064385e+00,3.103620010779041483e+00,1.959373879919848460e-01
2.589433790942022195e+00,3.220778971442842309e+00,2.264957150585421297e-01
2.709077546067542475e+00,3.335493276336086943e+00,2.615342426717795488e-01
2.830957140113162129e+00,3.447829589231877989e+00,2.980818177868317376e-01
2.955223967340251168e+00,3.558112752545304236e+00,3.349778772974376095e-01
3.081457079330880422e+00,3.666140013081433224e+00,3.715624261734281619e-01
3.209253496715325671e+00,3.771750052748809701e+00,4.075467653376415589e-01
3.338770832688921164e+00,3.875242650973384162e+00,4.429181746041218060e-01
3.469877693812142283e+00,3.976659443956479745e+00,4.776549835335581196e-01
3.602503567513560156e+00,4.076081754032391480e+00,5.117650799553732366e-01
3.736559277029746884e+00,4.173567863625819108e+00,5.452661328069159374e-01
3.871962276539337111e+00,4.269174022872076257e+00,5.781705051726563349e-01
4.008636170623590012e+00,4.362954491448300054e+00,6.104990659210746129e-01
4.146510234022105834e+00,4.454961562022549337e+00,6.422636676851475324e-01
4.285518682292523529e+00,4.545245410118707419e+00,6.734851659699819804e-01
4.425600739206733358e+00,4.633854455791273530e+00,7.041746869170206757e-01
4.566699734071595351e+00,4.720835072748138295e+00,7.343518185403697940e-01
4.708762999036348873e+00,4.806231808705026864e+00,7.640188445568585340e-01
4.858401177776158875e+00,4.893943916913599423e+00,7.945196621562101713e-01
5.008989137160154037e+00,4.980015314572921348e+00,8.244682127098056368e-01
5.156338111777494682e+00,5.062209475912466061e+00,8.530943074131256409e-01
5.304497821965756366e+00,5.142933175720707517e+00,8.812297466204250806e-01
5.450802435894902764e+00,5.220841454264527393e+00,9.083994465387287276e-01
5.597817050771440428e+00,5.297401590700476781e+00,9.351140974742466749e-01
5.745509070453430844e+00,5.372646594376345064e+00,9.613809598610052465e-01
5.893847997578661513e+00,5.446608177548634799e+00,9.872082888294412273e-01
6.042805119184902374e+00,5.519316732306495332e+00,1.012605590084517448e+00
6.192353452663465596e+00,5.590801432590718711e+00,1.037579931079546824e+00
6.342467612676608191e+00,5.661090286640638070e+00,1.062141679865903132e+00
6.493123626427663275e+00,5.730210159267432601e+00,1.086297659109700664e+00
6.644298942675882280e+00,5.798186877495831837e+00,1.110054556085996458e+00
6.795972205358908447e+00,5.865045221036517376e+00,1.133422401055354189e+00
6.949777233680386246e+00,5.931516883848269472e+00,1.156650327111233834e+00
7.104050816758835651e+00,5.996893760363630754e+00,1.179495278515773071e+00
7.274439739368316005e+00,6.067640373608529814e+00,1.204232496234391991e+00
7.445350731311372705e+00,6.137116334087573399e+00,1.228445883218139967e+00
7.610718466988497966e+00,6.202968026843814542e+00,1.251580896323827963e+00
7.776532811468989337e+00,6.267686976232688778e+00,1.274148809013677441e+00
7.931410869609693215e+00,6.326987565531896784e+00,1.294865496224677504e+00
8.086647591644295474e+00,6.385342826540465921e+00,1.315245997919500809e+00
8.242148155523738140e+00,6.442740117308457748e+00,1.335283020430427792e+00
8.397981748105159738e+00,6.499227008933631922e+00,1.354987983360661286e+00
8.554136479940391169e+00,6.554819502802108566e+00,1.374341537317866235e+00
8.710601319473154192e+00,6.609533143074539652e+00,1.393397286645208899e+00
8.867365755380619774e+00,6.663382928086348578e+00,1.412274010846945149e+00
9.024419436796494054e+00,6.716383223852407269e+00,1.430662475562055391e+00
9.181752554579805548e+00,6.768547930731613427e+00,1.448805351077030901e+00
9.339355876705218051e+00,6.819890521930608962e+00,1.466633988455228854e+00
9.497220502040677914e+00,6.870423989075914228e+00,1.484170918151857865e+00
9.655337908854937368e+00,6.920160885703339204e+00,1.501417155727108099e+00
9.821138341684640949e+00,6.971391796141206854e+00,1.519160810876795553e+00
9.987197932824399160e+00,7.021776358704433285e+00,1.536598233156971860e+00
1.017377308596369012e+01,7.077304129488443785e+00,1.555800857270817072e+00
1.036065198649097319e+01,7.131800929260348809e+00,1.574602900603080391e+00
1.054139843868457938e+01,7.183465789597299533e+00,1.592401021819456197e+00
1.072240838282169229e+01,7.234199807293085094e+00,1.609838866193879836e+00
1.088519585204401885e+01,7.278983804831121951e+00,1.625197686704494826e+00
1.104818223935239985e+01,7.323038379153046229e+00,1.640273740743189990e+00
1.120838314360745436e+01,7.365589059498886648e+00,1.654810505611808980e+00
1.136876441043085073e+01,7.407454803603016558e+00,1.669023437037267410e+00
1.152932071011967530e+01,7.448644166917541831e+00,1.683154269948635040e+00
1.169004692427779979e+01,7.489165447183784963e+00,1.696857045652149676e+00
1.185093811149370957e+01,7.529026687459012379e+00,1.710342314105192552e+00
1.201198949494041024e+01,7.568235684511609662e+00,1.723557472166337368e+00
1.217319646197248595e+01,7.606799999601100204e+00,1.736514998764993267e+00
1.233455456819478258e+01,7.644726969582610110e+00,1.749215690902507170e+00
1.249605953172665274e+01,7.682023714992118002e+00,1.761661094472735556e+00
1.265770717763169806e+01,7.718697136440678008e+00,1.773854809464283644e+00
1.282117277536728572e+01,7.755124824604799016e+00,1.785915453783301965e+00
1.298477591514571294e+01,7.790929734028694931e+00,1.797731047696016438e+00
1.316556819540103263e+01,7.829746977433907240e+00,1.810471228608695693e+00
1.334651836737126196e+01,7.867821423111135637e+00,1.822911344228372199e+00
1.354762041986082188e+01,7.909238089067603283e+00,1.836362126447748988e+00
1.374890469495392331e+01,7.949759911794238576e+00,1.849426930111872425e+00
1.393727932902681310e+01,7.986850425664711928e+00,1.861318633755095320e+00
1.412580297789452821e+01,8.023175953254000348e+00,1.872884385089888859e+00
1.429399773182675659e+01,8.054922445802182196e+00,1.882933524329600816e+00
1.446230392160638978e+01,8.086072760689621219e+00,1.892735862470220631e+00
1.462539465745469869e+01,8.115675491639109396e+00,1.901993694277603009e+00
1.478858416262451314e+01,8.144728816239993563e+00,1.911022069617375196e+00
1.495186970573888452e+01,8.173237289228222124e+00,1.919821932580299206e+00
1.511524868218858408e+01,8.201205344400245068e+00,1.928395448415396229e+00
1.527871854153027442e+01,8.228637285844051519e+00,1.936745635582455938e+00
1.544227677725108805e+01,8.255537290562857677e+00,1.944874378512569502e+00
1.560592095296568438e+01,8.281909416880635533e+00,1.952783833145973702e+00
1.576964870461725532e+01,8.307757608361473700e+00,1.960476792841099103e+00
1.593345772976385710e+01,8.333085695510497715e+00,1.967955775535715990e+00
1.609734576649807636e+01,8.357897395940474539e+00,1.975224590598834595e+00
1.626186422548625998e+01,8.382277480527241309e+00,1.982305565745651643e+00
1.642645784685810995e+01,8.406144864151729124e+00,1.989187940890727369e+00
1.660572385252817540e+01,8.431548967679242779e+00,1.996438697489425929e+00
1.678507375842110960e+01,8.456353825682610292e+00,2.003459913748360410e+00
1.698718391129564864e+01,8.483580653383299364e+00,2.011078096087309142e+00
1.718939358435041243e+01,8.510058246328938480e+00,2.018398667479734065e+00
1.739602405971569254e+01,8.536334061213162627e+00,2.025582843966709401e+00
1.760275101408745257e+01,8.561839725421656055e+00,2.032459844821134620e+00
1.778656439855799221e+01,8.583866699926304022e+00,2.038336239162577446e+00
1.797044873238145613e+01,8.605293320813590441e+00,2.043988327090646706e+00
1.813694003625165152e+01,8.624171764043079946e+00,2.048917009655972343e+00
1.830348576551991968e+01,8.642563886412922614e+00,2.053673037370244536e+00
1.846829164322924299e+01,8.660282069488642875e+00,2.058206721073400303e+00
1.863314749562789885e+01,8.677529082607678745e+00,2.062574132046014697e+00
1.879805173902282078e+01,8.694307171140650325e+00,2.066778905315320713e+00
1.896300280538898519e+01,8.710618505459947869e+00,2.070823719278366948e+00
1.912799915191006761e+01,8.726465183531033176e+00,2.074711753752793264e+00
1.929303927652458484e+01,8.741849233809864117e+00,2.078446336253456650e+00
1.945812168994710589e+01,8.756772613926715465e+00,2.082031904268054401e+00
1.962324493481870036e+01,8.771237213829769175e+00,2.085470733272284161e+00
1.978840758143902079e+01,8.785244856580881390e+00,2.088765346890704144e+00
1.995360820304422234e+01,8.798797297504421522e+00,2.091921570474828851e+00
2.012180824214674857e+01,8.812126948276402416e+00,2.094991459675080048e+00
2.029004473058994407e+01,8.824988396098428112e+00,2.097931218170828949e+00
2.047731019772323080e+01,8.838752998666079108e+00,2.101034283599797270e+00
2.066461708747536008e+01,8.851941961209785603e+00,2.103979598382438532e+00
2.087555396777079508e+01,8.866105141514591281e+00,2.107099895531765466e+00
2.108653823130193317e+01,8.879544041700953017e+00,2.110014564811454107e+00
2.129480919051011512e+01,8.892099767479205497e+00,2.112705640876829438e+00
2.150312119743382411e+01,8.903955009363695439e+00,2.115206664475188791e+00
2.168809551814035785e+01,8.913895050642263840e+00,2.117282214099457160e+00
2.187309851681462192e+01,8.923286236049467135e+00,2.119225326671884346e+00
2.204050860961023872e+01,8.931311403210786537e+00,2.120885163414431673e+00
2.220793954065797848e+01,8.938889389839630439e+00,2.122441858044439744e+00
2.237354489145479874e+01,8.945944963069479172e+00,2.123877454304089696e+00
2.253916822891207516e+01,8.952564893430709603e+00,2.125214786870661676e+00
2.270480837885739689e+01,8.958749964071548888e+00,2.126451104859492069e+00
2.287046416990091657e+01,8.964500904901676392e+00,2.127592358551271712e+00
2.303613444328782478e+01,8.969818393399568990e+00,2.128639911647048688e+00
2.320181804325480712e+01,8.974703054674984415e+00,2.129596165596669533e+00
2.336751382087302886e+01,8.979155461987561537e+00,2.130462623449026260e+00
2.353322063684774434e+01,8.983176137141784423e+00,2.131240886710251470e+00
2.369893735417167591e+01,8.986765550592876295e+00,2.131932598047217020e+00
2.386466284330080256e+01,8.989924121851604610e+00,2.132540163298718205e+00
2.403331132030780992e+01,8.992696356774226629e+00,2.133070308306541207e+00
2.420196653078874860e+01,8.995023175378495495e+00,2.133520497789073378e+00
2.438961208099232181e+01,8.997088799383039515e+00,2.133916697448824173e+00
2.457726288508534296e+01,8.998603745846713409e+00,2.134211029790491043e+00
2.478863028955031922e+01,8.999650952961951944e+00,2.134416814434674237e+00
2.499999999999957723e+01,8.999999999999994671e+00,2.134481630996925450e+00
2.521136971044889918e+01,8.999650952961953720e+00,2.134418888973455442e+00
2.542273711491390742e+01,8.998603745846718738e+00,2.134215305318441391e+00
2.561038791900703160e+01,8.997088799383044844e+00,2.133922939672734831e+00
2.579803346921057994e+01,8.995023175378504376e+00,2.133528671439079538e+00
2.596668867969165007e+01,8.992696356774235511e+00,2.133079388795719122e+00
2.613533715669857571e+01,8.989924121851615268e+00,2.132549935952282816e+00
2.630106264582770592e+01,8.986765550592890506e+00,2.131941678679877938e+00
2.646677936315162327e+01,8.983176137141796858e+00,2.131249020251400061e+00
2.663248617912634586e+01,8.979155461987577524e+00,2.130468487429004742e+00
2.679818195674457471e+01,8.974703054675000402e+00,2.129599685375896723e+00
2.696386555671155705e+01,8.969818393399586753e+00,2.128640670712582228e+00
2.712953583009845104e+01,8.964500904901695932e+00,2.127590199317948016e+00
2.729519162114198139e+01,8.958749964071570204e+00,2.126446254998413554e+00
2.746083177108729600e+01,8.952564893430732695e+00,2.125207383241139780e+00
2.762645510854457243e+01,8.945944963069505818e+00,2.123871568183717695e+00
2.779206045934138203e+01,8.938889389839660637e+00,2.122437402579046228e+00
2.795949139038912179e+01,8.931311403210814959e+00,2.120884424971943627e+00
2.812690148318473149e+01,8.923286236049499109e+00,2.119230949185500368e+00
2.831190448185894937e+01,8.913895050642297591e+00,2.117279565779866868e+00
2.849687880256543338e+01,8.903955009363738071e+00,2.115194696835346111e+00
2.870519080948910329e+01,8.892099767479249905e+00,2.112686167500235523e+00
2.891346176869723905e+01,8.879544041701004531e+00,2.109987975319756348e+00
2.912444603222842332e+01,8.866105141514641019e+00,2.107070933112952016e+00
2.933538291252389740e+01,8.851941961209835341e+00,2.103948421143476910e+00
2.952268980227606932e+01,8.838752998666127070e+00,2.101002086140077108e+00
2.970995526940939868e+01,8.824988396098476073e+00,2.097898297952429214e+00
2.987819175785261194e+01,8.812126948276450378e+00,2.094958475751007132e+00
3.004639179695514883e+01,8.798797297504467707e+00,2.091888672386542414e+00
3.021159241856036459e+01,8.785244856580932904e+00,2.088731112012218283e+00
3.037675506518069213e+01,8.771237213829818913e+00,2.085435180971594971e+00
3.054187831005226528e+01,8.756772613926768756e+00,2.081994699405749660e+00
3.070696072347477568e+01,8.741849233809920960e+00,2.078407330905978068e+00
3.087200084808930356e+01,8.726465183531090020e+00,2.074670173221017322e+00
3.103699719461038598e+01,8.710618505460008265e+00,2.070779539837680261e+00
3.120194826097656815e+01,8.694307171140708945e+00,2.066732672738860632e+00
3.136685250437150074e+01,8.677529082607739142e+00,2.062525891621185714e+00
3.153170835677015305e+01,8.660282069488703272e+00,2.058157848891132513e+00
3.169651423447947636e+01,8.642563886412986562e+00,2.053624089009869369e+00
3.186305996374770899e+01,8.624171764043147448e+00,2.048869760424313569e+00
3.202955126761787596e+01,8.605293320813663271e+00,2.043943921936418384e+00
3.221343560144130436e+01,8.583866699926380406e+00,2.038294507174401637e+00
3.239724898591180846e+01,8.561839725421743097e+00,2.032421800948533530e+00
3.260397594028353296e+01,8.536334061213254998e+00,2.025546008341535753e+00
3.281060641564875624e+01,8.510058246329041509e+00,2.018363140230945429e+00
3.301281608870358752e+01,8.483580653383397063e+00,2.011041798172055195e+00
3.321492624157817630e+01,8.456353825682702663e+00,2.003422464618381582e+00
3.339427614747116024e+01,8.431548967679331597e+00,1.996399204522808946e+00
3.357354215314127543e+01,8.406144864151812612e+00,1.989145421392962909e+00
3.373813577451313961e+01,8.382277480527326574e+00,1.982259980164694513e+00
3.390265423350134455e+01,8.357897395940556251e+00,1.975175527382435847e+00
3.406654227023557979e+01,8.333085695510579427e+00,1.967903991447660816e+00
3.423035129538218513e+01,8.307757608361558965e+00,1.960422213723403750e+00
3.439407904703376317e+01,8.281909416880719021e+00,1.952727163198445748e+00
3.455772322274835773e+01,8.255537290562942943e+00,1.944815753212099319e+00
3.472128145846917135e+01,8.228637285844138560e+00,1.936685743670840010e+00
3.488475131781087413e+01,8.201205344400332109e+00,1.928334276003050185e+00
3.504813029426056659e+01,8.173237289228310942e+00,1.919759405165071708e+00
3.521141583737492908e+01,8.144728816240087710e+00,1.910958314444416217e+00
3.537460534254476130e+01,8.115675491639203543e+00,1.901929050024280698e+00
3.553769607839307554e+01,8.086072760689713590e+00,1.892670476478767405e+00
3.570600226817268918e+01,8.054922445802279896e+00,1.882866752330417670e+00
3.587419702210488737e+01,8.023175953254108705e+00,1.872817264659127012e+00
3.606272067097259537e+01,7.986850425664819397e+00,1.861249889058759877e+00
3.625109530504547450e+01,7.949759911794351375e+00,1.849357376848190571e+00
3.645237958013860435e+01,7.909238089067716082e+00,1.836290478332495368e+00
3.665348163262818559e+01,7.867821423111245771e+00,1.822837442269751085e+00
3.683443180459843092e+01,7.829746977434013822e+00,1.810396855092194057e+00
3.701522408485377014e+01,7.790929734028800624e+00,1.797655304019224909e+00
3.717882722463220802e+01,7.755124824604903822e+00,1.785839526102025454e+00
3.734229282236783121e+01,7.718697136440777484e+00,1.773778285393373011e+00
3.750394046827288008e+01,7.682023714992219254e+00,1.761584069377374773e+00
3.766544543180476268e+01,7.644726969582708698e+00,1.749137846853074496e+00
3.782680353802707174e+01,7.606799999601198792e+00,1.736435986183291424e+00
3.798801050505915811e+01,7.568235684511707362e+00,1.723476966406319200e+00
3.814906188850584812e+01,7.529026687459112743e+00,1.710258796983528562e+00
3.830995307572176500e+01,7.489165447183887991e+00,1.696779753449605854e+00
3.847067928987988239e+01,7.448644166917647524e+00,1.683038836276841144e+00
3.863123558956871051e+01,7.407454803603124027e+00,1.669033412480933620e+00
3.879161685639210333e+01,7.365589059498993230e+00,1.654761805187936474e+00
3.895181776064716672e+01,7.323038379153154587e+00,1.640223018395518650e+00
3.911480414795551042e+01,7.278983804831242743e+00,1.625137112574020604e+00
3.927759161717779790e+01,7.234199807293220097e+00,1.609775244273057737e+00
3.945860156131490726e+01,7.183465789597437201e+00,1.592341088394109594e+00
3.963934801350850279e+01,7.131800929260492694e+00,1.574545522212215110e+00
3.982622691403583559e+01,7.077304129488575235e+00,1.555748506228202599e+00
4.001280206717517984e+01,7.021776358704553189e+00,1.536551593214573685e+00
4.017886165831497891e+01,6.971391796141313435e+00,1.519103519162882332e+00
4.034466209114473401e+01,6.920160885703433351e+00,1.501349714344362374e+00
4.050277949795898991e+01,6.870423989076011928e+00,1.484090254968959188e+00
4.066064412329444622e+01,6.819890521930707550e+00,1.466542516282622666e+00
4.081824744541987826e+01,6.768547930731708462e+00,1.448696631076620056e+00
4.097558056320318798e+01,6.716383223852505857e+00,1.430550759399115135e+00
4.113263424461905515e+01,6.663382928086449830e+00,1.412100825816401617e+00
4.128939868052652429e+01,6.609533143074640904e+00,1.393342854733922165e+00
4.144586352005929086e+01,6.554819502802211595e+00,1.374273127331686162e+00
4.160201825189451341e+01,6.499227008933737615e+00,1.354886664825457609e+00
4.175785184447593679e+01,6.442740117308566106e+00,1.335179674097838554e+00
4.191335240835537945e+01,6.385342826540576056e+00,1.315146545402322342e+00
4.206858913038997372e+01,6.326987565532014024e+00,1.294771564792649876e+00
4.222346718853065539e+01,6.267686976232815788e+00,1.274065566565793395e+00
4.238928153301113610e+01,6.202968026843951321e+00,1.251465227690705451e+00
4.255464926868824449e+01,6.137116334087718172e+00,1.228460045808742240e+00
4.272556026063130474e+01,6.067640373608673698e+00,1.204191651817325237e+00
4.289594918324079487e+01,5.996893760363776416e+00,1.179462683678952573e+00
4.305022276631927980e+01,5.931516883848400923e+00,1.156602713295465046e+00
4.320402779464080112e+01,5.865045221036633727e+00,1.133369393409076720e+00
4.335570105732382018e+01,5.798186877495955294e+00,1.109997511573211693e+00
4.350687637357204807e+01,5.730210159267555170e+00,1.086236622705370580e+00
4.365753238732309427e+01,5.661090286640765967e+00,1.062078484589460192e+00
4.380764654733623331e+01,5.590801432590849274e+00,1.037513647312133358e+00
4.395719488081479653e+01,5.519316732306629447e+00,1.012535915948128196e+00
4.410615200242103384e+01,5.446608177548774243e+00,9.871349532192092990e-01
4.425449092954627162e+01,5.372646594376482732e+00,9.613049873585784999e-01
4.440218294922826914e+01,5.297401590700610896e+00,9.350347321444577586e-01
4.454919756410482279e+01,5.220841454264663284e+00,9.083178251481102139e-01
4.469550217803397629e+01,5.142933175720837191e+00,8.811458852705428280e-01
4.484366188822223620e+01,5.062209475912601953e+00,8.530119591511496902e-01
4.499101086283957329e+01,4.980015314573059904e+00,8.243866795916394707e-01
4.514159882222360665e+01,4.893943916913719328e+00,7.944438790396656236e-01
4.529123700096347704e+01,4.806231808705117459e+00,7.639495933213416023e-01
4.543330026592822435e+01,4.720835072748235994e+00,7.342928429993768047e-01
4.557439926079308634e+01,4.633854455791371230e+00,7.041293481884781658e-01
4.571448131770729617e+01,4.545245410118807783e+00,6.734423796448796296e-01
4.585348976597772719e+01,4.454961562022642596e+00,6.422197287215185568e-01
4.599136382937621903e+01,4.362954491448413741e+00,6.104505946705464092e-01
4.612803772346047282e+01,4.269174022872195273e+00,5.781180020664428154e-01
4.626344072297005994e+01,4.173567863625939900e+00,5.452104019737212814e-01
4.639749643248627109e+01,4.076081754032498949e+00,5.117062655207843536e-01
4.653012230618766409e+01,3.976659443956608531e+00,4.775918549309557393e-01
4.666122916731088566e+01,3.875242650973515612e+00,4.428469297529609716e-01
4.679074650328445983e+01,3.771750052748959803e+00,4.074671882490045749e-01
4.691854292066891929e+01,3.666140013081579330e+00,3.714698124007564384e-01
4.704477603265953434e+01,3.558112752545469437e+00,3.348715759029111672e-01
4.716904285988664469e+01,3.447829589232032532e+00,2.979521242557985339e-01
4.729092245393226790e+01,3.335493276336244151e+00,2.613851641832614647e-01
4.741056620905782637e+01,3.220778971442971983e+00,2.263197791858570229e-01
4.752781673358075665e+01,3.103620010779198246e+00,1.957495366896633004e-01
4.764250320610285172e+01,2.983950394020977281e+00,1.757360397237619498e-01
4.775444033291450552e+01,2.861705692803937939e+00,1.764234385351881873e-01
4.786342732342444606e+01,2.736824172393942156e+00,2.065735814063129339e-01
4.796924689727377711e+01,2.609248193771237734e+00,2.682398816477753467e-01
4.807166442024666964e+01,2.478925888602341754e+00,3.612770715173227454e-01
4.817042719805520790e+01,2.345813195676366814e+00,4.896886310524297126e-01
4.826526405054806901e+01,2.209876261823228827e+00,6.642809534529590110e-01
4.835588528651996398e+01,2.071094224476644818e+00,9.045597703523625688e-01
4.844198320753185527e+01,1.929462399543514506e+00,1.242308135032756500e+00
4.852323332221055807e+01,1.784995827286677494e+00,1.730836624955689240e+00
4.859929643648552400e+01,1.637733138584407389e+00,2.453001201942850873e+00
4.866982183834948472e+01,1.487740564933604848e+00,3.533327095644892779e+00
4.873445172664278147e+01,1.335115930833357112e+00,5.231931803475092124e+00
4.879282700263285477e+01,1.179992379510955480e+00,7.659951174123121653e+00
4.884459449542394083e+01,1.022541412205183020e+00,1.225552381893522913e+01
4.888941549190405311e+01,8.629749335199675686e-01,1.676526567307423221e+01
4.892697534561315820e+01,7.015458076385204800e-01,3.397427750604216357e+01
4.895731575841131189e+01,5.365281164868948016e-01,3.446443352781427194e+01
4.897968330945474236e+01,3.702426443459391758e-01,1.362250991798938173e+02
4.899490718858898930e+01,1.853991091451138440e-01,1.246749406471725337e+02
4.899999999999997868e+01,-3.595299049056571552e-17,1.367256396624905619e+03
