x,y,stress
7.999999999999995559e+00,5.663216116868965175e-16,8.430511358578651198e+02
8.003212571155346566e+00,1.944000607570222361e-01,1.268251594360653911e+02
8.012839915958695158e+00,3.885881992992060718e-01,1.044326280716442170e+02
8.026779400600004166e+00,5.610736384090522222e-01,4.897476546559146016e+01
8.045741008511340553e+00,7.330795001016369161e-01,4.325738784383101887e+01
8.068695162256156905e+00,8.980787820406549438e-01,3.135176680545981398e+01
8.096207515581925307e+00,1.062379591179507088e+00,2.655019074673140622e+01
8.128216620132233672e+00,1.225863946855442199e+00,2.196847075244888359e+01
8.164652513919262944e+00,1.388419108333600160e+00,1.887093837955368159e+01
8.205437498267249552e+00,1.549938091786585703e+00,1.618192418353920914e+01
8.250486963460945233e+00,1.710320093759382543e+00,1.424732146926753451e+01
8.299710247370946092e+00,1.869470825912729950e+00,1.259220854934285683e+01
8.353011501881388412e+00,2.027302735616035356e+00,1.122335283654298088e+01
8.410290556204893520e+00,2.183735139463395480e+00,1.001754540697813667e+01
8.471443751201551464e+00,2.338694245029083962e+00,9.031590167879564035e+00
8.536364746687958416e+00,2.492113112751467519e+00,8.165065091158137278e+00
8.604945297082041478e+00,2.643931570258644559e+00,7.413291921940150964e+00
8.677075952072504705e+00,2.794096007692700834e+00,6.728374912739787383e+00
8.752646704798344501e+00,2.942559139757243258e+00,6.147092323954549187e+00
8.831547583937915391e+00,3.089279737643939594e+00,5.623694670024400821e+00
8.913669213104112643e+00,3.234222379414206205e+00,5.158061201613800328e+00
8.998903250137145093e+00,3.377357067556606474e+00,4.741176800863275531e+00
9.087142800022148137e+00,3.518658900957130076e+00,4.368137986606609680e+00
9.178282786032465168e+00,3.658107760574250467e+00,4.033360600206246538e+00
9.272220191201752115e+00,3.795687877806801946e+00,3.732917891749057748e+00
9.368854334627524594e+00,3.931387544302569204e+00,3.463294836832312207e+00
9.468087098542566693e+00,4.065198813285325841e+00,3.221497551733955689e+00
9.569823062046587836e+00,4.197117138118763080e+00,3.004927420123599369e+00
9.673969546912303485e+00,4.327140970617284310e+00,2.811525727113062700e+00
9.780436771906087401e+00,4.455271561556615190e+00,2.639397885659093390e+00
9.889137898374917413e+00,4.581512667264093785e+00,2.486971443480500810e+00
9.999989011099966518e+00,4.705870232810800857e+00,2.352747764797896934e+00
1.011290918712149711e+01,4.828352220559462893e+00,2.235487931008790508e+00
1.022782040588490204e+01,4.948968297615087053e+00,2.133952989525940147e+00
1.034464757130239398e+01,5.067729683893944070e+00,2.047053812173251330e+00
1.046331843589214294e+01,5.184648923982933866e+00,1.973658371155490698e+00
1.058376353172192275e+01,5.299739697554042728e+00,1.912751818717386199e+00
1.070607037450928445e+01,5.413157616826673291e+00,1.863202914578247160e+00
1.083002468329875256e+01,5.524772757514297972e+00,1.824103810749210020e+00
1.095540636733184137e+01,5.634464807368403605e+00,1.794442314986796516e+00
1.108231080736902996e+01,5.742391612525194589e+00,1.773208072407462366e+00
1.121068157795676612e+01,5.848570566066777943e+00,1.759439902132687417e+00
1.134046423332746834e+01,5.953019141520195845e+00,1.752250143418883299e+00
1.147160674392626589e+01,6.055755245616865068e+00,1.750784124077847226e+00
1.160405919909713646e+01,6.156796960209166336e+00,1.754269833250833077e+00
1.173777371034654493e+01,6.256162466198330385e+00,1.761974925684712368e+00
1.187270446878319596e+01,6.353870085577205451e+00,1.773274726790324163e+00
1.200880766530740651e+01,6.449938218180665039e+00,1.787535008400337411e+00
1.214604098804350762e+01,6.544384997022520523e+00,1.804302223497117108e+00
1.228440608741248674e+01,6.637256474792024186e+00,1.822957250118382388e+00
1.242382274738694825e+01,6.728541842960988006e+00,1.843372316719675608e+00
1.256662554440150004e+01,6.819755539735613326e+00,1.865195576731357496e+00
1.271043958913172922e+01,6.909366415141970030e+00,1.889337608954629877e+00
1.285278135155865087e+01,6.995922665885075276e+00,1.912994269225954502e+00
1.299603297366459209e+01,7.080964678054254335e+00,1.936771394100553323e+00
1.314016299403698973e+01,7.164509467799138775e+00,1.961093730934307722e+00
1.328514112388342383e+01,7.246573740274995679e+00,1.985627950523200180e+00
1.343093832308831281e+01,7.327173955322865417e+00,2.010215806834692476e+00
1.357752665024730909e+01,7.406326262783204051e+00,2.034735549564372636e+00
1.372487924353720246e+01,7.484046514014884188e+00,2.059066699929032573e+00
1.387297031789779744e+01,7.560350279632047865e+00,2.083139431836942279e+00
1.402177506515616123e+01,7.635252815984845398e+00,2.106824287875515456e+00
1.417126958673174819e+01,7.708769051511144887e+00,2.130107248792432184e+00
1.432230305607645882e+01,7.781327751907389789e+00,2.152966194716637638e+00
1.447398854055130890e+01,7.852513377983067144e+00,2.175572192071403954e+00
1.463200628208256227e+01,7.924922500035288309e+00,2.198488823209582499e+00
1.479067901656998352e+01,7.995884864122910329e+00,2.220406653586584067e+00
1.494335029646124191e+01,8.062553811205606991e+00,2.240937919912871390e+00
1.509658359763576385e+01,8.127920684770364446e+00,2.260830279692888745e+00
1.525036059690850898e+01,8.191998195337763633e+00,2.280083148664649340e+00
1.540466352224745350e+01,8.254798706699961741e+00,2.298682000598379460e+00
1.555947520184585997e+01,8.316334273957872725e+00,2.316581963912044628e+00
1.571477914954679456e+01,8.376616690693554190e+00,2.333917816870015649e+00
1.587055943709348504e+01,8.435657449890213044e+00,2.351005927517354266e+00
1.602680055504083967e+01,8.493467706130466865e+00,2.366775053847117949e+00
1.618348748756067579e+01,8.550058319839966003e+00,2.382069901968850711e+00
1.634060583386822429e+01,8.605439912143344472e+00,2.396670864674463441e+00
1.649815669271290020e+01,8.659627927356645216e+00,2.410609885252331441e+00
1.665611146773166595e+01,8.712627040791492306e+00,2.423910714752700368e+00
1.682431884876359973e+01,8.767631523425226447e+00,2.437319858718725030e+00
1.699295185739335423e+01,8.821316978349594606e+00,2.449995903716834178e+00
1.715620666801667582e+01,8.871924266783844715e+00,2.461593829778412346e+00
1.731983179312140209e+01,8.921321148962425340e+00,2.472524006218685955e+00
1.747966040370193497e+01,8.968312003521571540e+00,2.482567067640315983e+00
1.763981766926542250e+01,9.014170237580982459e+00,2.492012643395560278e+00
1.780029266630607410e+01,9.058904016242015800e+00,2.500865432023044566e+00
1.796107473750394945e+01,9.102521251342402309e+00,2.509148024129220111e+00
1.812215352664103563e+01,9.145029619611147353e+00,2.516875330662228460e+00
1.828351896378601182e+01,9.186436565862097225e+00,2.524064632521625384e+00
1.844516121009052867e+01,9.226749296139216128e+00,2.530732584076955671e+00
1.860707073192874361e+01,9.265974803362722056e+00,2.536894871703733401e+00
1.876923823596606411e+01,9.304119856889617068e+00,2.542571663147083161e+00
1.893165460452176774e+01,9.341190994231892475e+00,2.547781409404345165e+00
1.909549569889438558e+01,9.377452693385709637e+00,2.552565620733423302e+00
1.925957143986893527e+01,9.412637458542764790e+00,2.556929120538097955e+00
1.943758710499405851e+01,9.449548473961854711e+00,2.561173058904552491e+00
1.961585730765989766e+01,9.485209894172731637e+00,2.564918883604342170e+00
1.978380576679318281e+01,9.517627385303955023e+00,2.568050958295720498e+00
1.995196172991856542e+01,9.548950731752521293e+00,2.570814331806596797e+00
2.011592941183474181e+01,9.578411685227463224e+00,2.573173482643611010e+00
2.028007844961375739e+01,9.606844816128562670e+00,2.575222389795178035e+00
2.044440144939065007e+01,9.634254807225556050e+00,2.576981616893873284e+00
2.060889112640373355e+01,9.660646149957027973e+00,2.578465122110905838e+00
2.077354035154734646e+01,9.686023156141807533e+00,2.579698905582897162e+00
2.093834211051783001e+01,9.710389954873685170e+00,2.580695824739870137e+00
2.110328950496707634e+01,9.733750496387143514e+00,2.581478700456484976e+00
2.126837577238183030e+01,9.756108557980727625e+00,2.582062818098534329e+00
2.143359423930020924e+01,9.777467740434698129e+00,2.582467287027462977e+00
2.159893835165078357e+01,9.797831475070648111e+00,2.582712658848566267e+00
2.176554121593884972e+01,9.817332958958969513e+00,2.582804622756439183e+00
2.193225839974638447e+01,9.835831702766492768e+00,2.582786496111725061e+00
2.211423430278072289e+01,9.854869984005084405e+00,2.582630664257590691e+00
2.229633037127321060e+01,9.872722382667555863e+00,2.582340452241282502e+00
2.246989228477535860e+01,9.888628171314026716e+00,2.581986303096618585e+00
2.264354895052837691e+01,9.903463768797093891e+00,2.581568578669154679e+00
2.280961997746990377e+01,9.916646299325050151e+00,2.581127858323767121e+00
2.297576540033576720e+01,9.928855474477034093e+00,2.580666576390073352e+00
2.314197935735499811e+01,9.940093210933344636e+00,2.580192245154197206e+00
2.330825603500745302e+01,9.950361269665288333e+00,2.579714247970852359e+00
2.347458965691606991e+01,9.959661256680584884e+00,2.579249610253398828e+00
2.364097450829657276e+01,9.967994625584161383e+00,2.578802578849811677e+00
2.380740490690811484e+01,9.975362676826984298e+00,2.578387038754411886e+00
2.397387519336051653e+01,9.981766558416017787e+00,2.578006409500819718e+00
2.414037974385050234e+01,9.987207267389880627e+00,2.577673365336017763e+00
2.430691295641713623e+01,9.991685649980871275e+00,2.577390096986260204e+00
2.447364696038040321e+01,9.995205640977408379e+00,2.577160081709545913e+00
2.464039851508272250e+01,9.997762496600119064e+00,2.577002767783802106e+00
2.482019577678586231e+01,9.999440649430981765e+00,2.576904000127835825e+00
2.499999999999988987e+01,9.999999999999994671e+00,2.576864272323469596e+00
2.517980422321394585e+01,9.999440649430985317e+00,2.576908407832473991e+00
2.535960148491711053e+01,9.997762496600120841e+00,2.577011656654734306e+00
2.552635303961950797e+01,9.995205640977408379e+00,2.577172303127718056e+00
2.569308704358272522e+01,9.991685649980874828e+00,2.577405321947990657e+00
2.585962025614933779e+01,9.987207267389885956e+00,2.577688124089053456e+00
2.602612480663931649e+01,9.981766558416023116e+00,2.578020252206243867e+00
2.619259509309172884e+01,9.975362676826987851e+00,2.578395450952877699e+00
2.635902549170327447e+01,9.967994625584168489e+00,2.578805156168749946e+00
2.652541034308375245e+01,9.959661256680593766e+00,2.579241765029733902e+00
2.669174396499235513e+01,9.950361269665297215e+00,2.579695197559983111e+00
2.685802064264482070e+01,9.940093210933353518e+00,2.580158962896932362e+00
2.702423459966406583e+01,9.928855474477044751e+00,2.580618304950659248e+00
2.719038002252991859e+01,9.916646299325062586e+00,2.581062218157966992e+00
2.735645104947143125e+01,9.903463768797106326e+00,2.581484938073562052e+00
2.753010771522444244e+01,9.888628171314039150e+00,2.581886618890046670e+00
2.770366962872658689e+01,9.872722382667573626e+00,2.582224524914799701e+00
2.788576569721904974e+01,9.854869984005105721e+00,2.582504227731812652e+00
2.806774160025337395e+01,9.835831702766515861e+00,2.582648194058522861e+00
2.823445878406093357e+01,9.817332958958989053e+00,2.582665714355254050e+00
2.840106164834902813e+01,9.797831475070669427e+00,2.582574326860124447e+00
2.856640576069959891e+01,9.777467740434721222e+00,2.582337085658141795e+00
2.873162422761796719e+01,9.756108557980748941e+00,2.581941838173976933e+00
2.889671049503273181e+01,9.733750496387164830e+00,2.581369576834227519e+00
2.906165788948198880e+01,9.710389954873708263e+00,2.580598504813811811e+00
2.922645964845247235e+01,9.686023156141832402e+00,2.579610062805083981e+00
2.939110887359608526e+01,9.660646149957049289e+00,2.578384419408950468e+00
2.955559855060917229e+01,9.634254807225577366e+00,2.576903818361502285e+00
2.971992155038607919e+01,9.606844816128587539e+00,2.575146861589991065e+00
2.988407058816508055e+01,9.578411685227491645e+00,2.573095476503416190e+00
3.004803827008124628e+01,9.548950731752551491e+00,2.570733406804032839e+00
3.021619423320663955e+01,9.517627385303981669e+00,2.567963536472990693e+00
3.038414269233994602e+01,9.485209894172758283e+00,2.564825339316567199e+00
3.056241289500578873e+01,9.449548473961881356e+00,2.561071400723454961e+00
3.074042856013091907e+01,9.412637458542789659e+00,2.556818187175503354e+00
3.090450430110546520e+01,9.377452693385734506e+00,2.552450165505349755e+00
3.106834539547808305e+01,9.341190994231920897e+00,2.547660166112205804e+00
3.123076176403378312e+01,9.304119856889647266e+00,2.542446812402266332e+00
3.139292926807109296e+01,9.265974803362754031e+00,2.536766077976859712e+00
3.155483878990930791e+01,9.226749296139248102e+00,2.530599551225057642e+00
3.171648103621383896e+01,9.186436565862130976e+00,2.523926978537493593e+00
3.187784647335879740e+01,9.145029619611184657e+00,2.516734594454516749e+00
3.203892526249586581e+01,9.102521251342437836e+00,2.509002912847662969e+00
3.219970733369373761e+01,9.058904016242056656e+00,2.500719118793447659e+00
3.236018233073439632e+01,9.014170237581025091e+00,2.491865090396384819e+00
3.252033959629787319e+01,8.968312003521617726e+00,2.482428601700856330e+00
3.268016820687839896e+01,8.921321148962471526e+00,2.472398524270286391e+00
3.284379333198314299e+01,8.871924266783885571e+00,2.461479038534923891e+00
3.300704814260648590e+01,8.821316978349633686e+00,2.449904501542625734e+00
3.317568115123625461e+01,8.767631523425263751e+00,2.437231020210222976e+00
3.334388853226818128e+01,8.712627040791527833e+00,2.423812783752938405e+00
3.350184330728696125e+01,8.659627927356680743e+00,2.410502531079533384e+00
3.365939416613163360e+01,8.605439912143381775e+00,2.396547567853149374e+00
3.381651251243918210e+01,8.550058319840006860e+00,2.381926699484121279e+00
3.397319944495902178e+01,8.493467706130504169e+00,2.366636974331464138e+00
3.412944056290638883e+01,8.435657449890245019e+00,2.350676605272636888e+00
3.428522085045309353e+01,8.376616690693586165e+00,2.334042808930024471e+00
3.444052479815402279e+01,8.316334273957908252e+00,2.316739676944801207e+00
3.459533647775241860e+01,8.254798706699997268e+00,2.298767466182087826e+00
3.474963940309136490e+01,8.191998195337800936e+00,2.280135215736646792e+00
3.490341640236411536e+01,8.127920684770403525e+00,2.260849173558735270e+00
3.505664970353863197e+01,8.062553811205647847e+00,2.240923049392196997e+00
3.520932098342989747e+01,7.995884864122947633e+00,2.220376444585082876e+00
3.536799371791730096e+01,7.924922500035335382e+00,2.198306008623784447e+00
3.552601145944854721e+01,7.852513377983123988e+00,2.175593541828021227e+00
3.567769694392340085e+01,7.781327751907444856e+00,2.153131974735968512e+00
3.582873041326810437e+01,7.708769051511199955e+00,2.130160779746015809e+00
3.597822493484369488e+01,7.635252815984898689e+00,2.106855106881876605e+00
3.612702968210206222e+01,7.560350279632106485e+00,2.083138657681878669e+00
3.627512075646265544e+01,7.484046514014945473e+00,2.059074797025028047e+00
3.642247334975254347e+01,7.406326262783262671e+00,2.034734678801340735e+00
3.656906167691155218e+01,7.327173955322918708e+00,2.010207052236484326e+00
3.671485887611645893e+01,7.246573740275047193e+00,1.985591721454844860e+00
3.685983700596289481e+01,7.164509467799190290e+00,1.961009014248249471e+00
3.700396702633528889e+01,7.080964678054305850e+00,1.936596782461476041e+00
3.714721864844123189e+01,6.995922665885125014e+00,1.912517622066461254e+00
3.728956041086816242e+01,6.909366415142021545e+00,1.888959492126094153e+00
3.743337445559837562e+01,6.819755539735671945e+00,1.865764510541995991e+00
3.757617725261290786e+01,6.728541842961054620e+00,1.843611788113692640e+00
3.771559391258739424e+01,6.637256474792082805e+00,1.823133274620840627e+00
3.785395901195638402e+01,6.544384997022578254e+00,1.804304620491599565e+00
3.799119233469247092e+01,6.449938218180730765e+00,1.787522355314496547e+00
3.812729553121667436e+01,6.353870085577272953e+00,1.773236934240192131e+00
3.826222628965333428e+01,6.256162466198394334e+00,1.761949543057586665e+00
3.839594080090275696e+01,6.156796960209228509e+00,1.754251151371239992e+00
3.852839325607362042e+01,6.055755245616931681e+00,1.750776755767667225e+00
3.865953576667241975e+01,5.953019141520258017e+00,1.752254030409580166e+00
3.878931842204311664e+01,5.848570566066844556e+00,1.759445125605003213e+00
3.891768919263086701e+01,5.742391612525261202e+00,1.773218431779446158e+00
3.904459363266804672e+01,5.634464807368474659e+00,1.794455032245014126e+00
3.916997531670112664e+01,5.524772757514376131e+00,1.824123187258777756e+00
3.929392962549059121e+01,5.413157616826751450e+00,1.863227233830380802e+00
3.941623646827797245e+01,5.299739697554117335e+00,1.912791064432290522e+00
3.953668156410775225e+01,5.184648923983011137e+00,1.973722908272440568e+00
3.965535242869749055e+01,5.067729683894025783e+00,2.047156805792848200e+00
3.977217959411497361e+01,4.948968297615174095e+00,2.134096352014343001e+00
3.988709081287839098e+01,4.828352220559555263e+00,2.235691644695555702e+00
4.000001098889991624e+01,4.705870232810901221e+00,2.353018569414772720e+00
4.011086210162496002e+01,4.581512667264193261e+00,2.487332499123218188e+00
4.021956322809379714e+01,4.455271561556712889e+00,2.639851354185505095e+00
4.032603045308758993e+01,4.327140970617379345e+00,2.812103029588592040e+00
4.043017693795331269e+01,4.197117138118851010e+00,3.005624510883480482e+00
4.053191290145734627e+01,4.065198813285400448e+00,3.222355792954676890e+00
4.063114566537239369e+01,3.931387544302633597e+00,3.464335114370876045e+00
4.072777980879818216e+01,3.795687877806859678e+00,3.734192416773199241e+00
4.082171721396746022e+01,3.658107760574318856e+00,4.034765678815023904e+00
4.091285719997776482e+01,3.518658900957205571e+00,4.369679652794735247e+00
4.100109674986278208e+01,3.377357067556672199e+00,4.742971957147603668e+00
4.108633078689582874e+01,3.234222379414263937e+00,5.159831775922961050e+00
4.116845241606203132e+01,3.089279737643992885e+00,5.626154680709092304e+00
4.124735329520159155e+01,2.942559139757290776e+00,6.149594152033190042e+00
4.132292404792744378e+01,2.794096007692742134e+00,6.739101265284834774e+00
4.139505470291791767e+01,2.643931570258675645e+00,7.406436115502251560e+00
4.146363525331199895e+01,2.492113112751493276e+00,8.165696832903591940e+00
4.152855624879840946e+01,2.338694245029103946e+00,9.036050323826879449e+00
4.158970944379506562e+01,2.183735139463415020e+00,1.004103934820319033e+01
4.164698849811858139e+01,2.027302735616054896e+00,1.121448231860706102e+01
4.170028975262902549e+01,1.869470825912745937e+00,1.259704350245899462e+01
4.174951303653901391e+01,1.710320093759388982e+00,1.425893713350522418e+01
4.179456250173272025e+01,1.549938091786596361e+00,1.626396570524488894e+01
4.183534748608070686e+01,1.388419108333618146e+00,1.881688659582450640e+01
4.187178337986772902e+01,1.225863946855469511e+00,2.190316554176812502e+01
4.190379248441804094e+01,1.062379591179541949e+00,2.652105670025740380e+01
4.193130483774380934e+01,8.980787820406822552e-01,3.129609771040608734e+01
4.195425899148862925e+01,7.330795001016574552e-01,4.327262877316952938e+01
4.197322059939997274e+01,5.610736384090687645e-01,4.878424888248125058e+01
4.198716008404127109e+01,3.885881992992188394e-01,1.046859074464003072e+02
4.199678742884461968e+01,1.944000607570297301e-01,1.267435745723014975e+02
4.199999999999997868e+01,-3.784153340999556663e-17,8.434619405723190084e+02
