x,y,stress
2.999999999999998668e+00,3.405901678525715003e-13,8.106335740841976758e+02
3.002787209986794270e+00,2.387624383324737365e-01,1.049771937073352888e+02
3.011144885991634990e+00,4.773948424045498240e-01,9.572073721845893601e+01
3.023239226437220761e+00,6.892726251443334062e-01,3.981610666062403681e+01
3.039711126499972327e+00,9.008551186669747635e-01,3.618613102376819057e+01
3.058006342040739955e+00,1.088544521336587190e+00,2.499216184657874251e+01
3.079727756193709975e+00,1.275868340200471795e+00,2.093661467392916364e+01
3.102076895815572666e+00,1.443292291924763715e+00,1.696117880089663998e+01
3.127144383963058605e+00,1.610330878170903146e+00,1.430188045705508593e+01
3.154243547740419817e+00,1.773110757720496089e+00,1.205276445888844705e+01
3.183903580970694147e+00,1.935443567699001166e+00,1.025826091301781240e+01
3.216105577480595112e+00,2.097291322975266770e+00,8.749636500372414361e+00
3.250829238412558997e+00,2.258616886542534896e+00,7.491010625019748126e+00
3.288052937645984830e+00,2.419384023334734568e+00,6.426550709297053743e+00
3.327753788975472471e+00,2.579557444091052698e+00,5.524522832046565135e+00
3.369907717360058452e+00,2.739102851634966029e+00,4.756157900478992673e+00
3.414489526058587021e+00,2.897986959970602960e+00,4.100015217994675609e+00
3.461472972389272318e+00,3.056177537868522087e+00,3.538145714906839157e+00
3.510830843764674025e+00,3.213643441971274051e+00,3.055882284362623658e+00
3.562848598067444694e+00,3.371281682479747577e+00,2.639282385255793173e+00
3.617211120637664923e+00,3.528126783213440198e+00,2.280526782513307094e+00
3.677554893256408608e+00,3.694003489219460423e+00,1.953567892154298713e+00
3.740478462908919166e+00,3.858918885538748622e+00,1.674856530159899215e+00
3.801988852646478900e+00,4.013142861725710553e+00,1.449819152358200913e+00
3.865716186178227876e+00,4.166464087240208336e+00,1.253821015769511549e+00
3.931217369765312331e+00,4.317928140391313008e+00,1.076772039902611722e+00
3.998843753891873742e+00,4.468455363279927539e+00,9.332401264900677118e-01
4.068562583928579279e+00,4.618024946298668887e+00,8.067643543342574164e-01
4.140340858500267451e+00,4.766617217215532776e+00,6.993118366586225099e-01
4.214145374138852596e+00,4.914213590123490683e+00,6.083791185038665006e-01
4.289942773370562179e+00,5.060796530193731435e+00,5.334344838259227339e-01
4.367699629551257345e+00,5.206349592085774525e+00,4.741522062298639262e-01
4.447382449710755914e+00,5.350857304080379073e+00,4.306647151501984960e-01
4.528957743052903773e+00,5.494305185791611201e+00,4.030074139916104969e-01
4.612392122266872008e+00,5.636679817076263532e+00,3.907919337485095679e-01
4.699647263398109232e+00,5.781226335336250521e+00,3.928937387083036303e-01
4.788778165259331310e+00,5.924623848305568430e+00,4.076032752911533663e-01
4.885891528680006424e+00,6.076321420561896502e+00,4.343557796051589759e-01
4.985056851583212989e+00,6.226685676089817711e+00,4.693074099941405009e-01
5.078508409579544747e+00,6.364478659010103456e+00,5.071379818777164150e-01
5.173644051794984655e+00,6.501114368619260730e+00,5.489338724536241276e-01
5.269567758027698723e+00,6.635392176345571436e+00,5.933137694194602352e-01
5.367082187024421636e+00,6.768519297330284346e+00,6.400828700378465852e-01
5.466156172923020584e+00,6.900489966637458394e+00,6.888407294360476829e-01
5.566758883735656305e+00,7.031299040064786787e+00,7.393190005863916614e-01
5.668859887259846353e+00,7.160942031509567762e+00,7.913424429153601558e-01
5.772429178736415700e+00,7.289415097227769813e+00,8.447785539563953394e-01
5.877437189088229097e+00,7.416714997738282023e+00,8.995488566343162740e-01
5.983854727844879484e+00,7.542838987027822739e+00,9.555780819286607830e-01
6.091653029130275065e+00,7.667784833256103383e+00,1.012823495337023649e+00
6.200803859412661545e+00,7.791550905095266266e+00,1.071240162695580977e+00
6.313341251826147804e+00,7.916398999090011657e+00,1.131899552031455425e+00
6.427224058972019982e+00,8.040021099919853143e+00,1.193711062801214862e+00
6.553900893579318598e+00,8.174469078865632454e+00,1.262888343929927437e+00
6.682131465779263202e+00,8.307436027473872997e+00,1.333325805945051457e+00
6.803910171670753293e+00,8.430932429077783397e+00,1.400611197873228964e+00
6.926997175708966559e+00,8.553124943099955857e+00,1.468938834724522913e+00
7.045297722236704807e+00,8.668177036312062711e+00,1.534900682229591862e+00
7.164732147824198982e+00,8.782051644301379412e+00,1.601738313989669926e+00
7.285276375547108607e+00,8.894750466234174979e+00,1.669413999645127822e+00
7.406907134328513997e+00,9.006275792797275415e+00,1.737889135688160724e+00
7.529601608267818769e+00,9.116630148460270533e+00,1.807127569430307501e+00
7.653337107744216716e+00,9.225815991486992829e+00,1.877088699029213714e+00
7.778091517880336703e+00,9.333836113632452580e+00,1.947732146214933069e+00
7.903843245732481648e+00,9.440693573561050655e+00,2.019021198506101289e+00
8.030571174372683529e+00,9.546391642280099177e+00,2.090915035096272412e+00
8.158254473423490083e+00,9.650933637237896434e+00,2.163378680482404448e+00
8.286878852261271078e+00,9.754327905492285566e+00,2.236377154422571678e+00
8.416418448280458264e+00,9.856573210156241771e+00,2.309878751861117241e+00
8.555371865475864368e+00,9.964212433721300499e+00,2.388663092864312887e+00
8.695318324374429864e+00,1.007055738214218543e+01,2.467932054515383111e+00
8.848329864909420195e+00,1.018453689003652407e+01,2.554469100482210209e+00
9.002456855288357929e+00,1.029700349575652929e+01,2.641445637998288021e+00
9.143732696615481714e+00,1.039809136181369276e+01,2.721002228790863064e+00
9.285890192858127890e+00,1.049793559182828062e+01,2.800857706299945349e+00
9.421730291511284605e+00,1.059163481713262733e+01,2.876949677457383281e+00
9.558331530118019614e+00,1.068422089465771663e+01,2.953240200134666260e+00
9.695677617522221681e+00,1.077569830463031053e+01,3.029682938687451532e+00
9.833752701428094767e+00,1.086607163154237732e+01,3.106246151910744491e+00
9.972541255701699470e+00,1.095534548473306380e+01,3.182891130999794260e+00
1.011202801300617260e+01,1.104352445498867930e+01,3.259584823922560659e+00
1.025219804215804587e+01,1.113061316446054505e+01,3.336292060027935769e+00
1.039303677023021955e+01,1.121661627787414695e+01,3.412976000582373715e+00
1.053452992775523001e+01,1.130153846649906768e+01,3.489601862377361918e+00
1.067666351219501664e+01,1.138538438611214865e+01,3.566129866376448909e+00
1.081942542055635315e+01,1.146815961644233539e+01,3.642527783022238452e+00
1.096280067191306706e+01,1.154986788235230932e+01,3.718760260124161388e+00
1.111591273505787036e+01,1.163558477368373545e+01,3.799583537864790195e+00
1.126968799566948753e+01,1.172010613998535788e+01,3.880125407875723464e+00
1.144158566908524932e+01,1.181277106794935960e+01,3.969362319533109140e+00
1.161426570977399741e+01,1.190396979066333216e+01,4.058077613581853704e+00
1.177739423560529630e+01,1.198842475296777188e+01,4.141025974412491095e+00
1.194118133341078902e+01,1.207159533836933996e+01,4.223413425840460533e+00
1.209029303099358010e+01,1.214592573972317524e+01,4.297590442433752322e+00
1.223992202113699790e+01,1.221920925773424926e+01,4.371231409965289139e+00
1.238862217640657271e+01,1.229076608752872524e+01,4.443559054753664306e+00
1.253780799715260486e+01,1.236130479009020533e+01,4.515248617214176363e+00
1.268746894625102151e+01,1.243082971692343719e+01,4.586228459803873392e+00
1.283759471630055060e+01,1.249934518829381425e+01,4.656462921851003856e+00
1.298817520982792928e+01,1.256685548420699838e+01,4.725780035192250317e+00
1.313920048743266911e+01,1.263336482219150447e+01,4.794455384738099291e+00
1.329066080140282935e+01,1.269887737398028627e+01,4.862417346858388001e+00
1.344254662779111520e+01,1.276339727976138683e+01,4.928769091255448487e+00
1.359484864709646246e+01,1.282692863955308127e+01,4.994322990199263401e+00
1.374755763274466069e+01,1.288947546791706067e+01,5.058724143633344106e+00
1.390336610587653787e+01,1.295211788653899276e+01,5.123055728007314791e+00
1.405957736084663878e+01,1.301374903161921992e+01,5.186158244547159235e+00
1.423376317758485321e+01,1.308110685363321224e+01,5.254661021275924604e+00
1.440842350645314696e+01,1.314722452569101385e+01,5.321623523888642460e+00
1.459625137519800298e+01,1.321676037078406019e+01,5.391959636665240474e+00
1.478459651388346074e+01,1.328488271328391157e+01,5.458990164099097875e+00
1.495502736001221500e+01,1.334516101121068665e+01,5.517820379340586889e+00
1.512585767875151532e+01,1.340429771954551263e+01,5.574593193812632741e+00
1.528279703614096263e+01,1.345750830981369184e+01,5.624834026128839426e+00
1.544005594460224806e+01,1.350976695000087524e+01,5.673284869073649261e+00
1.559696735821748348e+01,1.356086446938133960e+01,5.719664217371954962e+00
1.575418091276457666e+01,1.361102468622550532e+01,5.764122927621296633e+00
1.591168940538999799e+01,1.366025084853841776e+01,5.806601699468784794e+00
1.606948580495226153e+01,1.370854616319668651e+01,5.847044265166740473e+00
1.622756316184357672e+01,1.375591376824644207e+01,5.885399988749359323e+00
1.638591464267162578e+01,1.380235674478183228e+01,5.921614821637703585e+00
1.654453350153603353e+01,1.384787810937981689e+01,5.955639780205747691e+00
1.670341312646019816e+01,1.389248082836691900e+01,5.987429936304693889e+00
1.686254701237443498e+01,1.393616781030443263e+01,6.016938734797935062e+00
1.702192870719186146e+01,1.397894189224447992e+01,6.044159932020956028e+00
1.718597999753749761e+01,1.402195338701811522e+01,6.069639184415957622e+00
1.735027955746971173e+01,1.406400656642422931e+01,6.092697577260980601e+00
1.753441422336388911e+01,1.410993082138814891e+01,6.115377968984682333e+00
1.771884217997513744e+01,1.415466271627549055e+01,6.134865575296459816e+00
1.791730976140117448e+01,1.420139872573760620e+01,6.152185004994468187e+00
1.811609436708038245e+01,1.424676741124524604e+01,6.165611557627450168e+00
1.829597241967804777e+01,1.428658875213214152e+01,6.174593008711739550e+00
1.847609249248765906e+01,1.432530067888040470e+01,6.180507007562878741e+00
1.863938550866480526e+01,1.435939819815938989e+01,6.183284606571467279e+00
1.880286482970312534e+01,1.439259099947549281e+01,6.183647399053977090e+00
1.896476443980440862e+01,1.442453894015976879e+01,6.181627272583452459e+00
1.912683543984294232e+01,1.445560574020728239e+01,6.177282050581228923e+00
1.928907249413611424e+01,1.448579341663217868e+01,6.170663061672119198e+00
1.945147031443856278e+01,1.451510392630822111e+01,6.161825283430172995e+00
1.961402367499940524e+01,1.454353916941305869e+01,6.150845257837946889e+00
1.977672740752278813e+01,1.457110098894611205e+01,6.137796179558693055e+00
1.993957637158995055e+01,1.459779116638753038e+01,6.122774239598878232e+00
2.010256552707937061e+01,1.462361143413633613e+01,6.105864391036682548e+00
2.026568988142421901e+01,1.464856346669978215e+01,6.087178239907108157e+00
2.042894444451373204e+01,1.467264887465312206e+01,6.066847990086934317e+00
2.059494671760924689e+01,1.469623474262067298e+01,6.044571211569147451e+00
2.076107321387181059e+01,1.471892913432885130e+01,6.020948590827117641e+00
2.094571635750826033e+01,1.474309100220780699e+01,5.993076485707510059e+00
2.113049958681430951e+01,1.476615710359389766e+01,5.963867005500053331e+00
2.133518023064313951e+01,1.479041225440058049e+01,5.930141403819012780e+00
2.154001496294693752e+01,1.481332974781412837e+01,5.895162334384025371e+00
2.173082486987085460e+01,1.483346333776489168e+01,5.861987648723762767e+00
2.192175315812643888e+01,1.485244151574198135e+01,5.828384829356184405e+00
2.209196791942683546e+01,1.486837939469696934e+01,5.798406286739434812e+00
2.226226586670999197e+01,1.488340238822190820e+01,5.768615230235980995e+00
2.242672335477325873e+01,1.489703681529479873e+01,5.740212540757967830e+00
2.259124914841506637e+01,1.490982064804831353e+01,5.712361700659227104e+00
2.275583875316729987e+01,1.492175470808927962e+01,5.685245825599898772e+00
2.292048771754820180e+01,1.493283976373238353e+01,5.659057322684394542e+00
2.308519159894475692e+01,1.494307652760214822e+01,5.633994063634514937e+00
2.324994597443795641e+01,1.495246565768475300e+01,5.610236701458777731e+00
2.341474644101928249e+01,1.496100775746707789e+01,5.587969268335722717e+00
2.357958860437887338e+01,1.496870337551133723e+01,5.567357309193720738e+00
2.374446808908508544e+01,1.497555300615604601e+01,5.548572422835059470e+00
2.390938052944571979e+01,1.498155708919604479e+01,5.531756016357095795e+00
2.407461381375710374e+01,1.498672440017281637e+01,5.517011082120601984e+00
2.423987143525168619e+01,1.499104388460933457e+01,5.504545538124867576e+00
2.441863992251924742e+01,1.499476179911954254e+01,5.493651750526214350e+00
2.459742627658495806e+01,1.499748844258539116e+01,5.485630298043844277e+00
2.479870922090951169e+01,1.499937212563370359e+01,5.480061698425764405e+00
2.500000000000008527e+01,1.499999999999999112e+01,5.478160962716676963e+00
2.520129077909069437e+01,1.499937212563370004e+01,5.480074783354548451e+00
2.540257372341526576e+01,1.499748844258538760e+01,5.485656995288947790e+00
2.558136007748101193e+01,1.499476179911953899e+01,5.493690983081708445e+00
2.576012856474854829e+01,1.499104388460932924e+01,5.504597226328046489e+00
2.592538618624319113e+01,1.498672440017280216e+01,5.517069054999683253e+00
2.609061947055453956e+01,1.498155708919603768e+01,5.531818816104065561e+00
2.625553191091525917e+01,1.497555300615603180e+01,5.548621429711947606e+00
2.642041139562136465e+01,1.496870337551132657e+01,5.567389924094140241e+00
2.658525355898096265e+01,1.496100775746706368e+01,5.587975708273313025e+00
2.675005402556229228e+01,1.495246565768473879e+01,5.610214869256796355e+00
2.691480840105548467e+01,1.494307652760213578e+01,5.633936831480544249e+00
2.707951228245203623e+01,1.493283976373236754e+01,5.658963110319077394e+00
2.724416124683294882e+01,1.492175470808925830e+01,5.685123827837972321e+00
2.740875085158518587e+01,1.490982064804829221e+01,5.712211840496400406e+00
2.757327664522699351e+01,1.489703681529477741e+01,5.740045846601415036e+00
2.773773413329024251e+01,1.488340238822188510e+01,5.768434493252438955e+00
2.790803208057339546e+01,1.486837939469694270e+01,5.798223345549962993e+00
2.807824684187378850e+01,1.485244151574195826e+01,5.828207264064748649e+00
2.826917513012935146e+01,1.483346333776487214e+01,5.861813913789263530e+00
2.845998503705324723e+01,1.481332974781410527e+01,5.894998075626845413e+00
2.866481976935705944e+01,1.479041225440055385e+01,5.929984248367939692e+00
2.886950041318588944e+01,1.476615710359387101e+01,5.963715855287416545e+00
2.905428364249195639e+01,1.474309100220777680e+01,5.992934889744279126e+00
2.923892678612841323e+01,1.471892913432881578e+01,6.020812189924305891e+00
2.940505328239099114e+01,1.469623474262063745e+01,6.044444343042830070e+00
2.957105555548651310e+01,1.467264887465308476e+01,6.066727118060547319e+00
2.973431011857602613e+01,1.464856346669974663e+01,6.087055762714827623e+00
2.989743447292086742e+01,1.462361143413629527e+01,6.105736158985352269e+00
3.006042362841028392e+01,1.459779116638748597e+01,6.122634186103677933e+00
3.022327259247745346e+01,1.457110098894606942e+01,6.137642281543048028e+00
3.038597632500083989e+01,1.454353916941301073e+01,6.150670042279338112e+00
3.054852968556168236e+01,1.451510392630817314e+01,6.161623974565597628e+00
3.071092750586413089e+01,1.448579341663213071e+01,6.170444485376632038e+00
3.087316456015730637e+01,1.445560574020723266e+01,6.177045040509296925e+00
3.103523556019582941e+01,1.442453894015972082e+01,6.181380457812582385e+00
3.119713517029710559e+01,1.439259099947543952e+01,6.183391268745267233e+00
3.136061449133542567e+01,1.435939819815933305e+01,6.183022347043968914e+00
3.152390750751257542e+01,1.432530067888034964e+01,6.180250789901791997e+00
3.170402758032217250e+01,1.428658875213209001e+01,6.174326454345215431e+00
3.188390563291981294e+01,1.424676741124519452e+01,6.165345878263996049e+00
3.208269023859903513e+01,1.420139872573755291e+01,6.151912614904976095e+00
3.228115782002507927e+01,1.415466271627543016e+01,6.134581886060127331e+00
3.246558577663635248e+01,1.410993082138808319e+01,6.115099927958455694e+00
3.264972044253053696e+01,1.406400656642415292e+01,6.092411916704057795e+00
3.281402000246276884e+01,1.402195338701803351e+01,6.069366818267781127e+00
3.297807129280842275e+01,1.397894189224439465e+01,6.043895712822832778e+00
3.313745298762584213e+01,1.393616781030435092e+01,6.016687202183558014e+00
3.329658687354006474e+01,1.389248082836683373e+01,5.987184912044828167e+00
3.345546649846424003e+01,1.384787810937972452e+01,5.955398156726100289e+00
3.361408535732865488e+01,1.380235674478173991e+01,5.921373495561536693e+00
3.377243683815670749e+01,1.375591376824634793e+01,5.885158655501044223e+00
3.393051419504801913e+01,1.370854616319658881e+01,5.846798218326453522e+00
3.408831059461031288e+01,1.366025084853831295e+01,5.806350747766262366e+00
3.424581908723574486e+01,1.361102468622539519e+01,5.763864066748329407e+00
3.440303264178283627e+01,1.356086446938123125e+01,5.719400354826215782e+00
3.455994405539804859e+01,1.350976695000076333e+01,5.673013436609839921e+00
3.471720296385935001e+01,1.345750830981357282e+01,5.624553910328302209e+00
3.487414232124879021e+01,1.340429771954539895e+01,5.574312311847460677e+00
3.504497263998805323e+01,1.334516101121058718e+01,5.517514100612721073e+00
3.521540348611676308e+01,1.328488271328381742e+01,5.458717791778373574e+00
3.540374862480221907e+01,1.321676037078396604e+01,5.391380193926550213e+00
3.559157649354707331e+01,1.314722452569092148e+01,5.321720544398584885e+00
3.576623682241536528e+01,1.308110685363311987e+01,5.254853413595231615e+00
3.594042263915358149e+01,1.301374903161911867e+01,5.186236292452263363e+00
3.609663389412371259e+01,1.295211788653888263e+01,5.123080407187926788e+00
3.625244236725558977e+01,1.288947546791694876e+01,5.058691786797526291e+00
3.640515135290378623e+01,1.282692863955296936e+01,4.994228948178692562e+00
3.655745337220912461e+01,1.276339727976126959e+01,4.928665227949434069e+00
3.670933919859741934e+01,1.269887737398016370e+01,4.862058200386620399e+00
3.686079951256758136e+01,1.263336482219138368e+01,4.794461810521347900e+00
3.701182479017231231e+01,1.256685548420688292e+01,4.725938684841900717e+00
3.716240528369968388e+01,1.249934518829368990e+01,4.656542507412673615e+00
3.731253105374921830e+01,1.243082971692330752e+01,4.586332469332902839e+00
3.746219200284764383e+01,1.236130479009007743e+01,4.515360730845947579e+00
3.761137782359367066e+01,1.229076608752859734e+01,4.443681575069629019e+00
3.776007797886323658e+01,1.221920925773411959e+01,4.371349453663798457e+00
3.790970696900665615e+01,1.214592573972304557e+01,4.297702651487621317e+00
3.805881866658944546e+01,1.207159533836920851e+01,4.223508861981572160e+00
3.822260576439492752e+01,1.198842475296764398e+01,4.141121643862547330e+00
3.838573429022619621e+01,1.190396979066320959e+01,4.058164607820815561e+00
3.855841433091494963e+01,1.181277106794923704e+01,3.969449059719603490e+00
3.873031200433071319e+01,1.172010613998523532e+01,3.880215517512956236e+00
3.888408726494234458e+01,1.163558477368360577e+01,3.799661994229856177e+00
3.903719932808715498e+01,1.154986788235216011e+01,3.718837207466886952e+00
3.918057457944388489e+01,1.146815961644217730e+01,3.642593603177251005e+00
3.932333648780522850e+01,1.138538438611199055e+01,3.566189609550154849e+00
3.946547007224501158e+01,1.130153846649890781e+01,3.489654434698451269e+00
3.960696322977001671e+01,1.121661627787398530e+01,3.413022119956322431e+00
3.974780195784219217e+01,1.113061316446038163e+01,3.336332710516106026e+00
3.988797198699406010e+01,1.104352445498851587e+01,3.259620819694901694e+00
4.002745874429852080e+01,1.095534548473290748e+01,3.182923973789065553e+00
4.016624729857210241e+01,1.086607163154222455e+01,3.106275368457981578e+00
4.030432238247796306e+01,1.077569830463016132e+01,3.029711935761384645e+00
4.044166846988215980e+01,1.068422089465757985e+01,2.953269226796349400e+00
4.057826970848889658e+01,1.059163481713248522e+01,2.876979154382665715e+00
4.071410980714205863e+01,1.049793559182812608e+01,2.800883460928023094e+00
4.085626730338471901e+01,1.039809136181353111e+01,2.721027623582763066e+00
4.099754314471186234e+01,1.029700349575635165e+01,2.641464423185170496e+00
4.115167013509084626e+01,1.018453689003631091e+01,2.554484144071201168e+00
4.130468167562587212e+01,1.007055738214193319e+01,2.467941255572702719e+00
4.144462813452440741e+01,9.964212433721062467e+00,2.388658094454901626e+00
4.158358155171978865e+01,9.856573210156023279e+00,2.309861619538633892e+00
4.171312114773897406e+01,9.754327905492067075e+00,2.236343761772078054e+00
4.184174552657674440e+01,9.650933637237677942e+00,2.163330400634242867e+00
4.196942882562755273e+01,9.546391642279875356e+00,2.090859405723362929e+00
4.209615675426775994e+01,9.440693573560826835e+00,2.018960184297179161e+00
4.222190848211990755e+01,9.333836113632223430e+00,1.947673849287552938e+00
4.234666289225602753e+01,9.225815991486754797e+00,1.877034257000294248e+00
4.247039839173243081e+01,9.116630148460027172e+00,1.807082623239090857e+00
4.259309286567172848e+01,9.006275792797028501e+00,1.737854659584714856e+00
4.271472362445313564e+01,8.894750466233922737e+00,1.669388611735653338e+00
4.283526785217604527e+01,8.782051644301112958e+00,1.601721487470035843e+00
4.295470227776353056e+01,8.668177036311798034e+00,1.534888930715600841e+00
4.307300282429127236e+01,8.553124943099698285e+00,1.468931956215930201e+00
4.319608982832945543e+01,8.430932429077543588e+00,1.400601773669258421e+00
4.331786853422091355e+01,8.307436027473649176e+00,1.333311532451815662e+00
4.344609910642086703e+01,8.174469078865410410e+00,1.262864801259172554e+00
4.357277594102816209e+01,8.040021099919638203e+00,1.193676697580052570e+00
4.368665874817402539e+01,7.916398999089791388e+00,1.131848075449690905e+00
4.379919614058750454e+01,7.791550905095038004e+00,1.071169829237508253e+00
4.390834697086990701e+01,7.667784833255856469e+00,1.012728606248981089e+00
4.401614527215532036e+01,7.542838987027552733e+00,9.554559238997842874e-01
4.412256281091195120e+01,7.416714997738032444e+00,8.993925630591770304e-01
4.422757082126375394e+01,7.289415097227529117e+00,8.445812074742597986e-01
4.433114011274032151e+01,7.160942031509327954e+00,7.911010051215497940e-01
4.443324111626450446e+01,7.031299040064545203e+00,7.390267478283426561e-01
4.453384382707712774e+01,6.900489966637223915e+00,6.885032867857827643e-01
4.463291781297571248e+01,6.768519297330054307e+00,6.396947598304297822e-01
4.473043224197245138e+01,6.635392176345332516e+00,5.928995589934523691e-01
4.482635594820516189e+01,6.501114368619022699e+00,5.484999755488556561e-01
4.492149159042060802e+01,6.364478659009843220e+00,5.067570587257166359e-01
4.501494314841693978e+01,6.226685676089532606e+00,4.690106934242836978e-01
4.511410847132012947e+01,6.076321420561626496e+00,4.341992271034403328e-01
4.521122183474080458e+01,5.924623848305323293e+00,4.076683518456635791e-01
4.530035273660202932e+01,5.781226335335981403e+00,3.930427340818192228e-01
4.538760787773326655e+01,5.636679817075961552e+00,3.909952047206907144e-01
4.547104225694723567e+01,5.494305185791302115e+00,4.032879359059502455e-01
4.555261755028939774e+01,5.350857304080061105e+00,4.310525278097603885e-01
4.563230037044888832e+01,5.206349592085463662e+00,4.747057643096667667e-01
4.571005722662956572e+01,5.060796530193423237e+00,5.341590074128094168e-01
4.578585462586126908e+01,4.914213590123194031e+00,6.093131924302047642e-01
4.585965914149985423e+01,4.766617217215249447e+00,7.004267040441047865e-01
4.593143741607153885e+01,4.618024946298378453e+00,8.083042225974313988e-01
4.600115624610824483e+01,4.468455363279629111e+00,9.343669009046550178e-01
4.606878263023480002e+01,4.317928140390995928e+00,1.080622621382305804e+00
4.613428381382189514e+01,4.166464087239861946e+00,1.249792022795669144e+00
4.619801114735363257e+01,4.013142861725372157e+00,1.446412787860979376e+00
4.625952153709116743e+01,3.858918885538416443e+00,1.673678743482026832e+00
4.632244510674367888e+01,3.694003489219119363e+00,1.953990757770695863e+00
4.638278887936243677e+01,3.528126783213095585e+00,2.282242018107156767e+00
4.643715140193263835e+01,3.371281682479429165e+00,2.642402818235974671e+00
4.648916915623538415e+01,3.213643441970977843e+00,3.060514186258964653e+00
4.653852702761079030e+01,3.056177537868244976e+00,3.544153436635763210e+00
4.658551047394146138e+01,2.897986959970340948e+00,4.107626065634597978e+00
4.663009228263999262e+01,2.739102851634689806e+00,4.765447223825269418e+00
4.667224621102456439e+01,2.579557444090759155e+00,5.535782481447242276e+00
4.671194706235404936e+01,2.419384023334442357e+00,6.439935262231146318e+00
4.674917076158748586e+01,2.258616886542238689e+00,7.507105003057689352e+00
4.678389442251943819e+01,2.097291322974984329e+00,8.768845883163278287e+00
4.681609641902932140e+01,1.935443567698726941e+00,1.028289557393451936e+01
4.684575645225960017e+01,1.773110757720226083e+00,1.207894194003809218e+01
4.687285561603695783e+01,1.610330878170642244e+00,1.434192726237024829e+01
4.689792310418444288e+01,1.443292291924481496e+00,1.698465435094769660e+01
4.692027224380628780e+01,1.275868340200162265e+00,2.101461887727523603e+01
4.694199365795927292e+01,1.088544521336248794e+00,2.493534125640943344e+01
4.696028887350003345e+01,9.008551186665989530e-01,3.639160637246192920e+01
4.697676077356278057e+01,6.892726251439477148e-01,3.940534642218001693e+01
4.698885511400834503e+01,4.773948424041539740e-01,9.620557247585001903e+01
4.699721279001317242e+01,2.387624383321007571e-01,1.056318280150382520e+02
4.699999999999997868e+01,-4.608106671260752872e-17,8.121944094810473871e+02
