x,y,stress
1.999999999999998890e+00,5.078791334683214754e-16,1.134188143229212756e+03
2.004838822004261889e+00,1.846037714523459938e-01,1.192977384210953886e+02
2.019308548144076898e+00,3.687034760303174452e-01,1.263703540810184620e+02
2.040594442644485529e+00,5.344845629037482393e-01,4.238577622569195569e+01
2.069495984895093788e+00,6.991093911416025319e-01,4.232254676552639694e+01
2.105325398838245210e+00,8.603246710531665675e-01,2.602993141511399600e+01
2.148138433970439909e+00,1.019828241152954229e+00,2.126605691999696646e+01
2.197658633911546033e+00,1.177379331849472965e+00,1.578085278340123487e+01
2.253586138731714872e+00,1.332772294804982938e+00,1.236407645410932332e+01
2.315605745754320655e+00,1.485836625539658895e+00,9.408483393716663201e+00
2.383394264538219787e+00,1.636435765392252550e+00,7.490044134939883413e+00
2.456626896479340516e+00,1.784464918160163505e+00,5.918697924024640677e+00
2.534982502290807904e+00,1.929848175187981241e+00,4.713238756618129521e+00
2.618147824430762771e+00,2.072535386226550536e+00,3.763157536203614928e+00
2.705820704754019257e+00,2.212498922352096997e+00,3.013829713402248700e+00
2.797712300350459369e+00,2.349730344123954318e+00,2.417259104554689841e+00
2.893548544794063648e+00,2.484237312735960046e+00,1.939948560735424765e+00
2.993070996689822127e+00,2.616040798237387666e+00,1.554802055984412679e+00
3.096037136610207963e+00,2.745172522122508507e+00,1.242302518722402160e+00
3.202220288130051440e+00,2.871672734069701249e+00,9.866577283293576084e-01
3.311409237669912020e+00,2.995588277944728262e+00,7.768891665464739971e-01
3.423407674123511768e+00,3.116970971552245562e+00,6.042744617322112211e-01
3.538033421740310214e+00,3.235876170368098936e+00,4.635970482563916417e-01
3.655117672043365129e+00,3.352361656858512173e+00,3.521107930960516996e-01
3.774504181690842675e+00,3.466486731843308355e+00,2.713119632400644576e-01
3.896124776635710774e+00,3.578380391867838739e+00,2.261426277970139675e-01
4.019771755402186564e+00,3.688030977354482598e+00,2.195604762986140823e-01
4.145242394158636046e+00,3.795432012472871985e+00,2.429612113300472498e-01
4.272498672536397812e+00,3.900711433903458314e+00,2.822943452190137537e-01
4.401434696775251787e+00,4.003927113656986947e+00,3.278225754458816144e-01
4.531952368380153473e+00,4.105135590881935137e+00,3.747791547126271827e-01
4.663960726492589970e+00,4.204391897609824014e+00,4.211009464270243363e-01
4.797375603730519522e+00,4.301749625971286406e+00,4.659419155324053263e-01
4.932118915624259081e+00,4.397260715330106429e+00,5.090226544893314831e-01
5.068117959642837178e+00,4.490975269873660913e+00,5.502870305918461380e-01
5.205305083083586304e+00,4.582941639757836860e+00,5.898030008791235179e-01
5.343617654762177871e+00,4.673206676840660379e+00,6.276717593503899906e-01
5.483034131063083016e+00,4.761838596027181403e+00,6.640275035952634131e-01
5.623463592948271916e+00,4.848856740930614251e+00,6.989864090784797535e-01
5.771125312394896234e+00,4.938043480771900917e+00,7.341110825364836057e-01
5.919782014320433383e+00,5.025561844679401702e+00,7.679235674082758312e-01
6.063245423913863341e+00,5.107973198894716127e+00,7.992430756487696186e-01
6.207536174750123870e+00,5.188927351358476159e+00,8.295602537207100724e-01
6.352362502938038169e+00,5.268322941177411955e+00,8.588935330069688012e-01
6.497938230138694315e+00,5.346336047527060487e+00,8.873610361166298643e-01
6.644229323695132194e+00,5.422999454851380463e+00,9.150359195670280110e-01
6.791203735227305138e+00,5.498344625541847996e+00,9.419082522922923584e-01
6.938831388063170458e+00,5.572401826281616621e+00,9.682334683562312527e-01
7.087083912028117716e+00,5.645200115039517463e+00,9.939986130627679328e-01
7.235934474303175712e+00,5.716767374766951626e+00,1.018442994423949033e+00
7.385358020117815947e+00,5.787130533686364764e+00,1.042840685344726737e+00
7.535330811860794675e+00,5.856315438420886643e+00,1.066526594478447443e+00
7.685830359437276549e+00,5.924346917064347906e+00,1.089714186820629260e+00
7.842371071416196493e+00,5.993676146529147708e+00,1.113200856208550693e+00
7.999432629088291336e+00,6.061817253966091279e+00,1.136160226244880889e+00
8.167724194191006148e+00,6.133307034044428896e+00,1.160104012627741321e+00
8.336561425873634690e+00,6.203498465032084574e+00,1.183487465426798391e+00
8.491664196578481594e+00,6.266673452550865164e+00,1.204611988578853321e+00
8.647188797028881879e+00,6.328802767794684314e+00,1.225065311049643890e+00
8.800962811759472260e+00,6.389068927037103940e+00,1.244888007785329487e+00
8.955117220121566746e+00,6.448355348265066844e+00,1.264311901770434510e+00
9.109638203573117821e+00,6.506679505382748196e+00,1.283468427315570093e+00
9.264512729593098683e+00,6.564058300991281847e+00,1.302107206277398399e+00
9.419728364434551082e+00,6.620508035480876075e+00,1.320411647407715217e+00
9.575273151204056532e+00,6.676044403024762097e+00,1.338386762865460877e+00
9.731135676681322622e+00,6.730682554191559142e+00,1.356109356764817253e+00
9.887305136823083984e+00,6.784437152061346232e+00,1.373348955094455759e+00
1.004377120953773428e+01,6.837322358326630933e+00,1.390306072029575457e+00
1.020052392669104613e+01,6.889351821102900786e+00,1.406930022690868087e+00
1.035959291380405567e+01,6.941197375009749315e+00,1.423448397348458627e+00
1.051893685086428754e+01,6.992191650341428755e+00,1.439638447242191255e+00
1.069568870967873586e+01,7.047680034867415344e+00,1.457235264983638201e+00
1.087275487641447924e+01,7.102157152888549874e+00,1.474334549982420528e+00
1.105415064395309521e+01,7.156840838257314985e+00,1.491705902650957372e+00
1.123585198911452032e+01,7.210500454865862885e+00,1.508503550358870626e+00
1.139874089269356361e+01,7.257675137758262451e+00,1.523268270829642779e+00
1.156185836331383676e+01,7.304053345194996716e+00,1.537723760504463799e+00
1.172093662450528662e+01,7.348467240542444934e+00,1.551517133484446864e+00
1.188021845457867087e+01,7.392145464703133939e+00,1.565023641839198287e+00
1.203969770308568776e+01,7.435097338136344547e+00,1.578255112031474505e+00
1.219936842197017768e+01,7.477331884599757394e+00,1.591145505010300276e+00
1.235922487566197425e+01,7.518857847836473596e+00,1.603981260255316066e+00
1.251926156368456411e+01,7.559683710143148438e+00,1.616380180359178853e+00
1.267947317770006777e+01,7.599817693129821805e+00,1.628563199337987211e+00
1.283985456998277286e+01,7.639267761600935458e+00,1.640476780896175768e+00
1.300040078180850678e+01,7.678041641809154605e+00,1.652133918834765014e+00
1.316110702238495911e+01,7.716146826571371520e+00,1.663538675347259188e+00
1.332273619674351828e+01,7.753767584195408347e+00,1.674742628631143537e+00
1.348451771348791794e+01,7.790727740264846268e+00,1.685705282140788741e+00
1.366144766039120384e+01,7.830363046553341810e+00,1.697389355547005874e+00
1.383854868743748234e+01,7.869226796996815487e+00,1.708785389463151727e+00
1.403480683133836315e+01,7.911362415880349275e+00,1.721058819691612340e+00
1.423126111448486242e+01,7.952573894433994539e+00,1.732965178833175690e+00
1.441433157889409422e+01,7.990120737244684079e+00,1.743743786824330844e+00
1.459756096821922533e+01,8.026884203349547775e+00,1.754218109554798843e+00
1.476245582867741035e+01,8.059280345727856343e+00,1.763388426517375818e+00
1.492747152451118531e+01,8.091055270206387817e+00,1.772325920246114128e+00
1.508976859943714643e+01,8.121684712666951356e+00,1.780880756023531797e+00
1.525217585089072614e+01,8.151724494626732209e+00,1.789211572450482901e+00
1.541469018693093318e+01,8.181179552087192164e+00,1.797321405691775897e+00
1.557730856801469876e+01,8.210054670615127392e+00,1.805211972687900790e+00
1.574002805301668317e+01,8.238354498603751352e+00,1.812886440486607631e+00
1.590284577736791860e+01,8.266083547806790222e+00,1.820346666526931889e+00
1.606575894660972637e+01,8.293246196627098499e+00,1.827596500804779422e+00
1.622876484851189005e+01,8.319846696287063637e+00,1.834637885091597420e+00
1.639186084111077690e+01,8.345889172701665970e+00,1.841472966086523000e+00
1.655504433432809464e+01,8.371377627387532883e+00,1.848106667173677886e+00
1.671995231024742878e+01,8.396563527719354880e+00,1.854601213015556693e+00
1.688494444755652069e+01,8.421192070382808481e+00,1.860904392450606570e+00
1.706707011379747030e+01,8.447721865707679356e+00,1.867618211476367751e+00
1.724929197146598980e+01,8.473582714864585697e+00,1.874101676544576378e+00
1.745301099971177550e+01,8.501693317310978770e+00,1.881065465526288172e+00
1.765684189113553160e+01,8.528980989894639819e+00,1.887731757280074474e+00
1.785055744794717469e+01,8.554144593661904494e+00,1.893812103053824636e+00
1.804436668087609519e+01,8.578576249245760010e+00,1.899638216451338568e+00
1.821665963562813317e+01,8.599675750425310738e+00,1.904616936482319334e+00
1.838902153582760945e+01,8.620204435253796760e+00,1.909410629220079203e+00
1.855308642973085753e+01,8.639210491611276410e+00,1.913801517859676782e+00
1.871720974557354822e+01,8.657705275383632326e+00,1.918030709172468429e+00
1.888138957277708130e+01,8.675691342350294377e+00,1.922099327470475627e+00
1.904562407044949168e+01,8.693171166766520130e+00,1.926010644051875165e+00
1.920991142149699726e+01,8.710147137988355936e+00,1.929767861846731325e+00
1.937424982505273974e+01,8.726621561632754265e+00,1.933374375674713042e+00
1.953863752505206719e+01,8.742596664232605619e+00,1.936833547198104633e+00
1.970307278208021984e+01,8.758074592017573323e+00,1.940148687227155389e+00
1.986755387705582976e+01,8.773057412970038271e+00,1.943322631817505863e+00
2.003207914578607429e+01,8.787547121395791194e+00,1.946359358137957907e+00
2.019665876593741416e+01,8.801546623853910845e+00,1.949260120145758890e+00
2.036127928495739425e+01,8.815056705805593751e+00,1.952035455822712651e+00
2.053680894457045980e+01,8.828921580986900608e+00,1.954847287256078703e+00
2.071238134037039202e+01,8.842234364294684568e+00,1.957525132303156390e+00
2.091010434808791629e+01,8.856564751776415889e+00,1.960368773326437664e+00
2.110787647847780946e+01,8.870200460409307652e+00,1.963040414072985129e+00
2.131708916995180303e+01,8.883868432373693835e+00,1.965689111604578265e+00
2.152635082710572689e+01,8.896765058028742956e+00,1.968144652703863295e+00
2.171398352345487481e+01,8.907672798982618545e+00,1.970203109992163082e+00
2.190165101326002173e+01,8.917964592479274089e+00,1.972125035505816193e+00
2.207001891045441511e+01,8.926673785323343324e+00,1.973736313242618667e+00
2.223841159090141417e+01,8.934889874121513031e+00,1.975247864491342042e+00
2.240340003914596778e+01,8.942461648811599773e+00,1.976628993333084727e+00
2.256840944035415575e+01,8.949562171057785065e+00,1.977914897380155690e+00
2.273343841247197261e+01,8.956192330810846869e+00,1.979105657476724511e+00
2.289848557969360243e+01,8.962352957028247857e+00,1.980203944626441448e+00
2.306354957750529522e+01,8.968044818417190811e+00,1.981211474252988269e+00
2.322862905101136022e+01,8.973268623837840963e+00,1.982130087407908192e+00
2.339372265197397383e+01,8.978025022650140130e+00,1.982961022100331094e+00
2.355882904172447567e+01,8.982314605206241254e+00,1.983706141986666616e+00
2.372394688657714923e+01,8.986137903082324740e+00,1.984367344113302734e+00
2.388907486003203573e+01,8.989495389469091435e+00,1.984946247631280913e+00
2.405550009500825581e+01,8.992408215214057421e+00,1.985445719017042920e+00
2.422193292638079498e+01,8.994848719235768897e+00,1.985869006102420897e+00
2.440492422027601904e+01,8.996987173737618804e+00,1.986236992388647149e+00
2.458792128956978118e+01,8.998555385220836200e+00,1.986510953367196519e+00
2.479395937861451671e+01,8.999638863606122641e+00,1.986702500297532703e+00
2.499999999999983658e+01,8.999999999999992895e+00,1.986762767549817399e+00
2.520604062138518486e+01,8.999638863606122641e+00,1.986704675955508703e+00
2.541207871042994171e+01,8.998555385220837977e+00,1.986515391407112086e+00
2.559507577972376424e+01,8.996987173737622356e+00,1.986243244252303919e+00
2.577806707361893146e+01,8.994848719235770673e+00,1.985876976212012535e+00
2.594449990499159142e+01,8.992408215214057421e+00,1.985453821825095444e+00
2.611092513996771558e+01,8.989495389469094988e+00,1.984954181773320059e+00
2.627605311342259142e+01,8.986137903082331846e+00,1.984373677425307569e+00
2.644117095827526853e+01,8.982314605206246583e+00,1.983710634782755999e+00
2.660627734802577748e+01,8.978025022650143683e+00,1.982962572775918586e+00
2.677137094898839820e+01,8.973268623837848068e+00,1.982128743542263427e+00
2.693645042249444543e+01,8.968044818417201469e+00,1.981207909519091315e+00
2.710151442030614177e+01,8.962352957028254963e+00,1.980198174029712321e+00
2.726656158752777159e+01,8.956192330810853974e+00,1.979098179080971853e+00
2.743159055964559911e+01,8.949562171057793947e+00,1.977905886796645030e+00
2.759659996085377998e+01,8.942461648811612207e+00,1.976619601957688710e+00
2.776158840909833003e+01,8.934889874121521913e+00,1.975238064017957207e+00
2.792998108954532555e+01,8.926673785323352206e+00,1.973726097232029630e+00
2.809834898673971892e+01,8.917964592479284747e+00,1.972114405243833968e+00
2.828601647654483742e+01,8.907672798982634532e+00,1.970192466167656642e+00
2.847364917289396402e+01,8.896765058028758943e+00,1.968133794238337453e+00
2.868291083004789499e+01,8.883868432373709823e+00,1.965677874004434500e+00
2.889212352152189212e+01,8.870200460409327192e+00,1.963028657583469672e+00
2.908989565191178883e+01,8.856564751776435429e+00,1.960356118908644918e+00
2.928761865962932376e+01,8.842234364294704108e+00,1.957511234378030540e+00
2.946319105542928085e+01,8.828921580986918372e+00,1.954831712040238312e+00
2.963872071504237127e+01,8.815056705805611514e+00,1.952018216347652269e+00
2.980334123406233715e+01,8.801546623853930384e+00,1.949241339104833770e+00
2.996792085421368057e+01,8.787547121395812511e+00,1.946338893824775429e+00
3.013244612294393932e+01,8.773057412970057811e+00,1.943300493421007635e+00
3.029692721791954924e+01,8.758074592017592863e+00,1.940125075187718817e+00
3.046136247494770899e+01,8.742596664232626935e+00,1.936808530912393911e+00
3.062575017494704355e+01,8.726621561632772028e+00,1.933347826035131112e+00
3.079008857850279313e+01,8.710147137988371924e+00,1.929739559019322481e+00
3.095437592955030581e+01,8.693171166766539670e+00,1.925980703845079356e+00
3.111861042722271975e+01,8.675691342350313917e+00,1.922068236496602633e+00
3.128279025442624572e+01,8.657705275383651866e+00,1.917998379786369112e+00
3.144691357026894352e+01,8.639210491611294174e+00,1.913768213714494903e+00
3.161097846417219515e+01,8.620204435253816300e+00,1.909376732339124416e+00
3.178334036437166432e+01,8.599675750425333831e+00,1.904583329293199068e+00
3.195563331912368454e+01,8.578576249245783103e+00,1.899605272170703074e+00
3.214944255205261214e+01,8.554144593661924034e+00,1.893779942792031434e+00
3.234315810886426590e+01,8.528980989894662912e+00,1.887700508475307348e+00
3.254698900028804331e+01,8.501693317311000087e+00,1.881035525805116126e+00
3.275070802853385743e+01,8.473582714864603460e+00,1.874072647617872400e+00
3.293292988620238759e+01,8.447721865707695343e+00,1.867589955551792302e+00
3.311505555244334431e+01,8.421192070382824468e+00,1.860876748744006992e+00
3.328004768975242911e+01,8.396563527719372644e+00,1.854574264093225455e+00
3.344495566567174905e+01,8.371377627387550646e+00,1.848080202442596631e+00
3.360813915888906678e+01,8.345889172701683734e+00,1.841446326932623556e+00
3.377123515148795718e+01,8.319846696287081400e+00,1.834611139421825854e+00
3.393424105339011732e+01,8.293246196627119815e+00,1.827569397802465634e+00
3.409715422263191442e+01,8.266083547806811538e+00,1.820318979898240208e+00
3.425997194698315695e+01,8.238354498603770892e+00,1.812857639892039963e+00
3.442269143198515025e+01,8.210054670615148709e+00,1.805182132608800005e+00
3.458530981306889629e+01,8.181179552087218809e+00,1.797290298816379472e+00
3.474782414910907846e+01,8.151724494626762407e+00,1.789178908437482063e+00
3.491023140056266527e+01,8.121684712666978001e+00,1.780846603132582251e+00
3.507252847548863883e+01,8.091055270206416239e+00,1.772290605978617206e+00
3.523754417132239070e+01,8.059280345727891870e+00,1.763352824770087812e+00
3.540243903178054552e+01,8.026884203349586855e+00,1.754182893716295100e+00
3.558566842110565887e+01,7.990120737244728488e+00,1.743707897411594709e+00
3.576873888551487113e+01,7.952573894434043389e+00,1.732929555133972732e+00
3.596519316866135796e+01,7.911362415880400789e+00,1.721022989347269938e+00
3.616145131256222101e+01,7.869226796996872331e+00,1.708748901693776467e+00
3.633855233960854036e+01,7.830363046553390660e+00,1.697352017485285414e+00
3.651548228651189021e+01,7.790727740264884460e+00,1.685666258138205809e+00
3.667726380325628099e+01,7.753767584195449203e+00,1.674702247089839613e+00
3.683889297761484727e+01,7.716146826571407047e+00,1.663495565978368784e+00
3.699959921819129249e+01,7.678041641809191908e+00,1.652087157409876772e+00
3.716014543001703174e+01,7.639267761600977202e+00,1.640425805355978373e+00
3.732052682229974749e+01,7.599817693129860885e+00,1.628507466864918429e+00
3.748073843631524937e+01,7.559683710143185742e+00,1.616329808128498691e+00
3.764077512433784989e+01,7.518857847836510011e+00,1.603890204931032182e+00
3.780063157802966600e+01,7.477331884599792033e+00,1.591185910851695251e+00
3.796030229691415769e+01,7.435097338136380962e+00,1.578214128484028533e+00
3.811978154542116215e+01,7.392145464703168578e+00,1.564971680468032478e+00
3.827906337549455884e+01,7.348467240542476020e+00,1.551456001353572089e+00
3.843814163668602646e+01,7.304053345195029578e+00,1.537665236238040745e+00
3.860125910730629784e+01,7.257675137758294426e+00,1.523214606419705852e+00
3.876414801088533579e+01,7.210500454865893083e+00,1.508471419549292092e+00
3.894584935604675024e+01,7.156840838257349624e+00,1.491649887264585139e+00
3.912724512358537510e+01,7.102157152888586289e+00,1.474433356033799436e+00
3.930431129032112381e+01,7.047680034867450871e+00,1.457227165237373168e+00
3.948106314913557213e+01,6.992191650341461617e+00,1.439637386249377649e+00
3.964040708619583597e+01,6.941197375009772408e+00,1.423414805620026868e+00
3.979947607330888815e+01,6.889351821102915885e+00,1.406882809452804306e+00
3.995622879046217690e+01,6.837322358326651361e+00,1.390239409223981149e+00
4.011269486317681299e+01,6.784437152061369325e+00,1.373274494588979211e+00
4.026886432331858146e+01,6.730682554191580458e+00,1.355979568950092640e+00
4.042472684879584222e+01,6.676044403024788743e+00,1.338347326065120191e+00
4.058027163556533878e+01,6.620508035480907161e+00,1.320370628288486614e+00
4.073548727040678585e+01,6.564058300991312045e+00,1.302040419182751263e+00
4.089036179642677382e+01,6.506679505382774842e+00,1.283349146174650901e+00
4.104488277987833555e+01,6.448355348265092601e+00,1.264285572987519313e+00
4.119903718824042471e+01,6.389068927037134138e+00,1.244840204660451422e+00
4.135281120297101154e+01,6.328802767794714512e+00,1.225001646923820742e+00
4.150833580342141715e+01,6.266673452550893586e+00,1.204470019687353899e+00
4.166343857412627472e+01,6.203498465032110332e+00,1.183513532464258722e+00
4.183227580580888372e+01,6.133307034044464423e+00,1.160130100890404137e+00
4.200056737091159675e+01,6.061817253966124142e+00,1.136173701279326487e+00
4.215762892858367650e+01,5.993676146529187676e+00,1.113215763348101461e+00
4.231416964056260355e+01,5.924346917064394091e+00,1.089731728173078507e+00
4.246466918813907654e+01,5.856315438420935493e+00,1.066545901731134061e+00
4.261464197988204461e+01,5.787130533686410949e+00,1.042823576210619052e+00
4.276406552569670083e+01,5.716767374766991594e+00,1.018532837217499765e+00
4.291291608797178725e+01,5.645200115039553879e+00,9.936430234863925515e-01
4.306116861193672918e+01,5.572401826281658366e+00,9.681230725684450977e-01
4.320879626477257318e+01,5.498344625541889741e+00,9.419330549445431577e-01
4.335577067630473636e+01,5.422999454851426648e+00,9.150352718698054888e-01
4.350206176986117868e+01,5.346336047527114665e+00,8.873797008227910510e-01
4.364763749706184370e+01,5.268322941177466134e+00,8.589182376294564047e-01
4.379246382524974734e+01,5.188927351358524120e+00,8.295893322088427890e-01
4.393675457608605228e+01,5.107973198894740996e+00,7.992762005265331426e-01
4.408021798567953908e+01,5.025561844679402590e+00,7.679599330765162213e-01
4.422887468760506380e+01,4.938043480771909799e+00,7.341571512255363752e-01
4.437653640705168101e+01,4.848856740930619580e+00,6.990440458709612503e-01
4.451696586893686458e+01,4.761838596027190285e+00,6.640948564870625681e-01
4.465638234523778749e+01,4.673206676840669260e+00,6.277500300478274786e-01
4.479469491691634886e+01,4.582941639757861729e+00,5.898930553445997926e-01
4.493188204035707400e+01,4.490975269873693776e+00,5.503906508244885698e-01
4.506788108437564944e+01,4.397260715330139291e+00,5.091445208308684744e-01
4.520262439626942808e+01,4.301749625971307722e+00,4.660824654546908419e-01
4.533603927350732476e+01,4.204391897609869311e+00,4.212581717647138624e-01
4.546804763161973995e+01,4.105135590881987540e+00,3.749530318433201281e-01
4.559856530322463897e+01,4.003927113657041126e+00,3.280081493376729163e-01
4.572750132746353557e+01,3.900711433903499614e+00,2.824765559231742773e-01
4.585475760584129290e+01,3.795432012472912398e+00,2.430965860793300737e-01
4.598022824459774682e+01,3.688030977354503470e+00,2.195877100891176492e-01
4.610387522336420574e+01,3.578380391867876931e+00,2.260304162392442751e-01
4.622549581830909915e+01,3.466486731843340774e+00,2.710996243716114473e-01
4.634488232795654739e+01,3.352361656858569461e+00,3.520164180936357079e-01
4.646196657825959875e+01,3.235876170368154892e+00,4.637819189726866131e-01
4.657659232587636922e+01,3.116970971552337488e+00,6.049787113077776946e-01
4.668859076232998007e+01,2.995588277944825073e+00,7.785980943882542249e-01
4.679777971186982199e+01,2.871672734069824706e+00,9.890022435575339665e-01
4.690396286338965837e+01,2.745172522122622638e+00,1.245335779186052427e+00
4.700692900331002733e+01,2.616040798237532883e+00,1.558461164936139731e+00
4.710645145520581423e+01,2.484237312736095049e+00,1.944505785724955471e+00
4.720228769964941051e+01,2.349730344124103087e+00,2.423472141607362129e+00
4.729417929524586128e+01,2.212498922352218234e+00,3.022622930316527956e+00
4.738185217556912932e+01,2.072535386226674436e+00,3.776872466299498576e+00
4.746501749770911971e+01,1.929848175188069392e+00,4.734536697415629547e+00
4.754337310352058665e+01,1.784464918160263425e+00,5.955373184997067249e+00
4.761660573546171094e+01,1.636435765392325381e+00,7.537425859195263200e+00
4.768439425424561051e+01,1.485836625539732836e+00,9.556190905417928150e+00
4.774641386126824472e+01,1.332772294805036228e+00,1.230495415871305553e+01
4.780234136608840601e+01,1.177379331849550903e+00,1.566643078624885810e+01
4.785186156602950547e+01,1.019828241153036386e+00,2.116241560104870345e+01
4.789467460116169661e+01,8.603246710532503894e-01,2.606644370794732879e+01
4.793050401510486580e+01,6.991093911416791373e-01,4.212796877322504940e+01
4.795940555735548827e+01,5.344845629037758838e-01,4.278413175298989302e+01
4.798069145185588980e+01,3.687034760302914105e-01,1.260775143259740503e+02
4.799516117799570480e+01,1.846037714523309781e-01,1.187284388790841803e+02
4.799999999999997868e+01,-3.582792812880232014e-17,1.132672450144079676e+03
