x,y,stress
9.999999999999994449e-01,4.488586228572514502e-16,1.404846104276554797e+03
1.005763953099054975e+00,1.753208251556486186e-01,1.294928480363738288e+02
1.022965518364105764e+00,3.498916445674876141e-01,1.387984262756894225e+02
1.049286165029158058e+00,5.124350143444986738e-01,3.690715435066469752e+01
1.085113510268765014e+00,6.731521359552877781e-01,3.314063332814506424e+01
1.130006984189008579e+00,8.315603422438524461e-01,1.726335111484836915e+01
1.183464930952218497e+00,9.872890663505003994e-01,1.201096635754212194e+01
1.244939047857179348e+00,1.140033096984440997e+00,7.736296755609123998e+00
1.313861205261676490e+00,1.289566205977468627e+00,5.187959512585821109e+00
1.389663125022692514e+00,1.435734138577304364e+00,3.516993554029819613e+00
1.471791497290910966e+00,1.578445249571296172e+00,2.421194794953965168e+00
1.559718678097094413e+00,1.717660280408913831e+00,1.689995604126729001e+00
1.652949501262831022e+00,1.853382283808489683e+00,1.189188434444387488e+00
1.751024943499319697e+00,1.985647356579186562e+00,8.377705312632038881e-01
1.853523370253760127e+00,2.114516483438842798e+00,5.837455411454914866e-01
1.960060157873150688e+00,2.240068750710214829e+00,3.951373919761633768e-01
2.070286259448062882e+00,2.362395859582284707e+00,2.534123081683444245e-01
2.183885957810874689e+00,2.481597604004777136e+00,1.508651659394897315e-01
2.300574292558339451e+00,2.597778378887463546e+00,1.002532171026157409e-01
2.420094451925871581e+00,2.711044600642408486e+00,1.198784081087686526e-01
2.542215113172835661e+00,2.821502711854039447e+00,1.709410515450487389e-01
2.666727809501838298e+00,2.929257647048355562e+00,2.256195268275905941e-01
2.793444827021601018e+00,3.034412030717470454e+00,2.778429948006368444e-01
2.922196865987610526e+00,3.137065308989575030e+00,3.267569919374754828e-01
3.052830860512826039e+00,3.237313130818722406e+00,3.724982889934001506e-01
3.185208510984770758e+00,3.335247322010246318e+00,4.154600566130144390e-01
3.319204534897474357e+00,3.430955616805287711e+00,4.559907393832423050e-01
3.454705360874969156e+00,3.524521699832161570e+00,4.944240779639130778e-01
3.591607722146000103e+00,3.616025136305227594e+00,5.310151238147596819e-01
3.729817551004598997e+00,3.705541474699268978e+00,5.659912198668276551e-01
3.869249316734324040e+00,3.793142578122132846e+00,5.995233784839801849e-01
4.009824466188146808e+00,3.878896335869067791e+00,6.317646090248524304e-01
4.151471750397466742e+00,3.962867505923302058e+00,6.628304574784817937e-01
4.294125886932147473e+00,4.045117457624225032e+00,6.928289527007119863e-01
4.437726340086097565e+00,4.125704006386342826e+00,7.218412566357911286e-01
4.582218225656276900e+00,4.204682408607459010e+00,7.499404932585339578e-01
4.727550019491922662e+00,4.282104516185133214e+00,7.771966313478440025e-01
4.879510184387016558e+00,4.361012746545795515e+00,8.046970227569890666e-01
5.032278758013707609e+00,4.438344391053058224e+00,8.313822874775078642e-01
5.181297399599523068e+00,4.511947439076233302e+00,8.565628391395294638e-01
5.330997076073676233e+00,4.584155368447298429e+00,8.810762243078850142e-01
5.479949132835227665e+00,4.654360131977799853e+00,9.047294409279779126e-01
5.629502917615510249e+00,4.723273850264522622e+00,9.277864474504107228e-01
5.779628559642087104e+00,4.790932659081384770e+00,9.502862586482205831e-01
5.930298323906950664e+00,4.857371008006672319e+00,9.721971785591944082e-01
6.081486418853381259e+00,4.922621748169598632e+00,9.938947819460965949e-01
6.233168415165319942e+00,4.986716045504755890e+00,1.014764739431757601e+00
6.385321413046225025e+00,5.049683610599385197e+00,1.035258469300263995e+00
6.537924302797812892e+00,5.111552938097691623e+00,1.055211370885350997e+00
6.690957268678180192e+00,5.172351219734830252e+00,1.074986469467079653e+00
6.844401378114961965e+00,5.232104300279254439e+00,1.094105873360534442e+00
7.000872582207668948e+00,5.291832408932721776e+00,1.113214078727455814e+00
7.157733371181511650e+00,5.350529792523664341e+00,1.131913237536627204e+00
7.330308579278820957e+00,5.413789031481373470e+00,1.151986452241763548e+00
7.503312747981315312e+00,5.475865585610357300e+00,1.171598095245009130e+00
7.666139742202759955e+00,5.533105302160374883e+00,1.189624923338875817e+00
7.829313092189846834e+00,5.589350102491113859e+00,1.207282972582669256e+00
7.985301965351685460e+00,5.642104126709927669e+00,1.223796841953804782e+00
8.141581658636610541e+00,5.693990311699815621e+00,1.239997356064574507e+00
8.298141268311047369e+00,5.745026011997057758e+00,1.255891456934053574e+00
8.454970263400264585e+00,5.795227835757341239e+00,1.271486611313607629e+00
8.612058668831773289e+00,5.844611753346343974e+00,1.286794896523913545e+00
8.769397119852714084e+00,5.893193155826800478e+00,1.301813836946305036e+00
8.926976680719024060e+00,5.940986837011076105e+00,1.316538762554252617e+00
9.084788781499561594e+00,5.988007012822635922e+00,1.330979813857910754e+00
9.242825248469582533e+00,6.034267366463823556e+00,1.345272327622403452e+00
9.401078360391375455e+00,6.079781096948854824e+00,1.359185810930701122e+00
9.559555920810838714e+00,6.124565169485116201e+00,1.372875653394132200e+00
9.718235689547102041e+00,6.168627432057294691e+00,1.386311929074490967e+00
9.887676074198518350e+00,6.214835883786901327e+00,1.400372645318551657e+00
1.005733092490900482e+01,6.260250624307827749e+00,1.414152613262553482e+00
1.024570477159654480e+01,6.309699520166558884e+00,1.429146486084964529e+00
1.043432346371255903e+01,6.358206132762127538e+00,1.443717491668622843e+00
1.061077826698423365e+01,6.402692991738420325e+00,1.457285546276296806e+00
1.078743160275540625e+01,6.446384857281068470e+00,1.470401505772673811e+00
1.094856058025314560e+01,6.485514202463346756e+00,1.482165193907619916e+00
1.110984372254113772e+01,6.524003189826268923e+00,1.493700967158877901e+00
1.127016191618805330e+01,6.561601652309415833e+00,1.504944328678157861e+00
1.143062295248370930e+01,6.598585762135683375e+00,1.515977714557497080e+00
1.159122249733757037e+01,6.634963668024897565e+00,1.526804248218420090e+00
1.175195640011678755e+01,6.670743260067245828e+00,1.537426365843977960e+00
1.191282066944341089e+01,6.705932176230668951e+00,1.547846140170244800e+00
1.207381142779274263e+01,6.740537804093628793e+00,1.558066236995136356e+00
1.223492493817511750e+01,6.774567297916330055e+00,1.568088251999373739e+00
1.239615762421066059e+01,6.808027593022949908e+00,1.577915187443382106e+00
1.255750602918249292e+01,6.840925406747651927e+00,1.587546646645589643e+00
1.271896679881364989e+01,6.873267244358620687e+00,1.596989419997915993e+00
1.288390028430185019e+01,6.905715247204537555e+00,1.606429648190051518e+00
1.304894417058544498e+01,6.937596962783585397e+00,1.615684715160387697e+00
1.323301528816310579e+01,6.972470236511882469e+00,1.625770863427486557e+00
1.341721526854297686e+01,7.006656342085048728e+00,1.635620443457533213e+00
1.361809644823772381e+01,7.043139069243840922e+00,1.646085955853470395e+00
1.381912061758921162e+01,7.078825516488366887e+00,1.656265702649214022e+00
1.400289424438010499e+01,7.110740428704480642e+00,1.665332065043288567e+00
1.418677944141800040e+01,7.142006107463856779e+00,1.674171954597043710e+00
1.435216926408654459e+01,7.169562985437012870e+00,1.681931835156156740e+00
1.451764392489157096e+01,7.196605767185876523e+00,1.689517639410873295e+00
1.468023639791708845e+01,7.222668629600407009e+00,1.696796974567107874e+00
1.484290617499297582e+01,7.248244576984016696e+00,1.703909037326631237e+00
1.500565108740789810e+01,7.273337838475298689e+00,1.710856003154086702e+00
1.516846907110276810e+01,7.297952525607111163e+00,1.717638744968085884e+00
1.533135810318946568e+01,7.322092626438001517e+00,1.724259225759108283e+00
1.549431620167052515e+01,7.345762009683437732e+00,1.730719009936117825e+00
1.565734144892171820e+01,7.368964431979145857e+00,1.737020434934753110e+00
1.582043196674365326e+01,7.391703537847295280e+00,1.743164895157112149e+00
1.598358591946051810e+01,7.413982863693358460e+00,1.749153713655624998e+00
1.614680153891229608e+01,7.435805844460332992e+00,1.754990207870126051e+00
1.631147546282661409e+01,7.457356855011893160e+00,1.760721593711887190e+00
1.647620861328984532e+01,7.478450377182618070e+00,1.766307436338417247e+00
1.665757466648675944e+01,7.501140206326830651e+00,1.772274138139359856e+00
1.683900820387493624e+01,7.523283952751684822e+00,1.778066875223131005e+00
1.704324715874444607e+01,7.547553571435297926e+00,1.784368738211301375e+00
1.724756587151707166e+01,7.571142325989688615e+00,1.790443864182361677e+00
1.745010064977465447e+01,7.593849995602923286e+00,1.796253562294548356e+00
1.765270815792391090e+01,7.615899323763862583e+00,1.801845922112288889e+00
1.783278472119895497e+01,7.634941789396959777e+00,1.806646422414192266e+00
1.801291476495048371e+01,7.653471542873373501e+00,1.811286599745076886e+00
1.817763824358985403e+01,7.669965812358053192e+00,1.815391677353186628e+00
1.834240358995323916e+01,7.686036473450712947e+00,1.819369105235664863e+00
1.850633420242887084e+01,7.701603761623323052e+00,1.823197914045562307e+00
1.867030367563881654e+01,7.716756258957000014e+00,1.826901477587848044e+00
1.883431076546614236e+01,7.731496019264699093e+00,1.830481162858969224e+00
1.899835425265225552e+01,7.745825028314301974e+00,1.833939364969782826e+00
1.916243293492107469e+01,7.759745204584902467e+00,1.837278010254844940e+00
1.932654563681114368e+01,7.773258401502859627e+00,1.840499006497731793e+00
1.949069120563126845e+01,7.786366408368261993e+00,1.843603893826393003e+00
1.965486849498885036e+01,7.799070950327188001e+00,1.846594981292075888e+00
1.981907638369699143e+01,7.811373691128095764e+00,1.849473856153441398e+00
1.998331376598495623e+01,7.823276233490271458e+00,1.852244238523821807e+00
2.015151042959910299e+01,7.835050513101816883e+00,1.854966324844631087e+00
2.031973572288965357e+01,7.846408423224279005e+00,1.857582704571881127e+00
2.050761625997236237e+01,7.858601008748558492e+00,1.860368692025203607e+00
2.069552952421905800e+01,7.870278365281270894e+00,1.863023769923612072e+00
2.090663341678165565e+01,7.882782574245037921e+00,1.865845793470560121e+00
2.111777452420977852e+01,7.894641821127970971e+00,1.868496748066933444e+00
2.132307564512881370e+01,7.905555200747232725e+00,1.870923647094421494e+00
2.152840803920449275e+01,7.915863462817624985e+00,1.873195995095946476e+00
2.171087132652666796e+01,7.924516336936314076e+00,1.875093978860726818e+00
2.189335651109083258e+01,7.932694415678398947e+00,1.876879270165713764e+00
2.205924741883147533e+01,7.939717139212550734e+00,1.878404572498641345e+00
2.222515439248674696e+01,7.946349489297052315e+00,1.879841861530493707e+00
2.238970601797017679e+01,7.952542328137575112e+00,1.881177753561373178e+00
2.255427158926050879e+01,7.958352792582847890e+00,1.882426323064308349e+00
2.271885019343402234e+01,7.963781594471610603e+00,1.883588372986563453e+00
2.288344092394493856e+01,7.968829397356568478e+00,1.884664800149373542e+00
2.304804288172141113e+01,7.973496816944389387e+00,1.885656364165563925e+00
2.321265517103751108e+01,7.977784421353951494e+00,1.886564081964191120e+00
2.337727690329804275e+01,7.981692731574543842e+00,1.887388561851512048e+00
2.354190719319191416e+01,7.985222221681564925e+00,1.888130869331571926e+00
2.370654515640686455e+01,7.988373319098649006e+00,1.888791146742307525e+00
2.387118992056374722e+01,7.991146405064393221e+00,1.889371578092662318e+00
2.403889996830942977e+01,7.993582750689479433e+00,1.889878928198167163e+00
2.420661524689370836e+01,7.995627559509826732e+00,1.890308288728157926e+00
2.439324610826645667e+01,7.997442992154606856e+00,1.890686947263813034e+00
2.457988105163502723e+01,7.998774212126531502e+00,1.890966591292561505e+00
2.478993963163319592e+01,7.999693568031498003e+00,1.891160886232193139e+00
2.499999999999990408e+01,7.999999999999994671e+00,1.891221238377673863e+00
2.521006036836663711e+01,7.999693568031499780e+00,1.891157714577459403e+00
2.542011894836479868e+01,7.998774212126533278e+00,1.890960203241691673e+00
2.560675389173344385e+01,7.997442992154605967e+00,1.890677578082189836e+00
2.579338475310614243e+01,7.995627559509827620e+00,1.890295975718521593e+00
2.596110003169052050e+01,7.993582750689479433e+00,1.889863622277972333e+00
2.612881007943610712e+01,7.991146405064394997e+00,1.889353212677953753e+00
2.629345484359298979e+01,7.988373319098651670e+00,1.888769731562440102e+00
2.645809280680794018e+01,7.985222221681568477e+00,1.888106431453961509e+00
2.662272309670181158e+01,7.981692731574547395e+00,1.887360754357907844e+00
2.678734482896232905e+01,7.977784421353954158e+00,1.886532837395718420e+00
2.695195711827844320e+01,7.973496816944392052e+00,1.885621768701667644e+00
2.711655907605492288e+01,7.968829397356571143e+00,1.884626813176602411e+00
2.728114980656583910e+01,7.963781594471615932e+00,1.883546825315010276e+00
2.744572841073933844e+01,7.958352792582851443e+00,1.882381135697093866e+00
2.761029398202967755e+01,7.952542328137578664e+00,1.881129312592506597e+00
2.777484560751311093e+01,7.946349489297055868e+00,1.879790171423270539e+00
2.794075258116838611e+01,7.939717139212556951e+00,1.878349993849755872e+00
2.810664348890902176e+01,7.932694415678404276e+00,1.876822027079634747e+00
2.828912867347317928e+01,7.924516336936319405e+00,1.875034835901287389e+00
2.847159196079534027e+01,7.915863462817631202e+00,1.873135186735575886e+00
2.867692435487101221e+01,7.905555200747239830e+00,1.870861440031868383e+00
2.888222547579003319e+01,7.894641821127979853e+00,1.868433281899878340e+00
2.909336658321816316e+01,7.882782574245045915e+00,1.865781404317891745e+00
2.930447047578076436e+01,7.870278365281278887e+00,1.862958535073086175e+00
2.949238374002747420e+01,7.858601008748569150e+00,1.860302006690619514e+00
2.968026427711018300e+01,7.846408423224287887e+00,1.857514405775608335e+00
2.984848957040073358e+01,7.835050513101824876e+00,1.854894945402796536e+00
3.001668623401487324e+01,7.823276233490283005e+00,1.852169183425229626e+00
3.018092361630283449e+01,7.811373691128105534e+00,1.849393685788739861e+00
3.034513150501097911e+01,7.799070950327199547e+00,1.846509455763849727e+00
3.050930879436857168e+01,7.786366408368273540e+00,1.843513516681668296e+00
3.067345436318870711e+01,7.773258401502869397e+00,1.840403994225038087e+00
3.083756706507879386e+01,7.759745204584911349e+00,1.837180401170340094e+00
3.100164574734760947e+01,7.745825028314311744e+00,1.833839714070301108e+00
3.116568923453372975e+01,7.731496019264708863e+00,1.830380844141285435e+00
3.132969632436105556e+01,7.716756258957009784e+00,1.826800964785626036e+00
3.149366579757099771e+01,7.701603761623333710e+00,1.823097590571899351e+00
3.165759641004661162e+01,7.686036473450724493e+00,1.819268989805194137e+00
3.182236175641000031e+01,7.669965812358065627e+00,1.815290231765008810e+00
3.198708523504936352e+01,7.653471542873386824e+00,1.811183577781755982e+00
3.216721527880086740e+01,7.634941789396976652e+00,1.806540586120314762e+00
3.234729184207589725e+01,7.615899323763878570e+00,1.801737295375287484e+00
3.254989935022516789e+01,7.593849995602939273e+00,1.796140951100712480e+00
3.275243412848276137e+01,7.571142325989703714e+00,1.790327354862632836e+00
3.295675284125538695e+01,7.547553571435313025e+00,1.784248896890674452e+00
3.316099179612488967e+01,7.523283952751701698e+00,1.777943688006223377e+00
3.334242533351306292e+01,7.501140206326848414e+00,1.772148095305076332e+00
3.352379138670998771e+01,7.478450377182634945e+00,1.766178559197815634e+00
3.368852453717321538e+01,7.457356855011910035e+00,1.760590781086948331e+00
3.385319846108752984e+01,7.435805844460350755e+00,1.754857451798440326e+00
3.401641408053932025e+01,7.413982863693375336e+00,1.749018471240892048e+00
3.417956803325619575e+01,7.391703537847312155e+00,1.743027288643083317e+00
3.434265855107811660e+01,7.368964431979164509e+00,1.736880756390108083e+00
3.450568379832929367e+01,7.345762009683460825e+00,1.730577137334818882e+00
3.466864189681036379e+01,7.322092626438023721e+00,1.724114699468475953e+00
3.483153092889705960e+01,7.297952525607132479e+00,1.717491544461468012e+00
3.499434891259193847e+01,7.273337838475319117e+00,1.710706265262261994e+00
3.515709382500685365e+01,7.248244576984036236e+00,1.703756553705563226e+00
3.531976360208275167e+01,7.222668629600429213e+00,1.696641355141200735e+00
3.548235607510826384e+01,7.196605767185899616e+00,1.689358983033501183e+00
3.564783073591328133e+01,7.169562985437035962e+00,1.681770296604754078e+00
3.581322055858182551e+01,7.142006107463881648e+00,1.674007679523818570e+00
3.599710575561968540e+01,7.110740428704513505e+00,1.665164142866465635e+00
3.618087938241054502e+01,7.078825516488404190e+00,1.656094811124309896e+00
3.638190355176202928e+01,7.043139069243881778e+00,1.645913463799884902e+00
3.658278473145674781e+01,7.006656342085094025e+00,1.635446318387222320e+00
3.676698471183666328e+01,6.972470236511921549e+00,1.625596275522088296e+00
3.695105582941434363e+01,6.937596962783620036e+00,1.615511582433588167e+00
3.711609971569792776e+01,6.905715247204574858e+00,1.606252943792420673e+00
3.728103320118611919e+01,6.873267244358658878e+00,1.596806922386878602e+00
3.744249397081729569e+01,6.840925406747689230e+00,1.587359302664274274e+00
3.760384237578914934e+01,6.808027593022983659e+00,1.577722715857963642e+00
3.776507506182468177e+01,6.774567297916365582e+00,1.567892360004845109e+00
3.792618857220705308e+01,6.740537804093666097e+00,1.557866835569931663e+00
3.808717933055638838e+01,6.705932176230706254e+00,1.547644321688188107e+00
3.824804359988300462e+01,6.670743260067285796e+00,1.537222053154500889e+00
3.840877750266221824e+01,6.634963668024938421e+00,1.526598280703038490e+00
3.856937704751607754e+01,6.598585762135725119e+00,1.515769962888350308e+00
3.872983808381173532e+01,6.561601652309459354e+00,1.504735711586875579e+00
3.889015627745862957e+01,6.524003189826317772e+00,1.493492035693656739e+00
3.905143941974662170e+01,6.485514202463396494e+00,1.481955582374981706e+00
3.921256839724434684e+01,6.446384857281121761e+00,1.470205427453995517e+00
3.938922173301553187e+01,6.402692991738472728e+00,1.457056554730318920e+00
3.956567653628722070e+01,6.358206132762177276e+00,1.443635088177900760e+00
3.975429522840320118e+01,6.309699520166616615e+00,1.428970488192732091e+00
3.994266907509072695e+01,6.260250624307892586e+00,1.413973127737326196e+00
4.011232392580121342e+01,6.214835883786968829e+00,1.400165595395837403e+00
4.028176431045260841e+01,6.168627432057365745e+00,1.386091131018890144e+00
4.044044407918887885e+01,6.124565169485187255e+00,1.372637168421485976e+00
4.059892163960834210e+01,6.079781096948927654e+00,1.358940105055768344e+00
4.075717475153012259e+01,6.034267366463899940e+00,1.344989280704587564e+00
4.091521121850013998e+01,5.988007012822717634e+00,1.330779843608777879e+00
4.107302331928067929e+01,5.940986837011156929e+00,1.316305812862171853e+00
4.123060288014699637e+01,5.893193155826880414e+00,1.301560719676419620e+00
4.138794133116793006e+01,5.844611753346427463e+00,1.286538408224297436e+00
4.154502973659943876e+01,5.795227835757425616e+00,1.271231557123585043e+00
4.170185873168865243e+01,5.745026011997145687e+00,1.255633706061447530e+00
4.185841834136308393e+01,5.693990311699908879e+00,1.239735890946616292e+00
4.201469803464800634e+01,5.642104126710020928e+00,1.223530068580041208e+00
4.217068690780985918e+01,5.589350102491206229e+00,1.207010724397743040e+00
4.233386025779696382e+01,5.533105302160463701e+00,1.189347501237417060e+00
4.249668725201842534e+01,5.475865585610439012e+00,1.171315476800386834e+00
4.266969142072093035e+01,5.413789031481456071e+00,1.151698071914602384e+00
4.284226662881825831e+01,5.350529792523741612e+00,1.131616559487234053e+00
4.299912741779210990e+01,5.291832408932797271e+00,1.112909400278160321e+00
4.315559862188482754e+01,5.232104300279325493e+00,1.093808678002786028e+00
4.330904273132160398e+01,5.172351219734904859e+00,1.074619657526466376e+00
4.346207569720197483e+01,5.111552938097766230e+00,1.055014354282107547e+00
4.361467858695356625e+01,5.049683610599460692e+00,1.034974349130591165e+00
4.376683158483447755e+01,4.986716045504829609e+00,1.014480956549630664e+00
4.391851358114642068e+01,4.922621748169675016e+00,9.935167513711227194e-01
4.406970167609285483e+01,4.857371008006745150e+00,9.720592768911122672e-01
4.422037144035770950e+01,4.790932659081466483e+00,9.500882529890439798e-01
4.437049708238428281e+01,4.723273850264606111e+00,9.275773860268936577e-01
4.452005086716457072e+01,4.654360131977884230e+00,9.045027347872842682e-01
4.466900292392612926e+01,4.584155368447379253e+00,8.808349126970462795e-01
4.481870260040025755e+01,4.511947439076329225e+00,8.563134967184573565e-01
4.496772124198606235e+01,4.438344391053163029e+00,8.311221063209098814e-01
4.512048981561273564e+01,4.361012746545909202e+00,8.044323377029275468e-01
4.527244998050783664e+01,4.282104516185246901e+00,7.769255907468916034e-01
4.541778177434348152e+01,4.204682408607576249e+00,7.496643298384370047e-01
4.556227365991367861e+01,4.125704006386452960e+00,7.215604780930601203e-01
4.570587411306762249e+01,4.045117457624342272e+00,6.925468088546489209e-01
4.584852824960232454e+01,3.962867505923409972e+00,6.625454162756172494e-01
4.599017553381163737e+01,3.878896335869181478e+00,6.314769588056547978e-01
4.613075068326548234e+01,3.793142578122238096e+00,5.992318426555715005e-01
4.627018244899520028e+01,3.705541474699383109e+00,5.656975044743000058e-01
4.640839227785382803e+01,3.616025136305324406e+00,5.307164991777654217e-01
4.654529463912483322e+01,3.524521699832280586e+00,4.941225698071389227e-01
4.668079546510234223e+01,3.430955616805401842e+00,4.556835600459891444e-01
4.681479148901502896e+01,3.335247322010377324e+00,4.151530087994205198e-01
4.694716913948700920e+01,3.237313130818831208e+00,3.721852774311802947e-01
4.707780313401217853e+01,3.137065308989718915e+00,3.264446246616976577e-01
4.720655517297822001e+01,3.034412030717600572e+00,2.775227424564373768e-01
4.733327219049792944e+01,2.929257647048533642e+00,2.253017470383262277e-01
4.745778488682696405e+01,2.821502711854201095e+00,1.706177980445643394e-01
4.757990554807388861e+01,2.711044600642609215e+00,1.195800751476207985e-01
4.769942570744148469e+01,2.597778378887614537e+00,1.001544985948875227e-01
4.781611404218890726e+01,2.481597604004979196e+00,1.510555141788242073e-01
4.792971374055178302e+01,2.362395859582429924e+00,2.538978914835240963e-01
4.803993984212664259e+01,2.240068750710427548e+00,3.958101337629316152e-01
4.814647662974608977e+01,2.114516483438990235e+00,5.837941674683145843e-01
4.824897505650047691e+01,1.985647356579419487e+00,8.367786940173317367e-01
4.834705049873701910e+01,1.853382283808667319e+00,1.184764377282797598e+00
4.844028132190272373e+01,1.717660280409143869e+00,1.684099808260326903e+00
4.852820850270897779e+01,1.578445249571431619e+00,2.409133249817749789e+00
4.861033687497718603e+01,1.435734138577490882e+00,3.504611362465823277e+00
4.868613879473824824e+01,1.289566205977578983e+00,5.208311562071600953e+00
4.875506095214274183e+01,1.140033096984566230e+00,7.694903072382851761e+00
4.881653506904773110e+01,9.872890663505491382e-01,1.239379499169332099e+01
4.886999301581095523e+01,8.315603422439050707e-01,1.706781731810927383e+01
4.891488648973120945e+01,6.731521359553076511e-01,3.508834507877937625e+01
4.895071383497080575e+01,5.124350143445410843e-01,3.519048988345473106e+01
4.897703448163586160e+01,3.498916445675413489e-01,1.418368734757701191e+02
4.899423604690092304e+01,1.753208251556741815e-01,1.281695680965976010e+02
4.899999999999997868e+01,-3.419835778632244555e-17,1.408444069932697630e+03
