x,y,stress
6.999999999999997335e+00,3.405900643881368363e-13,8.242977757793016735e+02
7.002303066465320747e+00,2.399436980205369996e-01,1.261153637402845504e+02
7.009210640014017279e+00,4.797990063958519902e-01,1.035178359015570635e+02
7.019199140089756206e+00,6.926200438728599140e-01,4.897673071754282859e+01
7.032808296794475389e+00,9.052402613328264236e-01,4.339779690262918166e+01
7.047917894399877703e+00,1.093779150021720881e+00,3.196373039458493892e+01
7.065868533768678184e+00,1.282068790387612456e+00,2.745397887557763639e+01
7.084373127783389457e+00,1.450649704900023984e+00,2.325470969317722592e+01
7.105149129412503761e+00,1.618965787726578398e+00,2.038519743442891397e+01
7.127699207186624086e+00,1.783579494537612886e+00,1.795458021041150332e+01
7.152415055771245811e+00,1.947881979822922327e+00,1.598834116835960018e+01
7.179288538170797374e+00,2.111845394013227573e+00,1.431033743126885405e+01
7.208310848153300476e+00,2.275442131039316251e+00,1.287984314356546101e+01
7.239472527105381694e+00,2.438644871382296131e+00,1.163824808014197387e+01
7.272763483423452691e+00,2.601426623209095013e+00,1.055268466655921955e+01
7.308173004467671596e+00,2.763760717873804396e+00,9.594313479948475276e+00
7.345689766965606715e+00,2.925620802564958822e+00,8.742303751506351972e+00
7.385301860172654109e+00,3.086980887844760435e+00,7.979923454764688451e+00
7.426996804314849321e+00,3.247815364513806369e+00,7.293566801568116986e+00
7.471189258049906634e+00,3.409626280117230568e+00,6.667200273227253504e+00
7.517477268833531845e+00,3.570850248330988297e+00,6.098049132778610826e+00
7.568176132398773071e+00,3.739013224781253530e+00,5.555492310214415141e+00
7.621139500429005231e+00,3.906476792212012494e+00,5.062047606173597281e+00
7.673330737022200587e+00,4.064286551729566099e+00,4.634156620376496782e+00
7.727518446576014277e+00,4.221421971674506501e+00,4.240060594663768612e+00
7.783664218838251436e+00,4.377799284639491972e+00,3.876930243189546488e+00
7.841772471603809969e+00,4.533458031663277765e+00,3.541403222677789397e+00
7.901826400922895566e+00,4.688376553289258730e+00,3.231608228365263180e+00
7.963808819772925318e+00,4.842533633706500140e+00,2.943398539315334350e+00
8.027702190308685815e+00,4.995908538435028134e+00,2.667808473413583403e+00
8.093488654211304478e+00,5.148481040472995929e+00,2.423738070478284268e+00
8.161150044170419449e+00,5.300231399892051165e+00,2.195421000821121460e+00
8.230667890654652652e+00,5.451140337280053316e+00,1.986182749905228695e+00
8.302023458503692055e+00,5.601189073885657344e+00,1.788771659146810356e+00
8.375197764884831031e+00,5.750359327136646215e+00,1.614173425285714281e+00
8.453888110480416884e+00,5.905869334558143890e+00,1.448721514514613284e+00
8.534536069225504562e+00,6.060373197641988341e+00,1.304407094652149546e+00
8.615795923612916241e+00,6.211428578709047521e+00,1.184003404895729306e+00
8.698908119930322869e+00,6.361472767847091703e+00,1.087657425006995471e+00
8.781161828920588164e+00,6.505835435097312214e+00,1.019182115277482703e+00
8.865112899052453699e+00,6.649217698329287884e+00,9.766584553146870906e-01
8.950741116582650037e+00,6.791604769301241795e+00,9.603936310201643956e-01
9.038026131905859017e+00,6.932982274479713602e+00,9.689888181894390495e-01
9.126947522865027196e+00,7.073336330609217626e+00,9.995546635246248535e-01
9.217484800230264952e+00,7.212653520850113686e+00,1.048394711004347224e+00
9.309617409733766280e+00,7.350920868761877003e+00,1.111652056101999131e+00
9.403324769021642382e+00,7.488125866041845491e+00,1.185904423784677197e+00
9.498586253588653605e+00,7.624256423788044579e+00,1.268315405705161103e+00
9.595381240027895942e+00,7.759300909048675088e+00,1.356692171472199338e+00
9.694074487822557984e+00,7.893767065419917017e+00,1.449751907757534708e+00
9.794271536635577036e+00,8.027116452411521053e+00,1.545914725342276030e+00
9.903610273555441879e+00,8.169175517154037891e+00,1.651668997601651423e+00
1.001463610924574787e+01,8.309919986481292042e+00,1.759210583779136750e+00
1.012106795225712652e+01,8.441686455992357452e+00,1.861939618115178607e+00
1.022896132816988768e+01,8.572258897621255258e+00,1.965358193295419831e+00
1.033619623565879309e+01,8.699172181277297966e+00,2.067256711925599788e+00
1.044479636849740878e+01,8.824919233400235541e+00,2.169410878153086308e+00
1.055474150855166648e+01,8.949492036921233407e+00,2.271691166507349813e+00
1.066601151296960204e+01,9.072882904785254610e+00,2.374005743291224491e+00
1.077858630027844811e+01,9.195084449999336940e+00,2.476286027204047890e+00
1.089244598770474859e+01,9.316089717905471801e+00,2.578473494663165333e+00
1.100757080270784449e+01,9.435892069011384109e+00,2.680529433679212037e+00
1.112394100831929933e+01,9.554485089162358946e+00,2.782415070573642346e+00
1.124153708089010628e+01,9.671862759496045570e+00,2.884114172377365559e+00
1.136033953479726755e+01,9.788019263719009544e+00,2.985592298617278928e+00
1.148159214719560417e+01,9.904146477515407554e+00,3.087888116312153652e+00
1.160403706309782734e+01,1.001901584325829297e+01,3.189927877157215708e+00
1.173800151988188745e+01,1.014202602462975911e+01,3.300113752588782923e+00
1.187331736873138333e+01,1.026354806185567448e+01,3.409906176550558055e+00
1.200102634308329463e+01,1.037580933479092060e+01,3.512220641977127134e+00
1.212987521396346757e+01,1.048676043584401718e+01,3.614164965290580511e+00
1.225686294644710195e+01,1.059390738278267108e+01,3.713396463476219544e+00
1.238490207679011235e+01,1.069979570118519163e+01,3.812222926279303259e+00
1.251397456454427726e+01,1.080442196076939965e+01,3.910611457640358779e+00
1.264406251376303203e+01,1.090778292589630638e+01,4.008535305854165287e+00
1.277514819992086714e+01,1.100987556904727960e+01,4.105963892340163568e+00
1.290721406929636395e+01,1.111069706140889046e+01,4.202861943507651077e+00
1.304024273564619207e+01,1.121024476197678688e+01,4.299199100342407931e+00
1.317421697361511512e+01,1.130851620500830634e+01,4.394934890731616584e+00
1.330911979030124748e+01,1.140550914405189431e+01,4.490034601452371099e+00
1.344493423874392413e+01,1.150122141016889721e+01,4.584453555408861902e+00
1.358273097674111796e+01,1.159639455614369297e+01,4.678886263868483830e+00
1.372141992798501242e+01,1.169026279166965843e+01,4.772561659127515732e+00
1.387393331027459809e+01,1.179131742756622359e+01,4.873933510418530624e+00
1.402746988722799593e+01,1.189081061285444463e+01,4.974198875599557645e+00
1.417457464372789033e+01,1.198407988679903369e+01,5.068619824128160367e+00
1.432256916636313271e+01,1.207593080127954721e+01,5.161950499979184315e+00
1.446455421993469237e+01,1.216222470898062546e+01,5.249887970032269813e+00
1.460731696271050417e+01,1.224722585613311487e+01,5.336721666606981884e+00
1.475084202541445322e+01,1.233093334790794238e+01,5.422360312343082356e+00
1.489511424924021021e+01,1.241334642308463465e+01,5.506743926075289508e+00
1.504011862467842775e+01,1.249446441288885623e+01,5.589802853250175119e+00
1.518584026805516096e+01,1.257428672474198095e+01,5.671458837860732238e+00
1.533226446723700853e+01,1.265281286437678787e+01,5.751644708408594653e+00
1.547937666210277641e+01,1.273004242098976668e+01,5.830274513709680306e+00
1.562716245997011200e+01,1.280597507156235970e+01,5.907270720593616353e+00
1.577560758767313054e+01,1.288061055271445099e+01,5.982542277136330355e+00
1.592478069411416364e+01,1.295398894351328778e+01,6.056044400497114566e+00
1.607458574648122962e+01,1.302606842501806916e+01,6.127684590028932732e+00
1.623612203086756267e+01,1.310201540217072136e+01,6.202392325919581673e+00
1.639835395283818897e+01,1.317646484791859685e+01,6.274667145664992951e+00
1.656573303928332663e+01,1.325139250637045407e+01,6.346333479400100508e+00
1.673381067492642416e+01,1.332473978383712598e+01,6.415149245915029219e+00
1.688773921858848936e+01,1.339027489693682504e+01,6.475408135085167771e+00
1.704222096312652113e+01,1.345449513897309757e+01,6.533258656730189351e+00
1.719617811885667180e+01,1.351697400101146229e+01,6.588124656509568133e+00
1.735065502679719174e+01,1.357815651558641079e+01,6.640340738551611999e+00
1.750563899874856943e+01,1.363804302266787616e+01,6.689749171499555835e+00
1.766111741714641781e+01,1.369663387364980700e+01,6.736348011330096419e+00
1.781707778306702394e+01,1.375392944926938021e+01,6.781293829675843376e+00
1.797350776286671703e+01,1.380993017425186586e+01,6.821539854718932538e+00
1.813039511968339212e+01,1.386463648971352924e+01,6.859290047762415909e+00
1.828772771099400174e+01,1.391804885147744208e+01,6.893883039438231108e+00
1.844549351556972994e+01,1.397016773803600920e+01,6.925378578283274855e+00
1.860368060745507179e+01,1.402099364020673455e+01,6.953693236243217335e+00
1.876629175281019002e+01,1.407176254184139275e+01,6.979285807571923961e+00
1.892932070476887674e+01,1.412117334828301018e+01,7.001526899192884734e+00
1.910936817920575237e+01,1.417402888971797736e+01,7.021886900445257318e+00
1.928989081820177631e+01,1.422523806508327127e+01,7.037833416756527072e+00
1.945884381884274816e+01,1.427156234575964611e+01,7.048983650453314098e+00
1.962818339994792183e+01,1.431645290913872692e+01,7.056438121246358719e+00
1.978913308370349355e+01,1.435770374854574172e+01,7.060177507130245722e+00
1.995040752265324357e+01,1.439766608721133245e+01,7.060718615669207665e+00
2.011199566784311088e+01,1.443634046928135461e+01,7.058095249020600370e+00
2.027388653298553223e+01,1.447372743151325025e+01,7.052382793126671601e+00
2.043606921286715661e+01,1.450982750706924840e+01,7.043687750891114874e+00
2.059853287917379561e+01,1.454464122357167710e+01,7.032117827534380972e+00
2.076126676490235212e+01,1.457816909899674052e+01,7.017816035809203434e+00
2.092426018434350965e+01,1.461041164515984470e+01,7.000929051247678281e+00
2.108750252079253329e+01,1.464136936416038814e+01,6.981630806545947365e+00
2.125098319828408577e+01,1.467104274252826812e+01,6.960112086175200830e+00
2.141471027967524421e+01,1.469943540160389972e+01,6.936548092286912492e+00
2.157865479674393683e+01,1.472654436817702717e+01,6.911296918734445960e+00
2.175388953496674560e+01,1.475406645567025876e+01,6.882551368780087664e+00
2.192934761327002136e+01,1.478012681121054328e+01,6.852367839283003192e+00
2.211575073987108553e+01,1.480618081817348219e+01,6.819128245023231116e+00
2.230237634603876629e+01,1.483059025717126467e+01,6.784808537499480430e+00
2.247128818315008303e+01,1.485124425547035543e+01,6.753479876310070296e+00
2.264035888334421642e+01,1.487055474663369736e+01,6.722180856861611709e+00
2.280558036699489932e+01,1.488811332523089348e+01,6.691923137488476669e+00
2.297093288569679714e+01,1.490439175222946666e+01,6.662267421908901532e+00
2.313640640850345420e+01,1.491939032223885775e+01,6.633525006260223122e+00
2.330199092927641757e+01,1.493310930811640702e+01,6.605975672667987020e+00
2.346767647389021860e+01,1.494554896140881972e+01,6.579939934629011056e+00
2.363345309163141295e+01,1.495670951137974214e+01,6.555679491074779541e+00
2.379931085545459624e+01,1.496659116485620622e+01,6.533477176638793793e+00
2.396523985971840531e+01,1.497519410586693134e+01,6.513569116208659082e+00
2.413123021357254672e+01,1.498251849513548351e+01,6.496188559043100774e+00
2.429727204729933021e+01,1.498856447022596150e+01,6.481543912437058630e+00
2.446459997099801953e+01,1.499336304115888474e+01,6.469695082533138297e+00
2.463196006914224157e+01,1.499686417706524821e+01,6.461028705851619591e+00
2.481597335491472833e+01,1.499921604881721926e+01,6.455169165135845155e+00
2.499999999999997868e+01,1.499999999999999467e+01,6.453137647386825826e+00
2.518402664508523969e+01,1.499921604881722281e+01,6.455144002512747115e+00
2.536803993085774422e+01,1.499686417706524821e+01,6.460977943269505808e+00
2.553540002900199823e+01,1.499336304115888119e+01,6.469632333740444885e+00
2.570272795270068755e+01,1.498856447022595972e+01,6.481470139362224714e+00
2.586876978642750657e+01,1.498251849513547995e+01,6.496113963026981075e+00
2.603476014028160535e+01,1.497519410586692956e+01,6.513494782400337968e+00
2.620068914454548548e+01,1.496659116485619911e+01,6.533411202366707471e+00
2.636654690836860482e+01,1.495670951137974036e+01,6.555622447658893570e+00
2.653232352610979206e+01,1.494554896140881795e+01,6.579887246339011675e+00
2.669800907072358243e+01,1.493310930811640347e+01,6.605927066214601240e+00
2.686359359149656001e+01,1.491939032223885420e+01,6.633468722029501663e+00
2.702906711430322062e+01,1.490439175222946311e+01,6.662204000638625168e+00
2.719441963300511134e+01,1.488811332523089348e+01,6.691836807072390592e+00
2.735964111665578713e+01,1.487055474663369203e+01,6.722070508502927311e+00
2.752871181684990987e+01,1.485124425547035010e+01,6.753328250039746017e+00
2.769762365396122306e+01,1.483059025717126289e+01,6.784619387263884249e+00
2.788424926012889671e+01,1.480618081817348219e+01,6.818883213832463319e+00
2.807065238672994312e+01,1.478012681121054328e+01,6.852064854512057046e+00
2.824611046503325085e+01,1.475406645567025521e+01,6.882192101401033213e+00
2.842134520325607738e+01,1.472654436817702006e+01,6.910874851785052009e+00
2.858528972032476645e+01,1.469943540160389617e+01,6.936070025413185292e+00
2.874901680171592488e+01,1.467104274252825924e+01,6.959568744490998604e+00
2.891249747920747382e+01,1.464136936416037749e+01,6.981036062441202006e+00
2.907573981565650101e+01,1.461041164515983759e+01,7.000280177659055525e+00
2.923873323509766564e+01,1.457816909899673163e+01,7.017125557223374166e+00
2.940146712082621505e+01,1.454464122357166644e+01,7.031379460173375229e+00
2.956393078713286116e+01,1.450982750706923774e+01,7.042924766269435644e+00
2.972611346701448909e+01,1.447372743151323959e+01,7.051592455508756352e+00
2.988800433215691754e+01,1.443634046928134573e+01,7.057293631520576760e+00
3.004959247734679550e+01,1.439766608721131647e+01,7.059903721947292432e+00
3.021086691629652776e+01,1.435770374854572573e+01,7.059368978716499932e+00
3.037181660005210304e+01,1.431645290913871449e+01,7.055651066588890963e+00
3.054115618115725184e+01,1.427156234575964255e+01,7.048211528674209525e+00
3.071010918179819882e+01,1.422523806508326949e+01,7.037094336037892361e+00
3.089063182079425118e+01,1.417402888971797026e+01,7.021180096957873928e+00
3.107067929523114813e+01,1.412117334828299597e+01,7.000831216252254130e+00
3.123370824718984196e+01,1.407176254184137854e+01,6.978661242046630520e+00
3.139631939254496018e+01,1.402099364020671324e+01,6.953125515573803206e+00
3.155450648443030914e+01,1.397016773803598433e+01,6.924881543870002432e+00
3.171227228900604445e+01,1.391804885147742077e+01,6.893446626870690430e+00
3.186960488031664340e+01,1.386463648971350970e+01,6.858839656366545690e+00
3.202649223713331139e+01,1.380993017425184277e+01,6.821117269907849057e+00
3.218292221693301514e+01,1.375392944926935002e+01,6.780355769311554148e+00
3.233888258285363548e+01,1.369663387364977503e+01,6.736610892960245067e+00
3.249436100125146965e+01,1.363804302266785307e+01,6.689967677649709898e+00
3.264934497320282247e+01,1.357815651558638770e+01,6.640499458927077825e+00
3.280382188114334951e+01,1.351697400101143565e+01,6.588296632754211402e+00
3.295777903687351085e+01,1.345449513897306915e+01,6.533442667832430217e+00
3.311226078141152129e+01,1.339027489693681083e+01,6.475609645987814744e+00
3.326618932507357584e+01,1.332473978383711533e+01,6.415321063231253618e+00
3.343426696071666981e+01,1.325139250637044164e+01,6.346506907531978214e+00
3.360164604716181458e+01,1.317646484791857908e+01,6.274832712090253395e+00
3.376387796913244443e+01,1.310201540217070182e+01,6.202541461783416032e+00
3.392541425351877393e+01,1.302606842501804785e+01,6.127836546671841411e+00
3.407521930588584524e+01,1.295398894351327179e+01,6.056169178740213432e+00
3.422439241232687834e+01,1.288061055271443500e+01,5.982656298822127461e+00
3.437283754002989156e+01,1.280597507156234727e+01,5.907373449525514353e+00
3.452062333789721293e+01,1.273004242098975425e+01,5.830371003069370062e+00
3.466773553276298259e+01,1.265281286437677011e+01,5.751737024972864987e+00
3.481415973194484792e+01,1.257428672474196141e+01,5.671545301144369056e+00
3.495988137532156514e+01,1.249446441288884380e+01,5.589881634100789753e+00
3.510488575075977735e+01,1.241334642308462044e+01,5.506814342276921792e+00
3.524915797458554323e+01,1.233093334790792461e+01,5.422423323603641876e+00
3.539268303728950116e+01,1.224722585613309533e+01,5.336774396778328544e+00
3.553544578006530941e+01,1.216222470898061125e+01,5.249934631340231306e+00
3.567743083363686196e+01,1.207593080127952589e+01,5.161985813168810111e+00
3.582542535627208480e+01,1.198407988679903369e+01,5.068660804128911401e+00
3.597253011277195611e+01,1.189081061285446062e+01,4.974235028127037772e+00
3.612606668972534862e+01,1.179131742756623957e+01,4.873974891434866841e+00
3.627858007201493251e+01,1.169026279166967086e+01,4.772608316017679542e+00
3.641726902325882520e+01,1.159639455614371251e+01,4.678924411426553576e+00
3.655506576125601725e+01,1.150122141016891852e+01,4.584486840918574835e+00
3.669088020969868325e+01,1.140550914405192628e+01,4.490061658050620963e+00
3.682578302638480494e+01,1.130851620500833654e+01,4.394956121518093894e+00
3.695975726435373332e+01,1.121024476197681530e+01,4.299217172360815020e+00
3.709278593070357033e+01,1.111069706140891888e+01,4.202875916055281991e+00
3.722485180007907246e+01,1.100987556904730802e+01,4.105976773593299711e+00
3.735593748623689692e+01,1.090778292589633480e+01,4.008547374964473775e+00
3.748602543545565879e+01,1.080442196076941563e+01,3.910626696803461755e+00
3.761509792320983081e+01,1.069979570118521295e+01,3.812240624840895986e+00
3.774313705355283588e+01,1.059390738278269772e+01,3.713420488278975640e+00
3.787012478603647025e+01,1.048676043584404027e+01,3.614195031184539442e+00
3.799897365691666096e+01,1.037580933479092948e+01,3.512259661373156927e+00
3.812668263126857937e+01,1.026354806185568336e+01,3.409951744056373357e+00
3.826199848011807347e+01,1.014202602462976621e+01,3.300167260081707354e+00
3.839596293690213713e+01,1.001901584325829475e+01,3.189991863455049259e+00
3.851840785280436563e+01,9.904146477515409330e+00,3.087952956457557185e+00
3.863966046520270936e+01,9.788019263719007768e+00,2.985657300345182730e+00
3.875846291910986707e+01,9.671862759496043793e+00,2.884173576523538340e+00
3.887605899168067936e+01,9.554485089162353617e+00,2.782467835358333197e+00
3.899242919729213241e+01,9.435892069011382333e+00,2.680566666147621291e+00
3.910755401229523187e+01,9.316089717905462919e+00,2.578495597714285381e+00
3.922141369972153058e+01,9.195084449999328058e+00,2.476289804525150906e+00
3.933398848703036776e+01,9.072882904785245728e+00,2.373989660185267248e+00
3.944525849144831398e+01,8.949492036921222748e+00,2.271652015348728515e+00
3.955520363150257168e+01,8.824919233400226659e+00,2.169348800842603620e+00
3.966380376434118205e+01,8.699172181277292637e+00,2.067174316112504240e+00
3.977103867183008390e+01,8.572258897621242824e+00,1.965253253740798067e+00
3.987893204774283618e+01,8.441686455992357452e+00,1.861813579996918655e+00
3.998536389075421482e+01,8.309919986481308030e+00,1.759061687102320581e+00
4.009638972644452082e+01,8.169175517154055655e+00,1.651508745008915424e+00
4.020572846336438033e+01,8.027116452411529934e+00,1.545744371521967642e+00
4.030592551217741004e+01,7.893767065419916129e+00,1.449565717339329485e+00
4.040461875997208807e+01,7.759300909048667094e+00,1.356496529245698746e+00
4.050141374641132330e+01,7.624256423788034809e+00,1.268122434716180136e+00
4.059667523097833453e+01,7.488125866041829504e+00,1.185724175412765646e+00
4.069038259026620352e+01,7.350920868761873450e+00,1.111495375272965713e+00
4.078251519976969774e+01,7.212653520850125233e+00,1.048274895710178178e+00
4.087305247713494083e+01,7.073336330609233613e+00,9.994915624990816649e-01
4.096197386809409835e+01,6.932982274479729590e+00,9.690024847610581027e-01
4.104925888341732332e+01,6.791604769301247124e+00,9.604877308692632010e-01
4.113488710094751610e+01,6.649217698329291437e+00,9.768357716390221324e-01
4.121883817107937631e+01,6.505835435097319319e+00,1.019394137974208192e+00
4.130109188006964160e+01,6.361472767847105914e+00,1.087905465217662737e+00
4.138420407638707843e+01,6.211428578709004000e+00,1.184303230802706608e+00
4.146546393077452564e+01,6.060373197641883536e+00,1.304731775712969943e+00
4.154611188951960088e+01,5.905869334558050632e+00,1.449378780681680912e+00
4.162480223511516897e+01,5.750359327136560061e+00,1.614992777833060167e+00
4.169797654149631683e+01,5.601189073885570302e+00,1.791273496512246766e+00
4.176933210934536334e+01,5.451140337279968051e+00,1.984878156940958149e+00
4.183884995582959476e+01,5.300231399891958795e+00,2.195912055708899580e+00
4.190651134578870796e+01,5.148481040472891124e+00,2.424780980978204603e+00
4.197229780969132662e+01,4.995908538434918000e+00,2.672193628981676561e+00
4.203619118022709955e+01,4.842533633706376683e+00,2.939316132531205827e+00
4.209817359907712842e+01,4.688376553289130833e+00,3.227515161350403172e+00
4.215822752839621046e+01,4.533458031663141874e+00,3.538620234424640465e+00
4.221633578116177432e+01,4.377799284639335653e+00,3.874678909729782905e+00
4.227248155342402214e+01,4.221421971674332418e+00,4.238295803715973697e+00
4.232666926297783760e+01,4.064286551729389352e+00,4.632550475813954627e+00
4.237886049957101875e+01,3.906476792211830862e+00,5.060641158448386356e+00
4.243182386760126690e+01,3.739013224781044809e+00,5.554091757893733217e+00
4.248252273116650457e+01,3.570850248330758259e+00,6.096533378561079353e+00
4.252881074195013866e+01,3.409626280116982322e+00,6.666298055793448363e+00
4.257300319568518887e+01,3.247815364513531478e+00,7.293660735948216178e+00
4.261469813982738941e+01,3.086980887844483323e+00,7.981061033350783873e+00
4.265431023303443681e+01,2.925620802564680378e+00,8.744691666776162720e+00
4.269182699553236660e+01,2.763760717873519290e+00,9.597897035033337687e+00
4.272723651657656774e+01,2.601426623208801470e+00,1.055772097707568768e+01
4.276052747289464406e+01,2.438644871381991042e+00,1.164506077805379114e+01
4.279168915184673239e+01,2.275442131038995619e+00,1.288887195989408774e+01
4.282071146182922661e+01,2.111845394012908717e+00,1.432321496777223224e+01
4.284758494422876396e+01,1.947881979822608356e+00,1.600595907098919923e+01
4.287230079281339812e+01,1.783579494537283594e+00,1.798250628737518753e+01
4.289485087058751844e+01,1.618965787726240668e+00,2.041975616955441097e+01
4.291562687221662742e+01,1.450649704899634518e+00,2.332250295905054926e+01
4.293413146623134224e+01,1.282068790387167034e+00,2.750205948854816995e+01
4.295208210560013384e+01,1.093779150021263025e+00,3.214890164888871738e+01
4.296719170320553616e+01,9.052402613323532465e-01,4.338069564481100571e+01
4.298080085991023935e+01,6.926200438724245956e-01,4.955919265115664274e+01
4.299078935998596052e+01,4.797990063954422624e-01,1.028443629861069155e+02
4.299769693353464817e+01,2.399436980201254122e-01,1.282617215233782417e+02
4.299999999999997868e+01,-4.617467877155382668e-17,8.247435965114452756e+02
