x,y,stress
5.999999999999997335e+00,6.845643726858591066e-16,7.920753615971893851e+02
6.002945720476511760e+00,2.112994548365484115e-01,1.143008332501498643e+02
6.011776473015252087e+00,4.224348682078871153e-01,9.753842935368926703e+01
6.024548674375178159e+00,6.098080311744435988e-01,4.459620928106733118e+01
6.041932418707390617e+00,7.968097677727135064e-01,3.985090904876157936e+01
6.061436691814507505e+00,9.642330127612966928e-01,2.899285771249381227e+01
6.084605613806604474e+00,1.131188611901274843e+00,2.477032926588301720e+01
6.110836251863829283e+00,1.294273533962274625e+00,2.057539000145470354e+01
6.140523512068306822e+00,1.456764820133868321e+00,1.774903003421476910e+01
6.173630462451037637e+00,1.618594038793965906e+00,1.536549007281598200e+01
6.210116595577953369e+00,1.779695075927605563e+00,1.347200916577840779e+01
6.249938080052035438e+00,1.940004306281382984e+00,1.188422972980155023e+01
6.293048021170023709e+00,2.099460729658741087e+00,1.055094477240964146e+01
6.339396733677404860e+00,2.258006098416282192e+00,9.410043618130512044e+00
6.388932016300652883e+00,2.415585007332487599e+00,8.425663370936776531e+00
6.441599427985223336e+00,2.572144961108144390e+00,7.567841625485274726e+00
6.497342568568453380e+00,2.727636435069738852e+00,6.814981797543613773e+00
6.556191545710857049e+00,2.882238029416206881e+00,6.148977474672061128e+00
6.618007221571814647e+00,3.035677590786881375e+00,5.558210929896006292e+00
6.682631948868954730e+00,3.187692739633270822e+00,5.031645674009377345e+00
6.750092325711848140e+00,3.338470988248063431e+00,4.561565390173160317e+00
6.820326058797076207e+00,3.487977601162712826e+00,4.124536480582210451e+00
6.893270390792852531e+00,3.636180673992866819e+00,3.745477110524306763e+00
6.968862295718284194e+00,3.783051035617465363e+00,3.399122991982476805e+00
7.047038708648448058e+00,3.928562234960061961e+00,3.086543016615825419e+00
7.127736699710976787e+00,4.072690430809717377e+00,2.802955371156087949e+00
7.210893557620852157e+00,4.215414151558123379e+00,2.546497812989879428e+00
7.296446984865972318e+00,4.356714285903938944e+00,2.314363691732625128e+00
7.384335329611599441e+00,4.496574129527076913e+00,2.104651966912220562e+00
7.474534771425394020e+00,4.635035153975713307e+00,1.915680268089937854e+00
7.566949676734636476e+00,4.772027486382617312e+00,1.746056706959201454e+00
7.662591471648343422e+00,4.909049316719888090e+00,1.593205088760901056e+00
7.760377438777713799e+00,5.044549349482291056e+00,1.458333398420165405e+00
7.859090620323034848e+00,5.176991632177652569e+00,1.342059721009126516e+00
7.959784818966791242e+00,5.307934161612399393e+00,1.242381957735548381e+00
8.062404922297995213e+00,5.437372906698961117e+00,1.159023440610951861e+00
8.166897032890000574e+00,5.565305268923948390e+00,1.091748401656676526e+00
8.273208455568324737e+00,5.691729925721479511e+00,1.040142932806155107e+00
8.381287701250339950e+00,5.816646714749807323e+00,1.003636294598434731e+00
8.491084565647241789e+00,5.940056616246240928e+00,9.812895453577269445e-01
8.602550047445193471e+00,6.061961561364724638e+00,9.719262578858558488e-01
8.715636375548966086e+00,6.182364381531921360e+00,9.740547611443309828e-01
8.830297143909447755e+00,6.301268872480027206e+00,9.861001398071843616e-01
8.947579979577465537e+00,6.419769685089408817e+00,1.006654317905650409e+00
9.066375560259688271e+00,6.536753995235636161e+00,1.034091823846851277e+00
9.189128312493275885e+00,6.654586749105043886e+00,1.067702440429713295e+00
9.313365574850161366e+00,6.770853303524915212e+00,1.105743938825324069e+00
9.435350779946197974e+00,6.882231332780052391e+00,1.145881121240898359e+00
9.558654462820729947e+00,6.992147972891462615e+00,1.188360262954983648e+00
9.683238658839545820e+00,7.100611024892209855e+00,1.232542550688401128e+00
9.809066620225257438e+00,7.207628730008097229e+00,1.277921098049264792e+00
9.936101938540119249e+00,7.313209016303608756e+00,1.324085527193354039e+00
1.006431069319440041e+01,7.417361274911407953e+00,1.370721945708228029e+00
1.019366068010590176e+01,7.520095607034789076e+00,1.417551680307300277e+00
1.032411799472493286e+01,7.621420131602166137e+00,1.464464840938570989e+00
1.045565038002680858e+01,7.721343724108753470e+00,1.510932760622400117e+00
1.058822791203721891e+01,7.819876450658226119e+00,1.558034426137678174e+00
1.072213556632633846e+01,7.917254301539494499e+00,1.604515642077083415e+00
1.085703450872210851e+01,8.013254239193217998e+00,1.650067713618574405e+00
1.100204831816550488e+01,8.114188219172994820e+00,1.698334063309076214e+00
1.114812594113965005e+01,8.213576398429728087e+00,1.745965889445123542e+00
1.128748014821477241e+01,8.306326911609554386e+00,1.790457264462971265e+00
1.142773429743771985e+01,8.397710895829076705e+00,1.834301087826588850e+00
1.156698978426220847e+01,8.486556104902630793e+00,1.876896373362613168e+00
1.170707296257897490e+01,8.574090499888969319e+00,1.918811249421997323e+00
1.184796083267160327e+01,8.660323874029305813e+00,1.960012322092820281e+00
1.198963101509091622e+01,8.745265919693052226e+00,2.000536863515513630e+00
1.213206179389804618e+01,8.828926260959564232e+00,2.040230010384873172e+00
1.227523218983844444e+01,8.911314498910622106e+00,2.079536552437971419e+00
1.241912183750122800e+01,8.992440141491959693e+00,2.118036758037747713e+00
1.256371091149626196e+01,9.072312567872259592e+00,2.155438394430159832e+00
1.270898018962409637e+01,9.150941070086146212e+00,2.192258078383524378e+00
1.285491103531200174e+01,9.228334847041603339e+00,2.228299120675208300e+00
1.300348033916936963e+01,9.305529037034423467e+00,2.264065201775010916e+00
1.315269239871557971e+01,9.381473399344102404e+00,2.299055016445187949e+00
1.331564897394054547e+01,9.462644959808361733e+00,2.336177848583080863e+00
1.347932235505557763e+01,9.542361315486955320e+00,2.372320834307000137e+00
1.363271044286950229e+01,9.615459742842430657e+00,2.405179964258858938e+00
1.378668729266981430e+01,9.687309717245272012e+00,2.437207409516743972e+00
1.393692482914072173e+01,9.755970536164209506e+00,2.467510010217285554e+00
1.408768855208261961e+01,9.823468151693116823e+00,2.497056920224570931e+00
1.423896420846294930e+01,9.889810595060712473e+00,2.526197522628842229e+00
1.439073786041083558e+01,9.955005726863580762e+00,2.553935747276379509e+00
1.454299595212515328e+01,1.001906127291631243e+01,2.581045600633030901e+00
1.469572534166801070e+01,1.008198484149800755e+01,2.607371819069550511e+00
1.484891324139526070e+01,1.014378390188462120e+01,2.633211952926211463e+00
1.500254712948073532e+01,1.020446575406592338e+01,2.657777713781339202e+00
1.515661479604371031e+01,1.026403755374887083e+01,2.681701278231142460e+00
1.531110443058374493e+01,1.032250634987144622e+01,2.704811657640316280e+00
1.546663202874226606e+01,1.038010894774964754e+01,2.727222796673814287e+00
1.562256196407164843e+01,1.043661337529103506e+01,2.748849427485641872e+00
1.579304944936735922e+01,1.049698767822685319e+01,2.771486280221295395e+00
1.596398811904411197e+01,1.055607247449876596e+01,2.793152348254552830e+00
1.613643041356073837e+01,1.061423119879009747e+01,2.813996172430885068e+00
1.630930208598045894e+01,1.067110095991196417e+01,2.833851475101821116e+00
1.646749878207163675e+01,1.072190458686503156e+01,2.851166701268908810e+00
1.662603254718527168e+01,1.077164642110422044e+01,2.867705703499755732e+00
1.678396504735503569e+01,1.082005100199907943e+01,2.883368407568973613e+00
1.694221198654964411e+01,1.086741750630783265e+01,2.898262614710422014e+00
1.710076431870182034e+01,1.091375138230983133e+01,2.912398125708902441e+00
1.725961325648313149e+01,1.095905796454381864e+01,2.925782129510319685e+00
1.741875016392161868e+01,1.100334244520726656e+01,2.938423108973045039e+00
1.757816659967841133e+01,1.104660989006106675e+01,2.950332296537498511e+00
1.773785434583867371e+01,1.108886524842446342e+01,2.961521500288001540e+00
1.789780524431328246e+01,1.113011331273758664e+01,2.972003448486560728e+00
1.805801129297060470e+01,1.117035874876457591e+01,2.981785742305605780e+00
1.821846476738761211e+01,1.120960612778813470e+01,2.990898717163250620e+00
1.838307455273078972e+01,1.124877917143711592e+01,2.999529246642433478e+00
1.854792790328373897e+01,1.128691423015863293e+01,3.007523525408596132e+00
1.873154988335140914e+01,1.132811333459705416e+01,3.015633874945810255e+00
1.891545272500053443e+01,1.136804007183197029e+01,3.022896972382729253e+00
1.909223326569856027e+01,1.140517378813790472e+01,3.029165892635580004e+00
1.926925392375659385e+01,1.144114544889561991e+01,3.034729717416887684e+00
1.943193589473392535e+01,1.147314331719133662e+01,3.039263152994095218e+00
1.959480591735202992e+01,1.150416981824845308e+01,3.043276836780126615e+00
1.975725208671029520e+01,1.153411867366770061e+01,3.046762673449947556e+00
1.991987185857267306e+01,1.156311009280319269e+01,3.049762697716355664e+00
2.008265885814418539e+01,1.159114726642136084e+01,3.052294829287603317e+00
2.024560682232762687e+01,1.161823327663037375e+01,3.054389296366567752e+00
2.040870958095337784e+01,1.164437109499571044e+01,3.056068702526897773e+00
2.057196102730373255e+01,1.166956357952507695e+01,3.057365663288235780e+00
2.073535514760961362e+01,1.169381348109362229e+01,3.058335544665185424e+00
2.089888600861831236e+01,1.171712344279162821e+01,3.058965088124911080e+00
2.106254774822496145e+01,1.173949599995032855e+01,3.059280260658804984e+00
2.122633458187224775e+01,1.176093358234553499e+01,3.059326729822259061e+00
2.139508836020207738e+01,1.178203056138909410e+01,3.059085411675952049e+00
2.156396250579692619e+01,1.180214134670840487e+01,3.058636260279315344e+00
2.175263698498452314e+01,1.182343173516728996e+01,3.057874994922626044e+00
2.194144549809326250e+01,1.184349877037010224e+01,3.056857081757799133e+00
2.212392897942623904e+01,1.186172211805906507e+01,3.055725489309667253e+00
2.230652235530572725e+01,1.187880927764856054e+01,3.054440711130428809e+00
2.247248283823495996e+01,1.189334861572615942e+01,3.053195406026083969e+00
2.263852251321647913e+01,1.190695379445375579e+01,3.051912068658904964e+00
2.280322745694327580e+01,1.191952278050957936e+01,3.050602146369552070e+00
2.296799971323029510e+01,1.193117617969675415e+01,3.049283418988740557e+00
2.313283410401231777e+01,1.194191523803580601e+01,3.047978291982673671e+00
2.329772545126797567e+01,1.195174110056905370e+01,3.046705585769289737e+00
2.346266860892649930e+01,1.196065481442626854e+01,3.045489860189061648e+00
2.362765848579604011e+01,1.196865733028917766e+01,3.044343680043012146e+00
2.379269001165134512e+01,1.197574950068651667e+01,3.043291302042303581e+00
2.395775811656867660e+01,1.198193207975158892e+01,3.042340215576058160e+00
2.412285775417766231e+01,1.198720572482226920e+01,3.041504895603892145e+00
2.428798390647333960e+01,1.199157099671348625e+01,3.040801310206468600e+00
2.445637361018877698e+01,1.199508714416022848e+01,3.040219800760980640e+00
2.462478037147045740e+01,1.199765977563504116e+01,3.039812107365954308e+00
2.481238653659390181e+01,1.199941496393856433e+01,3.039536557545632345e+00
2.500000000000001776e+01,1.199999999999999112e+01,3.039429879154630587e+00
2.518761346340614082e+01,1.199941496393856077e+01,3.039539552634930253e+00
2.537521962852958524e+01,1.199765977563504116e+01,3.039818083956450590e+00
2.554362638981129763e+01,1.199508714416022670e+01,3.040228041273445925e+00
2.571201609352668882e+01,1.199157099671348625e+01,3.040811722465397882e+00
2.587714224582237321e+01,1.198720572482226920e+01,3.041516778331883497e+00
2.604224188343136603e+01,1.198193207975158536e+01,3.042353645497418047e+00
2.620730998834869041e+01,1.197574950068651312e+01,3.043306463445152765e+00
2.637234151420397765e+01,1.196865733028917411e+01,3.044360185083871961e+00
2.653733139107353622e+01,1.196065481442626677e+01,3.045503157352920987e+00
2.670227454873206696e+01,1.195174110056905015e+01,3.046715245592014565e+00
2.686716589598771776e+01,1.194191523803580246e+01,3.047977934248539356e+00
2.703200028676972977e+01,1.193117617969674704e+01,3.049272223372632151e+00
2.719677254305675262e+01,1.191952278050957226e+01,3.050579978233114442e+00
2.736147748678355640e+01,1.190695379445375046e+01,3.051879224408621916e+00
2.752751716176507202e+01,1.189334861572615765e+01,3.053154829036598628e+00
2.769347764469429762e+01,1.187880927764855876e+01,3.054393048223770890e+00
2.787607102057383557e+01,1.186172211805905619e+01,3.055673124383009309e+00
2.805855450190684408e+01,1.184349877037008802e+01,3.056800247438721030e+00
2.824736301501557278e+01,1.182343173516728108e+01,3.057812381546726854e+00
2.843603749420315907e+01,1.180214134670839066e+01,3.058565547668457896e+00
2.860491163979802209e+01,1.178203056138907456e+01,3.059010978453665874e+00
2.877366541812785883e+01,1.176093358234551722e+01,3.059248650686008819e+00
2.893745225177514868e+01,1.173949599995031079e+01,3.059210797008431459e+00
2.910111399138179067e+01,1.171712344279160867e+01,3.058904648336031151e+00
2.926464485239050006e+01,1.169381348109360275e+01,3.058291511432792653e+00
2.942803897269638114e+01,1.166956357952505741e+01,3.057344173580716973e+00
2.959129041904672874e+01,1.164437109499569090e+01,3.056035786571012380e+00
2.975439317767247260e+01,1.161823327663035244e+01,3.054339879205233199e+00
2.991734114185592830e+01,1.159114726642133775e+01,3.052232879285670997e+00
3.008012814142744773e+01,1.156311009280316782e+01,3.049687331265819257e+00
3.024274791328982914e+01,1.153411867366767751e+01,3.046680501819167830e+00
3.040519408264809087e+01,1.150416981824842289e+01,3.043187834787490775e+00
3.056806410526622031e+01,1.147314331719129932e+01,3.039171473175910076e+00
3.073074607624358734e+01,1.144114544889558083e+01,3.034638506404656599e+00
3.090776673430164578e+01,1.140517378813785854e+01,3.029079435840712264e+00
3.108454727499968229e+01,1.136804007183191700e+01,3.022818914922972500e+00
3.126845011664880047e+01,1.132811333459699732e+01,3.015564501997423097e+00
3.145207209671646709e+01,1.128691423015858142e+01,3.007473338980390043e+00
3.161692544726939147e+01,1.124877917143706973e+01,2.999480434312935540e+00
3.178153523261253000e+01,1.120960612778809384e+01,2.990836569157691471e+00
3.194198870702954807e+01,1.117035874876453327e+01,2.981711596436417810e+00
3.210219475568685965e+01,1.113011331273754223e+01,2.971915303284101029e+00
3.226214565416147195e+01,1.108886524842441546e+01,2.961424077172778446e+00
3.242183340032173078e+01,1.104660989006101524e+01,2.950225031636584561e+00
3.258124983607852698e+01,1.100334244520721150e+01,2.938309858631181104e+00
3.274038674351702838e+01,1.095905796454376535e+01,2.925662605907536129e+00
3.289923568129833598e+01,1.091375138230977981e+01,2.912277401920426723e+00
3.305778801345051221e+01,1.086741750630777936e+01,2.898140690073620185e+00
3.321603495264513128e+01,1.082005100199901904e+01,2.883247810906279796e+00
3.337396745281489530e+01,1.077164642110415649e+01,2.867587596579253884e+00
3.353250121792854088e+01,1.072190458686496761e+01,2.851052730606748575e+00
3.369069791401970804e+01,1.067110095991189667e+01,2.833746479016527431e+00
3.386356958643946768e+01,1.061423119879001753e+01,2.813892304142404654e+00
3.403601188095611718e+01,1.055607247449867536e+01,2.793050935663063949e+00
3.420695055063286816e+01,1.049698767822676437e+01,2.771393625577112552e+00
3.437743803592856295e+01,1.043661337529094624e+01,2.748762423036891445e+00
3.453336797125795954e+01,1.038010894774955162e+01,2.727147786451483036e+00
3.468889556941649488e+01,1.032250634987134674e+01,2.704748227944077321e+00
3.484338520395652239e+01,1.026403755374877313e+01,2.681626178866763688e+00
3.499745287051949560e+01,1.020446575406581857e+01,2.657699760475284112e+00
3.515108675860496845e+01,1.014378390188451462e+01,2.632968566910037111e+00
3.530427465833222556e+01,1.008198484149790097e+01,2.607429075699561949e+00
3.545700404787506699e+01,1.001906127291620940e+01,2.581086086430391280e+00
3.560926213958937581e+01,9.955005726863474180e+00,2.553935710840276041e+00
3.576103579153727452e+01,9.889810595060604115e+00,2.525983821009854857e+00
3.591231144791760954e+01,9.823468151693004913e+00,2.497226990096818700e+00
3.606307517085949854e+01,9.755970536164101148e+00,2.467670546988916858e+00
3.621331270733038821e+01,9.687309717245160101e+00,2.437319110877757211e+00
3.636728955713068956e+01,9.615459742842324076e+00,2.405269524401986825e+00
3.652067764494460533e+01,9.542361315486854068e+00,2.372386327881679247e+00
3.668435102605964460e+01,9.462644959808253375e+00,2.336243756744716737e+00
3.684730760128461213e+01,9.381473399343986941e+00,2.299116012797055575e+00
3.699651966083080623e+01,9.305529037034320439e+00,2.264123601195865199e+00
3.714508896468814214e+01,9.228334847041512745e+00,2.228351087942592734e+00
3.729101981037603508e+01,9.150941070086060947e+00,2.192275956460675523e+00
3.743628908850385528e+01,9.072312567872174327e+00,2.155438740615200022e+00
3.758087816249889102e+01,8.992440141491872652e+00,2.117842887129523177e+00
3.772476781016167280e+01,8.911314498910538617e+00,2.079494497045007773e+00
3.786793820610206751e+01,8.828926260959480743e+00,2.040404511057629211e+00
3.801036898490919214e+01,8.745265919692963408e+00,2.000579408536123260e+00
3.815203916732851752e+01,8.660323874029216995e+00,1.960031190463043860e+00
3.829292703742113702e+01,8.574090499888882277e+00,1.918771416685023823e+00
3.843301021573788745e+01,8.486556104902556186e+00,1.876816334929125363e+00
3.857226570256236187e+01,8.397710895829002098e+00,1.834183689181668075e+00
3.871251985178530930e+01,8.306326911609478003e+00,1.790309625864669796e+00
3.885187405886043877e+01,8.213576398429649927e+00,1.745789759781313899e+00
3.899795168183457861e+01,8.114188219172916661e+00,1.698153267099889119e+00
3.914296549127795544e+01,8.013254239193148720e+00,1.649869696693103682e+00
3.927786443367372726e+01,7.917254301539425221e+00,1.604082566829338363e+00
3.941177208796285214e+01,7.819876450658156841e+00,1.557861850549360438e+00
3.954434961997325360e+01,7.721343724108684192e+00,1.511387455859176887e+00
3.967588200527512754e+01,7.621420131602091530e+00,1.464649510688778689e+00
3.980633931989415686e+01,7.520095607034714469e+00,1.417772079744106017e+00
3.993568930680567064e+01,7.417361274911330682e+00,1.370912851487020134e+00
4.006389806145994470e+01,7.313209016303529708e+00,1.324271333059040767e+00
4.019093337977481184e+01,7.207628730008018181e+00,1.278099675949162961e+00
4.031676134116052168e+01,7.100611024892132583e+00,1.232713875375524903e+00
4.044134553717933045e+01,6.992147972891388896e+00,1.188525907781929680e+00
4.056464922005385887e+01,6.882231332779974231e+00,1.146043631687730491e+00
4.068663442514989725e+01,6.770853303524827282e+00,1.105902403125775146e+00
4.081087168750678273e+01,6.654586749104955068e+00,1.067854662007501343e+00
4.093362443974037035e+01,6.536753995235553560e+00,1.034240352650473316e+00
4.105242002042258065e+01,6.419769685089332434e+00,1.006804070898305703e+00
4.116970285609058777e+01,6.301268872479956151e+00,9.862526058556650987e-01
4.128436362445107477e+01,6.182364381531848530e+00,9.742136290633882645e-01
4.139744995255484383e+01,6.061961561364654472e+00,9.720967908693844972e-01
4.150891543435278663e+01,5.940056616246178756e+00,9.814910376018600724e-01
4.161871229874968492e+01,5.816646714749745151e+00,1.003878466605386599e+00
4.172679154443169836e+01,5.691729925721419114e+00,1.040437994102631825e+00
4.183310296711001541e+01,5.565305268923891546e+00,1.092113927122406514e+00
4.193759507770202788e+01,5.437372906698900721e+00,1.159480284718256149e+00
4.204021518103322563e+01,5.307934161612336332e+00,1.242959686682098441e+00
4.214090937967699091e+01,5.176991632177593949e+00,1.342777355512853710e+00
4.223962256122229775e+01,5.044549349482237766e+00,1.459230930144098659e+00
4.233740852835168056e+01,4.909049316719814371e+00,1.594282937658852095e+00
4.243305032326540527e+01,4.772027486382518724e+00,1.747356602332399866e+00
4.252546522857465305e+01,4.635035153975596955e+00,1.917134826376585277e+00
4.261566467038846184e+01,4.496574129526940133e+00,2.106276533108557114e+00
4.270355301513407653e+01,4.356714285903820816e+00,2.315984456319734708e+00
4.278910644237917182e+01,4.215414151558015909e+00,2.548052753579129082e+00
4.287226330028904187e+01,4.072690430809625006e+00,2.804392180966029713e+00
4.295296129135157059e+01,3.928562234959986466e+00,3.087550242220782337e+00
4.303113770428173979e+01,3.783051035617365887e+00,3.400306019476719399e+00
4.310672960920716434e+01,3.636180673992746470e+00,3.746242652850249044e+00
4.317967394120297087e+01,3.487977601162574270e+00,4.129269192070879058e+00
4.324990767428820249e+01,3.338470988247898230e+00,4.554493890931669675e+00
4.331736805113109057e+01,3.187692739633112282e+00,5.027581224339012778e+00
4.338199277842820578e+01,3.035677590786725499e+00,5.555877875287248635e+00
4.344380845428916160e+01,2.882238029416066105e+00,6.148610668885964969e+00
4.350265743143156527e+01,2.727636435069624277e+00,6.816250991994001751e+00
4.355840057201479709e+01,2.572144961108015604e+00,7.570660871797325164e+00
4.361106798369934978e+01,2.415585007332346823e+00,8.430278555196988322e+00
4.366060326632260313e+01,2.258006098416140084e+00,9.416226390523773304e+00
4.370695197882999850e+01,2.099460729658600311e+00,1.055884872554400467e+01
4.375006191994798144e+01,1.940004306281227775e+00,1.189379868549960761e+01
4.378988340442204930e+01,1.779695075927427705e+00,1.348300539363435568e+01
4.382636953754896325e+01,1.618594038793783163e+00,1.537753109699628240e+01
4.385947648793170828e+01,1.456764820133676919e+00,1.776202216107510168e+01
4.388916374813617693e+01,1.294273533962108980e+00,2.058792840476005992e+01
4.391539438619339109e+01,1.131188611901128738e+00,2.478935501913843353e+01
4.393856330818548628e+01,9.642330127611609125e-01,2.899726525323681159e+01
4.395806758129259606e+01,7.968097677725830552e-01,3.989123502461564641e+01
4.397545132562481029e+01,6.098080311743546700e-01,4.463369595992735839e+01
4.398822352698470439e+01,4.224348682078308270e-01,9.744159098346328562e+01
4.399705427952344650e+01,2.112994548365197678e-01,1.151427917744559011e+02
4.399999999999997868e+01,-4.116946942495040338e-17,7.924043399947180433e+02
