x,y,stress
4.999999999999997335e+00,4.481275039928370270e-16,9.593012158758020860e+02
5.004830268222907996e+00,1.758123533431535379e-01,1.277585814873747978e+02
5.019270147929979942e+00,3.510976111791364040e-01,1.139460558735954407e+02
5.041556374855737488e+00,5.154459136613198655e-01,4.698554127236604216e+01
5.072055197828079010e+00,6.784707464985305636e-01,4.302258277080915860e+01
5.110504485293515309e+00,8.398064701318496139e-01,2.926429548010693793e+01
5.156591182588076805e+00,9.991297417299865868e-01,2.445944621832263266e+01
5.209963695119359528e+00,1.156163521410801032e+00,1.956527183520295665e+01
5.270244219574832023e+00,1.310678410276438166e+00,1.638639800866061336e+01
5.337040179204206147e+00,1.462491632018196208e+00,1.362273760473129514e+01
5.409954229025024652e+00,1.611464262891643573e+00,1.169551250828491717e+01
5.488592565934349743e+00,1.757497308874773179e+00,1.006133292945048829e+01
5.572571420833306810e+00,1.900527034330312670e+00,8.732677954064662629e+00
5.661521867425588717e+00,2.040520071587291540e+00,7.623594116386392727e+00
5.755093155411290518e+00,2.177468642000716770e+00,6.693988560799311927e+00
5.852954736962806770e+00,2.311385997888024235e+00,5.906814694639256125e+00
5.954797245853964860e+00,2.442302259867712433e+00,5.236706555773765537e+00
6.060332776643240216e+00,2.570260857376331920e+00,4.662956755490642813e+00
6.169294582498277002e+00,2.695315446600529796e+00,4.169597560580321272e+00
6.281436290000711686e+00,2.817527217535199746e+00,3.743499047871460927e+00
6.396530923421026138e+00,2.936962739069596484e+00,3.374688492064222167e+00
6.514369690669473023e+00,3.053692114585506712e+00,3.054481156875814563e+00
6.634760875225889087e+00,3.167787666870778285e+00,2.776362177604899895e+00
6.757528497456838146e+00,3.279322697848462642e+00,2.534425150767853907e+00
6.882510968893826409e+00,3.388370492322172023e+00,2.324223671081021791e+00
7.009560090676147048e+00,3.495003790990964365e+00,2.141617103407698064e+00
7.138539720963282598e+00,3.599294079686039982e+00,1.983477062698435045e+00
7.269324830964392525e+00,3.701311293045083328e+00,1.846835645111834623e+00
7.401800577654094049e+00,3.801123562134631761e+00,1.729367986964817083e+00
7.535861248745608698e+00,3.898796894980496752e+00,1.628855671630778934e+00
7.671409607319673363e+00,3.994395173293841417e+00,1.543497042114603035e+00
7.808355808759766425e+00,4.087979843429678795e+00,1.471596106634853740e+00
7.946617326824386041e+00,4.179610305322422725e+00,1.411638531700806221e+00
8.086118232165732778e+00,4.269343809884110996e+00,1.362247257803387956e+00
8.226787426528773040e+00,4.357234718766420656e+00,1.322155095795459978e+00
8.369107096684611946e+00,4.443663375881730104e+00,1.290108304669620454e+00
8.512476854716405583e+00,4.528338866007936225e+00,1.265228212777619987e+00
8.656284310415175653e+00,4.610994816011293018e+00,1.246591100573660293e+00
8.801025132123925232e+00,4.692005340660546864e+00,1.233259155883534852e+00
8.946650829812696770e+00,4.771414556209453650e+00,1.224452993633085018e+00
9.093116046356891857e+00,4.849264569154072113e+00,1.219523412770380233e+00
9.240378501958938173e+00,4.925595683585602735e+00,1.217864646773336945e+00
9.388398879544517683e+00,5.000446547352235704e+00,1.218976453876964960e+00
9.537140476093101782e+00,5.073854161781503613e+00,1.222406157389811510e+00
9.686568722010619581e+00,5.145853826051362212e+00,1.227773221032371964e+00
9.836651251836309839e+00,5.216479345176209925e+00,1.234745760755187716e+00
9.987357891478584548e+00,5.285763171712476449e+00,1.243064578922221886e+00
1.014159329287937794e+01,5.355038750571917916e+00,1.252560027809120458e+00
1.029641940617376328e+01,5.422983942013569703e+00,1.263266261070217444e+00
1.045351632136077313e+01,5.490352448972034338e+00,1.274344811132844812e+00
1.061116402386243074e+01,5.556421859460409785e+00,1.286207640566542354e+00
1.076464587115383509e+01,5.619319429629782370e+00,1.298127101658371529e+00
1.091860256857930089e+01,5.681045627394710529e+00,1.310387970127512514e+00
1.107301434375448146e+01,5.741624446523565517e+00,1.322846626504640355e+00
1.122786252751530256e+01,5.801078926392679413e+00,1.335465853715777085e+00
1.138312948313997275e+01,5.859431198702727883e+00,1.348098742566726571e+00
1.153879842462030858e+01,5.916702489015248645e+00,1.360940381314693415e+00
1.169485346990196639e+01,5.972913202953749945e+00,1.373647085914342592e+00
1.185127956691461115e+01,6.028082958587251738e+00,1.386190066812518884e+00
1.200806244865621153e+01,6.082230625840924887e+00,1.398694754380813032e+00
1.216518848864642699e+01,6.135374328831463053e+00,1.411079937853720656e+00
1.232326810859917643e+01,6.187735851550758781e+00,1.423355130971883042e+00
1.248166812450489438e+01,6.239120028400967577e+00,1.435482076314322564e+00
1.265372420024664457e+01,6.293736236944469375e+00,1.448350969718267045e+00
1.282612846977341370e+01,6.347243205871833993e+00,1.461156482070750551e+00
1.299131622600061142e+01,6.397393394389109034e+00,1.473184373089080568e+00
1.315679855961213285e+01,6.446562862703126839e+00,1.484730753635265188e+00
1.331606571155055185e+01,6.492896790101565507e+00,1.495697097279248933e+00
1.347558560336732114e+01,6.538352976885666301e+00,1.506420441878877137e+00
1.363534947792335217e+01,6.582944247202012100e+00,1.516916508806525066e+00
1.379534886903205937e+01,6.626682947397422474e+00,1.527150610522635121e+00
1.395557566414585615e+01,6.669580989412664529e+00,1.537150680427741500e+00
1.411602215839876528e+01,6.711649887692691330e+00,1.546797532277477849e+00
1.427668088835950222e+01,6.752900736482662758e+00,1.556433771316188652e+00
1.443754475292571904e+01,6.793344262185485150e+00,1.565649973475128798e+00
1.459860691631657481e+01,6.832990817130693451e+00,1.574656693835297716e+00
1.475986076894529830e+01,6.871850388692865685e+00,1.583405377382572032e+00
1.492153779763083143e+01,6.909988128909234639e+00,1.591915140316691790e+00
1.508339459138478311e+01,6.947355608227616663e+00,1.600185002197268336e+00
1.525845786730339704e+01,6.986871767844567316e+00,1.608833596438711711e+00
1.543371691790882672e+01,7.025510407004417424e+00,1.617197632873716762e+00
1.561664729410889940e+01,7.064873015100509690e+00,1.625618044501618398e+00
1.579977549390140723e+01,7.103304797485550104e+00,1.633723946472964483e+00
1.596522686756325626e+01,7.137202526989397278e+00,1.640791534602639823e+00
1.613082839833072057e+01,7.170358932161130738e+00,1.647623549515737640e+00
1.629361192871737174e+01,7.202208625161895306e+00,1.654103702147448285e+00
1.645653099987363177e+01,7.233357587664301924e+00,1.660360118841128774e+00
1.661958123436120971e+01,7.263812567103082429e+00,1.666396646564245465e+00
1.678275837913276902e+01,7.293580082722472824e+00,1.672216438248062431e+00
1.694605831881419888e+01,7.322666436713423543e+00,1.677824348655180708e+00
1.710947706321654138e+01,7.351077719998274418e+00,1.683223911473600509e+00
1.727301072429341033e+01,7.378819816020611100e+00,1.688420509358775190e+00
1.743665556023536567e+01,7.405898415565596693e+00,1.693417377835673809e+00
1.760040793381363855e+01,7.432319016339723916e+00,1.698219684855833744e+00
1.776426428400895929e+01,7.458086925192882077e+00,1.702832635600004085e+00
1.793000833255297621e+01,7.483477457142281963e+00,1.707304365820260905e+00
1.809585164381845246e+01,7.508211349991000816e+00,1.711598652511579388e+00
1.827921197737341430e+01,7.534783429985697722e+00,1.716126509140335710e+00
1.846268495842301149e+01,7.560566243843602763e+00,1.720436225354270654e+00
1.865267035014021246e+01,7.586423729964052676e+00,1.724680946845552620e+00
1.884276714285244836e+01,7.611449097698677058e+00,1.728695601723548192e+00
1.901279698856733447e+01,7.633121511936164616e+00,1.732116376240069311e+00
1.918290912369711521e+01,7.654138266186034656e+00,1.735364866976369713e+00
1.934760309196721906e+01,7.673855971481991389e+00,1.738378497705007186e+00
1.951236854006200261e+01,7.692967187866056378e+00,1.741113105229280311e+00
1.967720282207744376e+01,7.711475399197738057e+00,1.743878043799394373e+00
1.984210333274949534e+01,7.729383954442588411e+00,1.746446993946474180e+00
2.000706752598807370e+01,7.746696073139381689e+00,1.748892493202929499e+00
2.017209291009324090e+01,7.763414847925909079e+00,1.751206531763961127e+00
2.033717704715717645e+01,7.779543247368107650e+00,1.753412539455468266e+00
2.050231753055773964e+01,7.795084116586005862e+00,1.755500350045857028e+00
2.066751199277419104e+01,7.810040180867130033e+00,1.757477402409608480e+00
2.083275813144399891e+01,7.824414050485351879e+00,1.759345948061397769e+00
2.099859474254003899e+01,7.838252417120251003e+00,1.761111148828857109e+00
2.116447881957375898e+01,7.851509686927745868e+00,1.762780185991208226e+00
2.134506784274760349e+01,7.865280373142531367e+00,1.764478969946612796e+00
2.152570763357425321e+01,7.878368283370313030e+00,1.766067079104182591e+00
2.172285640165862830e+01,7.891872577135035982e+00,1.767675361248525645e+00
2.192005875289802574e+01,7.904570444135717189e+00,1.769147241486252131e+00
2.210024130316039859e+01,7.915467384811614160e+00,1.770392276047284330e+00
2.228046302207962626e+01,7.925696119592002375e+00,1.771542401732368877e+00
2.244651854539842262e+01,7.934529424846873624e+00,1.772519839489721027e+00
2.261260310413737429e+01,7.942798862482921329e+00,1.773426423837271448e+00
2.277829495661829640e+01,7.950487046215085840e+00,1.774256894050147970e+00
2.294401177567262451e+01,7.957616853520169897e+00,1.775017435578598368e+00
2.310975162884269096e+01,7.964189461285678284e+00,1.775709594913098544e+00
2.327551260146993783e+01,7.970205951791313304e+00,1.776335898554066040e+00
2.344129279387880160e+01,7.975667313478768783e+00,1.776898647497189510e+00
2.360709031751417442e+01,7.980574441644528783e+00,1.777399209225362098e+00
2.377290329895700438e+01,7.984928139301331385e+00,1.777839840563251395e+00
2.393872987139880948e+01,7.988729117591991447e+00,1.778221510106146042e+00
2.410456817747036595e+01,7.991977996478225599e+00,1.778545808447598020e+00
2.427041637175512889e+01,7.994675305270592780e+00,1.778815933043467856e+00
2.444224196328026011e+01,7.996888454617573139e+00,1.779035667973668966e+00
2.461407415183069958e+01,7.998510473729109727e+00,1.779202326868439821e+00
2.480703563855781368e+01,7.999627638886326331e+00,1.779319226653444996e+00
2.500000000000003197e+01,7.999999999999993783e+00,1.779355224454411744e+00
2.519296436144225737e+01,7.999627638886326331e+00,1.779322564450345867e+00
2.538592584816933950e+01,7.998510473729109727e+00,1.779209097294661035e+00
2.555775803671985003e+01,7.996888454617571362e+00,1.779045724630697878e+00
2.572958362824491729e+01,7.994675305270591892e+00,1.778829062053176813e+00
2.589543182252967313e+01,7.991977996478224711e+00,1.778560275900341603e+00
2.606127012860122250e+01,7.988729117591989670e+00,1.778237012370185388e+00
2.622709670104303115e+01,7.984928139301328720e+00,1.777853873537625473e+00
2.639290968248585756e+01,7.980574441644526118e+00,1.777411480154272860e+00
2.655870720612123037e+01,7.975667313478766118e+00,1.776907045570448318e+00
2.672448739853007638e+01,7.970205951791310639e+00,1.776340219341512761e+00
2.689024837115733746e+01,7.964189461285675620e+00,1.775709374320317169e+00
2.705598822432740036e+01,7.957616853520169009e+00,1.775012578309774547e+00
2.722170504338172492e+01,7.950487046215084952e+00,1.774249172822656373e+00
2.738739689586263282e+01,7.942798862482919553e+00,1.773416005365869186e+00
2.755348145460159515e+01,7.934529424846870072e+00,1.772508375691178806e+00
2.771953697792039506e+01,7.925696119591998823e+00,1.771530157727126520e+00
2.789975869683965115e+01,7.915467384811612384e+00,1.770380473720145842e+00
2.807994124710205597e+01,7.904570444135710083e+00,1.769136012687958948e+00
2.827714359834146407e+01,7.891872577135027100e+00,1.767664781774652027e+00
2.847429236642583561e+01,7.878368283370305036e+00,1.766057159102728313e+00
2.865493215725247111e+01,7.865280373142526038e+00,1.764470676099113122e+00
2.883552118042628365e+01,7.851509686927739651e+00,1.762773723196567666e+00
2.900140525746000364e+01,7.838252417120243898e+00,1.761106919486263189e+00
2.916724186855604373e+01,7.824414050485346550e+00,1.759344092896252043e+00
2.933248800722585159e+01,7.810040180867125592e+00,1.757479107406099583e+00
2.949768246944229233e+01,7.795084116586000533e+00,1.755505064005007609e+00
2.966282295284286974e+01,7.779543247368098768e+00,1.753417675356364613e+00
2.982790708990683370e+01,7.763414847925899309e+00,1.751212362769294151e+00
2.999293247401196894e+01,7.746696073139375471e+00,1.748885076163962937e+00
3.015789666725051887e+01,7.729383954442583970e+00,1.746431499560586076e+00
3.032279717792257046e+01,7.711475399197734504e+00,1.743848105901012469e+00
3.048763145993800805e+01,7.692967187866052825e+00,1.741129775425042325e+00
3.065239690803279160e+01,7.673855971481986060e+00,1.738272533423220301e+00
3.081709087630289190e+01,7.654138266186031103e+00,1.735273398381882437e+00
3.098720301143269040e+01,7.633121511936159287e+00,1.732019330028836679e+00
3.115723285714758006e+01,7.611449097698669952e+00,1.728607044703782236e+00
3.134732964985979820e+01,7.586423729964050011e+00,1.724595780655585830e+00
3.153731504157698140e+01,7.560566243843599210e+00,1.720356237367794527e+00
3.172078802262659636e+01,7.534783429985689729e+00,1.716050582649669254e+00
3.190414835618157596e+01,7.508211349990991934e+00,1.711527013593777902e+00
3.206999166744703444e+01,7.483477457142276634e+00,1.707237029106547510e+00
3.223573571599102650e+01,7.458086925192878525e+00,1.702770149559371005e+00
3.239959206618635790e+01,7.432319016339719475e+00,1.698161215896002663e+00
3.256334443976462723e+01,7.405898415565592252e+00,1.693363019110915246e+00
3.272698927570657901e+01,7.378819816020607547e+00,1.688368764003327138e+00
3.289052293678343375e+01,7.351077719998271753e+00,1.683174663070504229e+00
3.305394168118579046e+01,7.322666436713419991e+00,1.677776637149762440e+00
3.321724162086722032e+01,7.293580082722469271e+00,1.672169970098121183e+00
3.338041876563877963e+01,7.263812567103077988e+00,1.666350847504162402e+00
3.354346900012634336e+01,7.233357587664298372e+00,1.660314723286529848e+00
3.370638807128260339e+01,7.202208625161894417e+00,1.654058830599677954e+00
3.386917160166924390e+01,7.170358932161130738e+00,1.647579229401728851e+00
3.403477313243670466e+01,7.137202526989400830e+00,1.640748213458365301e+00
3.420022450609855014e+01,7.103304797485550992e+00,1.633682277097546764e+00
3.438335270589109172e+01,7.064873015100506137e+00,1.625576198329057753e+00
3.456628308209118217e+01,7.025510407004410318e+00,1.617155742755307379e+00
3.474154213269660119e+01,6.986871767844562875e+00,1.608793917094133663e+00
3.491660540861521156e+01,6.947355608227610446e+00,1.600146742060014837e+00
3.507846220236916679e+01,6.909988128909225757e+00,1.591881587953650090e+00
3.524013923105470525e+01,6.871850388692858580e+00,1.583376137214625778e+00
3.540139308368342341e+01,6.832990817130688121e+00,1.574631117550168824e+00
3.556245524707428274e+01,6.793344262185475380e+00,1.565636585685047821e+00
3.572331911164049956e+01,6.752900736482655653e+00,1.556389732389317881e+00
3.588397784160122228e+01,6.711649887692686889e+00,1.546891537763491087e+00
3.604442433585413141e+01,6.669580989412661864e+00,1.537141863928268570e+00
3.620465113096791754e+01,6.626682947397418033e+00,1.527141775535466817e+00
3.636465052207663007e+01,6.582944247202009436e+00,1.516893584962272890e+00
3.652441439663265044e+01,6.538352976885667189e+00,1.506399726761160629e+00
3.668393428844942861e+01,6.492896790101564619e+00,1.495665304422971298e+00
3.684320144038784406e+01,6.446562862703121510e+00,1.484695074154124272e+00
3.700868377399936548e+01,6.397393394389101928e+00,1.473036766404469899e+00
3.717387153022657742e+01,6.347243205871829552e+00,1.461135945145671133e+00
3.734627579975335010e+01,6.293736236944464046e+00,1.448452110760212630e+00
3.751833187549509319e+01,6.239120028400958695e+00,1.435525128176085685e+00
3.767673189140081291e+01,6.187735851550749899e+00,1.423398217366811602e+00
3.783481151135357123e+01,6.135374328831454172e+00,1.411108726565495131e+00
3.799193755134378847e+01,6.082230625840916893e+00,1.398717891432465832e+00
3.814872043308538707e+01,6.028082958587238416e+00,1.386203524318378788e+00
3.830514653009804249e+01,5.972913202953738399e+00,1.373593147587712116e+00
3.846120157537969675e+01,5.916702489015236210e+00,1.360919679355904854e+00
3.861687051686002548e+01,5.859431198702718113e+00,1.348223252112332293e+00
3.877213747248469389e+01,5.801078926392666091e+00,1.335548629762387085e+00
3.892698565624552032e+01,5.741624446523555747e+00,1.322950386708241943e+00
3.908139743142070444e+01,5.681045627394699871e+00,1.310492544837947193e+00
3.923535412884616136e+01,5.619319429629773488e+00,1.298251839237439809e+00
3.938883597613754262e+01,5.556421859460402679e+00,1.286314672022819128e+00
3.954648367863924108e+01,5.490352448972018351e+00,1.274446733982383728e+00
3.970358059382627403e+01,5.422983942013542169e+00,1.263153100160117503e+00
3.985840670712065759e+01,5.355038750571893935e+00,1.252700911916331705e+00
4.001264210852143322e+01,5.285763171712453357e+00,1.243155004810464925e+00
4.016334874816371325e+01,5.216479345176187721e+00,1.234873247418206255e+00
4.031343127798940174e+01,5.145853826051340896e+00,1.227912193558921894e+00
4.046285952390690710e+01,5.073854161781484073e+00,1.222554551521955579e+00
4.061160112045548942e+01,5.000446547352215276e+00,1.219135044137547919e+00
4.075962149804107071e+01,4.925595683585578755e+00,1.218032537147813121e+00
4.090688395364314545e+01,4.849264569154040139e+00,1.219702423770933741e+00
4.105334917018733876e+01,4.771414556209418123e+00,1.224653736630339829e+00
4.119897486787611740e+01,4.692005340660501567e+00,1.233484632046058627e+00
4.134371568958485454e+01,4.610994816011255715e+00,1.246852647312082008e+00
4.148752314528362461e+01,4.528338866007903363e+00,1.265527743761049040e+00
4.163089290331539871e+01,4.443663375881709676e+00,1.290453355854711104e+00
4.177321257347121986e+01,4.357234718766402004e+00,1.322544907615043064e+00
4.191388176783425479e+01,4.269343809884095009e+00,1.362651225246810593e+00
4.205338267317562639e+01,4.179610305322400521e+00,1.412048389468484322e+00
4.219164419124023624e+01,4.087979843429659255e+00,1.471964451029821985e+00
4.232859039268033285e+01,3.994395173293815660e+00,1.543803967125671806e+00
4.246413875125438864e+01,3.898796894980482541e+00,1.629044816555080377e+00
4.259819942234590684e+01,3.801123562134612222e+00,1.729406293666560623e+00
4.273067516903559238e+01,3.701311293045075335e+00,1.846730162948820642e+00
4.286146027903671296e+01,3.599294079686023551e+00,1.983206908245808364e+00
4.299043990932383252e+01,3.495003790990962589e+00,2.141230309219528394e+00
4.311748903110616737e+01,3.388370492322156924e+00,2.323731406861404114e+00
4.324247150254313254e+01,3.279322697848465751e+00,2.534020061244146138e+00
4.336523912477409226e+01,3.167787666870758745e+00,2.776126721267504482e+00
4.348563030933049589e+01,3.053692114585514261e+00,3.054504832248837953e+00
4.360346907657895343e+01,2.936962739069588491e+00,3.375278272920762213e+00
4.371856370999923769e+01,2.817527217535226836e+00,3.744132010005067901e+00
4.383070541750166882e+01,2.695315446600544451e+00,4.169932311921057178e+00
4.393966722335669317e+01,2.570260857376363450e+00,4.662569109702684678e+00
4.404520275414601116e+01,2.442302259867707992e+00,5.235570407312164498e+00
4.414704526303714971e+01,2.311385997888048216e+00,5.903965253726703999e+00
4.424490684458867662e+01,2.177468642000708332e+00,6.692653726435287886e+00
4.433847813257438730e+01,2.040520071587303974e+00,7.607928067148332474e+00
4.442742857916667987e+01,1.900527034330287579e+00,8.761819215468195310e+00
4.451140743406563161e+01,1.757497308874755859e+00,1.009522163493002012e+01
4.459004577097498156e+01,1.611464262891581400e+00,1.172967348358236528e+01
4.466295982079578408e+01,1.462491632018160459e+00,1.373359867449301319e+01
4.472975578042516531e+01,1.310678410276386208e+00,1.634882520226438984e+01
4.479003630488062271e+01,1.156163521410779271e+00,1.950832769345382900e+01
4.484340881741189122e+01,9.991297417299682682e-01,2.446064042111078507e+01
4.488949551470646071e+01,8.398064701318077585e-01,2.932269835747170106e+01
4.492794480217191477e+01,6.784707464984525149e-01,4.303473907605458493e+01
4.495844362514424830e+01,5.154459136612551395e-01,4.722620998587618146e+01
4.498072985206999164e+01,3.510976111790840570e-01,1.136618869395851874e+02
4.499516973177705381e+01,1.758123533431255880e-01,1.289170491821908797e+02
4.499999999999997868e+01,-3.418931986923596947e-17,9.596981735892302368e+02
