x,y,stress
7.999999999999995559e+00,5.077044103953832399e-16,9.616215114133531188e+02
8.003508778671777790e+00,1.828473300839360272e-01,1.487649212913158294e+02
8.014018845010339120e+00,3.654261407215183555e-01,1.196589524375414442e+02
8.029575243205018253e+00,5.306500860349711024e-01,5.596265386684947174e+01
8.050799034746754401e+00,6.952421544137595832e-01,4.913134954347506067e+01
8.077319952035358241e+00,8.574019248075115396e-01,3.517607950053137955e+01
8.109226756529329450e+00,1.018588680733953700e+00,2.961005670836411241e+01
8.146410105031980819e+00,1.178640821567676911e+00,2.428790627484475806e+01
8.188746679646579096e+00,1.337407896400479190e+00,2.077177958326720386e+01
8.236101212880091893e+00,1.494751479582290044e+00,1.787554901664125140e+01
8.288328560138339185e+00,1.650545733987109687e+00,1.561930882086250527e+01
8.345275751978089573e+00,1.804677676375230577e+00,1.375602979162539441e+01
8.406783979508256621e+00,1.957047198360957418e+00,1.221900745907651142e+01
8.472690457501796502e+00,2.107566843708631676e+00,1.087425281244123099e+01
8.542830145327947378e+00,2.256161414085784411e+00,9.777193742235782636e+00
8.617037289127651434e+00,2.402767405299666592e+00,8.818021690685322156e+00
8.695146776146204459e+00,2.547332324152561167e+00,7.986852466867389033e+00
8.776995313551710254e+00,2.689813949150337002e+00,7.259062311110290544e+00
8.862422409971951964e+00,2.830179516474768953e+00,6.620107152392344041e+00
8.951271166460781359e+00,2.968404863910733216e+00,6.055818138351859226e+00
9.043388993914016183e+00,3.104473712000383134e+00,5.556165596445040933e+00
9.138628079521572189e+00,3.238376790636747771e+00,5.112429472554603116e+00
9.236845678404423055e+00,3.370110957132736118e+00,4.717540645928784748e+00
9.337904440189044308e+00,3.499678569868832412e+00,4.365517847397734741e+00
9.441672607003953388e+00,3.627086845840249207e+00,4.051606860818285583e+00
9.548024041661946626e+00,3.752347158234609736e+00,3.771612349779214668e+00
9.656838169352351287e+00,3.875474382447572808e+00,3.522117993224405996e+00
9.767999976917554505e+00,3.996486432219428231e+00,3.300051432589920619e+00
9.881399977899206988e+00,4.115403844058339367e+00,3.102919804686044447e+00
9.996934004566428555e+00,4.232249260746113073e+00,2.928405933359962798e+00
1.011450302923047850e+01,4.347047032774795206e+00,2.774573375389380203e+00
1.023401308116081410e+01,4.459822973245248789e+00,2.639582696500462955e+00
1.035537488663858952e+01,4.570603898230960915e+00,2.521875282754991510e+00
1.047850373788644518e+01,4.679417440401479666e+00,2.419917933738021443e+00
1.060331946672533299e+01,4.786291974289308193e+00,2.332381445107258866e+00
1.072974606167378830e+01,4.891256253245710894e+00,2.257924593139526870e+00
1.085771137809547504e+01,4.994339174507113732e+00,2.195382823864132860e+00
1.098714689908347530e+01,5.095569615700763499e+00,2.143556964781478502e+00
1.111798805824027347e+01,5.194976712769249438e+00,2.101407281065271082e+00
1.125017374554335703e+01,5.292589490477702441e+00,2.067864398470925735e+00
1.138364551488378851e+01,5.388436334994692878e+00,2.042010208716564801e+00
1.151834815838490300e+01,5.482545488079116680e+00,2.022916660898468333e+00
1.165422938823117072e+01,5.574944861093054094e+00,2.009785078587732254e+00
1.179123952513630691e+01,5.665661877712734551e+00,2.001784141079574031e+00
1.192933149425293138e+01,5.754723532945077658e+00,1.998293972413800246e+00
1.206846054348733155e+01,5.842156268176109890e+00,1.998521201178330431e+00
1.220858421609104916e+01,5.927986016056533636e+00,2.002207583912577693e+00
1.235004105767653648e+01,6.012461580238228187e+00,2.008452338764688871e+00
1.249241859878224226e+01,6.095376035998466335e+00,2.018670845949773529e+00
1.263636856967206867e+01,6.177140032699870886e+00,2.029411895713811642e+00
1.278117546406025973e+01,6.257376680331903529e+00,2.041785428696468951e+00
1.292572116563238716e+01,6.335530347069165735e+00,2.055465629601441524e+00
1.307104638559958687e+01,6.412224840182416230e+00,2.070294543658560915e+00
1.321712112653145255e+01,6.487481957680814482e+00,2.085919439472676995e+00
1.336391684018321158e+01,6.561322938308657982e+00,2.102236210021463769e+00
1.351140625690059238e+01,6.633768420308446601e+00,2.118903214035139815e+00
1.365956336955230022e+01,6.704838478993642603e+00,2.136260671250204357e+00
1.380836333796983162e+01,6.774552622477534314e+00,2.153569137209711215e+00
1.395778241572514311e+01,6.842929798217698867e+00,2.170774831079646194e+00
1.410779791696968033e+01,6.909988416651573040e+00,2.187930062274277443e+00
1.425838812119446963e+01,6.975746345170325213e+00,2.205383592904186063e+00
1.441221262067900177e+01,7.041350784424839304e+00,2.222833422703309303e+00
1.456658986697543234e+01,7.105643790474419852e+00,2.239724308444719814e+00
1.472238537560315486e+01,7.168998435985773909e+00,2.256522259120691487e+00
1.487870009930008308e+01,7.231061017526770662e+00,2.272965542520232418e+00
1.503190777461148109e+01,7.290465909489787677e+00,2.288643306850455694e+00
1.518557642386602069e+01,7.348668000512186715e+00,2.303907419774092524e+00
1.533968995093473886e+01,7.405681721860756461e+00,2.318738521170757849e+00
1.549423287577293884e+01,7.461521061147080580e+00,2.333112536048473462e+00
1.564919033559159622e+01,7.516199586374507469e+00,2.347016438976065711e+00
1.580454800837594576e+01,7.569730440970633190e+00,2.360438979362546874e+00
1.596029213165151006e+01,7.622126371901293496e+00,2.373370850307414237e+00
1.611640943292596617e+01,7.673399725994529241e+00,2.385804916978977896e+00
1.627288712307256091e+01,7.723562467449255564e+00,2.397737794522746935e+00
1.642971289151927650e+01,7.772626194246332609e+00,2.409154041614139263e+00
1.658764908657582993e+01,7.820835564715543420e+00,2.420071803095344087e+00
1.674591315297196203e+01,7.867957459750286375e+00,2.430520246046107946e+00
1.691480200935416534e+01,7.916955535227549134e+00,2.441430100837886918e+00
1.708403686018076684e+01,7.964744924113815294e+00,2.451312457551666935e+00
1.724372726932834610e+01,8.008658571138777660e+00,2.460254684097173516e+00
1.740370316274369600e+01,8.051520568887784890e+00,2.468691475935332225e+00
1.756269885703094857e+01,8.093016915667089251e+00,2.476594305450937838e+00
1.772195653299368701e+01,8.133496195925882688e+00,2.484038353375138453e+00
1.788146717879720171e+01,8.172967029389951676e+00,2.491032405759551871e+00
1.804122198889907835e+01,8.211437734930195020e+00,2.497588016054987481e+00
1.820121246685670613e+01,8.248916366792865773e+00,2.503714416609701399e+00
1.836143033689140225e+01,8.285410702905521063e+00,2.509425351636700441e+00
1.852186754923078027e+01,8.320928256203819373e+00,2.514736296975331520e+00
1.868251632826778419e+01,8.355476293972230906e+00,2.519658730124365587e+00
1.884336909697158902e+01,8.389061829139638604e+00,2.524207187922728135e+00
1.900441846517554723e+01,8.421691626420582111e+00,2.528398367427861615e+00
1.916860777353698353e+01,8.453942803809303186e+00,2.532303976741856477e+00
1.933298609421823144e+01,8.485216377404253052e+00,2.535875967431706179e+00
1.950959122146240787e+01,8.517697498836906078e+00,2.539333867713229775e+00
1.968639706117639676e+01,8.549067722395964353e+00,2.542406657207032517e+00
1.985037964471601768e+01,8.577147198742697043e+00,2.544956254892166925e+00
2.001452071439709357e+01,8.604284902544076630e+00,2.547241241677952850e+00
2.017679086589142301e+01,8.630169369193833262e+00,2.549268193615669809e+00
2.033920334427500975e+01,8.655145265983028580e+00,2.551049794236333934e+00
2.050175223820520998e+01,8.679217338495323730e+00,2.552606514470673105e+00
2.066443176907228363e+01,8.702390137677580739e+00,2.553951743268893182e+00
2.082723629789433417e+01,8.724668024934825183e+00,2.555097517687873410e+00
2.099016023673961939e+01,8.746055164324564757e+00,2.556061445352423522e+00
2.115319809589867717e+01,8.766555533996985616e+00,2.556859040404761974e+00
2.131634455391654015e+01,8.786172938363401741e+00,2.557503812512491592e+00
2.147959436702169356e+01,8.804910999615595202e+00,2.558006285634643717e+00
2.164294233999598660e+01,8.822773158426553408e+00,2.558386335754365248e+00
2.180844797634992460e+01,8.839971670504308321e+00,2.558648206413686399e+00
2.197404383859352350e+01,8.856278584147567301e+00,2.558821800996488260e+00
2.215471183097940155e+01,8.873047551512216913e+00,2.558905870773668934e+00
2.233547445400205689e+01,8.888763676588800067e+00,2.558877855965127068e+00
2.250509082230655977e+01,8.902550018379987051e+00,2.558791140554428356e+00
2.267477949119868086e+01,8.915415931592425736e+00,2.558654755169466277e+00
2.283869461137134138e+01,8.926968099399422485e+00,2.558485132279829877e+00
2.300266767295559589e+01,8.937666445248156677e+00,2.558290611373721823e+00
2.316669409522097212e+01,8.947512875940438093e+00,2.558077989869348645e+00
2.333076934277274717e+01,8.956509142569826665e+00,2.557853082203313200e+00
2.349488891660152845e+01,8.964656841528107378e+00,2.557627394794248943e+00
2.365904835540183626e+01,8.971957415980572392e+00,2.557403883854821647e+00
2.382324322905038372e+01,8.978412156777423547e+00,2.557191783983800981e+00
2.398746913370847267e+01,8.984022203387887373e+00,2.556994208600437357e+00
2.415172169108369360e+01,8.988788544868608454e+00,2.556818789656691848e+00
2.431599654332121574e+01,8.992712020538068174e+00,2.556668022470441670e+00
2.448050468387296519e+01,8.995796806655736333e+00,2.556542429420717966e+00
2.464502648319935929e+01,8.998037751868750433e+00,2.556458803345063924e+00
2.482251052964351246e+01,8.999509463087244754e+00,2.556405003495739958e+00
2.499999999999991829e+01,8.999999999999992895e+00,2.556379213590964650e+00
2.517748947035634899e+01,8.999509463087242978e+00,2.556400594459109499e+00
2.535497351680050571e+01,8.998037751868750433e+00,2.556450122590957275e+00
2.551949531612688915e+01,8.995796806655739886e+00,2.556530961885569830e+00
2.568400345667863505e+01,8.992712020538071727e+00,2.556653812896676925e+00
2.584827830891617140e+01,8.988788544868610231e+00,2.556802553056515048e+00
2.601253086629141009e+01,8.984022203387890926e+00,2.556976131041851730e+00
2.617675677094949194e+01,8.978412156777427100e+00,2.557169388773667507e+00
2.634095164459804295e+01,8.971957415980574169e+00,2.557376777062347895e+00
2.650511108339835786e+01,8.964656841528110931e+00,2.557594470220381666e+00
2.666923065722714270e+01,8.956509142569831994e+00,2.557814291943561358e+00
2.683330590477891420e+01,8.947512875940445198e+00,2.558030842555730544e+00
2.699733232704427977e+01,8.937666445248162006e+00,2.558234582321489814e+00
2.716130538862856270e+01,8.926968099399426038e+00,2.558419658966732957e+00
2.732522050880124809e+01,8.915415931592431065e+00,2.558579695263489828e+00
2.749490917769336562e+01,8.902550018379990604e+00,2.558704755791195495e+00
2.766452554599786495e+01,8.888763676588803619e+00,2.558779697370376027e+00
2.784528816902052739e+01,8.873047551512220465e+00,2.558797104436292269e+00
2.802595616140641255e+01,8.856278584147572630e+00,2.558701112374271336e+00
2.819155202365002566e+01,8.839971670504311874e+00,2.558519042099224539e+00
2.835705766000398498e+01,8.822773158426553408e+00,2.558249051216525238e+00
2.852040563297827092e+01,8.804910999615595202e+00,2.557867402047932615e+00
2.868365544608341722e+01,8.786172938363405294e+00,2.557363959620194915e+00
2.884680190410126954e+01,8.766555533996990945e+00,2.556722584440611623e+00
2.900983976326032376e+01,8.746055164324568310e+00,2.555928723189857088e+00
2.917276370210562320e+01,8.724668024934826960e+00,2.554971450884119921e+00
2.933556823092768084e+01,8.702390137677582516e+00,2.553832827055915633e+00
2.949824776179475450e+01,8.679217338495325507e+00,2.552500517817906545e+00
2.966079665572495472e+01,8.655145265983030356e+00,2.550957430004657134e+00
2.982320913410854857e+01,8.630169369193831486e+00,2.549191017822153515e+00
2.998547928560289577e+01,8.604284902544074853e+00,2.547185456052662555e+00
3.014962035528396456e+01,8.577147198742697043e+00,2.544893955324834867e+00
3.031360293882357482e+01,8.549067722395962576e+00,2.542333714202951178e+00
3.049040877853762410e+01,8.517697498836893644e+00,2.539250315687932247e+00
3.066701390578185737e+01,8.485216377404231736e+00,2.535781682786271141e+00
3.083139222646309463e+01,8.453942803809283646e+00,2.532204557375468124e+00
3.099558153482451672e+01,8.421691626420562571e+00,2.528293185694259204e+00
3.115663090302848914e+01,8.389061829139615512e+00,2.524095975691515559e+00
3.131748367173230818e+01,8.355476293972207813e+00,2.519541245323356549e+00
3.147813245076930144e+01,8.320928256203798057e+00,2.514610658759843353e+00
3.163856966310865815e+01,8.285410702905499747e+00,2.509289838877043710e+00
3.179878753314336493e+01,8.248916366792840904e+00,2.503568152971047844e+00
3.195877801110098559e+01,8.211437734930170151e+00,2.497429922519299517e+00
3.211853282120287645e+01,8.172967029389926807e+00,2.490865509452226956e+00
3.227804346700638405e+01,8.133496195925852490e+00,2.483860019511726858e+00
3.243730114296912603e+01,8.093016915667055500e+00,2.476405621697905790e+00
3.259629683725639637e+01,8.051520568887751139e+00,2.468489977090199794e+00
3.275627273067173917e+01,8.008658571138749238e+00,2.460036379708564258e+00
3.291596313981929711e+01,7.964744924113785984e+00,2.451101660744959609e+00
3.308519799064588085e+01,7.916955535227525154e+00,2.441085099910185630e+00
3.325408684702807705e+01,7.867957459750267724e+00,2.430482221919739949e+00
3.341235091342420560e+01,7.820835564715523880e+00,2.420001065086941239e+00
3.357028710848074127e+01,7.772626194246313069e+00,2.409023282862994275e+00
3.372711287692746396e+01,7.723562467449234248e+00,2.397590902616074438e+00
3.388359056707407291e+01,7.673399725994507037e+00,2.385654960863549334e+00
3.403970786834851481e+01,7.622126371901275732e+00,2.373217094533110139e+00
3.419545199162406846e+01,7.569730440970616314e+00,2.360279089351816406e+00
3.435080966440841621e+01,7.516199586374487929e+00,2.346850163221999797e+00
3.450576712422707715e+01,7.461521061147064593e+00,2.332936975231727939e+00
3.466031004906528068e+01,7.405681721860741362e+00,2.318554259207970869e+00
3.481442357613398286e+01,7.348668000512171616e+00,2.303715489173216557e+00
3.496809222538851714e+01,7.290465909489773466e+00,2.288442746171695408e+00
3.512129990069991692e+01,7.231061017526760004e+00,2.272760980810538012e+00
3.527761462439684692e+01,7.168998435985761475e+00,2.256322409155127495e+00
3.543341013302456588e+01,7.105643790474405641e+00,2.239519685276185612e+00
3.558778737932098579e+01,7.041350784424829534e+00,2.222502284092782165e+00
3.574161187880551438e+01,6.975746345170319884e+00,2.205228368594018828e+00
3.589220208303029125e+01,6.909988416651573928e+00,2.188063801080258663e+00
3.604221758427481603e+01,6.842929798217700643e+00,2.170784884352880972e+00
3.619163666203012042e+01,6.774552622477538755e+00,2.153471661102131840e+00
3.634043663044765538e+01,6.704838478993649709e+00,2.136220272254617747e+00
3.648859374309935788e+01,6.633768420308456371e+00,2.119142320393818224e+00
3.663608315981673513e+01,6.561322938308666863e+00,2.102365823256752808e+00
3.678287887346849061e+01,6.487481957680825140e+00,2.086039134400111461e+00
3.692895361440035629e+01,6.412224840182431329e+00,2.070336252728679494e+00
3.707427883436755423e+01,6.335530347069181722e+00,2.055455893451328730e+00
3.721882453593968165e+01,6.257376680331915075e+00,2.041626013450855481e+00
3.736363143032788514e+01,6.177140032699875327e+00,2.029020563261402454e+00
3.750758140121773465e+01,6.095376035998464559e+00,2.018060967635013192e+00
3.764995894232344398e+01,6.012461580238224634e+00,2.009130922535002473e+00
3.779141578390893130e+01,5.927986016056520313e+00,2.002574826881957648e+00
3.793153945651265957e+01,5.842156268176095679e+00,1.998837810107826130e+00
3.807066850574707217e+01,5.754723532945059006e+00,1.998410711487045965e+00
3.820876047486369487e+01,5.665661877712714123e+00,2.001850004140917516e+00
3.834577061176882751e+01,5.574944861093027448e+00,2.009791448232479905e+00
3.848165184161510410e+01,5.482545488079089147e+00,2.022909467174847986e+00
3.861635448511622570e+01,5.388436334994660903e+00,2.041987818518926634e+00
3.874982625445666429e+01,5.292589490477669578e+00,2.067835549964326614e+00
3.888201194175974251e+01,5.194976712769210359e+00,2.101375027233430171e+00
3.901285310091655134e+01,5.095569615700719091e+00,2.143531914959278417e+00
3.914228862190456226e+01,4.994339174507062218e+00,2.195373337605858399e+00
3.927025393832623479e+01,4.891256253245666485e+00,2.257952511694525821e+00
3.939668053327468300e+01,4.786291974289263784e+00,2.332461279528112108e+00
3.952149626211357258e+01,4.679417440401435258e+00,2.420059115346498313e+00
3.964462511336142825e+01,4.570603898230920059e+00,2.522099712476623345e+00
3.976598691883920367e+01,4.459822973245208821e+00,2.639905549022327325e+00
3.988549697076953748e+01,4.347047032774746356e+00,2.775022808846802302e+00
4.000306599543358033e+01,4.232249260746069552e+00,2.928984751326431546e+00
4.011860002210081433e+01,4.115403844058292293e+00,3.103664683456454743e+00
4.023200002308245615e+01,3.996486432219388263e+00,3.300971732694777394e+00
4.034316183064764516e+01,3.875474382447532395e+00,3.523256215018588655e+00
4.045197595833805337e+01,3.752347158234571989e+00,3.772976921993642208e+00
4.055832739299605549e+01,3.627086845840208351e+00,4.053250317272374836e+00
4.066209555981096457e+01,3.499678569868787115e+00,4.367419000220648329e+00
4.076315432159558583e+01,3.370110957132680163e+00,4.719744674440232046e+00
4.086137192047844025e+01,3.238376790636687375e+00,5.114913079974688692e+00
4.095661100608600691e+01,3.104473712000315633e+00,5.558952674573905739e+00
4.104872883353923640e+01,2.968404863910667935e+00,6.058647091867364054e+00
4.113757759002805869e+01,2.830179516474695678e+00,6.622893024940533557e+00
4.122300468644829152e+01,2.689813949150268613e+00,7.261979819124953828e+00
4.130485322385381153e+01,2.547332324152492777e+00,7.989483677772057035e+00
4.138296271087235567e+01,2.402767405299600867e+00,8.821598822602181755e+00
4.145716985467204552e+01,2.256161414085718242e+00,9.780537422678813542e+00
4.152730954249820172e+01,2.107566843708561066e+00,1.089346059060057925e+01
4.159321602049174516e+01,1.957047198360881923e+00,1.219954042544855888e+01
4.165472424802190687e+01,1.804677676375160411e+00,1.374608869290736912e+01
4.171167143986164660e+01,1.650545733987041075e+00,1.561467552408234560e+01
4.176389878711989212e+01,1.494751479582239195e+00,1.788180170783822120e+01
4.181125332035340847e+01,1.337407896400443885e+00,2.078342583362261209e+01
4.185358989496800319e+01,1.178640821567644270e+00,2.432253998910906390e+01
4.189077324347064746e+01,1.018588680733923502e+00,2.963020101751047264e+01
4.192268004796461867e+01,8.574019248074752353e-01,3.527108407356603692e+01
4.194920096525321895e+01,6.952421544137185050e-01,4.912800843202266776e+01
4.197042475679496221e+01,5.306500860349371296e-01,5.614991386409900542e+01
4.198598115498963068e+01,3.654261407214903223e-01,1.195152624021283145e+02
4.199649122132818491e+01,1.828473300839200399e-01,1.492018594076302520e+02
4.199999999999997868e+01,-3.570644618246855524e-17,9.616954069629239257e+02
