x,y,stress
9.999999999999994671e+00,5.075588327188493631e-16,1.075221995533594963e+03
1.000308616983739718e+01,1.825574031476290271e-01,1.610292964102311259e+02
1.001233440415552955e+01,3.649065570395702562e-01,1.332972823537697593e+02
1.002604605208754407e+01,5.301444517176123750e-01,6.259581233477532436e+01
1.004477707632958250e+01,6.948889329931055014e-01,5.493636320870825074e+01
1.006823406326283354e+01,8.574682290198781809e-01,3.971623816584352085e+01
1.009650774792707040e+01,1.019279514787215124e+00,3.349737484812902721e+01
1.012952662035774587e+01,1.180189699805260561e+00,2.766760682129268645e+01
1.016720913437668372e+01,1.340072180595288431e+00,2.377753909267641319e+01
1.020946472574270025e+01,1.498807482081085718e+00,2.058906023298385790e+01
1.025619488633674692e+01,1.656283755071659369e+00,1.809730757547051283e+01
1.030729427476272342e+01,1.812397155639119406e+00,1.604556639972071252e+01
1.036265182546373431e+01,1.967052065976903075e+00,1.434339207286505591e+01
1.042215183167243886e+01,2.120161173408287247e+00,1.284826150044496629e+01
1.048567503181506311e+01,2.271645539791024238e+00,1.164115573851178631e+01
1.055309959949481780e+01,2.421434445620610276e+00,1.058084750247824068e+01
1.062430201983608313e+01,2.569465066880660675e+00,9.663294824175704179e+00
1.069915798160173281e+01,2.715682294255588047e+00,8.829142806993468540e+00
1.077754320018507350e+01,2.860038483633286166e+00,8.124411292586286137e+00
1.085933404950406533e+01,3.002492952786835367e+00,7.491048097948064033e+00
1.094440814560859820e+01,3.143011540576301943e+00,6.929117278526517154e+00
1.103264490830857270e+01,3.281566246068575943e+00,6.427063273938649068e+00
1.112392597500150870e+01,3.418134736225946213e+00,5.978827787431850282e+00
1.121813557828575370e+01,3.552699917265090601e+00,5.577651407375730841e+00
1.131516083345888646e+01,3.685249477976336951e+00,5.218594742276927434e+00
1.141489197091570418e+01,3.815775457455459652e+00,4.897218090136967739e+00
1.151722252107279587e+01,3.944273839801699655e+00,4.609769264891862228e+00
1.162204940116937202e+01,4.070744108770416148e+00,4.352910979954800474e+00
1.172927308496826271e+01,4.195188979389943285e+00,4.123936832383130024e+00
1.183879759254753772e+01,4.317613973993545962e+00,3.920315836761183892e+00
1.195053044085200966e+01,4.438027030218857583e+00,3.739939160188175293e+00
1.206438270802771662e+01,4.556438290948969794e+00,3.580790751441267350e+00
1.218026898185102880e+01,4.672859807872617566e+00,3.441126636457821242e+00
1.229810730321951695e+01,4.787305284918738302e+00,3.319289482894132615e+00
1.241781904377372925e+01,4.899789797381082224e+00,3.213745820815361753e+00
1.253932878381630722e+01,5.010329552352985161e+00,3.123078818559554826e+00
1.266256446639423494e+01,5.118941922261268651e+00,3.045909508194839965e+00
1.278745704385088722e+01,5.225645035391956128e+00,2.980984263333017026e+00
1.291394042108189844e+01,5.330457671508436412e+00,2.927075332847056455e+00
1.304195045714133627e+01,5.433398421521615340e+00,2.883020303073950963e+00
1.317142759741728320e+01,5.534487778473187625e+00,2.847784321832429910e+00
1.330231618762440249e+01,5.633747388128700351e+00,2.820199126516822474e+00
1.343455883095008829e+01,5.731195809208438519e+00,2.799544045213442800e+00
1.356810148226719548e+01,5.826852551840751460e+00,2.784955469166884523e+00
1.370289476060942491e+01,5.920738869064253507e+00,2.775681374860697215e+00
1.383889037620935802e+01,6.012875144858909948e+00,2.771022875372771477e+00
1.397604206246917791e+01,6.103281617372611656e+00,2.770339651998348529e+00
1.411430625583923515e+01,6.191978828694597148e+00,2.773026809942936044e+00
1.425364001255079494e+01,6.278986297743791134e+00,2.778593304956066934e+00
1.439400216798761356e+01,6.364323341522293731e+00,2.786491492720903906e+00
1.453535464877054295e+01,6.448009860590864228e+00,2.796489877660575996e+00
1.467766037845699501e+01,6.530065061353403699e+00,2.807825915771177350e+00
1.482088380362316293e+01,6.610507820571514870e+00,2.821499074825716047e+00
1.496499083200913205e+01,6.689356677543972118e+00,2.835346451456792760e+00
1.510994888827546134e+01,6.766629888112061231e+00,2.849886035322229283e+00
1.525572671081580367e+01,6.842345336479949580e+00,2.865089092475211707e+00
1.540229428027292258e+01,6.916520524823629223e+00,2.880733013767962536e+00
1.554962282221821113e+01,6.989172599897500504e+00,2.896574204467585734e+00
1.569768469228263008e+01,7.060318319289191180e+00,2.912544241955965063e+00
1.584746229659150174e+01,7.130440329430358659e+00,2.928475904826464138e+00
1.599793027960608782e+01,7.199068458467396958e+00,2.944559070697852832e+00
1.614804575668636488e+01,7.265772236090355385e+00,2.960248170510734855e+00
1.629879415144785781e+01,7.331033081442472898e+00,2.975310444542577315e+00
1.645015279870327518e+01,7.394865828425307264e+00,2.989995698327926110e+00
1.660209989615720261e+01,7.457284933842598385e+00,3.004601670604178931e+00
1.675461446941632815e+01,7.518304481911791015e+00,3.018915125700735835e+00
1.690767625461549173e+01,7.577938156514539614e+00,3.032025337250435992e+00
1.706126571462411334e+01,7.636199268001790941e+00,3.044826468012727716e+00
1.721536406544450770e+01,7.693100780044016318e+00,3.057027978787802081e+00
1.736995314460533280e+01,7.748655276524663016e+00,3.068645925188260293e+00
1.752501543082593471e+01,7.802874986094513687e+00,3.079661210323285214e+00
1.768149337667105314e+01,7.856093551476109660e+00,3.090130489519828938e+00
1.783841656720796820e+01,7.907984584245033588e+00,3.099984564652754848e+00
1.799735934944357751e+01,7.959063299842693340e+00,3.109324140264744685e+00
1.815672390167452477e+01,8.008810523863788333e+00,3.117995151937598131e+00
1.831392654673179621e+01,8.056470184882504881e+00,3.125918556156662920e+00
1.847150813251999324e+01,8.102861581999844631e+00,3.133224455987266843e+00
1.862945473408609587e+01,8.147994543774501608e+00,3.139936141030815531e+00
1.878775288957182710e+01,8.191878594195083352e+00,3.146031161267040410e+00
1.894638954540343079e+01,8.234522947143910088e+00,3.151585362078103802e+00
1.910535196283133530e+01,8.275936492412521162e+00,3.156274246792458271e+00
1.926462777476493926e+01,8.316127822351022658e+00,3.161059805696723402e+00
1.942420499787644061e+01,8.355105243738451648e+00,3.164915881249242613e+00
1.958407193920508149e+01,8.392876763452795430e+00,3.168380287713341570e+00
1.974421724518105847e+01,8.429450109484792009e+00,3.171359247522119063e+00
1.990592491498354022e+01,8.465113327661786258e+00,3.173953570394981494e+00
2.006789314872322905e+01,8.499573867126038351e+00,3.176119953408524044e+00
2.023401189476457418e+01,8.533623418986307385e+00,3.177924816980783440e+00
2.040038127461523132e+01,8.566426485366712029e+00,3.179318561293649203e+00
2.056177548827493595e+01,8.597021504339055653e+00,3.180319061778485334e+00
2.072338476156906495e+01,8.626459433444942704e+00,3.181002776109496555e+00
2.088519948907296353e+01,8.654746098638526064e+00,3.181388121654701973e+00
2.104721032107356393e+01,8.681887084701234159e+00,3.181501804520283638e+00
2.120940810313368274e+01,8.707887729277867805e+00,3.181368241089234328e+00
2.137178380244571940e+01,8.732753116891009526e+00,3.181013907547858732e+00
2.153432856866027123e+01,8.756488094595821892e+00,3.180464330245578175e+00
2.169703375011912527e+01,8.779097278352322675e+00,3.179745115216053630e+00
2.185989083480562556e+01,8.800585048452083115e+00,3.178879169352221368e+00
2.202289144153080258e+01,8.820955552954119483e+00,3.177892736251020089e+00
2.218617221010336493e+01,8.840229314942563477e+00,3.176806521148006546e+00
2.234958036347225985e+01,8.858391460649661653e+00,3.175658337149978472e+00
2.252120486837207380e+01,8.876260862004356156e+00,3.174399098284249376e+00
2.269295170954265473e+01,8.892913479101162366e+00,3.173081883830096928e+00
2.285700321184804551e+01,8.907677773457528758e+00,3.171825110071838871e+00
2.302115022682539802e+01,8.921339321372904863e+00,3.170587455485008199e+00
2.318494028514254524e+01,8.933868197110392373e+00,3.169383067239595508e+00
2.334881020388178996e+01,8.945305249827429250e+00,3.168222523908664545e+00
2.351275254742558118e+01,8.955652639832109685e+00,3.167128139726260283e+00
2.367675992311225031e+01,8.964912317006254128e+00,3.166106841731735067e+00
2.384082500951494055e+01,8.973086024491024659e+00,3.165176380610063678e+00
2.400494053157636642e+01,8.980175298709268006e+00,3.164342896290665674e+00
2.416909925806857018e+01,8.986181470710500108e+00,3.163623095213187852e+00
2.433329400250756791e+01,8.991105667305141935e+00,3.163019590105654810e+00
2.449751760521141719e+01,8.994948811385967247e+00,3.162540393538490147e+00
2.466176293528659969e+01,8.997711622834961176e+00,3.162196758470822822e+00
2.483087759681073692e+01,8.999427934073706226e+00,3.161985533315120556e+00
2.500000000000003908e+01,8.999999999999994671e+00,3.161910013186949975e+00
2.516912240318935190e+01,8.999427934073704449e+00,3.161984750266216615e+00
2.533823706471346071e+01,8.997711622834961176e+00,3.162195212215769047e+00
2.550248239478864676e+01,8.994948811385965470e+00,3.162539000717239368e+00
2.566670599749249959e+01,8.991105667305140159e+00,3.163018650928564046e+00
2.583090074193150087e+01,8.986181470710496555e+00,3.163623842939896846e+00
2.599505946842369752e+01,8.980175298709262677e+00,3.164345165645260582e+00
2.615917499048512695e+01,8.973086024491019330e+00,3.165177349979148236e+00
2.632324007688782075e+01,8.964912317006248799e+00,3.166106403523069712e+00
2.648724745257448632e+01,8.955652639832104356e+00,3.167122325542908623e+00
2.665118979611827754e+01,8.945305249827422145e+00,3.168210331405026281e+00
2.681505971485752227e+01,8.933868197110385267e+00,3.169360019396482819e+00
2.697884977317467303e+01,8.921339321372897757e+00,3.170553260155423825e+00
2.714299678815202554e+01,8.907677773457519876e+00,3.171778028552307838e+00
2.730704829045740922e+01,8.892913479101151708e+00,3.173020981640445548e+00
2.747879513162800080e+01,8.876260862004345498e+00,3.174324855269896162e+00
2.765041963652780765e+01,8.858391460649652771e+00,3.175570120311533184e+00
2.781382778989670967e+01,8.840229314942552818e+00,3.176706167077310905e+00
2.797710855846926847e+01,8.820955552954107048e+00,3.177779592337384607e+00
2.814010916519445615e+01,8.800585048452068904e+00,3.178757378329491345e+00
2.830296624988096355e+01,8.779097278352308464e+00,3.179615062534324466e+00
2.846567143133982114e+01,8.756488094595805904e+00,3.180332475603059983e+00
2.862821619755437652e+01,8.732753116890991762e+00,3.180879955725904651e+00
2.879059189686640963e+01,8.707887729277848265e+00,3.181238998000619489e+00
2.895278967892651778e+01,8.681887084701216395e+00,3.181377799182010691e+00
2.911480051092712529e+01,8.654746098638506524e+00,3.181275435039632615e+00
2.927661523843102032e+01,8.626459433444923164e+00,3.180901799463668134e+00
2.943822451172516352e+01,8.597021504339032560e+00,3.180234183206833265e+00
2.959961872538486816e+01,8.566426485366687160e+00,3.179251044858741881e+00
2.976598810523551464e+01,8.533623418986284292e+00,3.177878405268399042e+00
2.993210685127684556e+01,8.499573867126018811e+00,3.176092695532144461e+00
3.009407508501653439e+01,8.465113327661764941e+00,3.173939909480356203e+00
3.025578275481901258e+01,8.429450109484770692e+00,3.171361370974344229e+00
3.041592806079497535e+01,8.392876763452775890e+00,3.168352426005129452e+00
3.057579500212360912e+01,8.355105243738433884e+00,3.164875805411517362e+00
3.073537222523512469e+01,8.316127822351001342e+00,3.160909186061710230e+00
3.089464803716874286e+01,8.275936492412494516e+00,3.156429145837511996e+00
3.105361045459662961e+01,8.234522947143888771e+00,3.151419760735645781e+00
3.121224711042821554e+01,8.191878594195065588e+00,3.145858208382604992e+00
3.137054526591396098e+01,8.147994543774482068e+00,3.139733161539088879e+00
3.152849186748006005e+01,8.102861581999823315e+00,3.133024046411703178e+00
3.168607345326824998e+01,8.056470184882483565e+00,3.125721922012721254e+00
3.184327609832552142e+01,8.008810523863767017e+00,3.117814489522004351e+00
3.200264065055645091e+01,7.959063299842673800e+00,3.109155573368937997e+00
3.216158343279205667e+01,7.907984584245016713e+00,3.099846425070969858e+00
3.231850662332896462e+01,7.856093551476091896e+00,3.089997773364181910e+00
3.247498456917409015e+01,7.802874986094495036e+00,3.079517164135780138e+00
3.263004685539468852e+01,7.748655276524646141e+00,3.068481262774969576e+00
3.278463593455550296e+01,7.693100780044000331e+00,3.056834237679760147e+00
3.293873428537590087e+01,7.636199268001771401e+00,3.044591865365492644e+00
3.309232374538453314e+01,7.577938156514518298e+00,3.031767314615831044e+00
3.324538553058369672e+01,7.518304481911769699e+00,3.018390854678914881e+00
3.339790010384281516e+01,7.457284933842577068e+00,3.004486497424191160e+00
3.354984720129673548e+01,7.394865828425286836e+00,2.990097646543282917e+00
3.370120584855215640e+01,7.331033081442454247e+00,2.975264573683221947e+00
3.385195424331364933e+01,7.265772236090335845e+00,2.960048547730486757e+00
3.400206972039393349e+01,7.199068458467374754e+00,2.944510041648542575e+00
3.415253770340851958e+01,7.130440329430334678e+00,2.928625117802058586e+00
3.430231530771739301e+01,7.060318319289166311e+00,2.912582732958519216e+00
3.445037717778181019e+01,6.989172599897477411e+00,2.896604010458425194e+00
3.459770571972710229e+01,6.916520524823604354e+00,2.880702673480301179e+00
3.474427328918421409e+01,6.842345336479928264e+00,2.865022769208288356e+00
3.489005111172453866e+01,6.766629888112043467e+00,2.849726167254517772e+00
3.503500916799088571e+01,6.689356677543948138e+00,2.835002827634584222e+00
3.517911619637686016e+01,6.610507820571486448e+00,2.821067274540858261e+00
3.532233962154302276e+01,6.530065061353377942e+00,2.808165464419666524e+00
3.546464535122947126e+01,6.448009860590840248e+00,2.796579431408034555e+00
3.560599783201239887e+01,6.364323341522270638e+00,2.786624162296769569e+00
3.574635998744921750e+01,6.278986297743768041e+00,2.778666174798531063e+00
3.588569374416078261e+01,6.191978828694569614e+00,2.773106409604852107e+00
3.602395793753083808e+01,6.103281617372583234e+00,2.770413589236250029e+00
3.616110962379066507e+01,6.012875144858877974e+00,2.771090260388957116e+00
3.629710523939060351e+01,5.920738869064216203e+00,2.775726007024548192e+00
3.643189851773282584e+01,5.826852551840718597e+00,2.784944933091829444e+00
3.656544116904992592e+01,5.731195809208406544e+00,2.799470620689159084e+00
3.669768381237562238e+01,5.633747388128664824e+00,2.820055701442607088e+00
3.682857240258274345e+01,5.534487778473144992e+00,2.847572766387290510e+00
3.695804954285869570e+01,5.433398421521568267e+00,2.882913923354481600e+00
3.708605957891813887e+01,5.330457671508384010e+00,2.927100367548265414e+00
3.721254295614915719e+01,5.225645035391897508e+00,2.981155503635110726e+00
3.733743553360581302e+01,5.118941922261204702e+00,3.046255142833382834e+00
3.746067121618373363e+01,5.010329552352922988e+00,3.123563165372069683e+00
3.758218095622630983e+01,4.899789797381020939e+00,3.214399946588366586e+00
3.770189269678052568e+01,4.787305284918676129e+00,3.320057657316698663e+00
3.781973101814900673e+01,4.672859807872552729e+00,3.442036678296433561e+00
3.793561729197232779e+01,4.556438290948897851e+00,3.581810196193065288e+00
3.804946955914803652e+01,4.438027030218782976e+00,3.741091797021499410e+00
3.816120240745249959e+01,4.317613973993477572e+00,3.921577337476060077e+00
3.827072691503176571e+01,4.195188979389880224e+00,4.125327889515139290e+00
3.837795059883065818e+01,4.070744108770353087e+00,4.354427896594628145e+00
3.848277747892723255e+01,3.944273839801630377e+00,4.611437409484936190e+00
3.858510802908431714e+01,3.815775457455396591e+00,4.899011508046093866e+00
3.868483916654113841e+01,3.685249477976273003e+00,5.220515192408285543e+00
3.878186442171426762e+01,3.552699917265019991e+00,5.579535329192810700e+00
3.887607402499851617e+01,3.418134736225867165e+00,5.980652361380254689e+00
3.896735509169145217e+01,3.281566246068491122e+00,6.428895748972586865e+00
3.905559185439143732e+01,3.143011540576207352e+00,6.930759955979261200e+00
3.914066595049595776e+01,3.002492952786746550e+00,7.493604253076895816e+00
3.922245679981494249e+01,2.860038483633206230e+00,8.127004801807300893e+00
3.930084201839827784e+01,2.715682294255514773e+00,8.842154927035183576e+00
3.937569798016392753e+01,2.569465066880590953e+00,9.653822870107084952e+00
3.944690040050518576e+01,2.421434445620546327e+00,1.057981191290974721e+01
3.951432496818493689e+01,2.271645539790962065e+00,1.164432830333195135e+01
3.957784816832754871e+01,2.120161173408246835e+00,1.287718536862259100e+01
3.963734817453624260e+01,1.967052065976890196e+00,1.432138332652314716e+01
3.969270572523725349e+01,1.812397155639107416e+00,1.602888060447984131e+01
3.974380511366322821e+01,1.656283755071650043e+00,1.808965812410979623e+01
3.979053527425727310e+01,1.498807482081072617e+00,2.058631772310156904e+01
3.983279086562329496e+01,1.340072180595268003e+00,2.378343360899591019e+01
3.987047337964222748e+01,1.180189699805246573e+00,2.766615097729834361e+01
3.990349225207290118e+01,1.019279514787210905e+00,3.353274399867474642e+01
3.993176593673714336e+01,8.574682290198726298e-01,3.963296491682290679e+01
3.995522292367039086e+01,6.948889329931007275e-01,5.514063704382618170e+01
3.997395394791242751e+01,5.301444517175887272e-01,6.204227869149158892e+01
3.998766559584444735e+01,3.649065570395311209e-01,1.341854514735319412e+02
3.999691383016257618e+01,1.825574031476078773e-01,1.613531624785487111e+02
3.999999999999997868e+01,-3.567861301759423787e-17,1.076532158310208388e+03
