x,y,stress
2.999999999999998668e+00,3.405901678525715003e-13,8.843275353645705081e+02
3.002787209986794270e+00,2.387624383324737365e-01,1.145205749534554656e+02
3.011144885991634990e+00,4.773948424045498240e-01,1.044226224201360083e+02
3.023239226437220761e+00,6.892726251443334062e-01,4.343575272068026294e+01
3.039711126499972327e+00,9.008551186669747635e-01,3.947577929865577318e+01
3.058006342040739955e+00,1.088544521336587190e+00,2.726417655990381306e+01
3.079727756193709975e+00,1.275868340200471795e+00,2.283994328064977708e+01
3.102076895815572666e+00,1.443292291924763715e+00,1.850310414643249857e+01
3.127144383963058605e+00,1.610330878170903146e+00,1.560205140769628684e+01
3.154243547740419817e+00,1.773110757720496089e+00,1.314847031878727535e+01
3.183903580970694147e+00,1.935443567699001166e+00,1.119083008692841297e+01
3.216105577480595112e+00,2.097291322975266770e+00,9.545058000406164922e+00
3.250829238412558997e+00,2.258616886542534896e+00,8.172011590930592817e+00
3.288052937645984830e+00,2.419384023334734568e+00,7.010782591960358801e+00
3.327753788975472471e+00,2.579557444091052698e+00,6.026752180414373328e+00
3.369907717360058452e+00,2.739102851634966029e+00,5.188535891431576452e+00
3.414489526058587021e+00,2.897986959970602960e+00,4.472743874175965750e+00
3.461472972389272318e+00,3.056177537868522087e+00,3.859795325352879392e+00
3.510830843764674025e+00,3.213643441971274051e+00,3.333689764759197871e+00
3.562848598067444694e+00,3.371281682479747577e+00,2.879217147551753619e+00
3.617211120637664923e+00,3.528126783213440198e+00,2.487847399105405977e+00
3.677554893256408608e+00,3.694003489219460423e+00,2.131164973259218165e+00
3.740478462908919166e+00,3.858918885538748622e+00,1.827116214719871623e+00
3.801988852646478900e+00,4.013142861725710553e+00,1.581620893481656687e+00
3.865716186178227876e+00,4.166464087240208336e+00,1.367804744475814793e+00
3.931217369765312331e+00,4.317928140391313008e+00,1.174660407166471465e+00
3.998843753891873742e+00,4.468455363279927539e+00,1.018080137989152867e+00
4.068562583928579279e+00,4.618024946298668887e+00,8.801065683646378535e-01
4.140340858500267451e+00,4.766617217215532776e+00,7.628856399912140596e-01
4.214145374138852596e+00,4.914213590123490683e+00,6.636863110951186639e-01
4.289942773370562179e+00,5.060796530193731435e+00,5.819285278100869707e-01
4.367699629551257345e+00,5.206349592085774525e+00,5.172569522507530770e-01
4.447382449710755914e+00,5.350857304080379073e+00,4.698160528911183853e-01
4.528957743052903773e+00,5.494305185791611201e+00,4.396444516272052794e-01
4.612392122266872008e+00,5.636679817076263532e+00,4.263184731801867300e-01
4.699647263398109232e+00,5.781226335336250521e+00,4.286113513181425971e-01
4.788778165259331310e+00,5.924623848305568430e+00,4.446581184994347069e-01
4.885891528680006424e+00,6.076321420561896502e+00,4.738426686601677762e-01
4.985056851583212989e+00,6.226685676089817711e+00,5.119717199936020258e-01
5.078508409579544747e+00,6.364478659010103456e+00,5.532414347756834383e-01
5.173644051794984655e+00,6.501114368619260730e+00,5.988369517675843356e-01
5.269567758027698723e+00,6.635392176345571436e+00,6.472513848212221310e-01
5.367082187024421636e+00,6.768519297330284346e+00,6.982722218594615837e-01
5.466156172923020584e+00,6.900489966637458394e+00,7.514626139302252872e-01
5.566758883735656305e+00,7.031299040064786787e+00,8.065298188215097586e-01
5.668859887259846353e+00,7.160942031509567762e+00,8.632826649985649858e-01
5.772429178736415700e+00,7.289415097227769813e+00,9.215766043160580345e-01
5.877437189088229097e+00,7.416714997738282023e+00,9.813260254192415211e-01
5.983854727844879484e+00,7.542838987027822739e+00,1.042448816649446774e+00
6.091653029130275065e+00,7.667784833256103383e+00,1.104898358549468718e+00
6.200803859412661545e+00,7.791550905095266266e+00,1.168625632031536021e+00
6.313341251826147804e+00,7.916398999090011657e+00,1.234799511307028697e+00
6.427224058972019982e+00,8.040021099919853143e+00,1.302230250328584527e+00
6.553900893579318598e+00,8.174469078865632454e+00,1.377696375196270751e+00
6.682131465779263202e+00,8.307436027473872997e+00,1.454537242849129886e+00
6.803910171670753293e+00,8.430932429077783397e+00,1.527939488588961003e+00
6.926997175708966559e+00,8.553124943099955857e+00,1.602478728790375673e+00
7.045297722236704807e+00,8.668177036312062711e+00,1.674437107886820542e+00
7.164732147824198982e+00,8.782051644301379412e+00,1.747350887988720514e+00
7.285276375547108607e+00,8.894750466234174979e+00,1.821178908703762866e+00
7.406907134328513997e+00,9.006275792797275415e+00,1.895879057114338684e+00
7.529601608267818769e+00,9.116630148460270533e+00,1.971411893923949110e+00
7.653337107744216716e+00,9.225815991486992829e+00,2.047733126213668431e+00
7.778091517880336703e+00,9.333836113632452580e+00,2.124798704961716300e+00
7.903843245732481648e+00,9.440693573561050655e+00,2.202568580188462022e+00
8.030571174372683529e+00,9.546391642280099177e+00,2.280998220104994978e+00
8.158254473423490083e+00,9.650933637237896434e+00,2.360049469617135021e+00
8.286878852261271078e+00,9.754327905492285566e+00,2.439684168460956482e+00
8.416418448280458264e+00,9.856573210156241771e+00,2.519867729303000736e+00
8.555371865475864368e+00,9.964212433721300499e+00,2.605814283124671782e+00
8.695318324374429864e+00,1.007055738214218543e+01,2.692289514016740437e+00
8.848329864909420195e+00,1.018453689003652407e+01,2.786693564162375569e+00
9.002456855288357929e+00,1.029700349575652929e+01,2.881577059634460980e+00
9.143732696615481714e+00,1.039809136181369276e+01,2.968366067771809114e+00
9.285890192858127890e+00,1.049793559182828062e+01,3.055481134145360045e+00
9.421730291511284605e+00,1.059163481713262733e+01,3.138490557226193189e+00
9.558331530118019614e+00,1.068422089465771663e+01,3.221716581965052395e+00
9.695677617522221681e+00,1.077569830463031053e+01,3.305108660386267605e+00
9.833752701428094767e+00,1.086607163154237732e+01,3.388632165720768974e+00
9.972541255701699470e+00,1.095534548473306380e+01,3.472244870181548038e+00
1.011202801300617260e+01,1.104352445498867930e+01,3.555910717006388388e+00
1.025219804215804587e+01,1.113061316446054505e+01,3.639591338212246452e+00
1.039303677023021955e+01,1.121661627787414695e+01,3.723246546089816533e+00
1.053452992775523001e+01,1.130153846649906768e+01,3.806838395320714330e+00
1.067666351219501664e+01,1.138538438611214865e+01,3.890323490592441757e+00
1.081942542055635315e+01,1.146815961644233539e+01,3.973666672387849097e+00
1.096280067191306706e+01,1.154986788235230932e+01,4.056829374680850364e+00
1.111591273505787036e+01,1.163558477368373545e+01,4.145000223125171246e+00
1.126968799566948753e+01,1.172010613998535788e+01,4.232864081318921556e+00
1.144158566908524932e+01,1.181277106794935960e+01,4.330213439490612437e+00
1.161426570977399741e+01,1.190396979066333216e+01,4.426993760271062506e+00
1.177739423560529630e+01,1.198842475296777188e+01,4.517482881177210530e+00
1.194118133341078902e+01,1.207159533836933996e+01,4.607360100916817913e+00
1.209029303099358010e+01,1.214592573972317524e+01,4.688280482654947789e+00
1.223992202113699790e+01,1.221920925773424926e+01,4.768616083598446131e+00
1.238862217640657271e+01,1.229076608752872524e+01,4.847518968822129182e+00
1.253780799715260486e+01,1.236130479009020533e+01,4.925725764233586546e+00
1.268746894625102151e+01,1.243082971692343719e+01,5.003158319785988795e+00
1.283759471630055060e+01,1.249934518829381425e+01,5.079777732928304701e+00
1.298817520982792928e+01,1.256685548420699838e+01,5.155396402027847991e+00
1.313920048743266911e+01,1.263336482219150447e+01,5.230314965168775920e+00
1.329066080140282935e+01,1.269887737398028627e+01,5.304455287481820491e+00
1.344254662779111520e+01,1.276339727976138683e+01,5.376839008642238404e+00
1.359484864709646246e+01,1.282692863955308127e+01,5.448352352944588972e+00
1.374755763274466069e+01,1.288947546791706067e+01,5.518608156690848254e+00
1.390336610587653787e+01,1.295211788653899276e+01,5.588788066917008912e+00
1.405957736084663878e+01,1.301374903161921992e+01,5.657627175869556879e+00
1.423376317758485321e+01,1.308110685363321224e+01,5.732357477755508413e+00
1.440842350645314696e+01,1.314722452569101385e+01,5.805407480605731863e+00
1.459625137519800298e+01,1.321676037078406019e+01,5.882137785452926870e+00
1.478459651388346074e+01,1.328488271328391157e+01,5.955261997198948443e+00
1.495502736001221500e+01,1.334516101121068665e+01,6.019440413826026237e+00
1.512585767875151532e+01,1.340429771954551263e+01,6.081374393250077226e+00
1.528279703614096263e+01,1.345750830981369184e+01,6.136182573958668840e+00
1.544005594460224806e+01,1.350976695000087524e+01,6.189038038989366441e+00
1.559696735821748348e+01,1.356086446938133960e+01,6.239633691678416305e+00
1.575418091276457666e+01,1.361102468622550532e+01,6.288134102859538999e+00
1.591168940538999799e+01,1.366025084853841776e+01,6.334474581238608515e+00
1.606948580495226153e+01,1.370854616319668651e+01,6.378593743818183448e+00
1.622756316184357672e+01,1.375591376824644207e+01,6.420436351362866390e+00
1.638591464267162578e+01,1.380235674478183228e+01,6.459943441786528240e+00
1.654453350153603353e+01,1.384787810937981689e+01,6.497061578406204241e+00
1.670341312646019816e+01,1.389248082836691900e+01,6.531741748695969463e+00
1.686254701237443498e+01,1.393616781030443263e+01,6.563933165234038469e+00
1.702192870719186146e+01,1.397894189224447992e+01,6.593629016750057303e+00
1.718597999753749761e+01,1.402195338701811522e+01,6.621424564817336211e+00
1.735027955746971173e+01,1.406400656642422931e+01,6.646579175193725320e+00
1.753441422336388911e+01,1.410993082138814891e+01,6.671321420710487615e+00
1.771884217997513744e+01,1.415466271627549055e+01,6.692580627596060872e+00
1.791730976140117448e+01,1.420139872573760620e+01,6.711474550902969405e+00
1.811609436708038245e+01,1.424676741124524604e+01,6.726121699229856254e+00
1.829597241967804777e+01,1.428658875213214152e+01,6.735919645867274319e+00
1.847609249248765906e+01,1.432530067888040470e+01,6.742371280977624615e+00
1.863938550866480526e+01,1.435939819815938989e+01,6.745401388986976166e+00
1.880286482970312534e+01,1.439259099947549281e+01,6.745797162604267427e+00
1.896476443980440862e+01,1.442453894015976879e+01,6.743593388272778100e+00
1.912683543984294232e+01,1.445560574020728239e+01,6.738853146088543689e+00
1.928907249413611424e+01,1.448579341663217868e+01,6.731632430914948451e+00
1.945147031443856278e+01,1.451510392630822111e+01,6.721991218287376668e+00
1.961402367499940524e+01,1.454353916941305869e+01,6.710013008550432367e+00
1.977672740752278813e+01,1.457110098894611205e+01,6.695777650427584327e+00
1.993957637158995055e+01,1.459779116638753038e+01,6.679390079562318228e+00
2.010256552707937061e+01,1.462361143413633613e+01,6.660942972039921806e+00
2.026568988142421901e+01,1.464856346669978215e+01,6.640558079898590371e+00
2.042894444451373204e+01,1.467264887465312206e+01,6.618379625549276390e+00
2.059494671760924689e+01,1.469623474262067298e+01,6.594077685348080031e+00
2.076107321387181059e+01,1.471892913432885130e+01,6.568307553629485263e+00
2.094571635750826033e+01,1.474309100220780699e+01,6.537901620771778610e+00
2.113049958681430951e+01,1.476615710359389766e+01,6.506036733272717143e+00
2.133518023064313951e+01,1.479041225440058049e+01,6.469245167802484708e+00
2.154001496294693752e+01,1.481332974781412837e+01,6.431086182964309117e+00
2.173082486987085460e+01,1.483346333776489168e+01,6.394895616789500359e+00
2.192175315812643888e+01,1.485244151574198135e+01,6.358237995661212949e+00
2.209196791942683546e+01,1.486837939469696934e+01,6.325534130988418546e+00
2.226226586670999197e+01,1.488340238822190820e+01,6.293034796621475024e+00
2.242672335477325873e+01,1.489703681529479873e+01,6.262050044463175702e+00
2.259124914841506637e+01,1.490982064804831353e+01,6.231667309809987287e+00
2.275583875316729987e+01,1.492175470808927962e+01,6.202086355199821988e+00
2.292048771754820180e+01,1.493283976373238353e+01,6.173517079291983123e+00
2.308519159894475692e+01,1.494307652760214822e+01,6.146175342146691811e+00
2.324994597443795641e+01,1.495246565768475300e+01,6.120258219773157649e+00
2.341474644101928249e+01,1.496100775746707789e+01,6.095966474548015768e+00
2.357958860437887338e+01,1.496870337551133723e+01,6.073480700938535648e+00
2.374446808908508544e+01,1.497555300615604601e+01,6.052988097638183795e+00
2.390938052944571979e+01,1.498155708919604479e+01,6.034642926934941976e+00
2.407461381375710374e+01,1.498672440017281637e+01,6.018557544131486914e+00
2.423987143525168619e+01,1.499104388460933457e+01,6.004958768863424723e+00
2.441863992251924742e+01,1.499476179911954254e+01,5.993074636937619992e+00
2.459742627658495806e+01,1.499748844258539116e+01,5.984323961502306943e+00
2.479870922090951169e+01,1.499937212563370359e+01,5.978249125555305632e+00
2.500000000000008527e+01,1.499999999999999112e+01,5.976175595690849995e+00
2.520129077909069437e+01,1.499937212563370004e+01,5.978263400023075214e+00
2.540257372341526576e+01,1.499748844258538760e+01,5.984353085769710923e+00
2.558136007748101193e+01,1.499476179911953899e+01,5.993117436089087313e+00
2.576012856474854829e+01,1.499104388460932924e+01,6.005015155994170684e+00
2.592538618624319113e+01,1.498672440017280216e+01,6.018620787272332961e+00
2.609061947055453956e+01,1.498155708919603768e+01,6.034711435749811947e+00
2.625553191091525917e+01,1.497555300615603180e+01,6.053041559685708783e+00
2.642041139562136465e+01,1.496870337551132657e+01,6.073516280829934111e+00
2.658525355898096265e+01,1.496100775746706368e+01,6.095973499934485673e+00
2.675005402556229228e+01,1.495246565768473879e+01,6.120234402825539100e+00
2.691480840105548467e+01,1.494307652760213578e+01,6.146112907069618103e+00
2.707951228245203623e+01,1.493283976373236754e+01,6.173414302166234435e+00
2.724416124683294882e+01,1.492175470808925830e+01,6.201953266732244785e+00
2.740875085158518587e+01,1.490982064804829221e+01,6.231503825996026258e+00
2.757327664522699351e+01,1.489703681529477741e+01,6.261868196292391886e+00
2.773773413329024251e+01,1.488340238822188510e+01,6.292837629002603350e+00
2.790803208057339546e+01,1.486837939469694270e+01,6.325334558781732675e+00
2.807824684187378850e+01,1.485244151574195826e+01,6.358044288070582972e+00
2.826917513012935146e+01,1.483346333776487214e+01,6.394706087770051894e+00
2.845998503705324723e+01,1.481332974781410527e+01,6.430906991592872046e+00
2.866481976935705944e+01,1.479041225440055385e+01,6.469073725492253679e+00
2.886950041318588944e+01,1.476615710359387101e+01,6.505871842131677241e+00
2.905428364249195639e+01,1.474309100220777680e+01,6.537747152448753596e+00
2.923892678612841323e+01,1.471892913432881578e+01,6.568158752644617238e+00
2.940505328239099114e+01,1.469623474262063745e+01,6.593939283319362410e+00
2.957105555548651310e+01,1.467264887465308476e+01,6.618247765156872298e+00
2.973431011857602613e+01,1.464856346669974663e+01,6.640424468416101789e+00
2.989743447292086742e+01,1.462361143413629527e+01,6.660803082529258567e+00
3.006042362841028392e+01,1.459779116638748597e+01,6.679237293931208796e+00
3.022327259247745346e+01,1.457110098894606942e+01,6.695609761683241068e+00
3.038597632500083989e+01,1.454353916941301073e+01,6.709821864304665873e+00
3.054852968556168236e+01,1.451510392630817314e+01,6.721771608616950111e+00
3.071092750586413089e+01,1.448579341663213071e+01,6.731393984047164381e+00
3.087316456015730637e+01,1.445560574020723266e+01,6.738594589646433874e+00
3.103523556019582941e+01,1.442453894015972082e+01,6.743324135795472074e+00
3.119713517029710559e+01,1.439259099947543952e+01,6.745517747722041157e+00
3.136061449133542567e+01,1.435939819815933305e+01,6.745115287684243732e+00
3.152390750751257542e+01,1.432530067888034964e+01,6.742091770801923012e+00
3.170402758032217250e+01,1.428658875213209001e+01,6.735628859285631265e+00
3.188390563291981294e+01,1.424676741124519452e+01,6.725831867197030967e+00
3.208269023859903513e+01,1.420139872573755291e+01,6.711177398078016054e+00
3.228115782002507927e+01,1.415466271627543016e+01,6.692271148429123961e+00
3.246558577663635248e+01,1.410993082138808319e+01,6.671018103227337015e+00
3.264972044253053696e+01,1.406400656642415292e+01,6.646267545495256890e+00
3.281402000246276884e+01,1.402195338701803351e+01,6.621127438110232966e+00
3.297807129280842275e+01,1.397894189224439465e+01,6.593340777624838722e+00
3.313745298762584213e+01,1.393616781030435092e+01,6.563658766018342305e+00
3.329658687354006474e+01,1.389248082836683373e+01,6.531474449503385848e+00
3.345546649846424003e+01,1.384787810937972452e+01,6.496797989155686182e+00
3.361408535732865488e+01,1.380235674478173991e+01,6.459680176976160482e+00
3.377243683815670749e+01,1.375591376824634793e+01,6.420173078728344862e+00
3.393051419504801913e+01,1.370854616319658881e+01,6.378325329083331496e+00
3.408831059461031288e+01,1.366025084853831295e+01,6.334200815744933877e+00
3.424581908723574486e+01,1.361102468622539519e+01,6.287851709179933302e+00
3.440303264178283627e+01,1.356086446938123125e+01,6.239345841628534117e+00
3.455994405539804859e+01,1.350976695000076333e+01,6.188741930847043271e+00
3.471720296385935001e+01,1.345750830981357282e+01,6.135876993085353170e+00
3.487414232124879021e+01,1.340429771954539895e+01,6.081067976560804667e+00
3.504497263998805323e+01,1.334516101121058718e+01,6.019106291577459800e+00
3.521540348611676308e+01,1.328488271328381742e+01,5.954964863758167581e+00
3.540374862480221907e+01,1.321676037078396604e+01,5.881505666101629615e+00
3.559157649354707331e+01,1.314722452569092148e+01,5.805513321162041329e+00
3.576623682241536528e+01,1.308110685363311987e+01,5.732567360285651503e+00
3.594042263915358149e+01,1.301374903161911867e+01,5.657712319038777693e+00
3.609663389412371259e+01,1.295211788653888263e+01,5.588814989659486088e+00
3.625244236725558977e+01,1.288947546791694876e+01,5.518572858324506392e+00
3.640515135290378623e+01,1.282692863955296936e+01,5.448249761649431200e+00
3.655745337220912461e+01,1.276339727976126959e+01,5.376725703217501540e+00
3.670933919859741934e+01,1.269887737398016370e+01,5.304063491330812674e+00
3.686079951256758136e+01,1.263336482219138368e+01,5.230321975114123667e+00
3.701182479017231231e+01,1.256685548420688292e+01,5.155569474372938998e+00
3.716240528369968388e+01,1.249934518829368990e+01,5.079864553541036720e+00
3.731253105374921830e+01,1.243082971692330752e+01,5.003271784726752713e+00
3.746219200284764383e+01,1.236130479009007743e+01,4.925848070013704394e+00
3.761137782359367066e+01,1.229076608752859734e+01,4.847652627348637111e+00
3.776007797886323658e+01,1.221920925773411959e+01,4.768744858542268261e+00
3.790970696900665615e+01,1.214592573972304557e+01,4.688402892531899013e+00
3.805881866658944546e+01,1.207159533836920851e+01,4.607464213070755932e+00
3.822260576439492752e+01,1.198842475296764398e+01,4.517587247850004317e+00
3.838573429022619621e+01,1.190396979066320959e+01,4.427088663077205943e+00
3.855841433091494963e+01,1.181277106794923704e+01,4.330308065148608776e+00
3.873031200433071319e+01,1.172010613998523532e+01,4.232962382741360940e+00
3.888408726494234458e+01,1.163558477368360577e+01,4.145085811887073923e+00
3.903719932808715498e+01,1.154986788235216011e+01,4.056913317236556793e+00
3.918057457944388489e+01,1.146815961644217730e+01,3.973738476193312774e+00
3.932333648780522850e+01,1.138538438611199055e+01,3.890388664963781107e+00
3.946547007224501158e+01,1.130153846649890781e+01,3.806895746943714798e+00
3.960696322977001671e+01,1.121661627787398530e+01,3.723296858134136578e+00
3.974780195784219217e+01,1.113061316446038163e+01,3.639635684199351129e+00
3.988797198699406010e+01,1.104352445498851587e+01,3.555949985121676260e+00
4.002745874429852080e+01,1.095534548473290748e+01,3.472280698678944066e+00
4.016624729857210241e+01,1.086607163154222455e+01,3.388664038317763971e+00
4.030432238247796306e+01,1.077569830463016132e+01,3.305140293557839559e+00
4.044166846988215980e+01,1.068422089465757985e+01,3.221748247414167210e+00
4.057826970848889658e+01,1.059163481713248522e+01,3.138522713871963354e+00
4.071410980714205863e+01,1.049793559182812608e+01,3.055509230103265583e+00
4.085626730338471901e+01,1.039809136181353111e+01,2.968393771181165430e+00
4.099754314471186234e+01,1.029700349575635165e+01,2.881597552565612119e+00
4.115167013509084626e+01,1.018453689003631091e+01,2.786709975350369906e+00
4.130468167562587212e+01,1.007055738214193319e+01,2.692299551533826829e+00
4.144462813452440741e+01,9.964212433721062467e+00,2.605808830314408020e+00
4.158358155171978865e+01,9.856573210156023279e+00,2.519849039496649290e+00
4.171312114773897406e+01,9.754327905492067075e+00,2.439647740114962104e+00
4.184174552657674440e+01,9.650933637237677942e+00,2.359996800691873897e+00
4.196942882562755273e+01,9.546391642279875356e+00,2.280937533516366855e+00
4.209615675426775994e+01,9.440693573560826835e+00,2.202502019233266051e+00
4.222190848211990755e+01,9.333836113632223430e+00,2.124735108313670295e+00
4.234666289225602753e+01,9.225815991486754797e+00,2.047673734909390753e+00
4.247039839173243081e+01,9.116630148460027172e+00,1.971362861715345138e+00
4.259309286567172848e+01,9.006275792797028501e+00,1.895841446819666931e+00
4.271472362445313564e+01,8.894750466233922737e+00,1.821151212802511576e+00
4.283526785217604527e+01,8.782051644301112958e+00,1.747332531785473542e+00
4.295470227776353056e+01,8.668177036311798034e+00,1.674424288053363963e+00
4.307300282429127236e+01,8.553124943099698285e+00,1.602471224962813467e+00
4.319608982832945543e+01,8.430932429077543588e+00,1.527929207639173059e+00
4.331786853422091355e+01,8.307436027473649176e+00,1.454521671765603319e+00
4.344609910642086703e+01,8.174469078865410410e+00,1.377670692282721987e+00
4.357277594102816209e+01,8.040021099919638203e+00,1.302192760996400356e+00
4.368665874817402539e+01,7.916398999089791388e+00,1.234743355036009849e+00
4.379919614058750454e+01,7.791550905095038004e+00,1.168548904622724205e+00
4.390834697086990701e+01,7.667784833255856469e+00,1.104794843180695318e+00
4.401614527215532036e+01,7.542838987027552733e+00,1.042315553345206425e+00
4.412256281091195120e+01,7.416714997738032444e+00,9.811555233372721840e-01
4.422757082126375394e+01,7.289415097227529117e+00,9.213613172446364352e-01
4.433114011274032151e+01,7.160942031509327954e+00,8.630192783144083890e-01
4.443324111626450446e+01,7.031299040064545203e+00,8.062109976309115300e-01
4.453384382707712774e+01,6.900489966637223915e+00,7.510944946753913554e-01
4.463291781297571248e+01,6.768519297330054307e+00,6.978488289059171512e-01
4.473043224197245138e+01,6.635392176345332516e+00,6.467995189019377644e-01
4.482635594820516189e+01,6.501114368619022699e+00,5.983636096896605139e-01
4.492149159042060802e+01,6.364478659009843220e+00,5.528258822462330802e-01
4.501494314841693978e+01,6.226685676089532606e+00,5.116480291901219779e-01
4.511410847132012947e+01,6.076321420561626496e+00,4.736718841128395585e-01
4.521122183474080458e+01,5.924623848305323293e+00,4.447291111043559786e-01
4.530035273660202932e+01,5.781226335335981403e+00,4.287738917256167515e-01
4.538760787773326655e+01,5.636679817075961552e+00,4.265402233316591407e-01
4.547104225694723567e+01,5.494305185791302115e+00,4.399504755337605433e-01
4.555261755028939774e+01,5.350857304080061105e+00,4.702391212470075632e-01
4.563230037044888832e+01,5.206349592085463662e+00,5.178608337923558125e-01
4.571005722662956572e+01,5.060796530193423237e+00,5.827189171776036014e-01
4.578585462586126908e+01,4.914213590123194031e+00,6.647053008329443236e-01
4.585965914149985423e+01,4.766617217215249447e+00,7.641018589571970665e-01
4.593143741607153885e+01,4.618024946298378453e+00,8.817864246517335136e-01
4.600115624610824483e+01,4.468455363279629111e+00,1.019309346441434672e+00
4.606878263023480002e+01,4.317928140390995928e+00,1.178861041507960783e+00
4.613428381382189514e+01,4.166464087239861946e+00,1.363409479413444148e+00
4.619801114735363257e+01,4.013142861725372157e+00,1.577904859484688727e+00
4.625952153709116743e+01,3.858918885538416443e+00,1.825831356525826177e+00
4.632244510674367888e+01,3.694003489219119363e+00,2.131626281204376472e+00
4.638278887936243677e+01,3.528126783213095585e+00,2.489718565207786227e+00
4.643715140193263835e+01,3.371281682479429165e+00,2.882621256257393849e+00
4.648916915623538415e+01,3.213643441970977843e+00,3.338742748646114311e+00
4.653852702761079030e+01,3.056177537868244976e+00,3.866349203602612139e+00
4.658551047394146138e+01,2.897986959970340948e+00,4.481046617055878478e+00
4.663009228263999262e+01,2.739102851634689806e+00,5.198669698718422438e+00
4.667224621102456439e+01,2.579557444090759155e+00,6.039035434306017969e+00
4.671194706235404936e+01,2.419384023334442357e+00,7.025383922433896089e+00
4.674917076158748586e+01,2.258616886542238689e+00,8.189569094244644631e+00
4.678389442251943819e+01,2.097291322974984329e+00,9.566013690723444540e+00
4.681609641902932140e+01,1.935443567698726941e+00,1.121770426247390873e+01
4.684575645225960017e+01,1.773110757720226083e+00,1.317702757095038280e+01
4.687285561603695783e+01,1.610330878170642244e+00,1.564573883167648027e+01
4.689792310418444288e+01,1.443292291924481496e+00,1.852871383739730149e+01
4.692027224380628780e+01,1.275868340200162265e+00,2.292503877520903544e+01
4.694199365795927292e+01,1.088544521336248794e+00,2.720219046153727405e+01
4.696028887350003345e+01,9.008551186665989530e-01,3.969993422450218645e+01
4.697676077356278057e+01,6.892726251439477148e-01,4.298765064237774425e+01
4.698885511400834503e+01,4.773948424041539740e-01,1.049515336100170657e+02
4.699721279001317242e+01,2.387624383321007571e-01,1.152347214709497223e+02
4.699999999999997868e+01,-4.608106671260752872e-17,8.860302648884060090e+02
