x,y,stress
-2.959961931816878136e-18,-6.756253719301207344e-17,1.581158121847209394e-04
1.352812572212156589e-02,1.644655922581475527e-01,1.672026894197055987e-04
5.279443112209130512e-02,3.247728008406517430e-01,3.002843202147085361e-04
1.144591037041598897e-01,4.779060283690584332e-01,1.316276825879352658e-03
1.944263188053943769e-01,6.223669125789206280e-01,6.622144743602339373e-03
2.888432598272706042e-01,7.578583657284752029e-01,1.748685512291410851e-02
3.945302664876312870e-01,8.847792762764435937e-01,3.935322709639183653e-02
5.090236936272450885e-01,1.003834240513608034e+00,7.178295762768967248e-02
6.304631744572862795e-01,1.115807777505022136e+00,1.120146679372326787e-01
7.574515590872042958e-01,1.221455608526099024e+00,1.550153951087301085e-01
8.889341111431287024e-01,1.321461338113264494e+00,1.975513562698830716e-01
1.024106316294449259e+00,1.416425389036050086e+00,2.399143782851740070e-01
1.162346845856865984e+00,1.506868170780307770e+00,2.809089452212189530e-01
1.303169314995094696e+00,1.593238406343631341e+00,3.200937777071132806e-01
1.446188159492573844e+00,1.675923002789473593e+00,3.572591530103503832e-01
1.591093952285016710e+00,1.755256307771066338e+00,3.923362956989032146e-01
1.737635014004563105e+00,1.831528053384206656e+00,4.253735780048016335e-01
1.885604180190273205e+00,1.904990350475953997e+00,4.564390327852957951e-01
2.034830771710355979e+00,1.975864391257844854e+00,4.856380414427693970e-01
2.185172135888150180e+00,2.044344682590931495e+00,5.131316283346042395e-01
2.336506442515647652e+00,2.110602376288486237e+00,5.388812764828323498e-01
2.488730667715954414e+00,2.174789673043052929e+00,5.638658731131552804e-01
2.641756474359001405e+00,2.237042211922987356e+00,5.867027879283771563e-01
2.795507424165479815e+00,2.297481311782184399e+00,6.085464697991497252e-01
2.949917570017535073e+00,2.356216160126048287e+00,6.288184964321384962e-01
3.104929151638617046e+00,2.413345168393741691e+00,6.486261235667892810e-01
3.260491418951127596e+00,2.468957404691319635e+00,6.670788344358002941e-01
3.416559601954554548e+00,2.523133770405522114e+00,6.847092316306157000e-01
3.573094049537145711e+00,2.575947991633521728e+00,7.014605031594043361e-01
3.730059451903782630e+00,2.627467442846454837e+00,7.174263598621715143e-01
3.887424252118163448e+00,2.677753874350303764e+00,7.326630818372287246e-01
4.049744916174944365e+00,2.728272801042170403e+00,7.476330028797015803e-01
4.212430807557859147e+00,2.777603046293191547e+00,7.619295140021197232e-01
4.371677161371718690e+00,2.824693235488247911e+00,7.752980472922909039e-01
4.531227107356778028e+00,2.870744407079069749e+00,7.881175633300822048e-01
4.690234322625625119e+00,2.915567993583038753e+00,8.003599358157766908e-01
4.849505882731670603e+00,2.959443101868555193e+00,8.121280712705805094e-01
5.009026190364495257e+00,3.002405476563531739e+00,8.234516338240057687e-01
5.168780768249462199e+00,3.044488421933954747e+00,8.343592356554783152e-01
5.328756350463186742e+00,3.085723080774147586e+00,8.448776765467609362e-01
5.488940839589248277e+00,3.126138643367895487e+00,8.550301832896299858e-01
5.649323008732545226e+00,3.165762467271556080e+00,8.648403016133217047e-01
5.809892506061742345e+00,3.204620254389555889e+00,8.743263951694744129e-01
5.970639711973823260e+00,3.242736171991129623e+00,8.835067927186539549e-01
6.131555740047827108e+00,3.280132992481114229e+00,8.924007425809206140e-01
6.296804963066691130e+00,3.317773322036532413e+00,9.012384106890560798e-01
6.462214838405890838e+00,3.354701305944128631e+00,9.098089384851770767e-01
6.643084553847041995e+00,3.394251937041743883e+00,9.188790350744103774e-01
6.824127376639094855e+00,3.433002501480937774e+00,9.276536219000056649e-01
6.991739215906740412e+00,3.468155380210573568e+00,9.355359874171422785e-01
7.159485290948374825e+00,3.502662044309227340e+00,9.431993576736508178e-01
7.321423075639319045e+00,3.535352417677545933e+00,9.503914827227402107e-01
7.483475106473140848e+00,3.567471685406647275e+00,9.573995861407509356e-01
7.645636617552185932e+00,3.599033601343307520e+00,9.642285078009984467e-01
7.807903114361169905e+00,3.630051265063938271e+00,9.708883554258439519e-01
7.970270383199624220e+00,3.660537169207119579e+00,9.773869540960183899e-01
8.132734400629450633e+00,3.690503224224527479e+00,9.837312723979435569e-01
8.295291361036154498e+00,3.719960802413523560e+00,9.899288741676793846e-01
8.457937710427682276e+00,3.748920779146496240e+00,9.959846446987506985e-01
8.620670074197228416e+00,3.777393552076360628e+00,1.001905499911841524e+00
8.783485224147403514e+00,3.805389065651786140e+00,1.007695610175099121e+00
8.946670341830769146e+00,3.832965467551952443e+00,1.013369601053551117e+00
9.109932567727796027e+00,3.860081641612477910e+00,1.018923975927570114e+00
9.286627331093988857e+00,3.888906886867194768e+00,1.024798564452235050e+00
9.463405760623039953e+00,3.917214517694727505e+00,1.030541395641310531e+00
9.658583957259828878e+00,3.947865011894677423e+00,1.036730131088973605e+00
9.853856183944868619e+00,3.977910645066701445e+00,1.042764529377158800e+00
1.003482859181639242e+01,4.005214824319331512e+00,1.048226772245860250e+00
1.021587556172848288e+01,4.032020161624704002e+00,1.053569405439328310e+00
1.038062483461786378e+01,4.055977661545032475e+00,1.058328299569317732e+00
1.054543158855483398e+01,4.079536503275101644e+00,1.062996233149267056e+00
1.070902858878829100e+01,4.102526714715843070e+00,1.067539082684662244e+00
1.087267859285907612e+01,4.125136554633494157e+00,1.071995604555012305e+00
1.103637988353355048e+01,4.147371761696860837e+00,1.076368217889468459e+00
1.120013088427293191e+01,4.169237879463352670e+00,1.080658467688559998e+00
1.136393009327170667e+01,4.190740256798640928e+00,1.084868945319423128e+00
1.152777597726308301e+01,4.211884043423750335e+00,1.089000774232420365e+00
1.169166706829140701e+01,4.232674211789989371e+00,1.093056413699238227e+00
1.185560203051331207e+01,4.253115573410878980e+00,1.097036597105992328e+00
1.201957956164696739e+01,4.273212773750383775e+00,1.100943998472448726e+00
1.218359836765783832e+01,4.292970296652408813e+00,1.104778333581637684e+00
1.235110453617358850e+01,4.312796974332045785e+00,1.108622167207693687e+00
1.251865119476276611e+01,4.332278532144500538e+00,1.112388558011772721e+00
1.270551502883963302e+01,4.353599151478745988e+00,1.116516189839446005e+00
1.289242607791459072e+01,4.374501817218673594e+00,1.120500192366195025e+00
1.309892653896508996e+01,4.397110189545174741e+00,1.124869504197627323e+00
1.330548069437236158e+01,4.419222638475241993e+00,1.129119684374292110e+00
1.349711506480866241e+01,4.439295611548064180e+00,1.132975280312977118e+00
1.368879249401591203e+01,4.458953172019498368e+00,1.136743764070501816e+00
1.385948443389760598e+01,4.476109529139919552e+00,1.140028896381725776e+00
1.403020840863083052e+01,4.492944123587230720e+00,1.143249797117817046e+00
1.419464495174014118e+01,4.508854853645411609e+00,1.146290612204464043e+00
1.435910952105758120e+01,4.524473228189783924e+00,1.149272985495063404e+00
1.452360131901454032e+01,4.539802069152555575e+00,1.152197013477331611e+00
1.468811959154475311e+01,4.554844113432275243e+00,1.155063561591233023e+00
1.485266361641449251e+01,4.569602014698265435e+00,1.157873331411820583e+00
1.501723265312843658e+01,4.584078341818492497e+00,1.160626931572390053e+00
1.518182598964647312e+01,4.598275585923131459e+00,1.163324946573545793e+00
1.534644295651592216e+01,4.612196164120509145e+00,1.165967978921860437e+00
1.551108290171372417e+01,4.625842419719243814e+00,1.168556624489573759e+00
1.567574517012447188e+01,4.639216622954967839e+00,1.171091548429549656e+00
1.584066392828009029e+01,4.652339466226814046e+00,1.173576075419323628e+00
1.600560382992056319e+01,4.665193833210619978e+00,1.176009047292636112e+00
1.618373270260553554e+01,4.678775185626649957e+00,1.178575670722846525e+00
1.636188479795442063e+01,4.692048447133463362e+00,1.181083395765272437e+00
1.656249769798029803e+01,4.706627475819227691e+00,1.183833305445563644e+00
1.676313814172715411e+01,4.720822414485549956e+00,1.186507882387148882e+00
1.697748703500054290e+01,4.735564531189138116e+00,1.189282871146192910e+00
1.719186511849404297e+01,4.749875912788499299e+00,1.191970700070756228e+00
1.738492450175890269e+01,4.762396981168569354e+00,1.194320907172070179e+00
1.757800586985619873e+01,4.774574339696096459e+00,1.196603898416507272e+00
1.774980283732771724e+01,4.785121277887857794e+00,1.198579679837880052e+00
1.792161607314321614e+01,4.795399799741477231e+00,1.200504251443275328e+00
1.808654056570111024e+01,4.805014375213890077e+00,1.202302898724264768e+00
1.825147912426720609e+01,4.814384554602169075e+00,1.204054655500625071e+00
1.841643132968738428e+01,4.823511681599942591e+00,1.205759510461805295e+00
1.858139673434855510e+01,4.832397053712238488e+00,1.207417724845799123e+00
1.874637491342326356e+01,4.841041926182989563e+00,1.209029651095992586e+00
1.891136545726871176e+01,4.849447512470089983e+00,1.210595561266738285e+00
1.907636795003099905e+01,4.857614984070184327e+00,1.212115782643658823e+00
1.924138200276306065e+01,4.865545473066297255e+00,1.213590620559113376e+00
1.940640722424845066e+01,4.873240071488616820e+00,1.215020267387827868e+00
1.957144322813235604e+01,4.880699832501930402e+00,1.216405224103988658e+00
1.973663228283876947e+01,4.887931915540330685e+00,1.217746351489117584e+00
1.990183138435174826e+01,4.894930752386263073e+00,1.219044416680631571e+00
2.007960675178708954e+01,4.902202485752461314e+00,1.220390886572151112e+00
2.025739287368355690e+01,4.909206362113581967e+00,1.221688185797064730e+00
2.045757926758170342e+01,4.916772981904678375e+00,1.223087337952748488e+00
2.065777810547702487e+01,4.924002879847755310e+00,1.224423506037776610e+00
2.087773035518440423e+01,4.931559157002707749e+00,1.225819024149876535e+00
2.109769607877812092e+01,4.938712480420035966e+00,1.227136005626723758e+00
2.130026633300257188e+01,4.944944775397536851e+00,1.228283454584768730e+00
2.150284673564767246e+01,4.950837985818680842e+00,1.229367020475040650e+00
2.168277804141971288e+01,4.955788689916115430e+00,1.230276673609451699e+00
2.186271646466420648e+01,4.960473574242323380e+00,1.231137450297297820e+00
2.202834130421899417e+01,4.964551317473869574e+00,1.231885969490013943e+00
2.219397150883009928e+01,4.968404991973750739e+00,1.232593835269561566e+00
2.235913635947527212e+01,4.972025097411129302e+00,1.233258068280107755e+00
2.252430592361900707e+01,4.975423354208850846e+00,1.233881266884017780e+00
2.268947989655003283e+01,4.978600192228947563e+00,1.234463443490113388e+00
2.285465797250427755e+01,4.981556012271908251e+00,1.235004808720117531e+00
2.301983984715195675e+01,4.984291186393797091e+00,1.235505303523831477e+00
2.318502522278052780e+01,4.986806058222261306e+00,1.235965206187734866e+00
2.335021379975854572e+01,4.989100943029683322e+00,1.236384712352844861e+00
2.351540528282489717e+01,4.991176128031288073e+00,1.236763909435641073e+00
2.368059937762493661e+01,4.993031872510631963e+00,1.237102727484949538e+00
2.384579578952336831e+01,4.994668407974716118e+00,1.237401855305575671e+00
2.401634937525352242e+01,4.996128226730915500e+00,1.237668301773402479e+00
2.418690479788364200e+01,4.997354805063554117e+00,1.237893485611474276e+00
2.437813617239475761e+01,4.998452902168492251e+00,1.238094577482991898e+00
2.456936900420366143e+01,4.999258172751067875e+00,1.238242810275667072e+00
2.478468418260185047e+01,4.999814552956048708e+00,1.238345866583979937e+00
2.500000000000006395e+01,4.999999999999997335e+00,1.238379315815074655e+00
2.521531581739827033e+01,4.999814552956048708e+00,1.238346133181190689e+00
2.543063099579643449e+01,4.999258172751066986e+00,1.238243336606588363e+00
2.562186382760539871e+01,4.998452902168490475e+00,1.238095354659208169e+00
2.581309520211645392e+01,4.997354805063553229e+00,1.237894532761285138e+00
2.598365062474667297e+01,4.996128226730914612e+00,1.237669531973001114e+00
2.615420421047671340e+01,4.994668407974716118e+00,1.237403230115946107e+00
2.631940062237514866e+01,4.993031872510629299e+00,1.237104096332279246e+00
2.648459471717519520e+01,4.991176128031287185e+00,1.236765258718263594e+00
2.664978620024153244e+01,4.989100943029683322e+00,1.236385852171005162e+00
2.681497477721954326e+01,4.986806058222260418e+00,1.235966089688266933e+00
2.698016015284812141e+01,4.984291186393794426e+00,1.235505739285579274e+00
2.714534202749581127e+01,4.981556012271906475e+00,1.235004804605845274e+00
2.731052010345004533e+01,4.978600192228945787e+00,1.234462996026385095e+00
2.747569407638107819e+01,4.975423354208848181e+00,1.233880357594803634e+00
2.764086364052481315e+01,4.972025097411126637e+00,1.233256801251158219e+00
2.780602849116999309e+01,4.968404991973748075e+00,1.232592243946162736e+00
2.797165869578108044e+01,4.964551317473867798e+00,1.231884269563736645e+00
2.813728353533587168e+01,4.960473574242320716e+00,1.231135666762918746e+00
2.831722195858037594e+01,4.955788689916110989e+00,1.230274884592860163e+00
2.849715326435243057e+01,4.950837985818677289e+00,1.229365287903032122e+00
2.869973366699752759e+01,4.944944775397535075e+00,1.228281904255763779e+00
2.890230392122198921e+01,4.938712480420031525e+00,1.227134640120370657e+00
2.912226964481570235e+01,4.931559157002702420e+00,1.225817776823837191e+00
2.934222189452308882e+01,4.924002879847750869e+00,1.224422392824934924e+00
2.954242073241838895e+01,4.916772981904675710e+00,1.223086450178376916e+00
2.974260712631653192e+01,4.909206362113578415e+00,1.221687514106484684e+00
2.992039324821299928e+01,4.902202485752456873e+00,1.220390355996655130e+00
3.009816861564834767e+01,4.894930752386257744e+00,1.219044030036468884e+00
3.026336771716130869e+01,4.887931915540327132e+00,1.217746041952785463e+00
3.042855677186770791e+01,4.880699832501925961e+00,1.216404957829990252e+00
3.059359277575162039e+01,4.873240071488611491e+00,1.215019876924823494e+00
3.075861799723702106e+01,4.865545473066291926e+00,1.213590101998489157e+00
3.092363204996908266e+01,4.857614984070179887e+00,1.212115020709156665e+00
3.108863454273136639e+01,4.849447512470084654e+00,1.210594518388521168e+00
3.125362508657682881e+01,4.841041926182982458e+00,1.209028231350507854e+00
3.141860326565156214e+01,4.832397053712231383e+00,1.207415909321913450e+00
3.158356867031273296e+01,4.823511681599935486e+00,1.205757324980304634e+00
3.174852087573290760e+01,4.814384554602160193e+00,1.204052059255422025e+00
3.191345943429900700e+01,4.805014375213880307e+00,1.202299925984822826e+00
3.207838392685690110e+01,4.795399799741469238e+00,1.200500911627332412e+00
3.225019716267239289e+01,4.785121277887849800e+00,1.198576016553352552e+00
3.242199413014390075e+01,4.774574339696087577e+00,1.196599906151547099e+00
3.261507549824123942e+01,4.762396981168556920e+00,1.194316523938337538e+00
3.280813488150612756e+01,4.749875912788485977e+00,1.191965958028183392e+00
3.302251296499964184e+01,4.735564531189123905e+00,1.189277711576686603e+00
3.323686185827303774e+01,4.720822414485534857e+00,1.186502234531795485e+00
3.343750230201989382e+01,4.706627475819209927e+00,1.183827425750319629e+00
3.363811520204578187e+01,4.692048447133446487e+00,1.181077270444291338e+00
3.381626729739465986e+01,4.678775185626633970e+00,1.178569723706283101e+00
3.399439617007961090e+01,4.665193833210602214e+00,1.176003345104365216e+00
3.415933607172009090e+01,4.652339466226796283e+00,1.173570895473242226e+00
3.432425482987572707e+01,4.639216622954950076e+00,1.171087000178574478e+00
3.448891709828644991e+01,4.625842419719227827e+00,1.168552634964500347e+00
3.465355704348422705e+01,4.612196164120493158e+00,1.165964568880455854e+00
3.481817401035367254e+01,4.598275585923115472e+00,1.163321942868392522e+00
3.498276734687173217e+01,4.584078341818474733e+00,1.160624313111512373e+00
3.514733638358568157e+01,4.569602014698248560e+00,1.157870920054372643e+00
3.531188040845541565e+01,4.554844113432258368e+00,1.155061294769453850e+00
3.547639868098563909e+01,4.539802069152535147e+00,1.152194938511656552e+00
3.564089047894260176e+01,4.524473228189764384e+00,1.149271051473448768e+00
3.580535504826003290e+01,4.508854853645392957e+00,1.146288991764741860e+00
3.596979159136935067e+01,4.492944123587211180e+00,1.143248494640470625e+00
3.614051556610256455e+01,4.476109529139898235e+00,1.140028254962003107e+00
3.631120750598424962e+01,4.458953172019479716e+00,1.136744003719363239e+00
3.650288493519152411e+01,4.439295611548042864e+00,1.132976854817973056e+00
3.669451930562783559e+01,4.419222638475217124e+00,1.129124287532634385e+00
3.690107346103509656e+01,4.397110189545149872e+00,1.124875868334402673e+00
3.710757392208560645e+01,4.374501817218648725e+00,1.120522087259345323e+00
3.729448497116054995e+01,4.353599151478722007e+00,1.116490766556074821e+00
3.748134880523739554e+01,4.332278532144477445e+00,1.112373409781999500e+00
3.764889546382654828e+01,4.312796974332024469e+00,1.108604205137053267e+00
3.781640163234229135e+01,4.292970296652390161e+00,1.104764763589664023e+00
3.798042043835317827e+01,4.273212773750363347e+00,1.100931779980774072e+00
3.814439796948683181e+01,4.253115573410856776e+00,1.097027188543516329e+00
3.830833293170873333e+01,4.232674211789965391e+00,1.093048627759449776e+00
3.847222402273706621e+01,4.211884043423727242e+00,1.088994873488273285e+00
3.863606990672844432e+01,4.190740256798618724e+00,1.084864104498499016e+00
3.879986911572721198e+01,4.169237879463330465e+00,1.080654694893705470e+00
3.896362011646659340e+01,4.147371761696835968e+00,1.076364806160785115e+00
3.912732140714108908e+01,4.125136554633468400e+00,1.071992484457444439e+00
3.929097141121187775e+01,4.102526714715815537e+00,1.067535616546235966e+00
3.945456841144535076e+01,4.079536503275069670e+00,1.062992199623409739e+00
3.961937516538231563e+01,4.055977661545000501e+00,1.058323213244177552e+00
3.978412443827171785e+01,4.032020161624670251e+00,1.053563179616706424e+00
3.996517140818377101e+01,4.005214824319303979e+00,1.048219457485073391e+00
4.014614381605524329e+01,3.977910645066678796e+00,1.042756185733448193e+00
4.034141604274026349e+01,3.947865011894657439e+00,1.036721340096358634e+00
4.053659423937703110e+01,3.917214517694712406e+00,1.030532209278052891e+00
4.071337266890610351e+01,3.888906886867176116e+00,1.024790068695631495e+00
4.089006743227231766e+01,3.860081641612453485e+00,1.018916423085267864e+00
4.105332965816933211e+01,3.832965467551929795e+00,1.013363410901796380e+00
4.121651477585268708e+01,3.805389065651766156e+00,1.007690927523436475e+00
4.137932992580285685e+01,3.777393552076341532e+00,1.001901546866182713e+00
4.154206228957238523e+01,3.748920779146477589e+00,9.959812860013285141e-01
4.170470863896390057e+01,3.719960802413506684e+00,9.899251447678544258e-01
4.186726559937060443e+01,3.690503224224512824e+00,9.837269244427601089e-01
4.202972961680043085e+01,3.660537169207105368e+00,9.773807575876023446e-01
4.219209688563888250e+01,3.630051265063921395e+00,9.708799477851139947e-01
4.235436338244785759e+01,3.599033601343290645e+00,9.642184008580585441e-01
4.251652489352692754e+01,3.567471685406629955e+00,9.573878935004409563e-01
4.267857692436073336e+01,3.535352417677531722e+00,9.503805711549079271e-01
4.284051470905165360e+01,3.502662044309212686e+00,9.431893539411558836e-01
4.300826078409330222e+01,3.468155380210556249e+00,9.355287396012029744e-01
4.317587262336098064e+01,3.433002501480916901e+00,9.276502176718023351e-01
4.335691544615302462e+01,3.394251937041724343e+00,9.188725328541751391e-01
4.353778516159417933e+01,3.354701305944105094e+00,9.097987578762259941e-01
4.370319503693336571e+01,3.317773322036509764e+00,9.012261741304889995e-01
4.386844425995224839e+01,3.280132992481092469e+00,8.923861686446913355e-01
4.402936028802624691e+01,3.242736171991109639e+00,8.834916722352387231e-01
4.419010749393830650e+01,3.204620254389533685e+00,8.743104284988164610e-01
4.435067699126748408e+01,3.165762467271537428e+00,8.648225147475412378e-01
4.451105916041080235e+01,3.126138643367876835e+00,8.550100778771697607e-01
4.467124364953684079e+01,3.085723080774135596e+00,8.448521531659121120e-01
4.483121923175053780e+01,3.044488421933942757e+00,8.343269761799940731e-01
4.499097380963551984e+01,3.002405476563516640e+00,8.234119311533799612e-01
4.515049411726838713e+01,2.959443101868533432e+00,8.120799345564707616e-01
4.530976567737440774e+01,2.915567993583021877e+00,8.003046053406309701e-01
4.546877289264326549e+01,2.870744407079046656e+00,7.880542420081160238e-01
4.562832283862829996e+01,2.824693235488232812e+00,7.752316498484222995e-01
4.578756919244217016e+01,2.777603046293174671e+00,7.618602431854046841e-01
4.595025508382504853e+01,2.728272801042165074e+00,7.475645733730885700e-01
4.611257574788183433e+01,2.677753874350292662e+00,7.325951413072129270e-01
4.626994054809620849e+01,2.627467442846447288e+00,7.173631372895244995e-01
4.642690595046289559e+01,2.575947991633500411e+00,7.014025870877552693e-01
4.658344039804545389e+01,2.523133770405511900e+00,6.846516260508209717e-01
4.673950858104890216e+01,2.468957404691293434e+00,6.670474901913033827e-01
4.689507084836137807e+01,2.413345168393729256e+00,6.485212469220686948e-01
4.705008242998254531e+01,2.356216160126009651e+00,6.289957651490249990e-01
4.720449257583452862e+01,2.297481311782171076e+00,6.083906695509886386e-01
4.735824352564109319e+01,2.237042211922935842e+00,5.866124457925911972e-01
4.751126933228400873e+01,2.174789673043054705e+00,5.635697678692470625e-01
4.766349355748443628e+01,2.110602376288440496e+00,5.391491264398290406e-01
4.781482786411175567e+01,2.044344682590965689e+00,5.132498373512021095e-01
4.796516922828971730e+01,1.975864391257792008e+00,4.857405501349361110e-01
4.811439581980950209e+01,1.904990350476045480e+00,4.565115396277732440e-01
4.826236498599548241e+01,1.831528053384170018e+00,4.254288524253313497e-01
4.840890604771458783e+01,1.755256307771264401e+00,3.923910628002978407e-01
4.855381184050744992e+01,1.675923002789439842e+00,3.573084128224459644e-01
4.869683068500422252e+01,1.593238406344018365e+00,3.201398925351750524e-01
4.883765315414317598e+01,1.506868170780268024e+00,2.809556120689838954e-01
4.897589368370439189e+01,1.416425389036821025e+00,2.399519336366444655e-01
4.911106588885686364e+01,1.321461338113249173e+00,1.976076699226597122e-01
4.924254844091081651e+01,1.221455608527639569e+00,1.550565481099421272e-01
4.936953682554269562e+01,1.115807777505019915e+00,1.120922027364156526e-01
4.949097630636970280e+01,1.003834240516564114e+00,7.177611235592233629e-02
4.960546973351231514e+01,8.847792762764673524e-01,3.935696549563619251e-02
4.971115674016909480e+01,7.578583657331613432e-01,1.749035095774734497e-02
4.980557368119455219e+01,6.223669125789667023e-01,6.620745310079160194e-03
4.988554089629406718e+01,4.779060283727202818e-01,1.316471669721966734e-03
4.994720556887782692e+01,3.247728008407987921e-01,3.004030226742277062e-04
4.998647187427780381e+01,1.644655922583760088e-01,1.671917761116807470e-04
4.999999999999997868e+01,-6.754677435495586737e-17,1.578659334214913392e-04
