x,y,stress
5.999999999999997335e+00,-3.398725839795504878e-13,9.270000675377604011e+02
6.002721741859037508e+00,2.200338319948255961e-01,1.308675961775213921e+02
6.010882649034797964e+00,4.399331260092166351e-01,1.142228051244966736e+02
6.022692250030449834e+00,6.351709372250590180e-01,5.121328886750443132e+01
6.038774356391646059e+00,8.301033436590407044e-01,4.647427985546941898e+01
6.056638930963086587e+00,1.003032891046806485e+00,3.361126683427267636e+01
6.077845798253849630e+00,1.175584467995452131e+00,2.892675236619245993e+01
6.101026461794741174e+00,1.338816471149220755e+00,2.414498643840025593e+01
6.127174781850034613e+00,1.501599461361638133e+00,2.096898268457916004e+01
6.156268539060807399e+00,1.663881922794458124e+00,1.823869125168631911e+01
6.188283293036416666e+00,1.825613513348905315e+00,1.606348555062081829e+01
6.223192487099429293e+00,1.986745160666072207e+00,1.422433808718458081e+01
6.260967560933420550e+00,2.147229154956499020e+00,1.267023906485181683e+01
6.301578066537679490e+00,2.307019222098352973e+00,1.133070751509697871e+01
6.344991788628348672e+00,2.466070589540803049e+00,1.017064485903796545e+01
6.391174870274064723e+00,2.624340050124634338e+00,9.155287377667745474e+00
6.440091939374636532e+00,2.781786010324001523e+00,8.260734994416182531e+00
6.491706236922105688e+00,2.938368531141812845e+00,7.467639190144571337e+00
6.545979744455877380e+00,3.094049356572126541e+00,6.760355934456010907e+00
6.603641110411378357e+00,3.250826680849710826e+00,6.118891968209100085e+00
6.663950341370502350e+00,3.406604638089039128e+00,5.542895225553221117e+00
6.726029109107034998e+00,3.559341013861225811e+00,5.030403666483847402e+00
6.790603841921729611e+00,3.711039036367767441e+00,4.566641129239633834e+00
6.857632083462523731e+00,3.861669080096871376e+00,4.147063537515488285e+00
6.927070859806293335e+00,4.011203236700396246e+00,3.763600315485661429e+00
6.998876760913965711e+00,4.159615233704031745e+00,3.396466307858131639e+00
7.073006095127468029e+00,4.306880513138772848e+00,3.083315505661678113e+00
7.149414957942622273e+00,4.452976130724908721e+00,2.791529570147677664e+00
7.228059295643729065e+00,4.597880665748295570e+00,2.526675006083338726e+00
7.308895036547877311e+00,4.741574266108256275e+00,2.284877313160847301e+00
7.391878161748650200e+00,4.884038580415696273e+00,2.065073840374526348e+00
7.477307301563290487e+00,5.025815808902408754e+00,1.865131478935658560e+00
7.564812482951333017e+00,5.166321238540053429e+00,1.685188830916414693e+00
7.656341504717982360e+00,5.308587927972984843e+00,1.521384426699258441e+00
7.749946440946089865e+00,5.449497479552017687e+00,1.378413347263022670e+00
7.843127668924627649e+00,5.585510706509831280e+00,1.259069921580878937e+00
7.938194629221116294e+00,5.720212686065979213e+00,1.160082158208092906e+00
8.035105516693610284e+00,5.853594208929957077e+00,1.082108159100348521e+00
8.133819080153520176e+00,5.985647205048281627e+00,1.025441655560634491e+00
8.234294629410845445e+00,6.116364647990550019e+00,9.899150413906483426e-01
8.336492006321785553e+00,6.245740427096096781e+00,9.745614829084899844e-01
8.440371668042439879e+00,6.373769373753132683e+00,9.776093075649601172e-01
8.545894746017873800e+00,6.500447252705247259e+00,9.966396312144836234e-01
8.653023017863988642e+00,6.625770651710189085e+00,1.028937749941599478e+00
8.761718905117815481e+00,6.749736914361498030e+00,1.071816060771686896e+00
8.872192032096906544e+00,6.872614955809479120e+00,1.122993712666404686e+00
8.984166267108465220e+00,6.994126701642152000e+00,1.180323115446266558e+00
9.103732874937712438e+00,7.120678961212501434e+00,1.245564153973714783e+00
9.224885397428204570e+00,7.245713857227921828e+00,1.314364328626171474e+00
9.341396703344425845e+00,7.363076282015719620e+00,1.381969248702756170e+00
9.459269169425347457e+00,7.479071595606094469e+00,1.450994016511277129e+00
9.578104770165422721e+00,7.593354349656585178e+00,1.520686981322939113e+00
9.698228706667508803e+00,7.706282180860120512e+00,1.590847795417582811e+00
9.819609963469931202e+00,7.817857808771705663e+00,1.661159074714180228e+00
9.942217917888898526e+00,7.928084060768278540e+00,1.731397713552273121e+00
1.006602267043737164e+01,8.036964165015701766e+00,1.801375745667939787e+00
1.019099522806467917e+01,8.144501880013752526e+00,1.870969954756598774e+00
1.031710717159633894e+01,8.250701176288002259e+00,1.940068489939926755e+00
1.044433071455033790e+01,8.355566275362381390e+00,2.008603425309214430e+00
1.057263880270287615e+01,8.459101715402477240e+00,2.076510996973421452e+00
1.070200489026855273e+01,8.561312154671998798e+00,2.143749812206849015e+00
1.083638798121090829e+01,8.665252669969778054e+00,2.212288671124155393e+00
1.097183941193781642e+01,8.767797108830896136e+00,2.280041784882193667e+00
1.111425097582569421e+01,8.873289248306065247e+00,2.349856214977754210e+00
1.125776609213436785e+01,8.977275129718771396e+00,2.418730028558037759e+00
1.139244295349978842e+01,9.072806789490893919e+00,2.482066148061029320e+00
1.152802965333073182e+01,9.167042698276430812e+00,2.544583261944765695e+00
1.166429886701621754e+01,9.259850444862905761e+00,2.606171957182738641e+00
1.180143126501278950e+01,9.351377960851921856e+00,2.666906239671191337e+00
1.193940572848652693e+01,9.441631194380114778e+00,2.726813390661680714e+00
1.207820158158250834e+01,9.530616102972670589e+00,2.785829609705653631e+00
1.221779866012318472e+01,9.618338697214976918e+00,2.843961559828624530e+00
1.235817733227824711e+01,9.704805049526269656e+00,2.901193455044133174e+00
1.249931842044404995e+01,9.790021242166401905e+00,2.957516595413691718e+00
1.264120320421957011e+01,9.873993368174001972e+00,3.012885720041033721e+00
1.278381341390653603e+01,9.956727526263543737e+00,3.067296068775059670e+00
1.292713121939801724e+01,1.003822981322083230e+01,3.120751006459162369e+00
1.307643229557334053e+01,1.012142650737505001e+01,3.175115133344081464e+00
1.322645618252585642e+01,1.020331263766587782e+01,3.228435226693786131e+00
1.338780027415875296e+01,1.028950762709331102e+01,3.284303793764356882e+00
1.354992911445743609e+01,1.037421734390838957e+01,3.338884338186072220e+00
1.369904262079531954e+01,1.045048120549931348e+01,3.387785009023126737e+00
1.384877988346670818e+01,1.052551299507584837e+01,3.435626149296428622e+00
1.399677516703054714e+01,1.059817685590139469e+01,3.481639566963153243e+00
1.414534503901303530e+01,1.066965857589777578e+01,3.526586377533737604e+00
1.429447523286673061e+01,1.073996393840828389e+01,3.570422759721054717e+00
1.444415173416420295e+01,1.080909863332957421e+01,3.613165721845328360e+00
1.459436080047917983e+01,1.087706827042159929e+01,3.654751454697045432e+00
1.474508914981064045e+01,1.094387846494603700e+01,3.695282458069671261e+00
1.489632375484485394e+01,1.100953474330165172e+01,3.735108657244977870e+00
1.504805180204820658e+01,1.107404252897781483e+01,3.773118161357349010e+00
1.520026080131616197e+01,1.113740719225810594e+01,3.810191276752027179e+00
1.535293851357000250e+01,1.119963402033869571e+01,3.846083297263898526e+00
1.550771476904961865e+01,1.126137615825238036e+01,3.881174073417706261e+00
1.566294550594377100e+01,1.132196659556447571e+01,3.915089994651739236e+00
1.583463933634364018e+01,1.138745381689988001e+01,3.951026117579194974e+00
1.600685592522620482e+01,1.145155371535226863e+01,3.985418278501330125e+00
1.617580077214212864e+01,1.151291733280290508e+01,4.017610601739781018e+00
1.634521737708090328e+01,1.157296623987745932e+01,4.048308655664643929e+00
1.650149049456785377e+01,1.162705696994741800e+01,4.075283297439331598e+00
1.665814106984464971e+01,1.168004463911688440e+01,4.101030135833823032e+00
1.681468565186108677e+01,1.173177921303690141e+01,4.125451048346683969e+00
1.697158544836553418e+01,1.178242630107327038e+01,4.148627732980963323e+00
1.712883080048674245e+01,1.183199024478440897e+01,4.170565974232178341e+00
1.728641217031117705e+01,1.188047527800923753e+01,4.191264691647989871e+00
1.744432019440735715e+01,1.192788554635834153e+01,4.210727111206728601e+00
1.760254573710858139e+01,1.197422512397692707e+01,4.228959789104002276e+00
1.776107979711335005e+01,1.201949798639917866e+01,4.245975959824141555e+00
1.791991352905240475e+01,1.206370801885828214e+01,4.261782023510620299e+00
1.807903825169089984e+01,1.210685901984791712e+01,4.276384825544909951e+00
1.823844540865383124e+01,1.214895469175014853e+01,4.289821669163853102e+00
1.840302092259813094e+01,1.219123902449918795e+01,4.302417661576521724e+00
1.856787846210973569e+01,1.223241009905811438e+01,4.313843789212906898e+00
1.875146877740686335e+01,1.227687734121387564e+01,4.325092688173735489e+00
1.893538462377391340e+01,1.231997841685124762e+01,4.334827272245897589e+00
1.911035340555887174e+01,1.235965407607294253e+01,4.342800554780176903e+00
1.928559523923953023e+01,1.239810577982420625e+01,4.349512832866063938e+00
1.944728956749666438e+01,1.243245370581128917e+01,4.354646167088835007e+00
1.960919983619499618e+01,1.246576888961695317e+01,4.358823029135941773e+00
1.977089613011624891e+01,1.249797145748773985e+01,4.362042742079501600e+00
1.993279256045757819e+01,1.252915227518189489e+01,4.364374119162286902e+00
2.009488192805370588e+01,1.255931401323136853e+01,4.365911323700612634e+00
2.025715715358556324e+01,1.258845925910846653e+01,4.366618934832681376e+00
2.041961124004930284e+01,1.261659051082106231e+01,4.366566157016460892e+00
2.058223725859506459e+01,1.264371017563291133e+01,4.365795391511586132e+00
2.074502837191707627e+01,1.266982057507641812e+01,4.364351102224557799e+00
2.090797781507257724e+01,1.269492394250185718e+01,4.362294839148022518e+00
2.107107888324314970e+01,1.271902242221776191e+01,4.359682166792244296e+00
2.123432497479753422e+01,1.274211807660084084e+01,4.356590605710583652e+00
2.140294387616520666e+01,1.276490391137924618e+01,4.352909341281947064e+00
2.157170313243682358e+01,1.278662583837515143e+01,4.348872646273911791e+00
2.176024045834783394e+01,1.280961906152222696e+01,4.343929305835460219e+00
2.194893415367998912e+01,1.283129166457040071e+01,4.338579210682991238e+00
2.213056754684852478e+01,1.285089371414462889e+01,4.333228721746100298e+00
2.231232820571718989e+01,1.286927830909866977e+01,4.327692452483080210e+00
2.247775781484273594e+01,1.288494491228556527e+01,4.322609319563606611e+00
2.264327946056070573e+01,1.289960721583387659e+01,4.317552956100277228e+00
2.280759296249939538e+01,1.291316367418531996e+01,4.312584582162071634e+00
2.297198485732040751e+01,1.292573386357269527e+01,4.307724003773312660e+00
2.313644910995422777e+01,1.293731885288684680e+01,4.303026622798340917e+00
2.330097973372510722e+01,1.294791962805912178e+01,4.298536582495332325e+00
2.346557077218255216e+01,1.295753709088660344e+01,4.294304983970982370e+00
2.363021627940907265e+01,1.296617205832500730e+01,4.290371646484922863e+00
2.379491033834668556e+01,1.297382526402946823e+01,4.286782302970674863e+00
2.395964706134472877e+01,1.298049735846042019e+01,4.283568952015997411e+00
2.412442057422415687e+01,1.298618890834118567e+01,4.280764434616399328e+00
2.428922502277459472e+01,1.299090039715161282e+01,4.278407885257750287e+00
2.445732167685659064e+01,1.299469629080163280e+01,4.276468511337665035e+00
2.462543824451957164e+01,1.299747364009743222e+01,4.275071641049057014e+00
2.481271486211325339e+01,1.299936842732124731e+01,4.274114353387397536e+00
2.499999999999967315e+01,1.299999999999999289e+01,4.273762467379658148e+00
2.518728513788610002e+01,1.299936842732124731e+01,4.274092467636013026e+00
2.537456175547979242e+01,1.299747364009744111e+01,4.275027023286866346e+00
2.554267832314280540e+01,1.299469629080164168e+01,4.276401443296565574e+00
2.571077497722477290e+01,1.299090039715162703e+01,4.278317718013632920e+00
2.587557942577529246e+01,1.298618890834120521e+01,4.280654230441744978e+00
2.604035293865465306e+01,1.298049735846044150e+01,4.283438202067229028e+00
2.620508966165268205e+01,1.297382526402949665e+01,4.286633935036817000e+00
2.636978372059030207e+01,1.296617205832503750e+01,4.290205447637198688e+00
2.653442922781681901e+01,1.295753709088663541e+01,4.294126536934104621e+00
2.669902026627427105e+01,1.294791962805915730e+01,4.298345328353035733e+00
2.686355089004514696e+01,1.293731885288688588e+01,4.302825271442312527e+00
2.702801514267897076e+01,1.292573386357273790e+01,4.307512445915487653e+00
2.719240703749997934e+01,1.291316367418536615e+01,4.312367889840474255e+00
2.735672053943867255e+01,1.289960721583392633e+01,4.317331239674722987e+00
2.752224218515663168e+01,1.288494491228562033e+01,4.322386331558159434e+00
2.768767179428218483e+01,1.286927830909873016e+01,4.327470761212355299e+00
2.786943245315084994e+01,1.285089371414469284e+01,4.333005041572546290e+00
2.805106584631938205e+01,1.283129166457046821e+01,4.338354506549586098e+00
2.823975954165152302e+01,1.280961906152230156e+01,4.343703587942874478e+00
2.842829686756254404e+01,1.278662583837522781e+01,4.348643526319001751e+00
2.859705612383417872e+01,1.276490391137932079e+01,4.352685841674303724e+00
2.876567502520187958e+01,1.274211807660091900e+01,4.356370370688456006e+00
2.892892111675626765e+01,1.271902242221784007e+01,4.359466162087154650e+00
2.909202218492684366e+01,1.269492394250194067e+01,4.362081723838142189e+00
2.925497162808235529e+01,1.266982057507650516e+01,4.364136953465697744e+00
2.941776274140437764e+01,1.264371017563299660e+01,4.365580369381323322e+00
2.958038875995013584e+01,1.261659051082115468e+01,4.366357652392343525e+00
2.974284284641387899e+01,1.258845925910856067e+01,4.366417177303808295e+00
2.990511807194573990e+01,1.255931401323146268e+01,4.365715832585443046e+00
3.006720743954188535e+01,1.252915227518199259e+01,4.364200837965591440e+00
3.022910386988320397e+01,1.249797145748784288e+01,4.361833913869131329e+00
3.039080016380446381e+01,1.246576888961705798e+01,4.358566827109931374e+00
3.055271043250280627e+01,1.243245370581139753e+01,4.354352581146012646e+00
3.071440476075993686e+01,1.239810577982431639e+01,4.349187280421216606e+00
3.088964659444057759e+01,1.235965407607306155e+01,4.342452115700931259e+00
3.106461537622552882e+01,1.231997841685137018e+01,4.334461028332844634e+00
3.124853122259258598e+01,1.227687734121399998e+01,4.324718851270128006e+00
3.143212153788972429e+01,1.223241009905824228e+01,4.313454930018448152e+00
3.159697907740132194e+01,1.219123902449932118e+01,4.302034657705244847e+00
3.176155459134562520e+01,1.214895469175028353e+01,4.289441466716837681e+00
3.192096174830856015e+01,1.210685901984805746e+01,4.276015821137965744e+00
3.208008647094705168e+01,1.206370801885842425e+01,4.261422664449033171e+00
3.223892020288610638e+01,1.201949798639932077e+01,4.245625589556008883e+00
3.239745426289088215e+01,1.197422512397707095e+01,4.228615616392584542e+00
3.255567980559209929e+01,1.192788554635848719e+01,4.210387790244347173e+00
3.271358782968829360e+01,1.188047527800938674e+01,4.190928323283417356e+00
3.287116919951272820e+01,1.183199024478456352e+01,4.170235410785185337e+00
3.302841455163393647e+01,1.178242630107342848e+01,4.148300760343324178e+00
3.318531434813837677e+01,1.173177921303706484e+01,4.125129746289728949e+00
3.334185893015480673e+01,1.168004463911705493e+01,4.100714921194205331e+00
3.349850950543159911e+01,1.162705696994759386e+01,4.074977429690966879e+00
3.365478262291853895e+01,1.157296623987764228e+01,4.048018934492152887e+00
3.382419922785731359e+01,1.151291733280309693e+01,4.017328766489553615e+00
3.399314407477323385e+01,1.145155371535246225e+01,3.985148531347474599e+00
3.416536066365582514e+01,1.138745381690007186e+01,3.950774165860612364e+00
3.433705449405571386e+01,1.132196659556466223e+01,3.914851493731002385e+00
3.449228523094986087e+01,1.126137615825257576e+01,3.880956196504580458e+00
3.464706148642947170e+01,1.119963402033889821e+01,3.845882693884416614e+00
3.479973919868330512e+01,1.113740719225831377e+01,3.809977155453689868e+00
3.495194819795124630e+01,1.107404252897802621e+01,3.772903665649801397e+00
3.510367624515460250e+01,1.100953474330186843e+01,3.734668524006791390e+00
3.525491085018882131e+01,1.094387846494625904e+01,3.695281867599055303e+00
3.540563919952028726e+01,1.087706827042182489e+01,3.654759765151119666e+00
3.555584826583526592e+01,1.080909863332980514e+01,3.613109777300765657e+00
3.570552476713274359e+01,1.073996393840851482e+01,3.570350380147079061e+00
3.585465496098644422e+01,1.066965857589801026e+01,3.526489969505752331e+00
3.600322483296893239e+01,1.059817685590163627e+01,3.481545965767739226e+00
3.615122011653276246e+01,1.052551299507609883e+01,3.435531750514928540e+00
3.630095737920416354e+01,1.045048120549955861e+01,3.387704904253427074e+00
3.645007088554207542e+01,1.037421734390862760e+01,3.338818223470865654e+00
3.661219972584076032e+01,1.028950762709355615e+01,3.284236439965372067e+00
3.677354381747365153e+01,1.020331263766613006e+01,3.228358548315504173e+00
3.692356770442616920e+01,1.012142650737530403e+01,3.175031723624891722e+00
3.707286878060149604e+01,1.003822981322109165e+01,3.120659735151188219e+00
3.721618658609298080e+01,9.956727526263806638e+00,3.067209689579004195e+00
3.735879679577993784e+01,9.873993368174271978e+00,3.012811672267149632e+00
3.750068157955545445e+01,9.790021242166673687e+00,2.957468894883907407e+00
3.764182266772126439e+01,9.704805049526548544e+00,2.901192750576167434e+00
3.778220133987633744e+01,9.618338697215259359e+00,2.843999166100114717e+00
3.792179841841701204e+01,9.530616102972954806e+00,2.785896847655243480e+00
3.806059427151298991e+01,9.441631194380402547e+00,2.726902210388376879e+00
3.819856873498674332e+01,9.351377960852213178e+00,2.667025151345356004e+00
3.833570113298330995e+01,9.259850444863204189e+00,2.606281221051167662e+00
3.847197034666880455e+01,9.167042698276734569e+00,2.544681503750892748e+00
3.860755704649973552e+01,9.072806789491201229e+00,2.482142959580989405e+00
3.874223390786516319e+01,8.977275129719087587e+00,2.418785092474629916e+00
3.888574902417383328e+01,8.873289248306392096e+00,2.349901403936242250e+00
3.902816058806170929e+01,8.767797108831231867e+00,2.280082451228314877e+00
3.916361201878861920e+01,8.665252669970113786e+00,2.212313684479536580e+00
3.929799510973098364e+01,8.561312154672336305e+00,2.143762337610977120e+00
3.942736119729666910e+01,8.459101715402818300e+00,2.076505703370610689e+00
3.955566928544921268e+01,8.355566275362726003e+00,2.008579831757545620e+00
3.968289282840321874e+01,8.250701176288350425e+00,1.940030499269753905e+00
3.980900477193488740e+01,8.144501880014102468e+00,1.870915078961713274e+00
3.993397732956219670e+01,8.036964165016057038e+00,1.801316587266607261e+00
4.005778208211066982e+01,7.928084060768637364e+00,1.731332437297618654e+00
4.018039003652963714e+01,7.817857808772070705e+00,1.661098548183749468e+00
4.030177129333205954e+01,7.706282180860495323e+00,1.590790672126575211e+00
4.042189522983414207e+01,7.593354349656976865e+00,1.520642779802507727e+00
4.054073083057421201e+01,7.479071595606498590e+00,1.450962694334249958e+00
4.065860329665513717e+01,7.363076282016130847e+00,1.381952586407068084e+00
4.077511460257134956e+01,7.245713857228347266e+00,1.314362317118278334e+00
4.089626712506186124e+01,7.120678961212922431e+00,1.245580729040975942e+00
4.101583373289111734e+01,6.994126701642571220e+00,1.180366293315278092e+00
4.112780796790267601e+01,6.872614955809901893e+00,1.123062344529448753e+00
4.123828109488177773e+01,6.749736914361929685e+00,1.071918705320439535e+00
4.134697698213560102e+01,6.625770651710632286e+00,1.029084932266114638e+00
4.145410525398170876e+01,6.500447252705697565e+00,9.968565759825129824e-01
4.155962833195715689e+01,6.373769373753587431e+00,9.778970874298437144e-01
4.166350799367781832e+01,6.245740427096555969e+00,9.749535627989909248e-01
4.176570537058874777e+01,6.116364647991035852e+00,9.904023587047157129e-01
4.186618091984606593e+01,5.985647205048794106e+00,1.026049916546021956e+00
4.196489448330596872e+01,5.853594208930489984e+00,1.082778384693859230e+00
4.206180537077846537e+01,5.720212686066532548e+00,1.160812120022579608e+00
4.215687233107495757e+01,5.585510706510390833e+00,1.259739064009600007e+00
4.225005355905350513e+01,5.449497479552579016e+00,1.378986990447997885e+00
4.234365849528164460e+01,5.308587927973507092e+00,1.521837397388156266e+00
4.243518751704833392e+01,5.166321238540543703e+00,1.685384805624262627e+00
4.252269269843638000e+01,5.025815808902908799e+00,1.865374197783964405e+00
4.260812183825103006e+01,4.884038580416200759e+00,2.065531652032840171e+00
4.269110496345180650e+01,4.741574266108768754e+00,2.285742956007841276e+00
4.277194070435596274e+01,4.597880665748815154e+00,2.527996180106502511e+00
4.285058504205708374e+01,4.452976130725415871e+00,2.793794689867090231e+00
4.292699390487225486e+01,4.306880513139267563e+00,3.085197526043233829e+00
4.300112323908575007e+01,4.159615233704557546e+00,3.404443752613630192e+00
4.307292914019341623e+01,4.011203236700957575e+00,3.754544728193632164e+00
4.314236791653718939e+01,3.861669080097451356e+00,4.138741999304218488e+00
4.320939615807798617e+01,3.711039036368372290e+00,4.561205991708795260e+00
4.327397089089268434e+01,3.559341013861847980e+00,5.026453230151969542e+00
4.333604965862922853e+01,3.406604638089666182e+00,5.540286182666513959e+00
4.339635888958836318e+01,3.250826680850340988e+00,6.117063366880102215e+00
4.345402025554387393e+01,3.094049356572762477e+00,6.759390968315769577e+00
4.350829376307763852e+01,2.938368531142444784e+00,7.467271381572832212e+00
4.355990806062514054e+01,2.781786010324631686e+00,8.260998652310084012e+00
4.360882512972572300e+01,2.624340050125252954e+00,9.155606020057886596e+00
4.365500821137145948e+01,2.466070589541411451e+00,1.017087723691424017e+01
4.369842193346213577e+01,2.307019222098954714e+00,1.133080723532879652e+01
4.373903243906641336e+01,2.147229154957094988e+00,1.266951536098333975e+01
4.377680751290041172e+01,1.986745160666692822e+00,1.422662455698783290e+01
4.381171670696343057e+01,1.825613513349547024e+00,1.607186624065955627e+01
4.384373146093903273e+01,1.663881922795099833e+00,1.825941952699718129e+01
4.387282521814983482e+01,1.501599461362277621e+00,2.099987789640140434e+01
4.389897353820513359e+01,1.338816471149838927e+00,2.420931606938577119e+01
4.392215420174603224e+01,1.175584467996050098e+00,2.897757533782814221e+01
4.394336106903680417e+01,1.003032891047402675e+00,3.376208440455121718e+01
4.396122564360828022e+01,8.301033436596313431e-01,4.649769132243493885e+01
4.397730774996949066e+01,6.351709372256191255e-01,5.147857129175921642e+01
4.398911735096515230e+01,4.399331260097436025e-01,1.139735414250054362e+02
4.399727825814093052e+01,2.200338319952619970e-01,1.322036235895030529e+02
4.399999999999997868e+01,-4.263849346608653932e-17,9.276961363539448939e+02
