x,y,stress
6.999999999999997335e+00,3.413603440774774098e-13,8.134816664904337813e+02
7.002627725886494403e+00,2.221244045687450763e-01,1.036430543813523286e+02
7.010507325181325911e+00,4.441245659537199075e-01,9.873646076468287447e+01
7.021893893778135443e+00,6.409903623275510220e-01,4.155259684608436999e+01
7.037398512023696817e+00,8.375747166258876719e-01,3.940918840008933444e+01
7.054604474572261807e+00,1.011827775134573892e+00,2.815679302625427027e+01
7.075030111168821634e+00,1.185732840904445196e+00,2.450761825159795038e+01
7.097439182952443026e+00,1.350829005217771828e+00,2.046699342240619401e+01
7.122731343126788239e+00,1.515508152898311645e+00,1.785611747676000505e+01
7.150887975946702113e+00,1.679721824433123345e+00,1.558226415614936755e+01
7.181888553288960253e+00,1.843422454368004448e+00,1.378193141754902307e+01
7.215710714278601223e+00,2.006563479951251949e+00,1.225717870353546779e+01
7.252330354913145705e+00,2.169099450828805065e+00,1.097110374883494721e+01
7.291721707560007815e+00,2.330986058806360894e+00,9.863093819403516704e+00
7.333857423047607682e+00,2.492180171403987732e+00,8.902769657137776349e+00
7.378708665498174391e+00,2.652639902222294399e+00,8.061420999145216371e+00
7.426245227325908083e+00,2.812324726552562382e+00,7.318858168295848010e+00
7.476459666589072128e+00,2.971269461510495091e+00,6.658817779490919797e+00
7.529297657985090098e+00,3.129361443050229674e+00,6.068753531688817482e+00
7.585323120747433201e+00,3.288215928390321618e+00,5.533443840607736419e+00
7.643957209847042300e+00,3.446126199932106449e+00,5.051146472721047331e+00
7.704482790564526340e+00,3.601354029236321530e+00,4.619608026632000097e+00
7.767487898139911806e+00,3.755592128936198204e+00,4.227939681192315113e+00
7.832935316544035409e+00,3.908809864352084773e+00,3.871810611988631745e+00
7.900787230733123501e+00,4.060978083950066875e+00,3.546973191734676067e+00
7.971005302107919022e+00,4.212069074884778885e+00,3.233977262408540554e+00
8.043550741628864742e+00,4.362056523378473827e+00,2.965736313106341449e+00
8.118384409769790366e+00,4.510915535499369078e+00,2.715474223260073039e+00
8.195466900388121090e+00,4.658622622165685456e+00,2.487911163949161786e+00
8.274758608242256841e+00,4.805155656282077636e+00,2.279998328887653081e+00
8.356219801557783100e+00,4.950493845955230121e+00,2.090815114670922625e+00
8.440933187403791393e+00,5.096520467593966153e+00,1.917238801566653272e+00
8.527791744478422586e+00,5.241281422148894364e+00,1.761210492684230466e+00
8.616525196918667362e+00,5.384395698602855163e+00,1.622461119962612441e+00
8.707310968023312725e+00,5.526216980693040348e+00,1.500691821711854779e+00
8.799117260725635603e+00,5.665252094992223597e+00,1.396703671955385584e+00
8.892853750572355054e+00,5.802993296679565205e+00,1.309191281884801938e+00
8.988481579081726736e+00,5.939428298381833393e+00,1.238185940835209387e+00
9.085962159402283689e+00,6.074545792540122058e+00,1.183562236457449401e+00
9.185257263801455352e+00,6.208335485892633621e+00,1.144921029970355386e+00
9.286329090397178021e+00,6.340788099470830552e+00,1.121609576358479909e+00
9.389140268587921057e+00,6.471895289168593024e+00,1.112544304162168096e+00
9.493653818189358162e+00,6.601649519642630359e+00,1.116396571812886318e+00
9.599833229628062625e+00,6.730044099923323309e+00,1.131566564017558507e+00
9.707642545311880866e+00,6.857073213021226188e+00,1.156401504667506686e+00
9.819291410969075429e+00,6.985277431635739553e+00,1.190017479599959183e+00
9.932563215792940881e+00,7.112050055071543753e+00,1.230442727260666613e+00
1.004808593037093800e+01,7.238103243713908341e+00,1.276538054143498080e+00
1.016517678643383604e+01,7.362701173666554411e+00,1.326899890054883402e+00
1.028074848721250056e+01,7.482711410818077447e+00,1.379130184457012520e+00
1.039774239823928426e+01,7.601335637484836205e+00,1.433687631025268638e+00
1.051612638401656064e+01,7.718572570386578846e+00,1.489982600009709168e+00
1.063586898626809685e+01,7.834421535374871404e+00,1.547510630111273766e+00
1.075693940766675816e+01,7.948882408200991456e+00,1.605881804395107304e+00
1.087930718117037365e+01,8.061955273864949589e+00,1.664776234414449885e+00
1.100294247916795598e+01,8.173640701011242626e+00,1.723939891970298621e+00
1.112781618582599741e+01,8.283939772523648770e+00,1.783170095899663687e+00
1.125389927804308243e+01,8.392853519580343757e+00,1.842296705503849941e+00
1.138116413466289600e+01,8.500384039025574268e+00,1.901190847059053057e+00
1.151049031825095881e+01,8.607274902532081384e+00,1.960143174739880756e+00
1.164095962195731104e+01,8.712767485319934835e+00,2.018662561903526775e+00
1.178058847492364158e+01,8.823154488120948713e+00,2.080159005009369455e+00
1.192144212553547966e+01,8.931974354759724122e+00,2.140985554241536803e+00
1.205493886023125327e+01,9.032843239201584495e+00,2.197518205710014882e+00
1.218946579723521850e+01,9.132334034161109670e+00,2.253373220307146152e+00
1.232442277465582592e+01,9.230037919536888680e+00,2.308274264857501645e+00
1.246035342928895417e+01,9.326382596340996756e+00,2.362423239292628985e+00
1.259723455195096875e+01,9.421371843451327166e+00,2.415795648324616796e+00
1.273504365193043775e+01,9.515009737188925953e+00,2.468358474868174390e+00
1.287375860439229491e+01,9.607300394994618742e+00,2.520075749069506710e+00
1.301335778013171840e+01,9.698248060176315022e+00,2.570972742811950873e+00
1.315382003355706964e+01,9.787857086220105529e+00,2.620816639579188312e+00
1.329512462246061233e+01,9.876131879961972615e+00,2.670290966540663113e+00
1.343725123898399332e+01,9.963076918274984095e+00,2.718948648083441277e+00
1.358018008824255141e+01,1.004869679037906494e+01,2.765832959303939909e+00
1.372864418911909645e+01,1.013575369382692593e+01,2.813648933422257414e+00
1.387792267761411225e+01,1.022140665978063190e+01,2.860388743407068723e+00
1.403534807747312207e+01,1.030974203506903031e+01,2.908311052856144219e+00
1.419362381154746444e+01,1.039654463770757964e+01,2.955027125450726544e+00
1.434091069141489783e+01,1.047555425238370574e+01,2.997224369317128545e+00
1.448888972491143079e+01,1.055325980482748527e+01,3.038402808961936596e+00
1.463707235019428410e+01,1.062942637772449750e+01,3.078398029508422340e+00
1.478590911481138903e+01,1.070430666600474723e+01,3.117334582547556909e+00
1.493538380032195789e+01,1.077790544415898211e+01,3.155190670038575451e+00
1.508548042307138104e+01,1.085022742030250598e+01,3.191960577338019966e+00
1.523618336341044888e+01,1.092127730061327817e+01,3.227611952243190530e+00
1.538747734860515770e+01,1.099105977864567940e+01,3.262147256053478994e+00
1.553934737178123093e+01,1.105957949694306919e+01,3.295547903219085306e+00
1.569177878645634472e+01,1.112684108984340625e+01,3.327830471969219328e+00
1.584475721898768796e+01,1.119284914272484421e+01,3.359850086185418139e+00
1.599826856039462797e+01,1.125760818922992534e+01,3.389571202154879614e+00
1.615791116978966357e+01,1.132340954480168804e+01,3.419508147284421984e+00
1.631809623140662069e+01,1.138787914697749315e+01,3.448158577776241351e+00
1.649013258727139331e+01,1.145541336106446195e+01,3.477425424796549258e+00
1.666275569652791333e+01,1.152143338196164102e+01,3.505197134936444137e+00
1.682123867123840455e+01,1.158053241762153540e+01,3.529370777534165615e+00
1.698018545938680646e+01,1.163837245341580129e+01,3.552343177161727095e+00
1.713719401211925231e+01,1.169412003475662054e+01,3.573775611282396181e+00
1.729462811426525448e+01,1.174865427719636024e+01,3.594026633970214046e+00
1.745247598182000104e+01,1.180197918664836365e+01,3.613099402605238986e+00
1.761072596121590195e+01,1.185409867276964846e+01,3.630996814114466176e+00
1.776936660372048848e+01,1.190501657622401765e+01,3.647722374885927987e+00
1.792838672321034821e+01,1.195473668678748780e+01,3.663283888072832006e+00
1.808777529453310962e+01,1.200326271050678884e+01,3.677696783239788214e+00
1.824752146034172640e+01,1.205059827334744149e+01,3.690970080275297160e+00
1.840761455663497514e+01,1.209674692956751763e+01,3.703114117269725281e+00
1.856804406834481469e+01,1.214171214930326670e+01,3.714157868035235399e+00
1.873123800741172573e+01,1.218615173619439496e+01,3.724236311473504202e+00
1.889475732806995723e+01,1.222937871466695015e+01,3.733259933919242712e+00
1.907535593948366071e+01,1.227562351334322699e+01,3.741924394445320434e+00
1.925632329012686483e+01,1.232040364010617850e+01,3.749247872064844778e+00
1.942849310233480153e+01,1.236157359188347016e+01,3.755084713122143203e+00
1.960097166392330337e+01,1.240143028905555767e+01,3.759826368557440901e+00
1.976357754157270463e+01,1.243774617504774405e+01,3.763334767840753603e+00
1.992643761018177884e+01,1.247290458790982903e+01,3.765971804241534215e+00
2.008954266786068388e+01,1.250690822505476518e+01,3.767751066307389429e+00
2.025288368502326009e+01,1.253975971117786337e+01,3.768729327090906356e+00
2.041645171123822067e+01,1.257146157900478478e+01,3.769009788106190140e+00
2.058023790972682221e+01,1.260201627729627738e+01,3.768557885977348754e+00
2.074423354882550541e+01,1.263142616960203135e+01,3.767444007838672615e+00
2.090842998116592000e+01,1.265969353114141072e+01,3.765711485722930352e+00
2.107281865058823200e+01,1.268682055088216032e+01,3.763407797585440306e+00
2.123739110761180271e+01,1.271280933447088302e+01,3.760594555061630651e+00
2.140213899019983401e+01,1.273766190122975495e+01,3.757326991073731026e+00
2.156705399470290629e+01,1.276138018043096167e+01,3.753697632108628390e+00
2.174231842858411312e+01,1.278532256984962778e+01,3.749448817140576651e+00
2.191775224227188446e+01,1.280799055427448785e+01,3.744900482368298977e+00
2.210516302955868184e+01,1.283077972387964927e+01,3.739784978125836989e+00
2.229274411991243809e+01,1.285212181482379457e+01,3.734403132129131553e+00
2.246271883744264741e+01,1.287019867649322791e+01,3.729461163047995242e+00
2.263281521092778448e+01,1.288709251292311464e+01,3.724519718916404987e+00
2.279872036550877468e+01,1.290242203636621632e+01,3.719736442119286668e+00
2.296472532194651706e+01,1.291663011111239534e+01,3.715049627117233744e+00
2.313082237382701223e+01,1.292971784794584700e+01,3.710504558049606327e+00
2.329700383097875971e+01,1.294168626839784153e+01,3.706151135368874527e+00
2.346326204440260099e+01,1.295253630735373029e+01,3.702044487044233279e+00
2.362958941867264784e+01,1.296226881381527285e+01,3.698223177339542644e+00
2.379597838320561820e+01,1.297088454903254018e+01,3.694736980251034808e+00
2.396242138856063164e+01,1.297838418670257354e+01,3.691615879182193360e+00
2.412891091559463419e+01,1.298476831362827433e+01,3.688902097952787784e+00
2.429543946042442926e+01,1.299003742918726445e+01,3.686621890564114157e+00
2.446321959651886147e+01,1.299421826425835391e+01,3.684780023001999805e+00
2.463102409566503326e+01,1.299726844476135845e+01,3.683457242693899403e+00
2.481550699217269340e+01,1.299931712757533298e+01,3.682571222216259876e+00
2.500000000000024869e+01,1.299999999999999467e+01,3.682254534272269009e+00
2.518449300782780398e+01,1.299931712757532587e+01,3.682574968135269078e+00
2.536897590433544991e+01,1.299726844476135135e+01,3.683464548850209130e+00
2.553678040348164302e+01,1.299421826425833970e+01,3.684787458757932122e+00
2.570456053957606102e+01,1.299003742918725024e+01,3.686628485747506456e+00
2.587108908440592003e+01,1.298476831362825479e+01,3.688900901250756093e+00
2.603757861143985153e+01,1.297838418670255223e+01,3.691605635187111378e+00
2.620402161679486142e+01,1.297088454903251353e+01,3.694713413617083386e+00
2.637041058132784244e+01,1.296226881381524620e+01,3.698185404546106447e+00
2.653673795559788218e+01,1.295253630735370187e+01,3.701991066990170776e+00
2.670299616902173412e+01,1.294168626839780600e+01,3.706081185303288450e+00
2.686917762617348160e+01,1.292971784794580614e+01,3.710422358136448828e+00
2.703527467805398388e+01,1.291663011111235271e+01,3.714954789753534659e+00
2.720127963449171205e+01,1.290242203636617191e+01,3.719635120820155905e+00
2.736718478907271290e+01,1.288709251292306490e+01,3.724412442751467989e+00
2.753728116255784997e+01,1.287019867649317462e+01,3.729355830385059356e+00
2.770725588008805929e+01,1.285212181482373595e+01,3.734301315150769351e+00
2.789483697044177646e+01,1.283077972387958887e+01,3.739690338454384921e+00
2.808224775772853832e+01,1.280799055427443101e+01,3.744812081801767611e+00
2.825768157141631320e+01,1.278532256984956561e+01,3.749374773117098769e+00
2.843294600529753424e+01,1.276138018043089772e+01,3.753637518611625534e+00
2.859786100980060297e+01,1.273766190122968389e+01,3.757285763726091687e+00
2.876260889238864138e+01,1.271280933447081019e+01,3.760571190965893873e+00
2.892718134941221209e+01,1.268682055088208394e+01,3.763392419809380662e+00
2.909157001883452054e+01,1.265969353114133256e+01,3.765704793888921653e+00
2.925576645117492092e+01,1.263142616960195319e+01,3.767449232813500526e+00
2.941976209027360767e+01,1.260201627729619389e+01,3.768574306209763858e+00
2.958354828876220566e+01,1.257146157900470129e+01,3.769031406146694518e+00
2.974711631497716979e+01,1.253975971117777632e+01,3.768770041600050025e+00
2.991045733213974245e+01,1.250690822505467459e+01,3.767751913580982048e+00
3.007356238981866170e+01,1.247290458790973311e+01,3.765925497186699999e+00
3.023642245842771814e+01,1.243774617504764102e+01,3.763253457198508123e+00
3.039902833607711230e+01,1.240143028905545641e+01,3.759715263521555606e+00
3.057150689766558571e+01,1.236157359188337246e+01,3.754960210861336023e+00
3.074367670987349399e+01,1.232040364010608435e+01,3.749112947724784206e+00
3.092464406051670167e+01,1.227562351334312751e+01,3.741779970040101322e+00
3.110524267193040515e+01,1.222937871466685067e+01,3.733104721935004200e+00
3.126876199258865441e+01,1.218615173619428838e+01,3.724078065956053951e+00
3.143195593165559032e+01,1.214171214930314768e+01,3.713991039684706674e+00
3.159238544336542631e+01,1.209674692956739861e+01,3.702937258795024444e+00
3.175247853965866440e+01,1.205059827334731892e+01,3.690781354680077619e+00
3.191222470546727408e+01,1.200326271050666804e+01,3.677498959092186492e+00
3.207161327679002483e+01,1.195473668678735990e+01,3.663073132311715163e+00
3.223063339627988455e+01,1.190501657622388443e+01,3.647498922310673741e+00
3.238927403878447109e+01,1.185409867276951701e+01,3.630759719845680245e+00
3.254752401818036134e+01,1.180197918664823575e+01,3.612856375437925927e+00
3.270537188573510434e+01,1.174865427719622524e+01,3.593774272564206118e+00
3.286280598788111007e+01,1.169412003475647843e+01,3.573515243435355426e+00
3.301981454061355947e+01,1.163837245341565563e+01,3.552076470033170619e+00
3.317876132876197204e+01,1.158053241762138441e+01,3.529100599317130271e+00
3.333724430347248102e+01,1.152143338196148115e+01,3.504927998102554731e+00
3.350986741272900105e+01,1.145541336106429853e+01,3.477150347867880242e+00
3.368190376859376300e+01,1.138787914697732795e+01,3.447866598405367355e+00
3.384208883021070591e+01,1.132340954480152995e+01,3.419201640233402451e+00
3.400173143960572730e+01,1.125760818922976547e+01,3.389302215170100663e+00
3.415524278101266731e+01,1.119284914272468079e+01,3.359259508663360094e+00
3.430822121354401588e+01,1.112684108984323750e+01,3.328081816070709298e+00
3.446065262821912256e+01,1.105957949694289866e+01,3.295761807301629709e+00
3.461252265139518869e+01,1.099105977864550887e+01,3.262308440244026553e+00
3.476381663658989396e+01,1.092127730061310409e+01,3.227735749911819774e+00
3.491451957692896002e+01,1.085022742030233012e+01,3.192049765800392791e+00
3.506461619967838317e+01,1.077790544415880269e+01,3.155265504213720096e+00
3.521409088518894492e+01,1.070430666600456426e+01,3.117390395042453299e+00
3.536292764980604630e+01,1.062942637772430921e+01,3.078442317779795268e+00
3.551111027508891027e+01,1.055325980482729165e+01,3.038430450937233296e+00
3.565908930858545034e+01,1.047555425238350857e+01,2.997235125900671537e+00
3.580637618845288017e+01,1.039654463770737891e+01,2.955014756573605794e+00
3.596465192252720300e+01,1.030974203506882958e+01,2.908285929995000796e+00
3.612207732238620395e+01,1.022140665978043472e+01,2.860342754863563819e+00
3.627135581088123217e+01,1.013575369382671987e+01,2.813551910726122873e+00
3.641981991175778433e+01,1.004869679037884822e+01,2.765732186471241860e+00
3.656274876101634419e+01,9.963076918274760274e+00,2.718461737094239883e+00
3.670487537753973584e+01,9.876131879961739912e+00,2.670264699928961427e+00
3.684617996644328031e+01,9.787857086219865721e+00,2.621151025117334665e+00
3.698664221986862088e+01,9.698248060176075214e+00,2.571137536044527216e+00
3.712624139560803371e+01,9.607300394994375381e+00,2.520249314783455930e+00
3.726495634806989443e+01,9.515009737188682593e+00,2.468503415529255118e+00
3.740276544804937231e+01,9.421371843451078476e+00,2.415926471281395926e+00
3.753964657071139044e+01,9.326382596340735631e+00,2.362539925142016273e+00
3.767557722534450448e+01,9.230037919536631108e+00,2.308374573276720909e+00
3.781053420276511190e+01,9.132334034160848546e+00,2.253458954146498883e+00
3.794506113976907358e+01,9.032843239201316266e+00,2.197588558938159853e+00
3.807855787446485607e+01,8.931974354759450563e+00,2.141039138880565407e+00
3.821941152507667994e+01,8.823154488120668049e+00,2.080205843305977353e+00
3.835904037804301225e+01,8.712767485319652394e+00,2.018702261725641822e+00
3.848950968174936094e+01,8.607274902531798944e+00,1.960178382655873186e+00
3.861883586533742374e+01,8.500384039025281169e+00,1.901221988852345834e+00
3.874610072195722665e+01,8.392853519580052435e+00,1.842331338532634755e+00
3.887218381417431345e+01,8.283939772523357448e+00,1.783208915964171304e+00
3.899705752083234955e+01,8.173640701010945975e+00,1.723988710356484155e+00
3.912069281882993010e+01,8.061955273864644056e+00,1.664834180014130194e+00
3.924306059233353494e+01,7.948882408200682370e+00,1.605950148180226966e+00
3.936413101373219803e+01,7.834421535374559653e+00,1.547592681920404001e+00
3.948387361598373246e+01,7.718572570386263543e+00,1.490075807430244481e+00
3.960225760176100351e+01,7.601335637484521790e+00,1.433795877273324137e+00
3.971925151278777832e+01,7.482711410817754150e+00,1.379243267444365983e+00
3.983482321356645173e+01,7.362701173666221344e+00,1.327023893100043317e+00
3.995191406962933911e+01,7.238103243713579715e+00,1.276666928968439585e+00
4.006743678420732380e+01,7.112050055071223120e+00,1.230582292882248518e+00
4.018070858903118392e+01,6.985277431635414480e+00,1.190162611590893871e+00
4.029235745468837848e+01,6.857073213020887792e+00,1.156559140483885528e+00
4.040016677037219495e+01,6.730044099922984024e+00,1.131740805202753553e+00
4.050634618181089053e+01,6.601649519642291075e+00,1.116592849836413714e+00
4.061085973141231165e+01,6.471895289168257293e+00,1.112774541911160986e+00
4.071367090960305291e+01,6.340788099470499262e+00,1.121882461127577058e+00
4.081474273619877380e+01,6.208335485892295225e+00,1.145253690549160153e+00
4.091403784059794191e+01,6.074545792539773004e+00,1.183970008825408593e+00
4.101151842091849176e+01,5.939428298381481675e+00,1.238678005648397917e+00
4.110714624942786344e+01,5.802993296679214374e+00,1.309780258703931333e+00
4.120088273927457578e+01,5.665252094991873655e+00,1.397343552032116909e+00
4.129268903197688445e+01,5.526216980692687741e+00,1.501385116882679061e+00
4.138347480308152626e+01,5.384395698602499003e+00,1.623193060158815593e+00
4.147220825552177104e+01,5.241281422148531988e+00,1.761908890605100142e+00
4.155906681259639868e+01,5.096520467593598447e+00,1.918083355949078195e+00
4.164378019844239276e+01,4.950493845954865968e+00,2.091934230667040762e+00
4.172524139175791191e+01,4.805155656281719700e+00,2.281424593745823959e+00
4.180453309961203701e+01,4.658622622165330185e+00,2.489660068021843919e+00
4.188161559023036773e+01,4.510915535499012030e+00,2.717814619110313856e+00
4.195644925837128625e+01,4.362056523378113226e+00,2.967452078630151480e+00
4.202899469789222309e+01,4.212069074884420949e+00,3.240313165250943150e+00
4.209921276926701950e+01,4.060978083949705386e+00,3.538727266746366951e+00
4.216706468345609693e+01,3.908809864351733054e+00,3.865264098911665780e+00
4.223251210186020188e+01,3.755592128935857588e+00,4.223187429979398111e+00
4.229551720943558735e+01,3.601354029235979137e+00,4.616155780156422139e+00
4.235604279015306872e+01,3.446126199931757395e+00,5.048776219257037567e+00
4.241467687925267427e+01,3.288215928389959686e+00,5.531854423702073476e+00
4.247070234201500938e+01,3.129361443049854419e+00,6.068085475057214850e+00
4.252354033341102735e+01,2.971269461510103405e+00,6.658989424130772328e+00
4.257375477267419228e+01,2.812324726552157816e+00,7.320043969998709876e+00
4.262129133450191887e+01,2.652639902221877843e+00,8.063350011641931658e+00
4.266614257695248824e+01,2.492180171403560962e+00,8.905591477866201089e+00
4.270827829244007745e+01,2.330986058805944339e+00,9.866680072836951254e+00
4.274766964508692269e+01,2.169099450828400055e+00,1.097517424065611280e+01
4.278428928572146361e+01,2.006563479950857598e+00,1.226380144047285725e+01
4.281811144671107883e+01,1.843422454367622754e+00,1.379181501644141683e+01
4.284911202405332631e+01,1.679721824432747868e+00,1.560119078856520680e+01
4.287726865687324818e+01,1.515508152897946825e+00,1.787546980119523354e+01
4.290256081704758628e+01,1.350829005217413004e+00,2.052025455428031009e+01
4.292496988883119258e+01,1.185732840904099694e+00,2.451932784524815290e+01
4.294539552542774885e+01,1.011827775134211738e+00,2.832271020894599545e+01
4.296260148797630762e+01,8.375747166255133047e-01,3.930745438270970027e+01
4.297810610622186545e+01,6.409903623272059647e-01,4.208438646794233762e+01
4.298949267481866343e+01,4.441245659534089896e-01,9.811010935333440841e+01
4.299737227411348783e+01,2.221244045684151458e-01,1.044351012391995539e+02
4.299999999999997868e+01,-4.280008981779294744e-17,8.128550933561202783e+02
