x,y,stress
9.999999999999994671e+00,3.396437692126426208e-13,9.214089980544438276e+02
1.000200384045094282e+01,2.288307947202948001e-01,1.281900283206261690e+02
1.000801450972510231e+01,4.575914123119778076e-01,1.140608393371355902e+02
1.001671614387653264e+01,6.607610353682175086e-01,5.191680535560799115e+01
1.002857696143065169e+01,8.637707289379296105e-01,4.747477700892651598e+01
1.004176308454049682e+01,1.043977612942186273e+00,3.496178678139857965e+01
1.005743674298133428e+01,1.223985200998398915e+00,3.035746028738490310e+01
1.007398142788643014e+01,1.388745298853152343e+00,2.582293919509183766e+01
1.009260812621668713e+01,1.553283023800519080e+00,2.277472089888047435e+01
1.011321858073286961e+01,1.716861269348826546e+00,2.015790929406210807e+01
1.013588446993897918e+01,1.880167396523569456e+00,1.805829594122444348e+01
1.016060084971910982e+01,2.043175785436889935e+00,1.627610139228247377e+01
1.018736234079125857e+01,2.205860933553819958e+00,1.476288627791419827e+01
1.021616313349623617e+01,2.368197468214022550e+00,1.345272328112901938e+01
1.024699699117990015e+01,2.530160149048173768e+00,1.231198725339675804e+01
1.027985725595369537e+01,2.691723882653495270e+00,1.130747588425187011e+01
1.031473685424898790e+01,2.852863732890364545e+00,1.041660499647058025e+01
1.035162830109426402e+01,3.013554923900221283e+00,9.620954724022524829e+00
1.039052370754198407e+01,3.173772856243322504e+00,8.905398940695828713e+00
1.043235636492306107e+01,3.337075731564917547e+00,8.244736981879777105e+00
1.047626609121954111e+01,3.499832412495968992e+00,7.646060571967370656e+00
1.052144914642054907e+01,3.659281517421162366e+00,7.109340385248293259e+00
1.056862067513650061e+01,3.818153709293356624e+00,6.618493967507639297e+00
1.061751184980565732e+01,3.975609405957409415e+00,6.170569476304464729e+00
1.066835092320293477e+01,4.132447006556888347e+00,5.758547354885479308e+00
1.072112733311533894e+01,4.288643344735424634e+00,5.379238934021342011e+00
1.077583016679279559e+01,4.444175484579715452e+00,5.029538379259360426e+00
1.083244816924257314e+01,4.599020728647550627e+00,4.706985606684408019e+00
1.089096975019930547e+01,4.753156621493636713e+00,4.409429013707597989e+00
1.095138299321463116e+01,4.906560958347531809e+00,4.124284732694023958e+00
1.101367566186645597e+01,5.059211785632030889e+00,3.874547186517618425e+00
1.107783519915908244e+01,5.211087386039869429e+00,3.641534292690476349e+00
1.114384876544298209e+01,5.362166353736143698e+00,3.429212967410452340e+00
1.121324778000695943e+01,5.515791790448524523e+00,3.231897331186495137e+00
1.128455691549024742e+01,5.668539970802774164e+00,3.054294088768936710e+00
1.135672333484726160e+01,5.818268684933459056e+00,2.897992064345167762e+00
1.143071816441498001e+01,5.967102304925886003e+00,2.760176105323934426e+00
1.150590789034671957e+01,6.113830483127346227e+00,2.641548528728453249e+00
1.158286776647438820e+01,6.259637999865236502e+00,2.540725588185482220e+00
1.166158305290576180e+01,6.404505405732230372e+00,2.457470455128776265e+00
1.174203875807987352e+01,6.548413509891043205e+00,2.391456399430904600e+00
1.182421967782514827e+01,6.691343438852203285e+00,2.342179791870468097e+00
1.190811037806021488e+01,6.833276591920946608e+00,2.309026419763212434e+00
1.199369522346880501e+01,6.974194678402015235e+00,2.291139274121932523e+00
1.208095837082632151e+01,7.114079693178346986e+00,2.287574638949380290e+00
1.216988377431401602e+01,7.252913914508602566e+00,2.297195276218543469e+00
1.226045522603580018e+01,7.390679955073651719e+00,2.318823557792111245e+00
1.235444397244204318e+01,7.529976508673105862e+00,2.351919734381006322e+00
1.245010806230106759e+01,7.668127866843108542e+00,2.394964587383205501e+00
1.254707711158134309e+01,7.804626394611330120e+00,2.446347206686759534e+00
1.264567420625590977e+01,7.939953624179649339e+00,2.505291800681437309e+00
1.274433468999973584e+01,8.072047486539709382e+00,2.568838902391286094e+00
1.284453925066071101e+01,8.202973904727562271e+00,2.639367803069569085e+00
1.294627058187789004e+01,8.332717575778755048e+00,2.714025699665818969e+00
1.304951124735749879e+01,8.461263483349982906e+00,2.791237591924686789e+00
1.315424370120886088e+01,8.588596913243984332e+00,2.871949414492639185e+00
1.326045027779239049e+01,8.714703430839373155e+00,2.955108418150254490e+00
1.336811319573063983e+01,8.839568877632540733e+00,3.040338863218686960e+00
1.347721460972829455e+01,8.963179421648506562e+00,3.127187622174568471e+00
1.358773656495152871e+01,9.085521494151478805e+00,3.215288172885791607e+00
1.369966102727277679e+01,9.206581815656932122e+00,3.304318000844945313e+00
1.381421296855752345e+01,9.327646130007247294e+00,3.394967025006355499e+00
1.393016086821791966e+01,9.447374161440574625e+00,3.486026439823972645e+00
1.404959560904785576e+01,9.567856873749439828e+00,3.578877284206407161e+00
1.417043716817518728e+01,9.686928534846549255e+00,3.671703723841351241e+00
1.428920498925488225e+01,9.801283037690820876e+00,3.761712362603947035e+00
1.440926418551156729e+01,9.914280995258318185e+00,3.851362522522502996e+00
1.453059611425802622e+01,1.002591090377180549e+01,3.940508423765925361e+00
1.465318243455960356e+01,1.013616183954565209e+01,4.029021475025227339e+00
1.477700473185495511e+01,1.024502309058877536e+01,4.116789744022088193e+00
1.490204430150264514e+01,1.035248397018098920e+01,4.203692175819655041e+00
1.502828245929902273e+01,1.045853409327444616e+01,4.289639090018281031e+00
1.515570065980867120e+01,1.056316346095427328e+01,4.374515998024956609e+00
1.528428029093937823e+01,1.066636227583483709e+01,4.458241677194867414e+00
1.541400266378233397e+01,1.076812093248202196e+01,4.540716297015157998e+00
1.554519861618260990e+01,1.086869495086030923e+01,4.622071325797002750e+00
1.567750580344321421e+01,1.096780257201603348e+01,4.702008859529854590e+00
1.581626111146207059e+01,1.106930736472554067e+01,4.783541378551798395e+00
1.595617673863845809e+01,1.116920670020573247e+01,4.863317096159819108e+00
1.609142840140967579e+01,1.126349482103170097e+01,4.938167136069071539e+00
1.622770907268798979e+01,1.135628944286400177e+01,5.011320284078395915e+00
1.636499872259922839e+01,1.144758170990232138e+01,5.082734758323701030e+00
1.650328004153500672e+01,1.153736480401248343e+01,5.152274821175911512e+00
1.664253437438178196e+01,1.162563118287548214e+01,5.219878635277419576e+00
1.678274310909829481e+01,1.171237352945450461e+01,5.285482416247441861e+00
1.692388762317218109e+01,1.179758471323917668e+01,5.349013764779884994e+00
1.706594934135847552e+01,1.188125782129850627e+01,5.410429839394303109e+00
1.720890970614335913e+01,1.196338613501167814e+01,5.469654285756755385e+00
1.735275016214260901e+01,1.204396311736639547e+01,5.526644905771012972e+00
1.749745219412924513e+01,1.212298243070982373e+01,5.581322035309256968e+00
1.764299730189889459e+01,1.220043791833830049e+01,5.633682795138026833e+00
1.779559205158621538e+01,1.227950690253483046e+01,5.685689280062931950e+00
1.794906194527154497e+01,1.235686357535454682e+01,5.734990098770376576e+00
1.809832929063600915e+01,1.243005685483080214e+01,5.780072943575509825e+00
1.824837716185811232e+01,1.250163641805703563e+01,5.822584648566353493e+00
1.839793641152568782e+01,1.257102492935478111e+01,5.862125526658217289e+00
1.854822651803180023e+01,1.263881592761405237e+01,5.899100257417773996e+00
1.869922920211477191e+01,1.270500449448401348e+01,5.935126694372754308e+00
1.885092621451019568e+01,1.276958587161053948e+01,5.966125942425680506e+00
1.900329934234293816e+01,1.283255546033883832e+01,5.995122703955220622e+00
1.915633040360346939e+01,1.289390881636020225e+01,6.021485386071276480e+00
1.931000125349958552e+01,1.295364164942824026e+01,6.046905044929927975e+00
1.946429377760023982e+01,1.301174981782572537e+01,6.067231520068370187e+00
1.961918990355739467e+01,1.306822933009334164e+01,6.085752655504607311e+00
1.977467158073948994e+01,1.312307633488601510e+01,6.101517799069028136e+00
1.993369602903114313e+01,1.317728391478710037e+01,6.114914392111925778e+00
2.009329080314001459e+01,1.322978863559389495e+01,6.125661468290016565e+00
2.025613324538181104e+01,1.328142608307270933e+01,6.133913905672359057e+00
2.041952579367579190e+01,1.333129554175419251e+01,6.139485153001563056e+00
2.057771935895410920e+01,1.337774487732663964e+01,6.142475000652532380e+00
2.073638894126836263e+01,1.342254118431011811e+01,6.143206406513778362e+00
2.089551673468214688e+01,1.346568157394463583e+01,6.141765797900822221e+00
2.105508495344189512e+01,1.350716328043689352e+01,6.138252635720567341e+00
2.121507584038329597e+01,1.354698366177113122e+01,6.132817867172597026e+00
2.137547168097185235e+01,1.358514020130562727e+01,6.125565400840206287e+00
2.153625478752727318e+01,1.362163050188145519e+01,6.116683242920493591e+00
2.169740748984505885e+01,1.365645228235051079e+01,6.106294213482282629e+00
2.185891214587088172e+01,1.368960337874580269e+01,6.094585282023785133e+00
2.202075114635973918e+01,1.372108174364369582e+01,6.081722314803347906e+00
2.218311489309520823e+01,1.375092255906596428e+01,6.067875831801261555e+00
2.234577857650756627e+01,1.377908258395463648e+01,6.053322696707088113e+00
2.251723442960845034e+01,1.380689546309793414e+01,6.037387898118972807e+00
2.268898235574742372e+01,1.383284379853475166e+01,6.020938668076211364e+00
2.285280004781150609e+01,1.385582081350698935e+01,6.005202707499403658e+00
2.301684643120175267e+01,1.387710376072315732e+01,5.989588470954171129e+00
2.318055810650355753e+01,1.389662912195347744e+01,5.974315425004199653e+00
2.334446199271106437e+01,1.391446920865049641e+01,5.959532970350752912e+00
2.350854066212957605e+01,1.393062296007083489e+01,5.945465066224149275e+00
2.367277669726454192e+01,1.394508941809767855e+01,5.932274525218514505e+00
2.383715269249070801e+01,1.395786772689327293e+01,5.920171605283030658e+00
2.400165125850292469e+01,1.396895713261830885e+01,5.909289768526106990e+00
2.416625501450060298e+01,1.397835698223575029e+01,5.899826880660593353e+00
2.433094658584240477e+01,1.398606672302192244e+01,5.891866454899667538e+00
2.449570860655725113e+01,1.399208590236922056e+01,5.885559506425160237e+00
2.466052371563679557e+01,1.399641416729640930e+01,5.880986040314201801e+00
2.483025238878456165e+01,1.399910352791735590e+01,5.878150333350609991e+00
2.500000000000012434e+01,1.399999999999999467e+01,5.877187933037733458e+00
2.516974761121567994e+01,1.399910352791735590e+01,5.878200633045349122e+00
2.533947628436344246e+01,1.399641416729640220e+01,5.881086399911985119e+00
2.550429139344300467e+01,1.399208590236921168e+01,5.885684105221653972e+00
2.566905341415784747e+01,1.398606672302191178e+01,5.892011897849049440e+00
2.583374498549965992e+01,1.397835698223573786e+01,5.899960998573470228e+00
2.599834874149731334e+01,1.396895713261829286e+01,5.909409140301325358e+00
2.616284730750955845e+01,1.395786772689324806e+01,5.920242887676691268e+00
2.632722330273571387e+01,1.394508941809765545e+01,5.932295578771453748e+00
2.649145933787069751e+01,1.393062296007081002e+01,5.945430283844562958e+00
2.665553800728915590e+01,1.391446920865046977e+01,5.959439756325060067e+00
2.681944189349671248e+01,1.389662912195344013e+01,5.974161070973483589e+00
2.698315356879846405e+01,1.387710376072312712e+01,5.989373244497067539e+00
2.714719995218871773e+01,1.385582081350695560e+01,6.004934137047693632e+00
2.731101764425278944e+01,1.383284379853471435e+01,6.020617048498736246e+00
2.748276557039179480e+01,1.380689546309789328e+01,6.037016916398377120e+00
2.765422142349268597e+01,1.377908258395459029e+01,6.052902177375582227e+00
2.781688510690504046e+01,1.375092255906591632e+01,6.067434726573082138e+00
2.797924885364050240e+01,1.372108174364364253e+01,6.081258299689682012e+00
2.814108785412937053e+01,1.368960337874574407e+01,6.094113400952601012e+00
2.830259251015521116e+01,1.365645228235044861e+01,6.105814377855600661e+00
2.846374521247298972e+01,1.362163050188139479e+01,6.116198310125912307e+00
2.862452831902840344e+01,1.358514020130555977e+01,6.125069909970070725e+00
2.878492415961697404e+01,1.354698366177105484e+01,6.132300448125752368e+00
2.894491504655838199e+01,1.350716328043681713e+01,6.137709974931251367e+00
2.910448326531813024e+01,1.346568157394455767e+01,6.141188043908496041e+00
2.926361105873190738e+01,1.342254118431003462e+01,6.142585135777261840e+00
2.942228064104615726e+01,1.337774487732655793e+01,6.141812035431539307e+00
2.958047420632446389e+01,1.333129554175410902e+01,6.138779897166478428e+00
2.974386675461843765e+01,1.328142608307262584e+01,6.133177928092760745e+00
2.990670919686021634e+01,1.322978863559380791e+01,6.124879990781823658e+00
3.006630397096910201e+01,1.317728391478700622e+01,6.114109706027027968e+00
3.022532841926076586e+01,1.312307633488591918e+01,6.100667524848284451e+00
3.038081009644285757e+01,1.306822933009324217e+01,6.084837794570273850e+00
3.053570622240000532e+01,1.301174981782562234e+01,6.066384664570915852e+00
3.068999874650066673e+01,1.295364164942813545e+01,6.045278113369849216e+00
3.084366959639677575e+01,1.289390881636009745e+01,6.021489977625351209e+00
3.099670065765731053e+01,1.283255546033873173e+01,5.995033898408912876e+00
3.114907378549004946e+01,1.276958587161042580e+01,5.965892727707266197e+00
3.130077079788547323e+01,1.270500449448389269e+01,5.934094323303982677e+00
3.145177348196844491e+01,1.263881592761393335e+01,5.899637038250742371e+00
3.160206358847455022e+01,1.257102492935466387e+01,5.862558736532134773e+00
3.175162283814211861e+01,1.250163641805691306e+01,5.822876676523692119e+00
3.190167070936423244e+01,1.243005685483067602e+01,5.780267047341300035e+00
3.205093805472868951e+01,1.235686357535441715e+01,5.735091318036602104e+00
3.220440794841400134e+01,1.227950690253470256e+01,5.685760493643841507e+00
3.235700269810130436e+01,1.220043791833817259e+01,5.633713268568988575e+00
3.250254780587095382e+01,1.212298243070969228e+01,5.581326568078631034e+00
3.264724983785759349e+01,1.204396311736626757e+01,5.526624825049124112e+00
3.279109029385683982e+01,1.196338613501154846e+01,5.469632009087304958e+00
3.293405065864171632e+01,1.188125782129837127e+01,5.410400092667014604e+00
3.307611237682802852e+01,1.179758471323903457e+01,5.348996948008803543e+00
3.321725689090191480e+01,1.171237352945435894e+01,5.285472460156506180e+00
3.335746562561842410e+01,1.162563118287533648e+01,5.219898861172682203e+00
3.349671995846518513e+01,1.153736480401233067e+01,5.152326962563225088e+00
3.363500127740096701e+01,1.144758170990215973e+01,5.082832613401740751e+00
3.377229092731221272e+01,1.135628944286384545e+01,5.011474218641808420e+00
3.390857159859052672e+01,1.126349482103154642e+01,4.938322134857235035e+00
3.404382326136173731e+01,1.116920670020557615e+01,4.863457717659883883e+00
3.418373888853810882e+01,1.106930736472539145e+01,4.783664827980190992e+00
3.432249419655694567e+01,1.096780257201589670e+01,4.702123914334765509e+00
3.445480138381753932e+01,1.086869495086017778e+01,4.622175316703989623e+00
3.458599733621780103e+01,1.076812093248189051e+01,4.540816621676444065e+00
3.471571970906074966e+01,1.066636227583470564e+01,4.458337747313166233e+00
3.484429934019146202e+01,1.056316346095414538e+01,4.374609713792176002e+00
3.497171754070111405e+01,1.045853409327430938e+01,4.289725717897959534e+00
3.509795569849748631e+01,1.035248397018084177e+01,4.203771449364078094e+00
3.522299526814518345e+01,1.024502309058862437e+01,4.116849873080203004e+00
3.534681756544053854e+01,1.013616183954550110e+01,4.029063705706410481e+00
3.546940388574211056e+01,1.002591090377165806e+01,3.940527968206470444e+00
3.559073581448855350e+01,9.914280995258168971e+00,3.851357364142710349e+00
3.571079501074525098e+01,9.801283037690668110e+00,3.761682336328724396e+00
3.582956283182494417e+01,9.686928534846394712e+00,3.671647064947998196e+00
3.595040439095226503e+01,9.567856873749288837e+00,3.578810249697537582e+00
3.606983913178219581e+01,9.447374161440420082e+00,3.485944606954427982e+00
3.618578703144260800e+01,9.327646130007073211e+00,3.394876711794447388e+00
3.630033897272736709e+01,9.206581815656749157e+00,3.304218446771816531e+00
3.641226343504860807e+01,9.085521494151295840e+00,3.215183807859065546e+00
3.652278539027183513e+01,8.963179421648321821e+00,3.127077039167290184e+00
3.663188680426948451e+01,8.839568877632355992e+00,3.040212819271083777e+00
3.673954972220774096e+01,8.714703430839186638e+00,2.954966975019894804e+00
3.684575629879126524e+01,8.588596913243799591e+00,2.871757021021508649e+00
3.695048875264261312e+01,8.461263483349796388e+00,2.791069829472369257e+00
3.705372941812222365e+01,8.332717575778572083e+00,2.713447157094981410e+00
3.715546074933940446e+01,8.202973904727377530e+00,2.639538914419272686e+00
3.725566531000037429e+01,8.072047486539528194e+00,2.570061075658740979e+00
3.735432579374419504e+01,7.939953624179466374e+00,2.505829696998674638e+00
3.745292288841876172e+01,7.804626394611152485e+00,2.446913688181959756e+00
3.754989193769903011e+01,7.668127866842931795e+00,2.395442604371901485e+00
3.764555602755805097e+01,7.529976508672924673e+00,2.352408063096441904e+00
3.773954477396429041e+01,7.390679955073455432e+00,2.319312506703649301e+00
3.783011622568608345e+01,7.252913914508406279e+00,2.297698313221587796e+00
3.791904162917377619e+01,7.114079693178146258e+00,2.288094329714469133e+00
3.800630477653128736e+01,6.974194678401814507e+00,2.291701929695847184e+00
3.809188962193987038e+01,6.833276591920741438e+00,2.309647909085951412e+00
3.817578032217493700e+01,6.691343438851996339e+00,2.342874455691644986e+00
3.825796124192022063e+01,6.548413509890833595e+00,2.392243187732987497e+00
3.833841694709432346e+01,6.404505405732020762e+00,2.458363584962405479e+00
3.841713223352568463e+01,6.259637999865027780e+00,2.541757096873270783e+00
3.849409210965335859e+01,6.113830483127132176e+00,2.642712554377683709e+00
3.856928183558510170e+01,5.967102304925672840e+00,2.761504291648461340e+00
3.864327666515281834e+01,5.818268684933237900e+00,2.899475467660691308e+00
3.871544308450982896e+01,5.668539970802542349e+00,3.055970343051253479e+00
3.878675221999312583e+01,5.515791790448283827e+00,3.233767616978461934e+00
3.885615123455710318e+01,5.362166353735896784e+00,3.431326639041891724e+00
3.892216480084099572e+01,5.211087386039618963e+00,3.644051855058652478e+00
3.898632433813361331e+01,5.059211785631775982e+00,3.876685859222463115e+00
3.904861700678544167e+01,4.906560958347276902e+00,4.130096227523985419e+00
3.910903024980076736e+01,4.753156621493377365e+00,4.405429962511917097e+00
3.916755183075749613e+01,4.599020728647291278e+00,4.703991355028405152e+00
3.922416983320727013e+01,4.444175484579456992e+00,5.027535990620395800e+00
3.927887266688472323e+01,4.288643344735161733e+00,5.377994798491031680e+00
3.933164907679712741e+01,4.132447006556631663e+00,5.757927459666386305e+00
3.938248815019439775e+01,3.975609405957154951e+00,6.170170635757387778e+00
3.943137932486354202e+01,3.818153709293104381e+00,6.618340731436319402e+00
3.947855085357948468e+01,3.659281517420919005e+00,7.109176771566120934e+00
3.952373390878049264e+01,3.499832412495738510e+00,7.645703903076101149e+00
3.956764363507696913e+01,3.337075731564694614e+00,8.244551045086080165e+00
3.960947629245803370e+01,3.173772856243101792e+00,8.905578277254710073e+00
3.964837169890575552e+01,3.013554923900003235e+00,9.621380812445998743e+00
3.968526314575102987e+01,2.852863732890152715e+00,1.041707750419404022e+01
3.972014274404632062e+01,2.691723882653277666e+00,1.130727195465961010e+01
3.975300300882010873e+01,2.530160149047950391e+00,1.231037431652481295e+01
3.978383686650376916e+01,2.368197468213806278e+00,1.344959751727085973e+01
3.981263765920875386e+01,2.205860933553616565e+00,1.475671138875543775e+01
3.983939915028089018e+01,2.043175785436687431e+00,1.626950163476488598e+01
3.986411553006102082e+01,1.880167396523369394e+00,1.805310091117883786e+01
3.988678141926713039e+01,1.716861269348626484e+00,2.015743570259847672e+01
3.990739187378331110e+01,1.553283023800320573e+00,2.277670775705714945e+01
3.992601857211356275e+01,1.388745298852954058e+00,2.584228940053285939e+01
3.994256325701864796e+01,1.223985200998199296e+00,3.035636613807654172e+01
3.995823691545949430e+01,1.043977612941946020e+00,3.503023449458680716e+01
3.997142303856933410e+01,8.637707289377088982e-01,4.742218238603661717e+01
3.998328385612344960e+01,6.607610353679681525e-01,5.208222150726935951e+01
3.999198549027487104e+01,4.575914123117453824e-01,1.139213207607532610e+02
3.999799615954903231e+01,2.288307947200054204e-01,1.278149856526816990e+02
3.999999999999997868e+01,-4.419386360282598402e-17,9.208264398322888837e+02
