x,y,stress
3.999999999999997780e+00,3.885162771075249660e-16,9.319536858840480136e+02
4.006079761145451279e+00,1.684283575402877320e-01,1.370371915480239409e+02
4.024204508346213238e+00,3.359899952737921414e-01,1.095480700806266157e+02
4.053392135710670807e+00,4.988452197818227796e-01,4.776588286568667741e+01
4.093378837861071595e+00,6.593929517033760845e-01,4.027962362533786234e+01
4.143544826167887329e+00,8.170596049202419886e-01,2.729180762013448813e+01
4.203184734892140284e+00,9.713950351585910470e-01,2.214570422415793871e+01
4.271550871721842668e+00,1.122071335441961359e+00,1.759034515601560145e+01
4.347889584354487802e+00,1.268872438207603981e+00,1.440968411512935177e+01
4.431468704908707146e+00,1.411678290501151123e+00,1.193856116239456533e+01
4.521596094229519025e+00,1.550447013395545914e+00,1.002024952189989193e+01
4.617630593376684800e+00,1.685197560853062049e+00,8.489771055988667214e+00
4.718987044175215750e+00,1.815994171725455741e+00,7.256469549010685860e+00
4.825137077762261306e+00,1.942933236941763786e+00,6.249976285068038706e+00
4.935607167306219623e+00,2.066132733591015569e+00,5.421064917489283985e+00
5.049975080828666307e+00,2.185724027625195465e+00,4.732504595622666344e+00
5.167865501440329190e+00,2.301845666007061642e+00,4.157059992327120312e+00
5.288945395250519432e+00,2.414638835855265953e+00,3.673119419653963380e+00
5.412919365153491036e+00,2.524244049744198026e+00,3.264580989030029468e+00
5.539525264418496242e+00,2.630798845002410236e+00,2.918242310937062989e+00
5.668530533537922800e+00,2.734436530769170037e+00,2.623960309187127304e+00
5.799728398812363572e+00,2.835285022721653725e+00,2.373264017337668896e+00
5.932934521705795383e+00,2.933466172114131520e+00,2.159617570920693730e+00
6.067984484861276506e+00,3.029095731118937707e+00,1.977494738653889250e+00
6.204731254308016197e+00,3.122283223988747469e+00,1.822394486062763885e+00
6.343043092892249213e+00,3.213132064345463501e+00,1.690474751669886588e+00
6.482801578065116921e+00,3.301739652612313503e+00,1.578648972174882203e+00
6.623899835660373547e+00,3.388197533762640656e+00,1.484036785798522384e+00
6.766241947925569100e+00,3.472592168177842442e+00,1.404527527047306545e+00
6.909741441860355771e+00,3.555005005460694534e+00,1.337644632861824778e+00
7.054318884620964347e+00,3.635512027289939496e+00,1.282283740803958239e+00
7.199902181071691665e+00,3.714184786233323710e+00,1.236881582032438365e+00
7.346426439929925500e+00,3.791091026768397043e+00,1.200015141202475100e+00
7.494510517197366717e+00,3.866635602856347109e+00,1.170404718601780303e+00
7.643428848087412852e+00,3.940522213680648811e+00,1.147127921332421696e+00
7.792445343518124012e+00,4.012481398284176493e+00,1.129323279350384457e+00
7.942192530791606586e+00,4.082907519885231373e+00,1.116055858188204297e+00
8.092628285544945399e+00,4.151850748083385056e+00,1.106659021360390627e+00
8.243713732046419551e+00,4.219358436044647220e+00,1.100553061446715164e+00
8.395412866855533451e+00,4.285475289831574663e+00,1.097052710549505150e+00
8.547692644068972001e+00,4.350243705382464299e+00,1.096411446849201443e+00
8.700522509895046497e+00,4.413703830742031542e+00,1.096537432306391002e+00
8.853873756705251452e+00,4.475893546241644927e+00,1.098977742305981220e+00
9.007719779279407035e+00,4.536848800433436857e+00,1.102612385587915522e+00
9.162035992372711490e+00,4.596603771543393613e+00,1.107677877801441779e+00
9.318084460579683537e+00,4.655671869576430311e+00,1.113250790959472880e+00
9.474565553681665975e+00,4.713584213656337951e+00,1.119791858761080450e+00
9.638765086300962182e+00,4.772984879345576914e+00,1.127276131064141262e+00
9.803393893691975336e+00,4.831185302567770457e+00,1.135328149925364460e+00
9.959841385407608882e+00,4.885279803744922766e+00,1.143339393480751198e+00
1.011663976968859480e+01,4.938348669734142327e+00,1.151664476741044441e+00
1.027372231340578423e+01,4.990399065509214971e+00,1.160164138402705936e+00
1.043112560749713502e+01,5.041471334348008426e+00,1.168986149019795695e+00
1.058883605108789894e+01,5.091587327669656382e+00,1.177784135078810746e+00
1.074684071259494011e+01,5.140767888251053463e+00,1.186637269813493045e+00
1.090512747097717394e+01,5.189032969110028759e+00,1.195560549128851013e+00
1.106368480639610752e+01,5.236401635819574629e+00,1.204501683687231761e+00
1.122250190485520527e+01,5.282892160742188814e+00,1.213417699728140731e+00
1.138156842917454270e+01,5.328522012619595571e+00,1.222305116019372750e+00
1.154087455331893963e+01,5.373307921884723726e+00,1.231089269186275592e+00
1.170041110538824825e+01,5.417265969249716484e+00,1.239933702939481242e+00
1.186783477686101840e+01,5.462460135142396922e+00,1.249076391267452957e+00
1.203549227049337311e+01,5.506779047799606808e+00,1.257969642979102520e+00
1.221319522104089650e+01,5.552753306491678309e+00,1.267315667933022416e+00
1.239113969926884273e+01,5.597783707431259081e+00,1.276507060285957618e+00
1.255373715206597041e+01,5.638070405931220996e+00,1.284761105088483069e+00
1.271652066289098393e+01,5.677598625542077393e+00,1.292873038049632273e+00
1.287750550039340958e+01,5.715914694050946210e+00,1.300749796112899981e+00
1.303865921798364447e+01,5.753514159928426963e+00,1.308469878819825682e+00
1.319997592638185147e+01,5.790408082548932356e+00,1.316172297833674953e+00
1.336144999154517521e+01,5.826607109732767853e+00,1.323584920136325893e+00
1.352307602102646378e+01,5.862121496720960501e+00,1.330885935652929009e+00
1.368484884556579395e+01,5.896961122780916220e+00,1.338029266506616466e+00
1.384676351066824118e+01,5.931135508793483169e+00,1.345020188787884319e+00
1.400881526319674819e+01,5.964653832569394964e+00,1.351857897436369305e+00
1.417099953772779664e+01,5.997524943101373296e+00,1.358540962732391444e+00
1.433331195276991465e+01,6.029757375836376276e+00,1.365071245908139108e+00
1.449827233591182818e+01,6.061845300908562884e+00,1.371542167447689087e+00
1.466335628159117199e+01,6.093291362352525553e+00,1.377860870073581490e+00
1.484680373676839160e+01,6.127466447981936959e+00,1.384685752816571913e+00
1.503039314086967870e+01,6.160870601126123169e+00,1.391313789498655140e+00
1.521457654925002778e+01,6.193594252572682812e+00,1.397767514601955918e+00
1.539889245548765473e+01,6.225563195573444730e+00,1.404023671401315232e+00
1.556479872178367252e+01,6.253683153324258726e+00,1.409492909227414437e+00
1.573080496826867147e+01,6.281206744140519049e+00,1.414812552597207285e+00
1.589415259067743236e+01,6.307698496970307822e+00,1.419896886976166117e+00
1.605759079114517363e+01,6.333625585725306983e+00,1.424837503652776061e+00
1.622111667001226820e+01,6.358993696406717966e+00,1.429635606862853070e+00
1.638472745412079945e+01,6.383808328369342533e+00,1.434293501697951001e+00
1.654842045867025391e+01,6.408074795448632344e+00,1.438812250253297842e+00
1.671219304626746904e+01,6.431798227018133751e+00,1.443194835706196999e+00
1.687604266756842364e+01,6.454983580845208735e+00,1.447443407463527398e+00
1.703996686726145526e+01,6.477635649985815647e+00,1.451560324974633609e+00
1.720396326191671577e+01,6.499759065435987360e+00,1.455547810040505485e+00
1.736802951833290365e+01,6.521358298927896868e+00,1.459409025044450470e+00
1.753399491672147903e+01,6.542669928132966994e+00,1.463185161695573333e+00
1.770002716467530490e+01,6.563454346298663644e+00,1.466841504597637513e+00
1.788358534657098176e+01,6.585815080580894154e+00,1.470734108932286066e+00
1.806721957648266752e+01,6.607542454559826695e+00,1.474479301584573632e+00
1.826354897733409288e+01,6.630068104386452887e+00,1.478322636036534243e+00
1.845995868731165146e+01,6.651882437228072043e+00,1.481995595729114878e+00
1.863688485446207110e+01,6.670921689147323086e+00,1.485171625134500850e+00
1.881387121583523125e+01,6.689393019015898112e+00,1.488222821991042499e+00
1.897862242653826215e+01,6.706075289680840434e+00,1.490953116017462277e+00
1.914342205978514855e+01,6.722272225224217301e+00,1.493581409704836771e+00
1.930815713948270584e+01,6.737976327018687428e+00,1.496105453524903650e+00
1.947293717206215646e+01,6.753201516449869324e+00,1.498529709271852584e+00
1.963776050370210768e+01,6.767950515188336347e+00,1.500856700030769542e+00
1.980262552731663206e+01,6.782225942292094523e+00,1.503088300175988490e+00
1.996753067394103809e+01,6.796030315823064605e+00,1.505226711250084337e+00
2.013247438079570983e+01,6.809366052613689213e+00,1.507273986794962273e+00
2.029745511927415080e+01,6.822235473026246666e+00,1.509232874997613827e+00
2.046247140331932002e+01,6.834640803650383845e+00,1.511104846521908796e+00
2.062752177342254001e+01,6.846584178001188015e+00,1.512891690174973602e+00
2.079260478037473092e+01,6.858067637347304846e+00,1.514597549127883358e+00
2.096506094193498981e+01,6.869572741021744200e+00,1.516289856452983864e+00
2.113754957124896805e+01,6.880580375112430147e+00,1.517899678655105999e+00
2.133158845109542767e+01,6.892369022717670823e+00,1.519604847822191740e+00
2.152566423685190600e+01,6.903533644324716612e+00,1.521201727649863944e+00
2.172284370337889214e+01,6.914238502358869276e+00,1.522720894157306937e+00
2.192005681044732057e+01,6.924304617706530607e+00,1.524131125775654239e+00
2.209530984089765582e+01,6.932714516291690110e+00,1.525300939923048826e+00
2.227058618849929772e+01,6.940623573054742756e+00,1.526395644486781666e+00
2.243591992264193280e+01,6.947625440528385710e+00,1.527358423027092238e+00
2.260127182715510585e+01,6.954184217296007553e+00,1.528256842691409600e+00
2.276664066556613264e+01,6.960300967976223774e+00,1.529089006178367960e+00
2.293202522859249370e+01,6.965976683095100874e+00,1.529856677908095763e+00
2.309742431641187466e+01,6.971212279145801993e+00,1.530560030991119369e+00
2.326283672554495396e+01,6.976008598983967524e+00,1.531200765787568585e+00
2.342826126365716632e+01,6.980366413055972608e+00,1.531779296499208520e+00
2.359369675546064826e+01,6.984286420119553362e+00,1.532297193472999197e+00
2.375914203166824734e+01,6.987769247465549505e+00,1.532755743179474273e+00
2.392459592309214855e+01,6.990815451333029173e+00,1.533155403310207276e+00
2.409005726878899267e+01,6.993425517551910886e+00,1.533496694112498560e+00
2.425552491402858024e+01,6.995599861868469382e+00,1.533782510484486661e+00
2.443060052229018808e+01,6.997426385899820467e+00,1.534021678266257016e+00
2.460568053436784197e+01,6.998765860723217713e+00,1.534200162341561535e+00
2.480283930145980875e+01,6.999691482557966360e+00,1.534324770334827059e+00
2.500000000000011013e+01,6.999999999999995559e+00,1.534363714447836147e+00
2.519716069854042928e+01,6.999691482557965472e+00,1.534325210564166486e+00
2.539431946563236764e+01,6.998765860723216825e+00,1.534201054798280506e+00
2.556939947771007482e+01,6.997426385899820467e+00,1.534022582861737538e+00
2.574447508597159384e+01,6.995599861868466718e+00,1.533783276502550308e+00
2.590994273121118141e+01,6.993425517551906445e+00,1.533496380538845960e+00
2.607540407690802908e+01,6.990815451333026509e+00,1.533153729144715038e+00
2.624085796833192674e+01,6.987769247465545952e+00,1.532751306728896701e+00
2.640630324453951872e+01,6.984286420119548033e+00,1.532289721325329479e+00
2.657173873634301842e+01,6.980366413055967278e+00,1.531767986762137657e+00
2.673716327445524854e+01,6.976008598983961306e+00,1.531185515000879738e+00
2.690257568358831008e+01,6.971212279145795776e+00,1.530540994416986544e+00
2.706797477140766972e+01,6.965976683095093769e+00,1.529834053793744708e+00
2.723335933443405921e+01,6.960300967976215780e+00,1.529064097416802381e+00
2.739872817284510020e+01,6.954184217295998671e+00,1.528229849591768774e+00
2.756408007735828036e+01,6.947625440528375940e+00,1.527330061951710949e+00
2.772941381150090123e+01,6.940623573054732987e+00,1.526365863933203393e+00
2.790469015910257156e+01,6.932714516291679452e+00,1.525269657647615462e+00
2.807994318955291746e+01,6.924304617706517284e+00,1.524098296398473273e+00
2.827715629662137076e+01,6.914238502358854177e+00,1.522686799797885460e+00
2.847433576314837467e+01,6.903533644324698848e+00,1.521166327546192409e+00
2.866841154890484944e+01,6.892369022717653948e+00,1.519569689145467084e+00
2.886245042875129840e+01,6.880580375112412383e+00,1.517864723432967411e+00
2.903493905806527309e+01,6.869572741021727325e+00,1.516256782552100502e+00
2.920739521962551422e+01,6.858067637347286194e+00,1.514566819303965639e+00
2.937247822657771579e+01,6.846584178001165810e+00,1.512863391261087154e+00
2.953752859668093933e+01,6.834640803650362528e+00,1.511079050159764625e+00
2.970254488072611210e+01,6.822235473026224462e+00,1.509208517774369707e+00
2.986752561920454951e+01,6.809366052613664344e+00,1.507250950120604616e+00
3.003246932605923192e+01,6.796030315823041512e+00,1.505204053290632782e+00
3.019737447268363795e+01,6.782225942292069654e+00,1.503065840496656147e+00
3.036223949629816943e+01,6.767950515188311478e+00,1.500834331442519431e+00
3.052706282793810644e+01,6.753201516449842678e+00,1.498507365526981605e+00
3.069184286051755350e+01,6.737976327018658118e+00,1.496083323312359603e+00
3.085657794021511435e+01,6.722272225224189768e+00,1.493559618411005818e+00
3.102137757346199365e+01,6.706075289680813789e+00,1.490932654531820445e+00
3.118612878416501744e+01,6.689393019015869690e+00,1.488204119903381528e+00
3.136311514553821311e+01,6.670921689147291112e+00,1.485154477676121410e+00
3.154004131268866118e+01,6.651882437228035627e+00,1.481980496697882677e+00
3.173645102266622686e+01,6.630068104386414696e+00,1.478309200176078697e+00
3.193278042351766288e+01,6.607542454559784062e+00,1.474467888095768897e+00
3.211641465342933088e+01,6.585815080580849745e+00,1.470724573834197191e+00
3.229997283532500063e+01,6.563454346298621900e+00,1.466833957123515830e+00
3.246600508327881585e+01,6.542669928132926138e+00,1.463179412540334345e+00
3.263197048166738057e+01,6.521358298927855124e+00,1.459404703806336023e+00
3.279603673808355779e+01,6.499759065435942951e+00,1.455542429191010401e+00
3.296003313273882185e+01,6.477635649985773902e+00,1.451553646411642307e+00
3.312395733243184992e+01,6.454983580845164326e+00,1.447434026353816128e+00
3.328780695373280452e+01,6.431798227018090230e+00,1.443182299556924786e+00
3.345157954133002676e+01,6.408074795448587047e+00,1.438795522778115288e+00
3.361527254587949187e+01,6.383808328369294571e+00,1.434272268108121473e+00
3.377888332998801957e+01,6.358993696406668228e+00,1.429610734768555380e+00
3.394240920885510349e+01,6.333625585725258134e+00,1.424808529477597618e+00
3.410584740932284120e+01,6.307698496970258972e+00,1.419864477449153561e+00
3.426919503173159853e+01,6.281206744140470200e+00,1.414776628412597326e+00
3.443520127821660282e+01,6.253683153324207211e+00,1.409454811165499200e+00
3.460110754451262949e+01,6.225563195573389663e+00,1.403983571166047772e+00
3.478542345075027953e+01,6.193594252572621528e+00,1.397725682451719686e+00
3.496960685913064992e+01,6.160870601126059221e+00,1.391270054530493461e+00
3.515319626323193347e+01,6.127466447981873898e+00,1.384641262703527609e+00
3.533664371840914953e+01,6.093291362352458052e+00,1.377814979388078953e+00
3.550172766408849157e+01,6.061845300908493606e+00,1.371496697242749363e+00
3.566668804723039443e+01,6.029757375836310551e+00,1.365026067648893227e+00
3.582900046227248936e+01,5.997524943101311123e+00,1.358496890718416950e+00
3.599118473680351826e+01,5.964653832569331904e+00,1.351814727212059530e+00
3.615323648933203771e+01,5.931135508793420108e+00,1.344978406965165130e+00
3.631515115443449560e+01,5.896961122780849607e+00,1.337988049525591139e+00
3.647692397897380800e+01,5.862121496720896552e+00,1.330844660490652753e+00
3.663855000845509835e+01,5.826607109732699463e+00,1.323548991493551430e+00
3.680002407361842387e+01,5.790408082548863078e+00,1.316102757525970501e+00
3.696134078201662732e+01,5.753514159928356797e+00,1.308507707975412382e+00
3.712249449960686576e+01,5.715914694050876044e+00,1.300766263898563313e+00
3.728347933710929141e+01,5.677598625542002786e+00,1.292881683802524773e+00
3.744626284793432802e+01,5.638070405931141948e+00,1.284758336054192318e+00
3.760886030073145747e+01,5.597783707431177369e+00,1.276498621857816707e+00
3.778680477895940015e+01,5.552753306491596597e+00,1.267301141646262508e+00
3.796450772950693420e+01,5.506779047799517990e+00,1.257949524028734167e+00
3.813216522313924628e+01,5.462460135142317874e+00,1.248985853112162037e+00
3.829958889461197913e+01,5.417265969249648094e+00,1.239913328706940598e+00
3.845912544668126998e+01,5.373307921884658889e+00,1.231160703448706650e+00
3.861843157082565625e+01,5.328522012619528958e+00,1.222335636391396196e+00
3.877749809514498480e+01,5.282892160742123977e+00,1.213450984492969731e+00
3.893631519360408078e+01,5.236401635819509792e+00,1.204526939679236186e+00
3.909487252902301435e+01,5.189032969109963922e+00,1.195585802346769810e+00
3.925315928740523930e+01,5.140767888250985962e+00,1.186653835828675341e+00
3.941116394891228225e+01,5.091587327669589769e+00,1.177762031455384273e+00
3.956887439250304084e+01,5.041471334347943589e+00,1.168946752684399737e+00
3.972627768659440051e+01,4.990399065509146581e+00,1.160251285080078798e+00
3.988336023031158817e+01,4.938348669734068608e+00,1.151724913707620646e+00
4.004015861459257763e+01,4.885279803744849936e+00,1.143425450568661628e+00
4.019660610630820941e+01,4.831185302567697626e+00,1.135421778232759360e+00
4.036123491369919947e+01,4.772984879345512077e+00,1.127398658260720277e+00
4.052543444631847080e+01,4.713584213656274891e+00,1.119919740793426266e+00
4.068191553942045857e+01,4.655671869576362809e+00,1.113397027277977180e+00
4.083796400762744838e+01,4.596603771543320782e+00,1.107633487548543183e+00
4.099228022072075106e+01,4.536848800433365803e+00,1.102831190319964572e+00
4.114612624329490842e+01,4.475893546241568544e+00,1.099134195716379603e+00
4.129947749010510449e+01,4.413703830741953382e+00,1.096767103556671508e+00
4.145230735593119675e+01,4.350243705382381698e+00,1.096004749686592783e+00
4.160458713314462642e+01,4.285475289831493839e+00,1.097160909631385017e+00
4.175628626795374743e+01,4.219358436044562843e+00,1.100614321145882979e+00
4.190737171445521625e+01,4.151850748083302456e+00,1.106795185309713769e+00
4.205780746920855506e+01,4.082907519885144332e+00,1.116224721386544605e+00
4.220755465648203142e+01,4.012481398284090339e+00,1.129494346777806690e+00
4.235657115191275324e+01,3.940522213680551111e+00,1.147298161917276849e+00
4.250548948280279404e+01,3.866635602856251186e+00,1.170540877531789814e+00
4.265357356007024947e+01,3.791091026768292682e+00,1.200098609628385216e+00
4.280009781892846377e+01,3.714184786233227342e+00,1.236824473494571253e+00
4.294568111537919464e+01,3.635512027289831583e+00,1.282038175592689511e+00
4.309025855813978723e+01,3.555005005460595058e+00,1.337058293906929318e+00
4.323375805207460587e+01,3.472592168177728311e+00,1.403453330970457102e+00
4.337610016433976767e+01,3.388197533762540292e+00,1.482927355864110730e+00
4.351719842193503496e+01,3.301739652612194487e+00,1.577533897842095190e+00
4.365695690710786181e+01,3.213132064345364025e+00,1.689495881609486050e+00
4.379526874569214812e+01,3.122283223988621348e+00,1.821599041059802637e+00
4.393201551513883629e+01,3.029095731118842227e+00,1.976905106956235558e+00
4.406706547829433163e+01,2.933466172114009840e+00,2.159312892571783049e+00
4.420027160118772258e+01,2.835285022721571568e+00,2.373162481732942197e+00
4.433146946646220954e+01,2.734436530769048801e+00,2.624157690093823714e+00
4.446047473558156327e+01,2.630798845002341846e+00,2.918779342486559347e+00
4.458708063484660755e+01,2.524244049744076790e+00,3.265637987190950220e+00
4.471105460474951343e+01,2.414638835855213550e+00,3.674671181700899236e+00
4.483213449855977473e+01,2.301845666006936852e+00,4.159376857667460570e+00
4.495002491917132659e+01,2.185724027625177701e+00,4.735693129452668515e+00
4.506439283269382656e+01,2.066132733590920978e+00,5.425684105592144313e+00
4.517486292223767208e+01,1.942933236941796649e+00,6.255932039401417732e+00
4.528101295582481356e+01,1.815994171725390904e+00,7.265078575457565080e+00
4.538236940662324770e+01,1.685197560853127552e+00,8.499090277591923481e+00
4.547840390577048453e+01,1.550447013395484186e+00,1.003680538382475440e+01
4.556853129509121203e+01,1.411678290501246380e+00,1.195043541527788200e+01
4.565211041564548822e+01,1.268872438207606423e+00,1.446918473018100215e+01
4.572844912827807207e+01,1.122071335442086371e+00,1.758100193957393742e+01
4.579681526510779577e+01,9.713950351586496668e-01,2.242590331662360370e+01
4.585645517383203185e+01,8.170596049203645572e-01,2.745999253133225082e+01
4.590662116213888311e+01,6.593929517034641252e-01,4.081693932777310607e+01
4.594660786428929100e+01,4.988452197818779577e-01,4.663825528949581667e+01
4.597579549165374857e+01,3.359899952737927520e-01,1.102786928755857758e+02
4.599392023885450698e+01,1.684283575402874267e-01,1.349169809972857479e+02
4.599999999999997868e+01,-3.340534658426884762e-17,9.317278155567948943e+02
