x,y,stress
5.999999999999997335e+00,5.072380076643781994e-16,1.031789674886675584e+03
6.004034554394842793e+00,1.854622131837924126e-01,1.598168029064518407e+02
6.016112930962665750e+00,3.705748015264477835e-01,1.255834529538065851e+02
6.033955267774326892e+00,5.378239845125212248e-01,5.981560647828057853e+01
6.058259604874732140e+00,7.042572069691848125e-01,5.129630256282754175e+01
6.088576906426848900e+00,8.680289428094596360e-01,3.688849051992985295e+01
6.124972473579769705e+00,1.030558310920959508e+00,3.060098100965121048e+01
6.167282976241209802e+00,1.191649534994404958e+00,2.501638162992499304e+01
6.215326625297497465e+00,1.351125254506832185e+00,2.112024870662360954e+01
6.268906911424307005e+00,1.508827476995095562e+00,1.774394785968189225e+01
6.327816291324423581e+00,1.664617946323403430e+00,1.545366529642481446e+01
6.391839677772394701e+00,1.818377959123945731e+00,1.346952832386706689e+01
6.460757649253481283e+00,1.970007760353701620e+00,1.183603870970395100e+01
6.534349315541050807e+00,2.119425606059332168e+00,1.040108297036282892e+01
6.612394806841961348e+00,2.266566586035307473e+00,9.253279529833282169e+00
6.694677352545830296e+00,2.411381246106483633e+00,8.247143116438673260e+00
6.780984981108752585e+00,2.553834134019835833e+00,7.381149047640095162e+00
6.871111872848854496e+00,2.693902336416525323e+00,6.627395814762064852e+00
6.964859354248868151e+00,2.831573984013463274e+00,5.970254621509266002e+00
7.062036634619594189e+00,2.966846864455590538e+00,5.394315266037210677e+00
7.162461302001035257e+00,3.099727120948715164e+00,4.888377519785071179e+00
7.265959557179404449e+00,3.230227977239953585e+00,4.442858974313201870e+00
7.372366362066332890e+00,3.358368683954799039e+00,4.049917115841120463e+00
7.481525352297377474e+00,3.484173448459833455e+00,3.702882790577997962e+00
7.593288735343670659e+00,3.607670590319232318e+00,3.396498829700460576e+00
7.707517114234481603e+00,3.728891797411590492e+00,3.126086436058155282e+00
7.824078979943013046e+00,3.847871198386684899e+00,2.887899352021005672e+00
7.942850511998599039e+00,3.964644915288944027e+00,2.678520388302067623e+00
8.063715446615242755e+00,4.079250755328189371e+00,2.495234491457693160e+00
8.186564461508448076e+00,4.191727513569015073e+00,2.335493434507722732e+00
8.311294752970020738e+00,4.302114564590824308e+00,2.197201786931182177e+00
8.437809858989972156e+00,4.410451725401002498e+00,2.078329035785452472e+00
8.566019077548650884e+00,4.516778800437331931e+00,1.977191322811099772e+00
8.695837181837093866e+00,4.621135432271482379e+00,1.892119898877019368e+00
8.827184293792011971e+00,4.723561089958460357e+00,1.821612004096943238e+00
8.960039201297643530e+00,4.824134921276543864e+00,1.764165683172504773e+00
9.094278471935327346e+00,4.922853550681028700e+00,1.718459210512867319e+00
9.230263239612432002e+00,5.020056064390599815e+00,1.683095214290615038e+00
9.367511120169600858e+00,5.115466906979237116e+00,1.656995819442457663e+00
9.505472107331968346e+00,5.208795043600053631e+00,1.638977285084569635e+00
9.644573099076538369e+00,5.300415506610823613e+00,1.627918651408422512e+00
9.784761631850303232e+00,5.390362342810552043e+00,1.622668144067308749e+00
9.925989019851495954e+00,5.478669195274042281e+00,1.622672222146493537e+00
1.006820905216628859e+01,5.565368565969772696e+00,1.626725703662933897e+00
1.021137798677778896e+01,5.650491944105103137e+00,1.635556298984063739e+00
1.035545449030626308e+01,5.734069883537719292e+00,1.645646975126145994e+00
1.050039969101809589e+01,5.816132131191952936e+00,1.659213829796880146e+00
1.064617675760334770e+01,5.896707477091288396e+00,1.674605072799480565e+00
1.079275082358782178e+01,5.975823808340349430e+00,1.691795610956268181e+00
1.094432482256563510e+01,6.055714917117889229e+00,1.710799849219676316e+00
1.109667326628166073e+01,6.134119185703322152e+00,1.730951376437720901e+00
1.124709837848935834e+01,6.209739793218563619e+00,1.751432729935993748e+00
1.139821122959403610e+01,6.283976615999768534e+00,1.772885038220753051e+00
1.154835854697103059e+01,6.356082157046343717e+00,1.794270944116493682e+00
1.169912683905128503e+01,6.426880147999049164e+00,1.815761329544021585e+00
1.185049199441134604e+01,6.496392686660901639e+00,1.837363295097061089e+00
1.200243127359939344e+01,6.564641241946310934e+00,1.859340046230855359e+00
1.215492298396784143e+01,6.631646556177584806e+00,1.881083135417956909e+00
1.230794636697276800e+01,6.697428650475776735e+00,1.902473515797898473e+00
1.246148169387918081e+01,6.762006916940038970e+00,1.923679856608111693e+00
1.261551012653064774e+01,6.825400104248196875e+00,1.944994875495685394e+00
1.277001371093329496e+01,6.887626358601498744e+00,1.965936564705130341e+00
1.292497527282660208e+01,6.948703222029270599e+00,1.986231322809999256e+00
1.308351568136806264e+01,7.009844585192546162e+00,2.006685282264101922e+00
1.324249901552555286e+01,7.069824843674706649e+00,2.026739579114473333e+00
1.341109695340661290e+01,7.132012692249512398e+00,2.047468150474030857e+00
1.358015451132089524e+01,7.192940030934212636e+00,2.067676621615938792e+00
1.373782178915000074e+01,7.248503656398231243e+00,2.086023907308494962e+00
1.389585874373521257e+01,7.303006970689925659e+00,2.103911361584093864e+00
1.405367627918182016e+01,7.356271516780522823e+00,2.121262434115007256e+00
1.421183618146950245e+01,7.408510722335483578e+00,2.138141293012999267e+00
1.437032695941209326e+01,7.459737568083115278e+00,2.154544569638295215e+00
1.452913743457519935e+01,7.509964573101376217e+00,2.170468863338202770e+00
1.468825684366990991e+01,7.559203852190400141e+00,2.185913224709973068e+00
1.484767499283636916e+01,7.607467182521207683e+00,2.200876684401915639e+00
1.500738195693713095e+01,7.654765929154430104e+00,2.215364742620412386e+00
1.516736824332592448e+01,7.701111113801494490e+00,2.229376197550783978e+00
1.532762473626512190e+01,7.746513414161251276e+00,2.242913447959399953e+00
1.548814251935620590e+01,7.790983130545691360e+00,2.255987807210311669e+00
1.565449072202681613e+01,7.836023421088451180e+00,2.269018092856728064e+00
1.582110037860873319e+01,7.880086747588077145e+00,2.281567251924377704e+00
1.600145380835027709e+01,7.926623234649786021e+00,2.294575868620689185e+00
1.618209165192740429e+01,7.972043235967414709e+00,2.307002082497120465e+00
1.634773187388914906e+01,8.012662893393873276e+00,2.317912326828510228e+00
1.651359424771935025e+01,8.052365718008953621e+00,2.328375344981683082e+00
1.667578921138601444e+01,8.090264436659765579e+00,2.338165473478678980e+00
1.683818234138538372e+01,8.127304843872563467e+00,2.347540725493962199e+00
1.700076717908494928e+01,8.163494549442800619e+00,2.356509061832064766e+00
1.716353744671999593e+01,8.198840913069565417e+00,2.365078215603593215e+00
1.732648705105459896e+01,8.233351054506062638e+00,2.373257484857887345e+00
1.748961009526598431e+01,8.267031864570824951e+00,2.381055858772501033e+00
1.765290085427097111e+01,8.299890007876641107e+00,2.388485014217890168e+00
1.781635374100202185e+01,8.331931923977528243e+00,2.395552940207310133e+00
1.797996331863314268e+01,8.363163837627206831e+00,2.402270100721002777e+00
1.814372432781042832e+01,8.393591770850237666e+00,2.408647863464624894e+00
1.830900419609915630e+01,8.423466198090817869e+00,2.414738782375258630e+00
1.847442769329741807e+01,8.452534801777646933e+00,2.420519019275463979e+00
1.865676140940789196e+01,8.483621054814152629e+00,2.426505530344355233e+00
1.883925676037210906e+01,8.513743925418815195e+00,2.432111726731374546e+00
1.902273167997608283e+01,8.543039696250096071e+00,2.437390899748846262e+00
1.920635707757229227e+01,8.571377001550784414e+00,2.442308451117583434e+00
1.937277397042070959e+01,8.596217763956273572e+00,2.446481787287360987e+00
1.953930487840854369e+01,8.620282324031757426e+00,2.450402913688539019e+00
1.970426455919592357e+01,8.643344048245957367e+00,2.454037922711619579e+00
1.986932765163741621e+01,8.665653586537240827e+00,2.457437830008987412e+00
2.003449014038698905e+01,8.687214896345862414e+00,2.460614298958677448e+00
2.019974810712192337e+01,8.708031781931010684e+00,2.463574515706941082e+00
2.036509769569938655e+01,8.728107893402942352e+00,2.466331134306884998e+00
2.053053513538571195e+01,8.747446733093971361e+00,2.468891119467812700e+00
2.069605673044502225e+01,8.766051657335932390e+00,2.471265370611441359e+00
2.086165882698869112e+01,8.783925875870538746e+00,2.473462331148186255e+00
2.102733784111138249e+01,8.801072458113193164e+00,2.475490768945276088e+00
2.119309025688340142e+01,8.817494335516560255e+00,2.477364190068972238e+00
2.136240724670710023e+01,8.833517357666174519e+00,2.479116413271778896e+00
2.153179352139540015e+01,8.848790556913353811e+00,2.480735792298577991e+00
2.172076660777391410e+01,8.864941828392716161e+00,2.482370981233588569e+00
2.190981652628163445e+01,8.880167459614797920e+00,2.483830805092433813e+00
2.209579460397955231e+01,8.894240545549321197e+00,2.485129197577431004e+00
2.228183781749337555e+01,8.907424638504011227e+00,2.486282011479123977e+00
2.245000311424761108e+01,8.918575775784317372e+00,2.487220145321482612e+00
2.261821471691623486e+01,8.929005150989310025e+00,2.488073389577246441e+00
2.278450177037719371e+01,8.938605147395531247e+00,2.488829609564497058e+00
2.295082784851690150e+01,8.947503462290587350e+00,2.489506758784761242e+00
2.311718991145358615e+01,8.955701555968609284e+00,2.490109824090680046e+00
2.328358494344118412e+01,8.963200770618319879e+00,2.490642981035537940e+00
2.345000995288851797e+01,8.970002331434157483e+00,2.491112061514411113e+00
2.361646196973846301e+01,8.976107347488717636e+00,2.491520429869052311e+00
2.378293804059108751e+01,8.981516812458552934e+00,2.491872643589029046e+00
2.394943523368755223e+01,8.986231605589292570e+00,2.492171824665512680e+00
2.411595063267329309e+01,8.990252492149149788e+00,2.492421236221181058e+00
2.428248132825657990e+01,8.993580123863550213e+00,2.492626341046999094e+00
2.445216289570656798e+01,8.996258045595176611e+00,2.492786083782692952e+00
2.462185428259667219e+01,8.998217347480037986e+00,2.492912849943574205e+00
2.481092504020598000e+01,8.999554360069726755e+00,2.493001169681688722e+00
2.500000000000018119e+01,8.999999999999992895e+00,2.493024012807866896e+00
2.518907495979437883e+01,8.999554360069721426e+00,2.493001190281232127e+00
2.537814571740366176e+01,8.998217347480034434e+00,2.492912870835271022e+00
2.554783710429382282e+01,8.996258045595171282e+00,2.492785624336146366e+00
2.571751867174371853e+01,8.993580123863544884e+00,2.492625148675162716e+00
2.588404936732702311e+01,8.990252492149142682e+00,2.492417829650359629e+00
2.605056476631276396e+01,8.986231605589283689e+00,2.492166040751828682e+00
2.621706195940922512e+01,8.981516812458542276e+00,2.491863763676688048e+00
2.638353803026183897e+01,8.976107347488705201e+00,2.491508411698195591e+00
2.654999004711179111e+01,8.970002331434145049e+00,2.491097221659625216e+00
2.671641505655910720e+01,8.963200770618307445e+00,2.490625323197848573e+00
2.688281008854669807e+01,8.955701555968595073e+00,2.490090094207054072e+00
2.704917215148337206e+01,8.947503462290571363e+00,2.489484983908405891e+00
2.721549822962308696e+01,8.938605147395511707e+00,2.488805873690240311e+00
2.738178528308405291e+01,8.929005150989292261e+00,2.488047512673299266e+00
2.754999688575268380e+01,8.918575775784297832e+00,2.487191709559515740e+00
2.771816218250691222e+01,8.907424638503989911e+00,2.486251086637812246e+00
2.790420539602078875e+01,8.894240545549294552e+00,2.485095537948310174e+00
2.809018347371876345e+01,8.880167459614765946e+00,2.483794246920485893e+00
2.827923339222645538e+01,8.864941828392684187e+00,2.482332724270108315e+00
2.846820647860491604e+01,8.848790556913323613e+00,2.480695615946607813e+00
2.863759275329320886e+01,8.833517357666144321e+00,2.479075603910048997e+00
2.880690974311688635e+01,8.817494335516530057e+00,2.477322778567344841e+00
2.897266215888889462e+01,8.801072458113162966e+00,2.475448603957739024e+00
2.913834117301157178e+01,8.783925875870508548e+00,2.473419477451691773e+00
2.930394326955524775e+01,8.766051657335900416e+00,2.471221351739819383e+00
2.946946486461455095e+01,8.747446733093939386e+00,2.468845905547238928e+00
2.963490230430088346e+01,8.728107893402908601e+00,2.466284599713788772e+00
2.980025189287833243e+01,8.708031781930975157e+00,2.463526564876800329e+00
2.996550985961326319e+01,8.687214896345826887e+00,2.460564354988221680e+00
3.013067234836281827e+01,8.665653586537205300e+00,2.457385825047779804e+00
3.029573544080431091e+01,8.643344048245921840e+00,2.453983559930922986e+00
3.046069512159168013e+01,8.620282324031720123e+00,2.450346046243086384e+00
3.062722602957953910e+01,8.596217763956232716e+00,2.446422774719897220e+00
3.079364292242798484e+01,8.571377001550738228e+00,2.442247880944879324e+00
3.097726832002418007e+01,8.543039696250053439e+00,2.437328873230397264e+00
3.116074323962814674e+01,8.513743925418769010e+00,2.432048434966636030e+00
3.134323859059236739e+01,8.483621054814104667e+00,2.426442061102016989e+00
3.152557230670283417e+01,8.452534801777598972e+00,2.420454787660391904e+00
3.169099580390108528e+01,8.423466198090769907e+00,2.414675715860270522e+00
3.185627567218978839e+01,8.393591770850193257e+00,2.408585554553681618e+00
3.202003668136706693e+01,8.363163837627160646e+00,2.402206599530090969e+00
3.218364625899818066e+01,8.331931923977482057e+00,2.395488182388605836e+00
3.234709914572922429e+01,8.299890007876594922e+00,2.388416827301845569e+00
3.251038990473419688e+01,8.267031864570778765e+00,2.380983380148560258e+00
3.267351294894558578e+01,8.233351054506014677e+00,2.373179396399440311e+00
3.283646255328019237e+01,8.198840913069517455e+00,2.364993848564774570e+00
3.299923282091524612e+01,8.163494549442750881e+00,2.356419172607840284e+00
3.316181765861480102e+01,8.127304843872511952e+00,2.347444682111628822e+00
3.332421078861418096e+01,8.090264436659712288e+00,2.338064274168681678e+00
3.348640575228085225e+01,8.052365718008898554e+00,2.328269496592227039e+00
3.365226812611104634e+01,8.012662893393819985e+00,2.317802925427873362e+00
3.381790834807278401e+01,7.972043235967357866e+00,2.306890734224082085e+00
3.399854619164992897e+01,7.926623234649725624e+00,2.294459957756469493e+00
3.417889962139148707e+01,7.880086747588013196e+00,2.281445818044230744e+00
3.434550927797338460e+01,7.836023421088390783e+00,2.268897051332415149e+00
3.451185748064396819e+01,7.790983130545634516e+00,2.255865959608334581e+00
3.467237526373504863e+01,7.746513414161191768e+00,2.242793124981442787e+00
3.483263175667425315e+01,7.701111113801434982e+00,2.229257085477940326e+00
3.499261804306304668e+01,7.654765929154370596e+00,2.215246001916965302e+00
3.515232500716379604e+01,7.607467182521145510e+00,2.200758447983400590e+00
3.531174315633026595e+01,7.559203852190333528e+00,2.185791684004905200e+00
3.547086256542499427e+01,7.509964573101307828e+00,2.170344002532403227e+00
3.562967304058808082e+01,7.459737568083048664e+00,2.154415282479718030e+00
3.578816381853066986e+01,7.408510722335418741e+00,2.138006431683820097e+00
3.594632372081835570e+01,7.356271516780454434e+00,2.121120556273589308e+00
3.610414125626496684e+01,7.303006970689855493e+00,2.103760771416437247e+00
3.626217821085016624e+01,7.248503656398163741e+00,2.085868216807137632e+00
3.641984548867927174e+01,7.192940030934140694e+00,2.067518679241442836e+00
3.658890304659356474e+01,7.132012692249438679e+00,2.047302883942764051e+00
3.675750098447462477e+01,7.069824843674630266e+00,2.026567373464567279e+00
3.691648431863209368e+01,7.009844585192476885e+00,2.006510464312826425e+00
3.707502472717352049e+01,6.948703222029207538e+00,1.986050292179401211e+00
3.722998628906682939e+01,6.887626358601433019e+00,1.965618344941751028e+00
3.738448987346948371e+01,6.825400104248133815e+00,1.944852526681595695e+00
3.753851830612094176e+01,6.762006916939976797e+00,1.923787648971488906e+00
3.769205363302734213e+01,6.697428650475712786e+00,1.902466715188848800e+00
3.784507701603227758e+01,6.631646556177515528e+00,1.880944128785759117e+00
3.799756872640074334e+01,6.564641241946238104e+00,1.859280344065867174e+00
3.814950800558878541e+01,6.496392686660829696e+00,1.837551510820374379e+00
3.830087316094884642e+01,6.426880147998971005e+00,1.815843775183405784e+00
3.845164145302911152e+01,6.356082157046262004e+00,1.794262506453590200e+00
3.860178877040610956e+01,6.283976615999684157e+00,1.772929014129865699e+00
3.875290162151076601e+01,6.209739793218487236e+00,1.751769305258162213e+00
3.890332673371844407e+01,6.134119185703250210e+00,1.731189109883715993e+00
3.905567517743448747e+01,6.055714917117810181e+00,1.711060404896905141e+00
3.920724917641231144e+01,5.975823808340265941e+00,1.692020377973338485e+00
3.935382324239677843e+01,5.896707477091203131e+00,1.674834809527282253e+00
3.949960030898203200e+01,5.816132131191860566e+00,1.659298748661994116e+00
3.964454550969386304e+01,5.734069883537629586e+00,1.645799046873940297e+00
3.978862201322233005e+01,5.650491944105016096e+00,1.634798938969461934e+00
3.993179094783382510e+01,5.565368565969690984e+00,1.626818203698831233e+00
4.007401098014859997e+01,5.478669195273960568e+00,1.622474131465203806e+00
4.021523836814979802e+01,5.390362342810468554e+00,1.622442417902695055e+00
4.035542690092356821e+01,5.300415506610735683e+00,1.627527580953859632e+00
4.049452789266812403e+01,5.208795043599971919e+00,1.638594162058554016e+00
4.063248887983048263e+01,5.115466906979155404e+00,1.656630138278992748e+00
4.076973676038766570e+01,5.020056064390512773e+00,1.682777647572070379e+00
4.090572152806478101e+01,4.922853550680933665e+00,1.718193430047925130e+00
4.103996079870245239e+01,4.824134921276451493e+00,1.763926097629542999e+00
4.117281570620808395e+01,4.723561089958361769e+00,1.821411368841962641e+00
4.130416281816299318e+01,4.621135432271383792e+00,1.891942064825602898e+00
4.143398092245144682e+01,4.516778800437230679e+00,1.977048285670917949e+00
4.156219014101011311e+01,4.410451725400903911e+00,2.078198732905466528e+00
4.168870524703006453e+01,4.302114564590721280e+00,2.197099786902207086e+00
4.181343553849163897e+01,4.191727513568914709e+00,2.335421264030780986e+00
4.193628455338484429e+01,4.079250755328078348e+00,2.495211689303468816e+00
4.205714948800148534e+01,3.964644915288840110e+00,2.678534092234591490e+00
4.217592102005706778e+01,3.847871198386571212e+00,2.887974376335562976e+00
4.229248288576557968e+01,3.728891797411488351e+00,3.126222051101740451e+00
4.240671126465640128e+01,3.607670590319128401e+00,3.396735613909383389e+00
4.251847464770268203e+01,3.484173448459741529e+00,3.703233335137140259e+00
4.262763363793370530e+01,3.358368683954707556e+00,4.050458092667502896e+00
4.273404044282064973e+01,3.230227977239860770e+00,4.443676455296701633e+00
4.283753869799902958e+01,3.099727120948604586e+00,4.889610028269379960e+00
4.293796336538044756e+01,2.966846864455495503e+00,5.395908612234554091e+00
4.303514064575117715e+01,2.831573984013367795e+00,5.972400661534471134e+00
4.312888812715118547e+01,2.693902336416433396e+00,6.630523010677405793e+00
4.321901501889129094e+01,2.553834134019732804e+00,7.385267897841051976e+00
4.330532264745419724e+01,2.411381246106386822e+00,8.254635042944860501e+00
4.338760519315805908e+01,2.266566586035199116e+00,9.262605176127600259e+00
4.346565068445896429e+01,2.119425606059228695e+00,1.043837423958893851e+01
4.353924235074655513e+01,1.970007760353590154e+00,1.182451647623620516e+01
4.360816032222761862e+01,1.818377959123852694e+00,1.346935129298055145e+01
4.367218370867556843e+01,1.664617946323316167e+00,1.545940981688007199e+01
4.373109308857569744e+01,1.508827476995010741e+00,1.787552297156993930e+01
4.378467337470250698e+01,1.351125254506742257e+00,2.097180597084646791e+01
4.383271702375878931e+01,1.191649534994317472e+00,2.474099819988195037e+01
4.387502752642021875e+01,1.030558310920873799e+00,3.042550888909184081e+01
4.391142309357314133e+01,8.680289428093997950e-01,3.640454873849111550e+01
4.394174039512524388e+01,7.042572069691531711e-01,5.129641763127681742e+01
4.396604473222564735e+01,5.378239845125084573e-01,5.863553429812044726e+01
4.398388706903729428e+01,3.705748015264604400e-01,1.268130161610012578e+02
4.399596544560511546e+01,1.854622131837986576e-01,1.574310239239082989e+02
4.399999999999997868e+01,-3.639122188140718997e-17,1.032013601024560558e+03
