x,y,stress
1.999999999999998890e+00,-1.129143134672523563e-13,1.197471714982556250e+03
2.008823642119216490e+00,1.661822428102188443e-01,1.247443891638823743e+02
2.034928606555875152e+00,3.305430377147557386e-01,1.290471645594278414e+02
2.077258734819940944e+00,4.913728002063434963e-01,4.058695699944923518e+01
2.134355347682769466e+00,6.475818139150308905e-01,3.800096286645985799e+01
2.204527225300103144e+00,7.983811067978797693e-01,2.274673901999010894e+01
2.286062675208340611e+00,9.433618876293355937e-01,1.771621544656198566e+01
2.377360936773426303e+00,1.082410725167076482e+00,1.297816362783207822e+01
2.476998418997011786e+00,1.215618578994751564e+00,9.955798820345513889e+00
2.583748376570275784e+00,1.343203766514979414e+00,7.687836563512027155e+00
2.696573414225059029e+00,1.465454664820081465e+00,6.040466611348881187e+00
2.814605102304694295e+00,1.582690583404250617e+00,4.801293438100264765e+00
2.937119619862875286e+00,1.695236925712005460e+00,3.865312695206016613e+00
3.063514045306944045e+00,1.803410454546860997e+00,3.148508106299587883e+00
3.193285211216126296e+00,1.907511192525069621e+00,2.595700371282024577e+00
3.326011608629806826e+00,2.007818451219313793e+00,2.166089473371136886e+00
3.461338790000303423e+00,2.104589744498423176e+00,1.830711815227384687e+00
3.598967092715670280e+00,2.198060864786988144e+00,1.568636908566273247e+00
3.738641610665007331e+00,2.288446786658373533e+00,1.364169818050307681e+00
3.880144676559831307e+00,2.375943390471809025e+00,1.205583922545556463e+00
4.023289102308294396e+00,2.460728831790795379e+00,1.084059177503728488e+00
4.167912949870317796e+00,2.542965154074739331e+00,9.923819874531050189e-01
4.313876278553774313e+00,2.622800374193035466e+00,9.248809459495955787e-01
4.461057098757343908e+00,2.700369533621834073e+00,8.766805720610946207e-01
4.609347800667298323e+00,2.775795634808210455e+00,8.437582689032616656e-01
4.758653896548623585e+00,2.849191403593501537e+00,8.227420351680688748e-01
4.908892016161623850e+00,2.920660281972160988e+00,8.109105906763042215e-01
5.059988035234120218e+00,2.990297233906239693e+00,8.056940408813236809e-01
5.211876007869254757e+00,3.058189711066600314e+00,8.067080018661750840e-01
5.364496956197535305e+00,3.124418351255014326e+00,8.096224961998186309e-01
5.517797888198184175e+00,3.189057623867733948e+00,8.162938016947550723e-01
5.673436756053642505e+00,3.252866211596435519e+00,8.247274604849850199e-01
5.829677536790446091e+00,3.315186605597978176e+00,8.357055416906371548e-01
5.985357603884936317e+00,3.375649901362014482e+00,8.466137465630215742e-01
6.141555607654169968e+00,3.434762439024104275e+00,8.580505717397716170e-01
6.297639769934289866e+00,3.492357842488400088e+00,8.699336018662132686e-01
6.454176265405338064e+00,3.548712376560643644e+00,8.820657366353590323e-01
6.611138159264393188e+00,3.603870888695892116e+00,8.942874900450706876e-01
6.768500855210088041e+00,3.657875415459426183e+00,9.065074501844553323e-01
6.926241718500750544e+00,3.710765367974925066e+00,9.186487301765650093e-01
7.084339831736500948e+00,3.762577733835965166e+00,9.306621240400563266e-01
7.242776020572336826e+00,3.813347336958301526e+00,9.425105614061581871e-01
7.401532346111202365e+00,3.863106897881971147e+00,9.541698330439118969e-01
7.560592078243522529e+00,3.911887232117380986e+00,9.656218492834021117e-01
7.719940080031105545e+00,3.959717545883801204e+00,9.768592855862233693e-01
7.884895870271979135e+00,4.008175855818828737e+00,9.882334292638195183e-01
8.050129627493575413e+00,4.055677762240347484e+00,9.993679294009482073e-01
8.222846579510640908e+00,4.104259494211841108e+00,1.010728557350193846e+00
8.395836998320612921e+00,4.151858343685831620e+00,1.021822161093897785e+00
8.556784758414943681e+00,4.195222823420531100e+00,1.031900801059779438e+00
8.717946894049592998e+00,4.237783705717746763e+00,1.041762412160446072e+00
8.879008319484817946e+00,4.279482544847095227e+00,1.051391030135326421e+00
9.040265086150748530e+00,4.320419493492511087e+00,1.060810409091186068e+00
9.201708930421682808e+00,4.360612497107223540e+00,1.070025061486058471e+00
9.363332004106229789e+00,4.400078643287323565e+00,1.079040916721088372e+00
9.525126928453440556e+00,4.438834236829183766e+00,1.087862456397866273e+00
9.687086755460759591e+00,4.476894845846922877e+00,1.096495950412989417e+00
9.849204918904904460e+00,4.514275341382556483e+00,1.104947734566146922e+00
1.001147518947898085e+01,4.550989934513373747e+00,1.113219833576785778e+00
1.017389167201356415e+01,4.587052219583881651e+00,1.121315693661380619e+00
1.033644878637652553e+01,4.622475210106069987e+00,1.129244231289753930e+00
1.050575610362565193e+01,4.658672458179786702e+00,1.137314306546128639e+00
1.067520431402183689e+01,4.694204331534695740e+00,1.145214029125225741e+00
1.086301499704412699e+01,4.732792647049760326e+00,1.153762688076052312e+00
1.105098497358635434e+01,4.770597421608973931e+00,1.162102849840130459e+00
1.122651422771593310e+01,4.805179787989732887e+00,1.169716284595741174e+00
1.140217144133925231e+01,4.839106235654504928e+00,1.177160047473071680e+00
1.156573917366253923e+01,4.870097583049701306e+00,1.183941581355005823e+00
1.172940988458086586e+01,4.900540413775421378e+00,1.190585927689146617e+00
1.189307584941692575e+01,4.930424701928010300e+00,1.197089088267714319e+00
1.205683779894333085e+01,4.959778464878725757e+00,1.203458769405566064e+00
1.222069250144685171e+01,4.988609861041926052e+00,1.209698165889276922e+00
1.238463690403074224e+01,5.016926755384975678e+00,1.215809462201044244e+00
1.254866806829965498e+01,5.044736723157146052e+00,1.221795341319503736e+00
1.271278315948425330e+01,5.072047062589370547e+00,1.227657859064467116e+00
1.287697945856445791e+01,5.098864810513909163e+00,1.233399284163320786e+00
1.304125436679757577e+01,5.125196755629850998e+00,1.239021765600024638e+00
1.320560539206461392e+01,5.151049448006590481e+00,1.244526062870585204e+00
1.337003011545337827e+01,5.176429205025193880e+00,1.249917515055851469e+00
1.354252352862944520e+01,5.202541254983614749e+00,1.255446465749049167e+00
1.371509286267956007e+01,5.228146767709801246e+00,1.260857237720765411e+00
1.390946020503642266e+01,5.256375618141651884e+00,1.266802083901213960e+00
1.410391725859611967e+01,5.283979731212670394e+00,1.272594207754966567e+00
1.429663291344630593e+01,5.310717057800188989e+00,1.278189362350872660e+00
1.448943039285384771e+01,5.336857850004368409e+00,1.283638904472400144e+00
1.466095815750798437e+01,5.359610856858800787e+00,1.288370232181271557e+00
1.483254637076388427e+01,5.381903430845719427e+00,1.292994324460791322e+00
1.499758697347395220e+01,5.402908691396630658e+00,1.297340159609288390e+00
1.516268006999544760e+01,5.423497312186470687e+00,1.301588633422603669e+00
1.532782407449313489e+01,5.443673503787375800e+00,1.305740850766921035e+00
1.549301745770923588e+01,5.463441340182914274e+00,1.309797384262825215e+00
1.565825874479894431e+01,5.482804763509865786e+00,1.313759795232503746e+00
1.582354648413548937e+01,5.501767585251282178e+00,1.317628967013234176e+00
1.598887928186529450e+01,5.520333494918038930e+00,1.321405699568564795e+00
1.615425577678290381e+01,5.538506061483981391e+00,1.325091723912453778e+00
1.631967464518635325e+01,5.556288738131201832e+00,1.328687111652036901e+00
1.648513461171095784e+01,5.573684867318958958e+00,1.332194575645980539e+00
1.665097098709103918e+01,5.590731886898769432e+00,1.335619503496416671e+00
1.681684615853281883e+01,5.607397179564751255e+00,1.338961233141965135e+00
1.699662252444313637e+01,5.625027479607727088e+00,1.342482924230400831e+00
1.717644157997471410e+01,5.642216917282738997e+00,1.345909389561598113e+00
1.737902654743132658e+01,5.661054476855176709e+00,1.349654203641499794e+00
1.758166188278740449e+01,5.679342287467001427e+00,1.353273123481947948e+00
1.778148455030148511e+01,5.696838450854937008e+00,1.356725612337031039e+00
1.798135252013754837e+01,5.713809284906008479e+00,1.360059197646314333e+00
1.815875500632433415e+01,5.728432917095235943e+00,1.362923226152386036e+00
1.833619061789642402e+01,5.742648987738780519e+00,1.365699446430163944e+00
1.850209680541919255e+01,5.755572814645458557e+00,1.368215131847437593e+00
1.866803001273655127e+01,5.768144974255970503e+00,1.370656223398434514e+00
1.883395259319341264e+01,5.780364869922796522e+00,1.373020114324915664e+00
1.899990039699958189e+01,5.792237320584422200e+00,1.375310068284625320e+00
1.916587255944875778e+01,5.803764252094305576e+00,1.377525490072279757e+00
1.933186823247070762e+01,5.814947521015236376e+00,1.379668569987085203e+00
1.949788659210969399e+01,5.825788916724824240e+00,1.381744448474906406e+00
1.966392681481822535e+01,5.836290161404050103e+00,1.383749468770653746e+00
1.982998808622749820e+01,5.846452912190894580e+00,1.385684307040625507e+00
1.999606963271285665e+01,5.856278764472722109e+00,1.387550229676055569e+00
2.016217068494657028e+01,5.865769250903455578e+00,1.389346494402486032e+00
2.032829047844913717e+01,5.874925842795462039e+00,1.391076854525453710e+00
2.050330809100789509e+01,5.884212228428752134e+00,1.392825914294126832e+00
2.067834481091949073e+01,5.893131221857852431e+00,1.394504602462351750e+00
2.087555302746667607e+01,5.902740662699949681e+00,1.396307161503636429e+00
2.107278322756503286e+01,5.911887812770187267e+00,1.398018245993892572e+00
2.128433810652596136e+01,5.921186662756204200e+00,1.399754678740126046e+00
2.149591550380437255e+01,5.929958240825426330e+00,1.401383251667056573e+00
2.168667750559220053e+01,5.937415912962207720e+00,1.402766884641276413e+00
2.187745566192369395e+01,5.944448221931037502e+00,1.404068593267641551e+00
2.204798967490009076e+01,5.950374940364908660e+00,1.405163812840414028e+00
2.221853509344089161e+01,5.955963843605044161e+00,1.406196505206033232e+00
2.238482810723568406e+01,5.961088622963542250e+00,1.407140778143497473e+00
2.255113066221805340e+01,5.965893833302132521e+00,1.408024963234930427e+00
2.271744212531221052e+01,5.970380175498638309e+00,1.408847881789940804e+00
2.288376186790965860e+01,5.974548302097731245e+00,1.409611069012525864e+00
2.305008926900335453e+01,5.978398817867896398e+00,1.410314600906873883e+00
2.321642370771073516e+01,5.981932280066254215e+00,1.410959299452196447e+00
2.338276456736580045e+01,5.985149198961459582e+00,1.411545666911445895e+00
2.354911123944877005e+01,5.988050038267726194e+00,1.412073835856839876e+00
2.371546311635598769e+01,5.990635215332637209e+00,1.412544590364398056e+00
2.388181959421778444e+01,5.992905101496869058e+00,1.412957917664124707e+00
2.404936240095348055e+01,5.994872789395929935e+00,1.413315873255603039e+00
2.421690865216518773e+01,5.996521305021491166e+00,1.413618018763495465e+00
2.440100033552754155e+01,5.997964868853215670e+00,1.413882271068324537e+00
2.458509463398749162e+01,5.999023664631702779e+00,1.414078091683110161e+00
2.479254674258465485e+01,5.999755929701140467e+00,1.414215213092437473e+00
2.500000000000003553e+01,5.999999999999997335e+00,1.414260593728867255e+00
2.520745325741541976e+01,5.999755929701141355e+00,1.414219674899557022e+00
2.541490536601256167e+01,5.999023664631704555e+00,1.414086986404415214e+00
2.559899966447257924e+01,5.997964868853214782e+00,1.413894808492364819e+00
2.578309134783486201e+01,5.996521305021491166e+00,1.413634027730374720e+00
2.595063759904655143e+01,5.994872789395930823e+00,1.413333376340530467e+00
2.611818040578224398e+01,5.992905101496867282e+00,1.412976474030165797e+00
2.628453688364404783e+01,5.990635215332634544e+00,1.412561568426035086e+00
2.645088876055127258e+01,5.988050038267725306e+00,1.412088799954265506e+00
2.661723543263423508e+01,5.985149198961460471e+00,1.411555327909592927e+00
2.678357629228928616e+01,5.981932280066252439e+00,1.410963068238239915e+00
2.694991073099667034e+01,5.978398817867892845e+00,1.410311115225240997e+00
2.711623813209038047e+01,5.974548302097729469e+00,1.409598153435247081e+00
2.728255787468781790e+01,5.970380175498639197e+00,1.408834289865197320e+00
2.744886933778197147e+01,5.965893833302130744e+00,1.408012734713472991e+00
2.761517189276435147e+01,5.961088622963537809e+00,1.407134024772069392e+00
2.778146490655914036e+01,5.955963843605042385e+00,1.406195935548395282e+00
2.795201032509990569e+01,5.950374940364908660e+00,1.405170762985431088e+00
2.812254433807627407e+01,5.944448221931039278e+00,1.404082705514911433e+00
2.831332249440776749e+01,5.937415912962207720e+00,1.402785243463469333e+00
2.850408449619557771e+01,5.929958240825427218e+00,1.401405272747435093e+00
2.871566189347397113e+01,5.921186662756206864e+00,1.399775031048402285e+00
2.892721677243489253e+01,5.911887812770189043e+00,1.398036922900412149e+00
2.912444697253326709e+01,5.902740662699948793e+00,1.396321514109984729e+00
2.932165518908048085e+01,5.893131221857852431e+00,1.394511660024472910e+00
2.949669190899205873e+01,5.884212228428754798e+00,1.392832667179171313e+00
2.967170952155079888e+01,5.874925842795462927e+00,1.391084809865398508e+00
2.983782931505336933e+01,5.865769250903455578e+00,1.389356097759098629e+00
3.000393036728708651e+01,5.856278764472722997e+00,1.387561831714821059e+00
3.017001191377243430e+01,5.846452912190898132e+00,1.385697373062922289e+00
3.033607318518170004e+01,5.836290161404051879e+00,1.383763882220094166e+00
3.050211340789022074e+01,5.825788916724826016e+00,1.381758963324374090e+00
3.066813176752920356e+01,5.814947521015240817e+00,1.379683186941331074e+00
3.083412744055116406e+01,5.803764252094310905e+00,1.377534906078737631e+00
3.100009960300035772e+01,5.792237320584423976e+00,1.375314102783634418e+00
3.116604740680651631e+01,5.780364869922798299e+00,1.373020106458274103e+00
3.133196998726337767e+01,5.768144974255974056e+00,1.370652024150734061e+00
3.149790319458075061e+01,5.755572814645463886e+00,1.368208964225770874e+00
3.166380938210353335e+01,5.742648987738781408e+00,1.365691572190391279e+00
3.184124499367563388e+01,5.728432917095234167e+00,1.362915360023779776e+00
3.201864747986243032e+01,5.713809284906008479e+00,1.360051741698249606e+00
3.221851544969847936e+01,5.696838450854938785e+00,1.356719952373836247e+00
3.241833811721255643e+01,5.679342287467000538e+00,1.353269390257074267e+00
3.262097345256863434e+01,5.661054476855174933e+00,1.349652415732520927e+00
3.282355842002525037e+01,5.642216917282738997e+00,1.345909992294491264e+00
3.300337747555683166e+01,5.625027479607728864e+00,1.342481866511151090e+00
3.318315384146714564e+01,5.607397179564750367e+00,1.338957829497788188e+00
3.334902901290891464e+01,5.590731886898768543e+00,1.335613969498155917e+00
3.351486538828899597e+01,5.573684867318961622e+00,1.332186647377533006e+00
3.368032535481360412e+01,5.556288738131204497e+00,1.328677736140000620e+00
3.384574422321705356e+01,5.538506061483981391e+00,1.325080908867923402e+00
3.401112071813465576e+01,5.520333494918038930e+00,1.321394473620767451e+00
3.417645351586445912e+01,5.501767585251283954e+00,1.317617488121848091e+00
3.434174125520102194e+01,5.482804763509868451e+00,1.313748594085827781e+00
3.450698254229072859e+01,5.463441340182915162e+00,1.309786715598909579e+00
3.467217592550682070e+01,5.443673503787374024e+00,1.305730711778054554e+00
3.483731993000451865e+01,5.423497312186470687e+00,1.301579206857945481e+00
3.500241302652602116e+01,5.402908691396631546e+00,1.297331036585659403e+00
3.516745362923609264e+01,5.381903430845716763e+00,1.292985599749622905e+00
3.533904184249202274e+01,5.359610856858794570e+00,1.288361190491540187e+00
3.551056960714617361e+01,5.336857850004362191e+00,1.283629679058608586e+00
3.570336708655374736e+01,5.310717057800177443e+00,1.278179250186072036e+00
3.589608274140395849e+01,5.283979731212653519e+00,1.272583085936361824e+00
3.609053979496359688e+01,5.256375618141643002e+00,1.266789865491978695e+00
3.628490713732040973e+01,5.228146767709801246e+00,1.260843434596768287e+00
3.645747647137049086e+01,5.202541254983621855e+00,1.255431983383666683e+00
3.662996988454654002e+01,5.176429205025201874e+00,1.249902212346649000e+00
3.679439460793530259e+01,5.151049448006597586e+00,1.244511020608631391e+00
3.695874563320235495e+01,5.125196755629858103e+00,1.239007199130785608e+00
3.712302054143545860e+01,5.098864810513918044e+00,1.233385924738240380e+00
3.728721684051565433e+01,5.072047062589378541e+00,1.227646021755618655e+00
3.745133193170024555e+01,5.044736723157155822e+00,1.221785177384532739e+00
3.761536309596917249e+01,5.016926755384985448e+00,1.215801147245791913e+00
3.777930749855306658e+01,4.988609861041934934e+00,1.209691729416801698e+00
3.794316220105659454e+01,4.959778464878733750e+00,1.203454364163239143e+00
3.810692415058300497e+01,4.930424701928016518e+00,1.197086946040646804e+00
3.827059011541908262e+01,4.900540413775426707e+00,1.190586417924274443e+00
3.843426082633738616e+01,4.870097583049710188e+00,1.183945867583921618e+00
3.859782855866065177e+01,4.839106235654515586e+00,1.177168469382791072e+00
3.877348577228399051e+01,4.805179787989740881e+00,1.169727693656213319e+00
3.894901502641356927e+01,4.770597421608983701e+00,1.162118700897904144e+00
3.913698500295582505e+01,4.732792647049764767e+00,1.153775583235761015e+00
3.932479568597815245e+01,4.694204331534693075e+00,1.145223060180557306e+00
3.949424389637432853e+01,4.658672458179781373e+00,1.137319588685480554e+00
3.966355121362345670e+01,4.622475210106067323e+00,1.129245308653053170e+00
3.982610832798641809e+01,4.587052219583878987e+00,1.121314978291449549e+00
3.998852481052099961e+01,4.550989934513369306e+00,1.113217104727737272e+00
4.015079508109508311e+01,4.514275341382549378e+00,1.104944036545556063e+00
4.031291324453923863e+01,4.476894845846916660e+00,1.096492076255480619e+00
4.047487307154656122e+01,4.438834236829178437e+00,1.087856220756398207e+00
4.063666799589376666e+01,4.400078643287314684e+00,1.079031369666846096e+00
4.079829106957831186e+01,4.360612497107213770e+00,1.070012603523315953e+00
4.095973491384926035e+01,4.320419493492502205e+00,1.060794632102280088e+00
4.112099168051518205e+01,4.279482544847087233e+00,1.051373003103079240e+00
4.128205310595040345e+01,4.237783705717737881e+00,1.041741875965713326e+00
4.144321524158506520e+01,4.195222823420518665e+00,1.031878024813536854e+00
4.160416300167942438e+01,4.151858343685813857e+00,1.021797485868599864e+00
4.177715342048936265e+01,4.104259494211831338e+00,1.010702084324743621e+00
4.194987037250640327e+01,4.055677762240344819e+00,9.993391011454125783e-01
4.211510412972799600e+01,4.008175855818827849e+00,9.882026272042581105e-01
4.228005991996887047e+01,3.959717545883802092e+00,9.768262692669171798e-01
4.243940792175644816e+01,3.911887232117383650e+00,9.655874248087383815e-01
4.259846765388875411e+01,3.863106897881971147e+00,9.541337910554772428e-01
4.275722397942761432e+01,3.813347336958302858e+00,9.424728399522758204e-01
4.291566016826346441e+01,3.762577733835966942e+00,9.306219347270312525e-01
4.307375828149922370e+01,3.710765367974925955e+00,9.186062173945298559e-01
4.323149914478988620e+01,3.657875415459420854e+00,9.064601140212812380e-01
4.338886184073556507e+01,3.603870888695890340e+00,8.942338488869177038e-01
4.354582373459464151e+01,3.548712376560640536e+00,8.819956387790091057e-01
4.370236023006567905e+01,3.492357842488402309e+00,8.698402558732567513e-01
4.385844439234580250e+01,3.434762439024100278e+00,8.578960060518111552e-01
4.401464239611502904e+01,3.375649901362013150e+00,8.462944896438601150e-01
4.417032246320955835e+01,3.315186605597966629e+00,8.353223426599798440e-01
4.432656324394632463e+01,3.252866211596438628e+00,8.252368503272593525e-01
4.448220211180179007e+01,3.189057623867729063e+00,8.165722704258054909e-01
4.463550304380242295e+01,3.124418351255016990e+00,8.099799038208026492e-01
4.478812399213074968e+01,3.058189711066588323e+00,8.061440778525401640e-01
4.494001196476586557e+01,2.990297233906236141e+00,8.060901449637960514e-01
4.509110798383840546e+01,2.920660281972128125e+00,8.111854853612425753e-01
4.524134610345134888e+01,2.849191403593495320e+00,8.231640991873735436e-01
4.539065219933272743e+01,2.775795634808185586e+00,8.442790055753064404e-01
4.553894290124259925e+01,2.700369533621854057e+00,8.772674999145705366e-01
4.568612372144620082e+01,2.622800374193027473e+00,9.255615336827602846e-01
4.583208705012956585e+01,2.542965154074782852e+00,9.931603325415314654e-01
4.597671089769170294e+01,2.460728831790783833e+00,1.084986327181267640e+00
4.611985532344004923e+01,2.375943390471868089e+00,1.206745778863004048e+00
4.626135838933500821e+01,2.288446786658338006e+00,1.365688748920543150e+00
4.640103290728417562e+01,2.198060864787065860e+00,1.570612503311403119e+00
4.653866120999975209e+01,2.104589744498367221e+00,1.833374123073839401e+00
4.667398839136998134e+01,2.007818451219452793e+00,2.169068830244016421e+00
4.680671478878389991e+01,1.907511192525022103e+00,2.599050022555452255e+00
4.693648595469267804e+01,1.803410454547140773e+00,3.151293652326927930e+00
4.706288038013708075e+01,1.695236925712023668e+00,3.866553605425819828e+00
4.718539489769478479e+01,1.582690583404732010e+00,4.799237063676703663e+00
4.730342658577486503e+01,1.465454664820124098e+00,6.031776641995888255e+00
4.741625162342908339e+01,1.343203766515659314e+00,7.674651732963012840e+00
4.752300158100293714e+01,1.215618578994793086e+00,9.923112894107291027e+00
4.762263906322598217e+01,1.082410725167887611e+00,1.294220843430035472e+01
4.771393732479159411e+01,9.433618876293878852e-01,1.758283226682257450e+01
4.779547277469952604e+01,7.983811067985417953e-01,2.263236080130542760e+01
4.786564465231720078e+01,6.475818139150496533e-01,3.724640423886891938e+01
4.792274126517997246e+01,4.913728002065658740e-01,4.206569561277369473e+01
4.796507139344408444e+01,3.305430377147579590e-01,1.271612245387377556e+02
4.799117635788074665e+01,1.661822428102250615e-01,1.253846234887642197e+02
4.799999999999997868e+01,-3.220536610940605978e-17,1.194500851856292229e+03
