x,y,stress
2.999999999999998668e+00,3.405901678525715003e-13,7.369396128038141569e+02
3.002787209986794270e+00,2.387624383324737365e-01,9.543381246121353456e+01
3.011144885991634990e+00,4.773948424045498240e-01,8.701885201678071269e+01
3.023239226437220761e+00,6.892726251443334062e-01,3.619646060056717829e+01
3.039711126499972327e+00,9.008551186669747635e-01,3.289648274888010349e+01
3.058006342040739955e+00,1.088544521336587190e+00,2.272014713325338420e+01
3.079727756193709975e+00,1.275868340200471795e+00,1.903328606720828020e+01
3.102076895815572666e+00,1.443292291924763715e+00,1.541925345536055580e+01
3.127144383963058605e+00,1.610330878170903146e+00,1.300170950641367185e+01
3.154243547740419817e+00,1.773110757720496089e+00,1.095705859898949441e+01
3.183903580970694147e+00,1.935443567699001166e+00,9.325691739107082157e+00
3.216105577480595112e+00,2.097291322975266770e+00,7.954215000338541230e+00
3.250829238412558997e+00,2.258616886542534896e+00,6.810009659108845703e+00
3.288052937645984830e+00,2.419384023334734568e+00,5.842318826633682960e+00
3.327753788975472471e+00,2.579557444091052698e+00,5.022293483678682335e+00
3.369907717360058452e+00,2.739102851634966029e+00,4.323779909526360932e+00
3.414489526058587021e+00,2.897986959970602960e+00,3.727286561813329957e+00
3.461472972389272318e+00,3.056177537868522087e+00,3.216496104460756289e+00
3.510830843764674025e+00,3.213643441971274051e+00,2.778074803966011252e+00
3.562848598067444694e+00,3.371281682479747577e+00,2.399347622959808302e+00
3.617211120637664923e+00,3.528126783213440198e+00,2.073206165921182897e+00
3.677554893256408608e+00,3.694003489219460423e+00,1.775970811049356834e+00
3.740478462908919166e+00,3.858918885538748622e+00,1.522596845599901716e+00
3.801988852646478900e+00,4.013142861725710553e+00,1.318017411234724046e+00
3.865716186178227876e+00,4.166464087240208336e+00,1.139837287063184990e+00
3.931217369765312331e+00,4.317928140391313008e+00,9.788836726387362130e-01
3.998843753891873742e+00,4.468455363279927539e+00,8.484001149909663475e-01
4.068562583928579279e+00,4.618024946298668887e+00,7.334221403038670983e-01
4.140340858500267451e+00,4.766617217215532776e+00,6.357380333260178595e-01
4.214145374138852596e+00,4.914213590123490683e+00,5.530719259126022358e-01
4.289942773370562179e+00,5.060796530193731435e+00,4.849404398417494488e-01
4.367699629551257345e+00,5.206349592085774525e+00,4.310474602089659490e-01
4.447382449710755914e+00,5.350857304080379073e+00,3.915133774092698360e-01
4.528957743052903773e+00,5.494305185791611201e+00,3.663703763560088866e-01
4.612392122266872008e+00,5.636679817076263532e+00,3.552653943168250783e-01
4.699647263398109232e+00,5.781226335336250521e+00,3.571761260984577246e-01
4.788778165259331310e+00,5.924623848305568430e+00,3.705484320828664191e-01
4.885891528680006424e+00,6.076321420561896502e+00,3.948688905501444579e-01
4.985056851583212989e+00,6.226685676089817711e+00,4.266430999946727587e-01
5.078508409579544747e+00,6.364478659010103456e+00,4.610345289797410095e-01
5.173644051794984655e+00,6.501114368619260730e+00,4.990307931396582020e-01
5.269567758027698723e+00,6.635392176345571436e+00,5.393761540176894576e-01
5.367082187024421636e+00,6.768519297330284346e+00,5.818935182162229269e-01
5.466156172923020584e+00,6.900489966637458394e+00,6.262188449418605307e-01
5.566758883735656305e+00,7.031299040064786787e+00,6.721081823512641273e-01
5.668859887259846353e+00,7.160942031509567762e+00,7.194022208321435574e-01
5.772429178736415700e+00,7.289415097227769813e+00,7.679805035967234295e-01
5.877437189088229097e+00,7.416714997738282023e+00,8.177716878493754837e-01
5.983854727844879484e+00,7.542838987027822739e+00,8.687073472078717939e-01
6.091653029130275065e+00,7.667784833256103383e+00,9.207486321245664795e-01
6.200803859412661545e+00,7.791550905095266266e+00,9.738546933596142763e-01
6.313341251826147804e+00,7.916398999090011657e+00,1.028999592755866166e+00
6.427224058972019982e+00,8.040021099919853143e+00,1.085191875273827211e+00
6.553900893579318598e+00,8.174469078865632454e+00,1.148080312663564584e+00
6.682131465779263202e+00,8.307436027473872997e+00,1.212114369040951267e+00
6.803910171670753293e+00,8.430932429077783397e+00,1.273282907157474719e+00
6.926997175708966559e+00,8.553124943099955857e+00,1.335398940658655276e+00
7.045297722236704807e+00,8.668177036312062711e+00,1.395364256572353412e+00
7.164732147824198982e+00,8.782051644301379412e+00,1.456125739990605794e+00
7.285276375547108607e+00,8.894750466234174979e+00,1.517649090586475458e+00
7.406907134328513997e+00,9.006275792797275415e+00,1.579899214261958340e+00
7.529601608267818769e+00,9.116630148460270533e+00,1.642843244936633695e+00
7.653337107744216716e+00,9.225815991486992829e+00,1.706444271844731020e+00
7.778091517880336703e+00,9.333836113632452580e+00,1.770665587468110980e+00
7.903843245732481648e+00,9.440693573561050655e+00,1.835473816823723459e+00
8.030571174372683529e+00,9.546391642280099177e+00,1.900831850087518315e+00
8.158254473423490083e+00,9.650933637237896434e+00,1.966707891347625914e+00
8.286878852261271078e+00,9.754327905492285566e+00,2.033070140384147351e+00
8.416418448280458264e+00,9.856573210156241771e+00,2.099889774419187116e+00
8.555371865475864368e+00,9.964212433721300499e+00,2.171511902603916244e+00
8.695318324374429864e+00,1.007055738214218543e+01,2.243574595013970718e+00
8.848329864909420195e+00,1.018453689003652407e+01,2.322244636802001772e+00
9.002456855288357929e+00,1.029700349575652929e+01,2.401314216362070653e+00
9.143732696615481714e+00,1.039809136181369276e+01,2.473638389809865945e+00
9.285890192858127890e+00,1.049793559182828062e+01,2.546234278454486688e+00
9.421730291511284605e+00,1.059163481713262733e+01,2.615408797688520082e+00
9.558331530118019614e+00,1.068422089465771663e+01,2.684763818304234384e+00
9.695677617522221681e+00,1.077569830463031053e+01,2.754257216988579504e+00
9.833752701428094767e+00,1.086607163154237732e+01,2.823860138100668493e+00
9.972541255701699470e+00,1.095534548473306380e+01,2.893537391817984084e+00
1.011202801300617260e+01,1.104352445498867930e+01,2.963258930838680527e+00
1.025219804215804587e+01,1.113061316446054505e+01,3.032992781843563801e+00
1.039303677023021955e+01,1.121661627787414695e+01,3.102705455074873608e+00
1.053452992775523001e+01,1.130153846649906768e+01,3.172365329433958436e+00
1.067666351219501664e+01,1.138538438611214865e+01,3.241936242160392556e+00
1.081942542055635315e+01,1.146815961644233539e+01,3.311388893656574961e+00
1.096280067191306706e+01,1.154986788235230932e+01,3.380691145567408906e+00
1.111591273505787036e+01,1.163558477368373545e+01,3.454166852604345639e+00
1.126968799566948753e+01,1.172010613998535788e+01,3.527386734432466309e+00
1.144158566908524932e+01,1.181277106794935960e+01,3.608511199575543671e+00
1.161426570977399741e+01,1.190396979066333216e+01,3.689161466892586283e+00
1.177739423560529630e+01,1.198842475296777188e+01,3.764569067647707712e+00
1.194118133341078902e+01,1.207159533836933996e+01,3.839466750764044534e+00
1.209029303099358010e+01,1.214592573972317524e+01,3.906900402212489798e+00
1.223992202113699790e+01,1.221920925773424926e+01,3.973846736332073526e+00
1.238862217640657271e+01,1.229076608752872524e+01,4.039599140685141698e+00
1.253780799715260486e+01,1.236130479009020533e+01,4.104771470194692462e+00
1.268746894625102151e+01,1.243082971692343719e+01,4.169298599821693152e+00
1.283759471630055060e+01,1.249934518829381425e+01,4.233148110773626627e+00
1.298817520982792928e+01,1.256685548420699838e+01,4.296163668356579812e+00
1.313920048743266911e+01,1.263336482219150447e+01,4.358595804307341837e+00
1.329066080140282935e+01,1.269887737398028627e+01,4.420379406234887121e+00
1.344254662779111520e+01,1.276339727976138683e+01,4.480699173868569751e+00
1.359484864709646246e+01,1.282692863955308127e+01,4.540293627453862335e+00
1.374755763274466069e+01,1.288947546791706067e+01,4.598840130575746699e+00
1.390336610587653787e+01,1.295211788653899276e+01,4.657323389097542510e+00
1.405957736084663878e+01,1.301374903161921992e+01,4.714689313224676326e+00
1.423376317758485321e+01,1.308110685363321224e+01,4.776964564796283064e+00
1.440842350645314696e+01,1.314722452569101385e+01,4.837839567171481114e+00
1.459625137519800298e+01,1.321676037078406019e+01,4.901781487877488352e+00
1.478459651388346074e+01,1.328488271328391157e+01,4.962718330999163818e+00
1.495502736001221500e+01,1.334516101121068665e+01,5.016200344855069382e+00
1.512585767875151532e+01,1.340429771954551263e+01,5.067811994375096774e+00
1.528279703614096263e+01,1.345750830981369184e+01,5.113485478298938958e+00
1.544005594460224806e+01,1.350976695000087524e+01,5.157531699157854810e+00
1.559696735821748348e+01,1.356086446938133960e+01,5.199694743065397695e+00
1.575418091276457666e+01,1.361102468622550532e+01,5.240111752382993870e+00
1.591168940538999799e+01,1.366025084853841776e+01,5.278728817698883802e+00
1.606948580495226153e+01,1.370854616319668651e+01,5.315494786515197134e+00
1.622756316184357672e+01,1.375591376824644207e+01,5.350363626135761663e+00
1.638591464267162578e+01,1.380235674478183228e+01,5.383286201488830081e+00
1.654453350153603353e+01,1.384787810937981689e+01,5.414217982005220975e+00
1.670341312646019816e+01,1.389248082836691900e+01,5.443118123913359696e+00
1.686254701237443498e+01,1.393616781030443263e+01,5.469944304361755272e+00
1.702192870719186146e+01,1.397894189224447992e+01,5.494690847291765934e+00
1.718597999753749761e+01,1.402195338701811522e+01,5.517853804014495545e+00
1.735027955746971173e+01,1.406400656642422931e+01,5.538815979328153283e+00
1.753441422336388911e+01,1.410993082138814891e+01,5.559434517258793562e+00
1.771884217997513744e+01,1.415466271627549055e+01,5.577150522996759285e+00
1.791730976140117448e+01,1.420139872573760620e+01,5.592895459085860388e+00
1.811609436708038245e+01,1.424676741124524604e+01,5.605101416024928618e+00
1.829597241967804777e+01,1.428658875213214152e+01,5.613266371556104417e+00
1.847609249248765906e+01,1.432530067888040470e+01,5.618642734148068030e+00
1.863938550866480526e+01,1.435939819815938989e+01,5.621167824155853587e+00
1.880286482970312534e+01,1.439259099947549281e+01,5.621497635503602375e+00
1.896476443980440862e+01,1.442453894015976879e+01,5.619661156894041554e+00
1.912683543984294232e+01,1.445560574020728239e+01,5.615710955073826227e+00
1.928907249413611424e+01,1.448579341663217868e+01,5.609693692429177148e+00
1.945147031443856278e+01,1.451510392630822111e+01,5.601659348572868957e+00
1.961402367499940524e+01,1.454353916941305869e+01,5.591677507125400126e+00
1.977672740752278813e+01,1.457110098894611205e+01,5.579814708689710301e+00
1.993957637158995055e+01,1.459779116638753038e+01,5.566158399635301457e+00
2.010256552707937061e+01,1.462361143413633613e+01,5.550785810033319834e+00
2.026568988142421901e+01,1.464856346669978215e+01,5.533798399915522914e+00
2.042894444451373204e+01,1.467264887465312206e+01,5.515316354624436812e+00
2.059494671760924689e+01,1.469623474262067298e+01,5.495064737790098519e+00
2.076107321387181059e+01,1.471892913432885130e+01,5.473589628024616793e+00
2.094571635750826033e+01,1.474309100220780699e+01,5.448251350643172231e+00
2.113049958681430951e+01,1.476615710359389766e+01,5.421697277727298925e+00
2.133518023064313951e+01,1.479041225440058049e+01,5.391037639835432493e+00
2.154001496294693752e+01,1.481332974781412837e+01,5.359238485803633267e+00
2.173082486987085460e+01,1.483346333776489168e+01,5.329079680657939910e+00
2.192175315812643888e+01,1.485244151574198135e+01,5.298531663051067930e+00
2.209196791942683546e+01,1.486837939469696934e+01,5.271278442490387128e+00
2.226226586670999197e+01,1.488340238822190820e+01,5.244195663849994915e+00
2.242672335477325873e+01,1.489703681529479873e+01,5.218375037052685350e+00
2.259124914841506637e+01,1.490982064804831353e+01,5.193056091508387873e+00
2.275583875316729987e+01,1.492175470808927962e+01,5.168405295999901838e+00
2.292048771754820180e+01,1.493283976373238353e+01,5.144597566076704709e+00
2.308519159894475692e+01,1.494307652760214822e+01,5.121812785122298095e+00
2.324994597443795641e+01,1.495246565768475300e+01,5.100215183144357844e+00
2.341474644101928249e+01,1.496100775746707789e+01,5.079972062123383481e+00
2.357958860437887338e+01,1.496870337551133723e+01,5.061233917448819675e+00
2.374446808908508544e+01,1.497555300615604601e+01,5.044156748031850768e+00
2.390938052944571979e+01,1.498155708919604479e+01,5.028869105779152804e+00
2.407461381375710374e+01,1.498672440017281637e+01,5.015464620109607807e+00
2.423987143525168619e+01,1.499104388460933457e+01,5.004132307386216283e+00
2.441863992251924742e+01,1.499476179911954254e+01,4.994228864114729660e+00
2.459742627658495806e+01,1.499748844258539116e+01,4.986936634585294570e+00
2.479870922090951169e+01,1.499937212563370359e+01,4.981874271296120149e+00
2.500000000000008527e+01,1.499999999999999112e+01,4.980146329742417777e+00
2.520129077909069437e+01,1.499937212563370004e+01,4.981886166685925765e+00
2.540257372341526576e+01,1.499748844258538760e+01,4.986960904808129591e+00
2.558136007748101193e+01,1.499476179911953899e+01,4.994264530074278063e+00
2.576012856474854829e+01,1.499104388460932924e+01,5.004179296661851239e+00
2.592538618624319113e+01,1.498672440017280216e+01,5.015517322726965155e+00
2.609061947055453956e+01,1.498155708919603768e+01,5.028926196458249009e+00
2.625553191091525917e+01,1.497555300615603180e+01,5.044201299738102051e+00
2.642041139562136465e+01,1.496870337551132657e+01,5.061263567358318838e+00
2.658525355898096265e+01,1.496100775746706368e+01,5.079977916612101296e+00
2.675005402556229228e+01,1.495246565768473879e+01,5.100195335687990550e+00
2.691480840105548467e+01,1.494307652760213578e+01,5.121760755891371808e+00
2.707951228245203623e+01,1.493283976373236754e+01,5.144511918471888379e+00
2.724416124683294882e+01,1.492175470808925830e+01,5.168294388943588835e+00
2.740875085158518587e+01,1.490982064804829221e+01,5.192919854996717710e+00
2.757327664522699351e+01,1.489703681529477741e+01,5.218223496910368020e+00
2.773773413329024251e+01,1.488340238822188510e+01,5.244031357502203505e+00
2.790803208057339546e+01,1.486837939469694270e+01,5.271112132318139132e+00
2.807824684187378850e+01,1.485244151574195826e+01,5.298370240058855707e+00
2.826917513012935146e+01,1.483346333776487214e+01,5.328921739808412994e+00
2.845998503705324723e+01,1.481332974781410527e+01,5.359089159660760160e+00
2.866481976935705944e+01,1.479041225440055385e+01,5.390894771243566197e+00
2.886950041318588944e+01,1.476615710359387101e+01,5.421559868443117658e+00
2.905428364249195639e+01,1.474309100220777680e+01,5.448122627040368648e+00
2.923892678612841323e+01,1.471892913432881578e+01,5.473465627203895956e+00
2.940505328239099114e+01,1.469623474262063745e+01,5.494949402766191149e+00
2.957105555548651310e+01,1.467264887465308476e+01,5.515206470964110430e+00
2.973431011857602613e+01,1.464856346669974663e+01,5.533687057013445987e+00
2.989743447292086742e+01,1.462361143413629527e+01,5.550669235441179516e+00
3.006042362841028392e+01,1.459779116638748597e+01,5.566031078276056476e+00
3.022327259247745346e+01,1.457110098894606942e+01,5.579674801402759954e+00
3.038597632500083989e+01,1.454353916941301073e+01,5.591518220253950844e+00
3.054852968556168236e+01,1.451510392630817314e+01,5.601476340514184749e+00
3.071092750586413089e+01,1.448579341663213071e+01,5.609494986706028641e+00
3.087316456015730637e+01,1.445560574020723266e+01,5.615495491372088033e+00
3.103523556019582941e+01,1.442453894015972082e+01,5.619436779829616313e+00
3.119713517029710559e+01,1.439259099947543952e+01,5.621264789768436465e+00
3.136061449133542567e+01,1.435939819815933305e+01,5.620929406403607942e+00
3.152390750751257542e+01,1.432530067888034964e+01,5.618409809001640554e+00
3.170402758032217250e+01,1.428658875213209001e+01,5.613024049404752525e+00
3.188390563291981294e+01,1.424676741124519452e+01,5.604859889330919387e+00
3.208269023859903513e+01,1.420139872573755291e+01,5.592647831731741626e+00
3.228115782002507927e+01,1.415466271627543016e+01,5.576892623690985040e+00
3.246558577663635248e+01,1.410993082138808319e+01,5.559181752689534406e+00
3.264972044253053696e+01,1.406400656642415292e+01,5.538556287912768106e+00
3.281402000246276884e+01,1.402195338701803351e+01,5.517606198425259123e+00
3.297807129280842275e+01,1.397894189224439465e+01,5.494450648020751338e+00
3.313745298762584213e+01,1.393616781030435092e+01,5.469715638348679576e+00
3.329658687354006474e+01,1.389248082836683373e+01,5.442895374586204760e+00
3.345546649846424003e+01,1.384787810937972452e+01,5.413998324296516174e+00
3.361408535732865488e+01,1.380235674478173991e+01,5.383066814146841850e+00
3.377243683815670749e+01,1.375591376824634793e+01,5.350144232273668976e+00
3.393051419504801913e+01,1.370854616319658881e+01,5.315271107569493836e+00
3.408831059461031288e+01,1.366025084853831295e+01,5.278500679787499372e+00
3.424581908723574486e+01,1.361102468622539519e+01,5.239876424316648240e+00
3.440303264178283627e+01,1.356086446938123125e+01,5.199454868023825505e+00
3.455994405539804859e+01,1.350976695000076333e+01,5.157284942372582393e+00
3.471720296385935001e+01,1.345750830981357282e+01,5.113230827571170423e+00
3.487414232124879021e+01,1.340429771954539895e+01,5.067556647134048298e+00
3.504497263998805323e+01,1.334516101121058718e+01,5.015921909647915733e+00
3.521540348611676308e+01,1.328488271328381742e+01,4.962470719798512064e+00
3.540374862480221907e+01,1.321676037078396604e+01,4.901254721751391763e+00
3.559157649354707331e+01,1.314722452569092148e+01,4.837927767635059162e+00
3.576623682241536528e+01,1.308110685363311987e+01,4.777139466904745113e+00
3.594042263915358149e+01,1.301374903161911867e+01,4.714760265865677091e+00
3.609663389412371259e+01,1.295211788653888263e+01,4.657345824716261795e+00
3.625244236725558977e+01,1.288947546791694876e+01,4.598810715270464478e+00
3.640515135290378623e+01,1.282692863955296936e+01,4.540208134707894416e+00
3.655745337220912461e+01,1.276339727976126959e+01,4.480604752681301761e+00
3.670933919859741934e+01,1.269887737398016370e+01,4.420052909442387268e+00
3.686079951256758136e+01,1.263336482219138368e+01,4.358601645928481538e+00
3.701182479017231231e+01,1.256685548420688292e+01,4.296307895310817138e+00
3.716240528369968388e+01,1.249934518829368990e+01,4.233220461284240344e+00
3.731253105374921830e+01,1.243082971692330752e+01,4.169393153939000563e+00
3.746219200284764383e+01,1.236130479009007743e+01,4.104873391678129479e+00
3.761137782359367066e+01,1.229076608752859734e+01,4.039710522790567637e+00
3.776007797886323658e+01,1.221920925773411959e+01,3.973954048785263815e+00
3.790970696900665615e+01,1.214592573972304557e+01,3.907002410443283225e+00
3.805881866658944546e+01,1.207159533836920851e+01,3.839553510892328880e+00
3.822260576439492752e+01,1.198842475296764398e+01,3.764656039875038829e+00
3.838573429022619621e+01,1.190396979066320959e+01,3.689240552564370113e+00
3.855841433091494963e+01,1.181277106794923704e+01,3.608590054290540472e+00
3.873031200433071319e+01,1.172010613998523532e+01,3.527468652284500905e+00
3.888408726494234458e+01,1.163558477368360577e+01,3.454238176572592245e+00
3.903719932808715498e+01,1.154986788235216011e+01,3.380761097697154494e+00
3.918057457944388489e+01,1.146815961644217730e+01,3.311448730161133280e+00
3.932333648780522850e+01,1.138538438611199055e+01,3.241990554136504166e+00
3.946547007224501158e+01,1.130153846649890781e+01,3.172413122453125567e+00
3.960696322977001671e+01,1.121661627787398530e+01,3.102747381778473645e+00
3.974780195784219217e+01,1.113061316446038163e+01,3.033029736832819179e+00
3.988797198699406010e+01,1.104352445498851587e+01,2.963291654268090713e+00
4.002745874429852080e+01,1.095534548473290748e+01,2.893567248899144406e+00
4.016624729857210241e+01,1.086607163154222455e+01,2.823886698598160550e+00
4.030432238247796306e+01,1.077569830463016132e+01,2.754283577964891538e+00
4.044166846988215980e+01,1.068422089465757985e+01,2.684790206178492511e+00
4.057826970848889658e+01,1.059163481713248522e+01,2.615435594893326776e+00
4.071410980714205863e+01,1.049793559182812608e+01,2.546257691752741081e+00
4.085626730338471901e+01,1.039809136181353111e+01,2.473661475984326952e+00
4.099754314471186234e+01,1.029700349575635165e+01,2.401331293804697786e+00
4.115167013509084626e+01,1.018453689003631091e+01,2.322258312791996460e+00
4.130468167562587212e+01,1.007055738214193319e+01,2.243582959611542638e+00
4.144462813452440741e+01,9.964212433721062467e+00,2.171507358595358816e+00
4.158358155171978865e+01,9.856573210156023279e+00,2.099874199580566536e+00
4.171312114773897406e+01,9.754327905492067075e+00,2.033039783429155811e+00
4.184174552657674440e+01,9.650933637237677942e+00,1.966664000576581417e+00
4.196942882562755273e+01,9.546391642279875356e+00,1.900781277930322810e+00
4.209615675426775994e+01,9.440693573560826835e+00,1.835418349361069179e+00
4.222190848211990755e+01,9.333836113632223430e+00,1.770612590261406494e+00
4.234666289225602753e+01,9.225815991486754797e+00,1.706394779091171765e+00
4.247039839173243081e+01,9.116630148460027172e+00,1.642802384762798384e+00
4.259309286567172848e+01,9.006275792797028501e+00,1.579867872349735691e+00
4.271472362445313564e+01,8.894750466233922737e+00,1.517626010668774894e+00
4.283526785217604527e+01,8.782051644301112958e+00,1.456110443154574829e+00
4.295470227776353056e+01,8.668177036311798034e+00,1.395353573377817069e+00
4.307300282429127236e+01,8.553124943099698285e+00,1.335392687469024731e+00
4.319608982832945543e+01,8.430932429077543588e+00,1.273274339699322244e+00
4.331786853422091355e+01,8.307436027473649176e+00,1.212101393138013572e+00
4.344609910642086703e+01,8.174469078865410410e+00,1.148058910235617125e+00
4.357277594102816209e+01,8.040021099919638203e+00,1.085160634163677917e+00
4.368665874817402539e+01,7.916398999089791388e+00,1.028952795863352865e+00
4.379919614058750454e+01,7.791550905095038004e+00,9.737907538522805329e-01
4.390834697086990701e+01,7.667784833255856469e+00,9.206623693172547584e-01
4.401614527215532036e+01,7.542838987027552733e+00,8.685962944543472730e-01
4.412256281091195120e+01,7.416714997738032444e+00,8.176296027810701084e-01
4.422757082126375394e+01,7.289415097227529117e+00,7.678010977038706164e-01
4.433114011274032151e+01,7.160942031509327954e+00,7.191827319286813180e-01
4.443324111626450446e+01,7.031299040064545203e+00,6.718424980257652335e-01
4.453384382707712774e+01,6.900489966637223915e+00,6.259120788961660686e-01
4.463291781297571248e+01,6.768519297330054307e+00,5.815406907549357518e-01
4.473043224197245138e+01,6.635392176345332516e+00,5.389995990849535401e-01
4.482635594820516189e+01,6.501114368619022699e+00,4.986363414080480783e-01
4.492149159042060802e+01,6.364478659009843220e+00,4.606882352051954177e-01
4.501494314841693978e+01,6.226685676089532606e+00,4.263733576584403662e-01
4.511410847132012947e+01,6.076321420561626496e+00,3.947265700940352229e-01
4.521122183474080458e+01,5.924623848305323293e+00,3.706075925869642962e-01
4.530035273660202932e+01,5.781226335335981403e+00,3.573115764380128678e-01
4.538760787773326655e+01,5.636679817075961552e+00,3.554501861097151272e-01
4.547104225694723567e+01,5.494305185791302115e+00,3.666253962781297338e-01
4.555261755028939774e+01,5.350857304080061105e+00,3.918659343725025557e-01
4.563230037044888832e+01,5.206349592085463662e+00,4.315506948269583476e-01
4.571005722662956572e+01,5.060796530193423237e+00,4.855990976479975241e-01
4.578585462586126908e+01,4.914213590123194031e+00,5.539210840274504388e-01
4.585965914149985423e+01,4.766617217215249447e+00,6.367515491309939657e-01
4.593143741607153885e+01,4.618024946298378453e+00,7.348220205431100771e-01
4.600115624610824483e+01,4.468455363279629111e+00,8.494244553678627074e-01
4.606878263023480002e+01,4.317928140390995928e+00,9.823842012566358362e-01
4.613428381382189514e+01,4.166464087239861946e+00,1.136174566177876155e+00
4.619801114735363257e+01,4.013142861725372157e+00,1.314920716237245601e+00
4.625952153709116743e+01,3.858918885538416443e+00,1.521526130438200397e+00
4.632244510674367888e+01,3.694003489219119363e+00,1.776355234336987499e+00
4.638278887936243677e+01,3.528126783213095585e+00,2.074765471006500217e+00
4.643715140193263835e+01,3.371281682479429165e+00,2.402184380214513304e+00
4.648916915623538415e+01,3.213643441970977843e+00,2.782285623871781244e+00
4.653852702761079030e+01,3.056177537868244976e+00,3.221957669668858326e+00
4.658551047394146138e+01,2.897986959970340948e+00,3.734205514213261079e+00
4.663009228263999262e+01,2.739102851634689806e+00,4.332224748932055114e+00
4.667224621102456439e+01,2.579557444090759155e+00,5.032529528588391088e+00
4.671194706235404936e+01,2.419384023334442357e+00,5.854486602028287301e+00
4.674917076158748586e+01,2.258616886542238689e+00,6.824640911870598181e+00
4.678389442251943819e+01,2.097291322974984329e+00,7.971678075602920188e+00
4.681609641902932140e+01,1.935443567698726941e+00,9.348086885394991441e+00
4.684575645225960017e+01,1.773110757720226083e+00,1.098085630912519584e+01
4.687285561603695783e+01,1.610330878170642244e+00,1.303811569306380846e+01
4.689792310418444288e+01,1.443292291924481496e+00,1.544059486449790342e+01
4.692027224380628780e+01,1.275868340200162265e+00,1.910419897934104227e+01
4.694199365795927292e+01,1.088544521336248794e+00,2.266849205128121980e+01
4.696028887350003345e+01,9.008551186665989530e-01,3.308327852041977479e+01
4.697676077356278057e+01,6.892726251439477148e-01,3.582304220198172118e+01
4.698885511400834503e+01,4.773948424041539740e-01,8.745961134168159390e+01
4.699721279001317242e+01,2.387624383321007571e-01,9.602893455912538911e+01
4.699999999999997868e+01,-4.608106671260752872e-17,7.383585540736767143e+02
