x,y,stress
8.999999999999994671e+00,3.396434524598567982e-13,7.205931122840547687e+02
9.002152582060295671e+00,2.296403990374585036e-01,1.116553441181314525e+02
9.008609040275324276e+00,4.592001110724363011e-01,9.076908115873430916e+01
9.017951059913396961e+00,6.629888780784694013e-01,4.370116331870845272e+01
9.030681876500572969e+00,8.665940411062139637e-01,3.861022335088652824e+01
9.044826189408343708e+00,1.047235982663888620e+00,2.873152244086505291e+01
9.061633957126721484e+00,1.227649598100387207e+00,2.474459797063809674e+01
9.079377795842738408e+00,1.392814388837937623e+00,2.103816228371439578e+01
9.099349508219106042e+00,1.557724617496921926e+00,1.849322517536210242e+01
9.121447374504885630e+00,1.721675961498600804e+00,1.632901570103832967e+01
9.145742026111161493e+00,1.885316206782933435e+00,1.458672521963452517e+01
9.172226082298173822e+00,2.048616406930929390e+00,1.311107331598552328e+01
9.200891531267588519e+00,2.211547846207523538e+00,1.185848570214665898e+01
9.231729741687694002e+00,2.374082059384879262e+00,1.077736617313331102e+01
9.264731470414968584e+00,2.536190828507347561e+00,9.834628389561780537e+00
9.299886876105382782e+00,2.697846209677900120e+00,9.007147936351040940e+00
9.337185538257129380e+00,2.859020575613235859e+00,8.268330783301403031e+00
9.376616464681239549e+00,3.019686600326397130e+00,7.582896090968684888e+00
9.418168105035798376e+00,3.179817273289727186e+00,7.004556088852297968e+00
9.462912389095226473e+00,3.343245335706785948e+00,6.456461700387668756e+00
9.509855158518485396e+00,3.506055535396634504e+00,5.962640867318625304e+00
9.558051286190394791e+00,3.665218223558683874e+00,5.519540509163684661e+00
9.608337631730980988e+00,3.823732934579775034e+00,5.114305105767775750e+00
9.660421844212439879e+00,3.980754007804652161e+00,4.744457682250213360e+00
9.714545770112623657e+00,4.137083740984730973e+00,4.404365849384678455e+00
9.770694376055404362e+00,4.292697761191369032e+00,4.091204585599008681e+00
9.828852197118077783e+00,4.447572095418411031e+00,3.802633333536192151e+00
9.889003353311009548e+00,4.601683178543134467e+00,3.536599530383275791e+00
9.951131585807878821e+00,4.755007908057651278e+00,3.290963092784356725e+00
1.001522026061569903e+01,4.907523611673898500e+00,3.058739569530377622e+00
1.008125237289975829e+01,5.059208023349698102e+00,2.852204185475668563e+00
1.014921057825452166e+01,5.210039323264604505e+00,2.660577421415137422e+00
1.021907722024521981e+01,5.359996162497737693e+00,2.485883701244429922e+00
1.029263309992855113e+01,5.512733249696021076e+00,2.323462127596210181e+00
1.036815448096949233e+01,5.664508113373189602e+00,2.177661824671368596e+00
1.044457479026394608e+01,5.813293294286320467e+00,2.049804268346225644e+00
1.052286964416313531e+01,5.961100643370681240e+00,1.937827013439099133e+00
1.060213271351222275e+01,6.106310084701283003e+00,1.842671435783568734e+00
1.068319104385349227e+01,6.250525083376700763e+00,1.763010950966672707e+00
1.076602517471290099e+01,6.393727484053183474e+00,1.698763316040496019e+00
1.085061545975252351e+01,6.535899588376880232e+00,1.649714162967841569e+00
1.093694208606975771e+01,6.677024158638571905e+00,1.615440850349797897e+00
1.102498506981696202e+01,6.817084383367398637e+00,1.595336466964238475e+00
1.111472428387531686e+01,6.956063896963296855e+00,1.588533766567417072e+00
1.120613948822539285e+01,7.093946800027335797e+00,1.594019461528337178e+00
1.129921032992993801e+01,7.230717632098076386e+00,1.610613311852137519e+00
1.139391634014066845e+01,7.366361343767084513e+00,1.637074381765396103e+00
1.149186501173873687e+01,7.503107864210638134e+00,1.672809932914050446e+00
1.159146120569489291e+01,7.638659161911958151e+00,1.716215886733714502e+00
1.169385442220316484e+01,7.774535761121661004e+00,1.766696983371884411e+00
1.179788840446700959e+01,7.909160256404813794e+00,1.822753931556308382e+00
1.190059819286672216e+01,8.038848975510656913e+00,1.881666336455450672e+00
1.200481712230507014e+01,8.167328086639590978e+00,1.944138816893789423e+00
1.211052434046785464e+01,8.294585436346119778e+00,2.009522371817941799e+00
1.221769907128182275e+01,8.420609357976299947e+00,2.077255478215975337e+00
1.232632053009949402e+01,8.545388546257807860e+00,2.146857796773998128e+00
1.243636789736050829e+01,8.668912012803634326e+00,2.217925275802421048e+00
1.254782040908075658e+01,8.791169173824394889e+00,2.290118578617733824e+00
1.266065732064758720e+01,8.912149791361098750e+00,2.363140219878639758e+00
1.277485793061759978e+01,9.031843983743208071e+00,2.436746972319112636e+00
1.289040159462698476e+01,9.150242224055448403e+00,2.510721848685761426e+00
1.300774707296945287e+01,9.267810233015737253e+00,2.585192182312795239e+00
1.312640504100835948e+01,9.384053457478916727e+00,2.659694285636825306e+00
1.325215209748190581e+01,9.504452421518166716e+00,2.737635262962287097e+00
1.337929433742283258e+01,9.623377132083426488e+00,2.815311093425393985e+00
1.350146928309782091e+01,9.735089380905803225e+00,2.888844749564385417e+00
1.362486418982800629e+01,9.845452614426712046e+00,2.961934765385793256e+00
1.374937238985961763e+01,9.954384665594133708e+00,3.034430406075699693e+00
1.387505871900905952e+01,1.006195525950246505e+01,3.106319071347221961e+00
1.400190331939740318e+01,1.016815771231583021e+01,3.177520331737533343e+00
1.412988632144672074e+01,1.027298550975378255e+01,3.247969095377192694e+00
1.425898798011187729e+01,1.037643241515533177e+01,3.317589475305146252e+00
1.438918874535773362e+01,1.047849251249277103e+01,3.386334038732624840e+00
1.452046918782527385e+01,1.057916013316196668e+01,3.454152442106788179e+00
1.465280990266115424e+01,1.067842977497972967e+01,3.520976536160266068e+00
1.478619158704425907e+01,1.077629615715399858e+01,3.586783210551906187e+00
1.492059518769487525e+01,1.087275431759813671e+01,3.651525558398179161e+00
1.506184555685849347e+01,1.097185406716108247e+01,3.717881357743332060e+00
1.520416554068784620e+01,1.106941149565003890e+01,3.782928493701114725e+00
1.534538630260612280e+01,1.116399995755793384e+01,3.845686582559082911e+00
1.548760419183637538e+01,1.125708247438912402e+01,3.907096314514999058e+00
1.562696432771914878e+01,1.134623004020868819e+01,3.965485970044010600e+00
1.576723176133777571e+01,1.143394312310003968e+01,4.022543723137210314e+00
1.590838826682660923e+01,1.152021810270424140e+01,4.078039164220631285e+00
1.605041579289797227e+01,1.160505155597627436e+01,4.132508510239567556e+00
1.619329640384128055e+01,1.168844021398709998e+01,4.186027603134300001e+00
1.633701228137714168e+01,1.177038095812594420e+01,4.236646342053030700e+00
1.648154574014160190e+01,1.185087082382577250e+01,4.286239975609402286e+00
1.662687923276083524e+01,1.192990699764945184e+01,4.334114651197998214e+00
1.677299533091762029e+01,1.200748680158155679e+01,4.380410639447262611e+00
1.691987674751648996e+01,1.208360769998004258e+01,4.425012647285102574e+00
1.706822122370497041e+01,1.215862437399881024e+01,4.468068416060748227e+00
1.721730381153736644e+01,1.223216326551285071e+01,4.509367585304759452e+00
1.737693732273017488e+01,1.230888706858685033e+01,4.551352051050947090e+00
1.753736866101668568e+01,1.238392830788077958e+01,4.591160740158077402e+00
1.768914406579915877e+01,1.245304800161807535e+01,4.626673493519075642e+00
1.784159180527872834e+01,1.252067191548242420e+01,4.660279164963221810e+00
1.799346345399166580e+01,1.258627342325945797e+01,4.691632889140845641e+00
1.814596386202581257e+01,1.265039972339550545e+01,4.721001416593631816e+00
1.829907685956911578e+01,1.271304929014613982e+01,4.748447398827130961e+00
1.845278639044934010e+01,1.277422068537525135e+01,4.773683466465944214e+00
1.860707650956594961e+01,1.283391255438311873e+01,4.798982313901555052e+00
1.876193138565499297e+01,1.289212362390154532e+01,4.819835923596476945e+00
1.891733529366195299e+01,1.294885269618702495e+01,4.839417611093932869e+00
1.907327261552213926e+01,1.300409864655294534e+01,4.856846761937148926e+00
1.922972783995351165e+01,1.305786042051792428e+01,4.872284353064538998e+00
1.938668555091387091e+01,1.311013702724939378e+01,4.885752066476941380e+00
1.954744255918217988e+01,1.316197841462680351e+01,4.897432954426414575e+00
1.970869122663907902e+01,1.321226970103377596e+01,4.907117046710790298e+00
1.987849763657360569e+01,1.326340151479431029e+01,4.915115248275772508e+00
2.004880975580466185e+01,1.331282279134684288e+01,4.920870160022092321e+00
2.020839425463975303e+01,1.335745648778151740e+01,4.924402817438060076e+00
2.036838934591362360e+01,1.340059522622661348e+01,4.926203051926187015e+00
2.052851445334559344e+01,1.344217071924267692e+01,4.926304958702554693e+00
2.068901934574829227e+01,1.348225502983846802e+01,4.924775384505161391e+00
2.084988943962741814e+01,1.352084763805596346e+01,4.921719921694675648e+00
2.101111020799901752e+01,1.355794805705324180e+01,4.917206633368928159e+00
2.117266719375957607e+01,1.359355583535098511e+01,4.911344004143654018e+00
2.133454603638147873e+01,1.362767056097919749e+01,4.904224195573456235e+00
2.149673243455898941e+01,1.366029185145393221e+01,4.895979500163953446e+00
2.165921214298976594e+01,1.369141935222807582e+01,4.886718679305627866e+00
2.182197098538444635e+01,1.372105273813452797e+01,4.876565084716493637e+00
2.198499484003218996e+01,1.374919170941456947e+01,4.865691427511698919e+00
2.215448458599136572e+01,1.377681989985993738e+01,4.853730008804192586e+00
2.232422906637887294e+01,1.380283725680873275e+01,4.841263757330859008e+00
2.249845781920150856e+01,1.382783201619936264e+01,4.828147912863531843e+00
2.267292103470723319e+01,1.385113401888051143e+01,4.814782572761521884e+00
2.283710866465740352e+01,1.387149344907991555e+01,4.802253423126847665e+00
2.300147488481258051e+01,1.389035691295532082e+01,4.789926766625290711e+00
2.316599538199964314e+01,1.390772319499836129e+01,4.777916517203205871e+00
2.333066692844685264e+01,1.392359341398772798e+01,4.766358375912704837e+00
2.349547581623885861e+01,1.393796744846350144e+01,4.755415397450009962e+00
2.366040836720527807e+01,1.395084519091157738e+01,4.745199598903287352e+00
2.382545093017852622e+01,1.396222654703490917e+01,4.735858685400430090e+00
2.399058987788082220e+01,1.397211143507330000e+01,4.727483146923209922e+00
2.415581160410670591e+01,1.398049978522523773e+01,4.720195148001713470e+00
2.432110252069562151e+01,1.398739153913327904e+01,4.714068502386998816e+00
2.448644905455498488e+01,1.399278664945307682e+01,4.709185555373684551e+00
2.465183764486571150e+01,1.399668507950458540e+01,4.705642126904827194e+00
2.482591093189446596e+01,1.399917126834094638e+01,4.703378066177616112e+00
2.500000000000007105e+01,1.399999999999999467e+01,4.702587772872640848e+00
2.517408906810568681e+01,1.399917126834094638e+01,4.703374914204228041e+00
2.534816235513444127e+01,1.399668507950458363e+01,4.705634869032917500e+00
2.551355094544517854e+01,1.399278664945306794e+01,4.709171615849718329e+00
2.567889747930454192e+01,1.398739153913327371e+01,4.714047023526577895e+00
2.584418839589348593e+01,1.398049978522522885e+01,4.720158883385162873e+00
2.600941012211932701e+01,1.397211143507329112e+01,4.727429890801972512e+00
2.617454906982168694e+01,1.396222654703488963e+01,4.735777896228149153e+00
2.633959163279488891e+01,1.395084519091156317e+01,4.745089714844166195e+00
2.650452418376130126e+01,1.393796744846348901e+01,4.755267462279208601e+00
2.666933307155329302e+01,1.392359341398771022e+01,4.766168691694879556e+00
2.683400461800051673e+01,1.390772319499834353e+01,4.777679344286841712e+00
2.699852511518757936e+01,1.389035691295530128e+01,4.789641581675169846e+00
2.716289133534275990e+01,1.387149344907989246e+01,4.801924611916384755e+00
2.732707896529292668e+01,1.385113401888048479e+01,4.814410502170588302e+00
2.750154218079864421e+01,1.382783201619933600e+01,4.827744134169575041e+00
2.767577093362127982e+01,1.380283725680870610e+01,4.840827081126561460e+00
2.784551541400880481e+01,1.377681989985990896e+01,4.853284168092787176e+00
2.801500515996800189e+01,1.374919170941453039e+01,4.865232432938422669e+00
2.817802901461578102e+01,1.372105273813448356e+01,4.876110372816542693e+00
2.834078785701047209e+01,1.369141935222802609e+01,4.886270714918907743e+00
2.850326756544124862e+01,1.366029185145388070e+01,4.895544069856553548e+00
2.866545396361874509e+01,1.362767056097914420e+01,4.903798711858075698e+00
2.882733280624064420e+01,1.359355583535092826e+01,4.910928285446366282e+00
2.898888979200119920e+01,1.355794805705318851e+01,4.916800495147912287e+00
2.915011056037278436e+01,1.352084763805591194e+01,4.921323273984952174e+00
2.931098065425188892e+01,1.348225502983841650e+01,4.924381894067284549e+00
2.947148554665459486e+01,1.344217071924262363e+01,4.925905727076938412e+00
2.963161065408656114e+01,1.340059522622655841e+01,4.925795053329593998e+00
2.979160574536041750e+01,1.335745648778146411e+01,4.923978380118956721e+00
2.995119024419549802e+01,1.331282279134678781e+01,4.920427375453437335e+00
3.012150236342654352e+01,1.326340151479426055e+01,4.914646274096857503e+00
3.029130877336105243e+01,1.321226970103372977e+01,4.906612073311213962e+00
3.045255744081796578e+01,1.316197841462675377e+01,4.896912794947382075e+00
3.061331444908628185e+01,1.311013702724933339e+01,4.885202476161554230e+00
3.077027216004665533e+01,1.305786042051785500e+01,4.871722274536789854e+00
3.092672738447804193e+01,1.300409864655287251e+01,4.856261691182285567e+00
3.108266470633821754e+01,1.294885269618695744e+01,4.838795313805758447e+00
3.123806861434516335e+01,1.289212362390147604e+01,4.819308989346275496e+00
3.139292349043422448e+01,1.283391255438304412e+01,4.797815901996444587e+00
3.154721360955084464e+01,1.277422068537517141e+01,4.774303862303202806e+00
3.170092314043106896e+01,1.271304929014605456e+01,4.748794560283700505e+00
3.185403613797436151e+01,1.265039972339542018e+01,4.721287759842407894e+00
3.200653654600850473e+01,1.258627342325936382e+01,4.691810856513122019e+00
3.215840819472145284e+01,1.252067191548233183e+01,4.660377394120952310e+00
3.231085593420102242e+01,1.245304800161798120e+01,4.626731527897793406e+00
3.246263133898348485e+01,1.238392830788068011e+01,4.591170749655600680e+00
3.262306267727000630e+01,1.230888706858674908e+01,4.551351322524104681e+00
3.278269618846281475e+01,1.223216326551274769e+01,4.509347329137506577e+00
3.293177877629520367e+01,1.215862437399870899e+01,4.468027157303764874e+00
3.308012325248366636e+01,1.208360769997994133e+01,4.424950643370094916e+00
3.322700466908253958e+01,1.200748680158145021e+01,4.380335189450158317e+00
3.337312076723932108e+01,1.192990699764934881e+01,4.334021865466445966e+00
3.351845425985856508e+01,1.185087082382566059e+01,4.286052156785659761e+00
3.366298771862301464e+01,1.177038095812583229e+01,4.236457478128266452e+00
3.380670359615887577e+01,1.168844021398698096e+01,4.185287280126713583e+00
3.394958420710219826e+01,1.160505155597615534e+01,4.132573870073391831e+00
3.409161173317355775e+01,1.152021810270412416e+01,4.078364970827666802e+00
3.423276823866238772e+01,1.143394312309991356e+01,4.022697981337925555e+00
3.437303567228101286e+01,1.134623004020856030e+01,3.965619300976538586e+00
3.451239580816379515e+01,1.125708247438899967e+01,3.907178627952020200e+00
3.465461369739404773e+01,1.116399995755780772e+01,3.845765169729639332e+00
3.479583445931232433e+01,1.106941149564990035e+01,3.782994225469976879e+00
3.493815444314168417e+01,1.097185406716094036e+01,3.717960041557576201e+00
3.507940481230530594e+01,1.087275431759798927e+01,3.651622070489004113e+00
3.521380841295592035e+01,1.077629615715384759e+01,3.586856996736758951e+00
3.534719009733902340e+01,1.067842977497957335e+01,3.521022328848317340e+00
3.547953081217490023e+01,1.057916013316180681e+01,3.454157499446501411e+00
3.561081125464244934e+01,1.047849251249260583e+01,3.386310792712041717e+00
3.574101201988830923e+01,1.037643241515516479e+01,3.317539744947395786e+00
3.587011367855346577e+01,1.027298550975360314e+01,3.247895671769251535e+00
3.599809668060279222e+01,1.016815771231564725e+01,3.177439557138391102e+00
3.612494128099113055e+01,1.006195525950228209e+01,3.106233343900929977e+00
3.625062761014057600e+01,9.954384665593943637e+00,3.034344137907715844e+00
3.637513581017218200e+01,9.845452614426514870e+00,2.961845208721071376e+00
3.649853071690236561e+01,9.735089380905602496e+00,2.888761163125534104e+00
3.662070566257735038e+01,9.623377132083232866e+00,2.815233597829883916e+00
3.674784790251826649e+01,9.504452421517974869e+00,2.737557419173334949e+00
3.687359495899180217e+01,9.384053457478723104e+00,2.659612014078363895e+00
3.699225292703071943e+01,9.267810233015541854e+00,2.585107868911820983e+00
3.710959840537318399e+01,9.150242224055245899e+00,2.510635927811597501e+00
3.722514206938256365e+01,9.031843983743005566e+00,2.436654537859154868e+00
3.733934267935256912e+01,8.912149791360898021e+00,2.363040610261639252e+00
3.745217959091939264e+01,8.791169173824192384e+00,2.290010967563389510e+00
3.756363210263964447e+01,8.668912012803433598e+00,2.217812100269849651e+00
3.767367946990064809e+01,8.545388546257612461e+00,2.146734844137642373e+00
3.778230092871831403e+01,8.420609357976102771e+00,2.077124100990796585e+00
3.788947565953227326e+01,8.294585436345924379e+00,2.009384449660043703e+00
3.799518287769506486e+01,8.167328086639393803e+00,1.943998249183421789e+00
3.809940180713340396e+01,8.038848975510465067e+00,1.881524697649670896e+00
3.820211159553310409e+01,7.909160256404622835e+00,1.822614442795901457e+00
3.830614557779695417e+01,7.774535761121460276e+00,1.766573347325721910e+00
3.840853879430523676e+01,7.638659161911752982e+00,1.716115544011849181e+00
3.850813498826138925e+01,7.503107864210428524e+00,1.672740824370899437e+00
3.860608365985945056e+01,7.366361343766858916e+00,1.637051639548094961e+00
3.870078967007019344e+01,7.230717632097849012e+00,1.610641033210735706e+00
3.879386051177473860e+01,7.093946800027103983e+00,1.594114506997603486e+00
3.888527571612480216e+01,6.956063896963065929e+00,1.588705289807436971e+00
3.897501493018314989e+01,6.817084383367157052e+00,1.595604873187989936e+00
3.906305791393037197e+01,6.677024158638325879e+00,1.615810786019501011e+00
3.914938454024760262e+01,6.535899588376632430e+00,1.650206884165699606e+00
3.923397482528721270e+01,6.393727484052941890e+00,1.699384192706453023e+00
3.931680895614660898e+01,6.250525083376458291e+00,1.763785808827315726e+00
3.939786728648788028e+01,6.106310084701033425e+00,1.843587260974522968e+00
3.947713035583697661e+01,5.961100643370420116e+00,1.938906559479226299e+00
3.955542520973616405e+01,5.813293294286057566e+00,2.051043138556154499e+00
3.963184551903060537e+01,5.664508113372916931e+00,2.179086608353607346e+00
3.970736690007156255e+01,5.512733249695738635e+00,2.325064997024108404e+00
3.978092277975489566e+01,5.359996162497441041e+00,2.487701872494243460e+00
3.985078942174558847e+01,5.210039323264310518e+00,2.662705415003395526e+00
3.991874762710033764e+01,5.059208023349407668e+00,2.854236941880173184e+00
3.998477973938439334e+01,4.907523611673601849e+00,3.062977769156757013e+00
4.004886841419222065e+01,4.755007908057353738e+00,3.289858140557940125e+00
4.011099664668908105e+01,4.601683178542846697e+00,3.535951195361676014e+00
4.017114780288199682e+01,4.447572095418129479e+00,3.802712914889353257e+00
4.022930562394467557e+01,4.292697761191090144e+00,4.091756926249431991e+00
4.028545422988744917e+01,4.137083740984454749e+00,4.405223048368983818e+00
4.033957815578762762e+01,3.980754007804371497e+00,4.745485079685127339e+00
4.039166236826908118e+01,3.823732934579489928e+00,5.115563872703194903e+00
4.044194871380966561e+01,3.665218223558389887e+00,5.521084298456941930e+00
4.049014484148158033e+01,3.506055535396331635e+00,5.964561817455691362e+00
4.053708761090483392e+01,3.343245335706464871e+00,6.460646341751046684e+00
4.058183189496425314e+01,3.179817273289389234e+00,7.008624644592171826e+00
4.062338353531881552e+01,3.019686600326049408e+00,7.601304370685384448e+00
4.066281446174292569e+01,2.859020575612879700e+00,8.260402962390855919e+00
4.070011312389466696e+01,2.697846209677546181e+00,8.997976797559966045e+00
4.073526852958507050e+01,2.536190828506994954e+00,9.829400827191284051e+00
4.076827025831234863e+01,2.374082059384538645e+00,1.077368550735532082e+01
4.079910846873244878e+01,2.211547846207193135e+00,1.185719630736005925e+01
4.082777391770185460e+01,2.048616406930597211e+00,1.311149559822740507e+01
4.085425797388885627e+01,1.885316206782593484e+00,1.458951153033150128e+01
4.087855262549513213e+01,1.721675961498272622e+00,1.633575950791040299e+01
4.090065049178090817e+01,1.557724617496593966e+00,1.850161746102747529e+01
4.092062220415727580e+01,1.392814388837591899e+00,2.106063584784305576e+01
4.093836604287328385e+01,1.227649598100026163e+00,2.475181014010165015e+01
4.095517381059165984e+01,1.047235982663538012e+00,2.879789401606532806e+01
4.096931812349942703e+01,8.665940411058654647e-01,3.857657034292653719e+01
4.098204894008659238e+01,6.629888780781695301e-01,4.389545586287069057e+01
4.099139095972464730e+01,4.592001110721873891e-01,9.053518277346056209e+01
4.099784741793967413e+01,2.296403990371473913e-01,1.119069249976196971e+02
4.099999999999997868e+01,-4.429511824383168096e-17,7.203878743229048496e+02
