x,y,stress
6.999999999999997335e+00,-3.403750977599905677e-13,8.405293277217484729e+02
7.002766969993931667e+00,2.103998982452723043e-01,1.112328402295282501e+02
7.011062782747689681e+00,4.206544075101627533e-01,1.023672071100727266e+02
7.023069539014163531e+00,6.073517014710912987e-01,4.407491026883658947e+01
7.039417531629820424e+00,7.937190650136695114e-01,4.114730500486248843e+01
7.057769883843231895e+00,9.606429464749469682e-01,2.951104025230979033e+01
7.079580159428108033e+00,1.127150337530193669e+00,2.554549707166115269e+01
7.104277023642869615e+00,1.289806041143576110e+00,2.123728592265844028e+01
7.132242400584009268e+00,1.451931796456358725e+00,1.843138923681070551e+01
7.163446510009020329e+00,1.613465504047554733e+00,1.602607156235054475e+01
7.197856585007826880e+00,1.774346807144151050e+00,1.412758492657387066e+01
7.235437047276268352e+00,1.934517235064725282e+00,1.253060440498986416e+01
7.276149696169860626e+00,2.093920343111917326e+00,1.118924743857449222e+01
7.319953896841521868e+00,2.252501798266973498e+00,1.003846821517309706e+01
7.366806776895906239e+00,2.410209465924855188e+00,9.045056443332329721e+00
7.416663430186717143e+00,2.566993491976939712e+00,8.178087885284034186e+00
7.469477117302266045e+00,2.722806351233240996e+00,7.415785733801050661e+00
7.525252744122585824e+00,2.877746675840892721e+00,6.740518863607939615e+00
7.583892519091865125e+00,3.031625908720396279e+00,6.139778079043081149e+00
7.645286735639992948e+00,3.184261820045361180e+00,5.602194824137293416e+00
7.709436603410687816e+00,3.335760278392383871e+00,5.121053811040984449e+00
7.776289196100282908e+00,3.486085747885804054e+00,4.673100181843350853e+00
7.845790881145219942e+00,3.635204992330760554e+00,4.281806412009526497e+00
7.917887541347107039e+00,3.783087154982508249e+00,3.923233901359872267e+00
7.992524676366355330e+00,3.929703585994058113e+00,3.598127531543612534e+00
8.069647573514794558e+00,4.075027837124096664e+00,3.301972639528953923e+00
8.149201509539695465e+00,4.219035710464914324e+00,3.032910182803773669e+00
8.231131826313381694e+00,4.361705078089435084e+00,2.788183213792307935e+00
8.315384021647256318e+00,4.503015762545339307e+00,2.566018646740226394e+00
8.401932025996289966e+00,4.642994222139773974e+00,2.364759569626210922e+00
8.490695353195230055e+00,4.781578543581631813e+00,2.183038001691411711e+00
8.582319270223758068e+00,4.919790395496042024e+00,2.018594094204606559e+00
8.676084176837060014e+00,5.056558873748506322e+00,1.872031599369887056e+00
8.771175867694891437e+00,5.190815276694079827e+00,1.743535992644375199e+00
8.868271268253733908e+00,5.323629844605906491e+00,1.631360151435121919e+00
8.967319842404739560e+00,5.454994325865316185e+00,1.535011982700684730e+00
9.068271854743571225e+00,5.584901801808326738e+00,1.454100659507854276e+00
9.171078439749969391e+00,5.713346644848432021e+00,1.388114927356064676e+00
9.275691644076939468e+00,5.840324447907108585e+00,1.336532488633905169e+00
9.382064466889856291e+00,5.965831959626071601e+00,1.298613258143170857e+00
9.490150800889972871e+00,6.089866914103795992e+00,1.273499832180875924e+00
9.599905498184028829e+00,6.212428021854885074e+00,1.260134445882195697e+00
9.711284470057860219e+00,6.333514995447496077e+00,1.257342469043204902e+00
9.825740772727485250e+00,6.454691899129053390e+00,1.264010651854767131e+00
9.941776268334475475e+00,6.574357528293130137e+00,1.278952433848173476e+00
1.005952687185840411e+01,6.692691294149958559e+00,1.300900619540717562e+00
1.017877663562359025e+01,6.809514193253204617e+00,1.328687136848849759e+00
1.029772764606789259e+01,6.923171644101462796e+00,1.360734772768690704e+00
1.041805692708592446e+01,7.035368938230548430e+00,1.396512944626249642e+00
1.053972734796418642e+01,7.146110514081073894e+00,1.435253809875581821e+00
1.066270269250575708e+01,7.255401234529221810e+00,1.476312363626756774e+00
1.078694791839595979e+01,7.363246582425782449e+00,1.519137411357375012e+00
1.091242850422688271e+01,7.469652062445176988e+00,1.563277907600105765e+00
1.103911077822464293e+01,7.574623485686832858e+00,1.608353762988462110e+00
1.116696249370663629e+01,7.678167412995864360e+00,1.654055856627952403e+00
1.129595215404102859e+01,7.780290558289432390e+00,1.700127229279544627e+00
1.142604885756487398e+01,7.880999665377600216e+00,1.746355820851619667e+00
1.155865900557067683e+01,7.981376998195338857e+00,1.793068646476599692e+00
1.169233981986951321e+01,8.080323990483696761e+00,1.839617366645845298e+00
1.183236096943602611e+01,8.181640214821587875e+00,1.887677768094964126e+00
1.197347488346747468e+01,8.281428845806400929e+00,1.935296015154462257e+00
1.210879066250769753e+01,8.375008373248251203e+00,1.980161285513872160e+00
1.224504265221964161e+01,8.467219484742420477e+00,2.024493809284506618e+00
1.238220566088942576e+01,8.558070032065486998e+00,2.068232548758205169e+00
1.252025512440973998e+01,8.647567874910867758e+00,2.111329324863472134e+00
1.265916720033913911e+01,8.735720941076476009e+00,2.153739252173268781e+00
1.279891867952958862e+01,8.822537166226755545e+00,2.195419600569628038e+00
1.293948698868799774e+01,8.908024494901555457e+00,2.236329612030999670e+00
1.308085019689903739e+01,8.992190882988742473e+00,2.276462059052926978e+00
1.322298693753928234e+01,9.075044250314634908e+00,2.315769028278662489e+00
1.336587646858126988e+01,9.156592516522701786e+00,2.354285962128587428e+00
1.350949861119998197e+01,9.236843564623500313e+00,2.391840639666599877e+00
1.365383368536088149e+01,9.315805206697520546e+00,2.428867360607431358e+00
1.380647752341090850e+01,9.397518692981195798e+00,2.466952569683008800e+00
1.395986806359403865e+01,9.477821756940405962e+00,2.503546081665564582e+00
1.411407057130139187e+01,9.556767014317793851e+00,2.539405431259327273e+00
1.426897897901087298e+01,9.634318008431902669e+00,2.574222041347713041e+00
1.441673066205120968e+01,9.706685213362154840e+00,2.606396869837797059e+00
1.456508435655642053e+01,9.777810150522034505e+00,2.637682710895798532e+00
1.471402386068566592e+01,9.847700123186262644e+00,2.668011046365475814e+00
1.486353335579611290e+01,9.916362325210945627e+00,2.697511891923006999e+00
1.501359740873283855e+01,9.983803846121810821e+00,2.726437627124243424e+00
1.516420103595218372e+01,1.005003170230125953e+01,2.753842296729861250e+00
1.531532961375460644e+01,1.011505279845134631e+01,2.780474202152128704e+00
1.546696884745784395e+01,1.017887391817343357e+01,2.806301663003568425e+00
1.561910481153558550e+01,1.024150174454779894e+01,2.831638184641190215e+00
1.577172391108612182e+01,1.030294284662354265e+01,2.855331496574220473e+00
1.592481288131435413e+01,1.036320368227770672e+01,2.878367300936074624e+00
1.607835877068601960e+01,1.042229059437095451e+01,2.900465672360065916e+00
1.624165668003429275e+01,1.048366819368979819e+01,2.922892604887395329e+00
1.640543939203093160e+01,1.054374017459219637e+01,2.944301220752952641e+00
1.657410341467750925e+01,1.060407189575884246e+01,2.965228636583490118e+00
1.674324827973282126e+01,1.066304211397406121e+01,2.985061497704408762e+00
1.689950422265254204e+01,1.071617610408936727e+01,3.002421242588021233e+00
1.705614447349282514e+01,1.076816623971853026e+01,3.018907556482472998e+00
1.721266222190227779e+01,1.081885946607049043e+01,3.034466043564310045e+00
1.736954013657090812e+01,1.086842689777437876e+01,3.049160721890741055e+00
1.752676773912977737e+01,1.091687378073428860e+01,3.063003110716992605e+00
1.768433472543675222e+01,1.096420522712277368e+01,3.076005614713896108e+00
1.784223101921438470e+01,1.101042623491637151e+01,3.088183494967279064e+00
1.800044675411648143e+01,1.105554168446337471e+01,3.099549580783914848e+00
1.815897226569427758e+01,1.109955633824983678e+01,3.110120243140864549e+00
1.831779805595026644e+01,1.114247483339591227e+01,3.119911116710283761e+00
1.847691480794626173e+01,1.118430168837273975e+01,3.128939263045278363e+00
1.863631339990005387e+01,1.122504130862398064e+01,3.137236465288500309e+00
1.880061441051176985e+01,1.126583070494030636e+01,3.145001897974946559e+00
1.896519474802979133e+01,1.130547803443175603e+01,3.152049506702976789e+00
1.914544113255740854e+01,1.134752328273833122e+01,3.158912579915936547e+00
1.932599807986914087e+01,1.138821422368759784e+01,3.164891651315903331e+00
1.949314853326267993e+01,1.142462422281689882e+01,3.169733061534835805e+00
1.966054498359854463e+01,1.145988598213253873e+01,3.173923564461246016e+00
1.982175804109946071e+01,1.149271866521642771e+01,3.177365019814172076e+00
1.998318235512333629e+01,1.152449643571956095e+01,3.180259445981124866e+00
2.014481014975525497e+01,1.155522260986741934e+01,3.182620802186664211e+00
2.030663373345840483e+01,1.158490038489928864e+01,3.184484339955131027e+00
2.046864551805192178e+01,1.161353284480229320e+01,3.185878556193411093e+00
2.063083806369660778e+01,1.164112296939617686e+01,3.186842043507045030e+00
2.079320403098412839e+01,1.166767362654558404e+01,3.187441931573278708e+00
2.095573613329731089e+01,1.169318756610936205e+01,3.187656537692973746e+00
2.111842717189344043e+01,1.171766742772268266e+01,3.187527670171952376e+00
2.128127008545169829e+01,1.174111574903705524e+01,3.187087963914017941e+00
2.144438248459083241e+01,1.176355169503789888e+01,3.186354477626610393e+00
2.160763303617437714e+01,1.178495927269150378e+01,3.185399437032371939e+00
2.178326387348404936e+01,1.180682681412875468e+01,3.184112323734202832e+00
2.195903797701487647e+01,1.182751124332610004e+01,3.182614442194979354e+00
2.214329837849540539e+01,1.184791131795329022e+01,3.180865727883492866e+00
2.232769731472349761e+01,1.186701869062625114e+01,3.178928824738262104e+00
2.249452084582704359e+01,1.188318277993464456e+01,3.177097999373850623e+00
2.266144304065386095e+01,1.189829402053352325e+01,3.175236521044310312e+00
2.282538481915919348e+01,1.191210493229016798e+01,3.173385139677289857e+00
2.298940867016582601e+01,1.192490433233268554e+01,3.171547053927026738e+00
2.315350822096070260e+01,1.193669353268762912e+01,3.169747803529323171e+00
2.331767714366544197e+01,1.194747374147083718e+01,3.168008839546812005e+00
2.348190913847293970e+01,1.195724606227719278e+01,3.166358102084100512e+00
2.364619795052990625e+01,1.196601149572961909e+01,3.164811095326755197e+00
2.381053735327644816e+01,1.197377093877463494e+01,3.163394493931726004e+00
2.397492113770779909e+01,1.198052518466868577e+01,3.162119689956391255e+00
2.413934312529581661e+01,1.198627492396614613e+01,3.161006202659497166e+00
2.430379715175271116e+01,1.199102074413446850e+01,3.160067230814531669e+00
2.446958522413121173e+01,1.199478887157140683e+01,3.159303716779518822e+00
2.463539332547680516e+01,1.199753793210910580e+01,3.158762740156435989e+00
2.481769250616694222e+01,1.199938450232051679e+01,3.158401547712619717e+00
2.499999999999984368e+01,1.199999999999999467e+01,3.158261990877439196e+00
2.518230749383273448e+01,1.199938450232051501e+01,3.158395401444934247e+00
2.536460667452286444e+01,1.199753793210910935e+01,3.158750548802523817e+00
2.553041477586848984e+01,1.199478887157141038e+01,3.159284734334776967e+00
2.569620284824694423e+01,1.199102074413447561e+01,3.160041266390503978e+00
2.586065687470384233e+01,1.198627492396615501e+01,3.160974238356086818e+00
2.602507886229185985e+01,1.198052518466869820e+01,3.162082181458235830e+00
2.618946264672319657e+01,1.197377093877465093e+01,3.163350614125652882e+00
2.635380204946974558e+01,1.196601149572963863e+01,3.164760493798988605e+00
2.651809086152670858e+01,1.195724606227720876e+01,3.166298821769073513e+00
2.668232285633422052e+01,1.194747374147085672e+01,3.167940602522521854e+00
2.684649177903895634e+01,1.193669353268765043e+01,3.169668219754506300e+00
2.701059132983383648e+01,1.192490433233270863e+01,3.171454450011102377e+00
2.717461518084046901e+01,1.191210493229018930e+01,3.173276747471803549e+00
2.733855695934580510e+01,1.189829402053354990e+01,3.175111409639663318e+00
2.750547915417262601e+01,1.188318277993467653e+01,3.176959080977258321e+00
2.767230268527619330e+01,1.186701869062627956e+01,3.178778002330003627e+00
2.785670162150429974e+01,1.184791131795331687e+01,3.180707308138189138e+00
2.804096202298484997e+01,1.182751124332613024e+01,3.182447435870057628e+00
2.821673612651565577e+01,1.180682681412878665e+01,3.183943734427733485e+00
2.839236696382531377e+01,1.178495927269154109e+01,3.185227819350072931e+00
2.855561751540886917e+01,1.176355169503793796e+01,3.186182871536351602e+00
2.871872991454801038e+01,1.174111574903709077e+01,3.186916822591558063e+00
2.888157282810626825e+01,1.171766742772272529e+01,3.187365730463271429e+00
2.904426386670240845e+01,1.169318756610940113e+01,3.187504105610156735e+00
2.920679596901559805e+01,1.166767362654561957e+01,3.187302337819815978e+00
2.936916193630313998e+01,1.164112296939621771e+01,3.186723968475077662e+00
2.953135448194782242e+01,1.161353284480233761e+01,3.185743251165750412e+00
2.969336626654134292e+01,1.158490038489932772e+01,3.184323636944089486e+00
2.985518985024449989e+01,1.155522260986746197e+01,3.182442771544862214e+00
3.001681764487641857e+01,1.152449643571960536e+01,3.180063574114033287e+00
3.017824195890029060e+01,1.149271866521647389e+01,3.177163211738940785e+00
3.033945501640120668e+01,1.145988598213258491e+01,3.173718332001490339e+00
3.050685146673707138e+01,1.142462422281694145e+01,3.169529183349074852e+00
3.067400192013061755e+01,1.138821422368764757e+01,3.164692452426931091e+00
3.085455886744235343e+01,1.134752328273838096e+01,3.158713134296609049e+00
3.103480525196997064e+01,1.130547803443180754e+01,3.151847569797159299e+00
3.119938558948796015e+01,1.126583070494036676e+01,3.144803235762185345e+00
3.136368660009963705e+01,1.122504130862405347e+01,3.137038379603397598e+00
3.152308519205342918e+01,1.118430168837281613e+01,3.128739937177259289e+00
3.168220194404943157e+01,1.114247483339598688e+01,3.119708089290179842e+00
3.184102773430543110e+01,1.109955633824990606e+01,3.109909286732575051e+00
3.199955324588324501e+01,1.105554168446344399e+01,3.099329408339226877e+00
3.215776898078532042e+01,1.101042623491644790e+01,3.087953376757030632e+00
3.231566527456293869e+01,1.096420522712285539e+01,3.075762896592220574e+00
3.247323226086990644e+01,1.091687378073436854e+01,3.062749449826035253e+00
3.263045986342878280e+01,1.086842689777446580e+01,3.048894634003293636e+00
3.278733777809741667e+01,1.081885946607057924e+01,3.034191760761582035e+00
3.294385552650686577e+01,1.076816623971862086e+01,3.018624541568858177e+00
3.310049577734714887e+01,1.071617610408945787e+01,3.002131725212850544e+00
3.325675172026687676e+01,1.066304211397415180e+01,2.984770166490124499e+00
3.342589658532221364e+01,1.060407189575892950e+01,2.964930066193808944e+00
3.359456060796882326e+01,1.054374017459227275e+01,2.943991698182154781e+00
3.375834331996544080e+01,1.048366819368988168e+01,2.922579842159793717e+00
3.392164122931369974e+01,1.042229059437105043e+01,2.900138673776606169e+00
3.407518711868537054e+01,1.036320368227780087e+01,2.878022127941965547e+00
3.422827608891360995e+01,1.030294284662363857e+01,2.855007358103406556e+00
3.438089518846414450e+01,1.024150174454789664e+01,2.831070491039012094e+00
3.453303115254188782e+01,1.017887391817353659e+01,2.806211279080929266e+00
3.468467038624513066e+01,1.011505279845144578e+01,2.780431102731639292e+00
3.483579896404755516e+01,1.005003170230136256e+01,2.753725300699190637e+00
3.498640259126690211e+01,9.983803846121912073e+00,2.726097781051742164e+00
3.513646664420362953e+01,9.916362325211052209e+00,2.697546572785143315e+00
3.528597613931408006e+01,9.847700123186365673e+00,2.668077424282466747e+00
3.543491564344333256e+01,9.777810150522137533e+00,2.637689613334766925e+00
3.558326933794853630e+01,9.706685213362263198e+00,2.606386035807111590e+00
3.573102102098888366e+01,9.634318008432012803e+00,2.574183224438746365e+00
3.588592942869836833e+01,9.556767014317903985e+00,2.539310504474757479e+00
3.604013193640571444e+01,9.477821756940517872e+00,2.503430104989829097e+00
3.619352247658883925e+01,9.397518692981313038e+00,2.466594108125758300e+00
3.634616631463886449e+01,9.315805206697644891e+00,2.428778022284868054e+00
3.649050138879976402e+01,9.236843564623628211e+00,2.391947200817284180e+00
3.663412353141847433e+01,9.156592516522829683e+00,2.354276193463616718e+00
3.677701306246045476e+01,9.075044250314761030e+00,2.315766306534920105e+00
3.691914980310071570e+01,8.992190882988872147e+00,2.276435943766298653e+00
3.706051301131176245e+01,8.908024494901683354e+00,2.236308391628182068e+00
3.720108132047018046e+01,8.822537166226878114e+00,2.195399373462106674e+00
3.734083279966062463e+01,8.735720941076603907e+00,2.153738467563206971e+00
3.747974487559002910e+01,8.647567874910997432e+00,2.111353405349463586e+00
3.761779433911034687e+01,8.558070032065618449e+00,2.068283001728375758e+00
3.775495734778012746e+01,8.467219484742555480e+00,2.024563631463091262e+00
3.789120933749207865e+01,8.375008373248382654e+00,1.980243234620269410e+00
3.802652511653231215e+01,8.281428845806532379e+00,1.935383634876127301e+00
3.816763903056374119e+01,8.181640214821735313e+00,1.887765985535272417e+00
3.830766018013023455e+01,8.080323990483863739e+00,1.839713376104028519e+00
3.844134099442906205e+01,7.981376998195510275e+00,1.793163783789294641e+00
3.857395114243485779e+01,7.880999665377780516e+00,1.746452067060101365e+00
3.870404784595870495e+01,7.780290558289620684e+00,1.700222962227335488e+00
3.883303750629309548e+01,7.678167412996058871e+00,1.654151843430355706e+00
3.896088922177509772e+01,7.574623485687026481e+00,1.608447440314644927e+00
3.908757149577286327e+01,7.469652062445367058e+00,1.563369857958181619e+00
3.921305208160379152e+01,7.363246582425972520e+00,1.519228895446578909e+00
3.933729730749399778e+01,7.255401234529413657e+00,1.476402634296304139e+00
3.946027265203556311e+01,7.146110514081269294e+00,1.435339651743066103e+00
3.958194307291383751e+01,7.035368938230743829e+00,1.396595612765420213e+00
3.970227235393186760e+01,6.923171644101665301e+00,1.360815613438951077e+00
3.982122336437615928e+01,6.809514193253416892e+00,1.328767855558968369e+00
3.994047312814135609e+01,6.692691294150167280e+00,1.300979064917467953e+00
4.005822373166530070e+01,6.574357528293334418e+00,1.279035750971285523e+00
4.017425922727228027e+01,6.454691899129272770e+00,1.264112208259169812e+00
4.028871552994188932e+01,6.333514995447735885e+00,1.257472067362403800e+00
4.040009450181571538e+01,6.212428021855131099e+00,1.260293654374573746e+00
4.050984919910978022e+01,6.089866914104043794e+00,1.273702138139394258e+00
4.061793553310990745e+01,5.965831959626319403e+00,1.298863834416186025e+00
4.072430835592282961e+01,5.840324447907352834e+00,1.336847678832377539e+00
4.082892156024980324e+01,5.713346644848681599e+00,1.388495008823076526e+00
4.093172814525620140e+01,5.584901801808578981e+00,1.454562511612020215e+00
4.103268015759503839e+01,5.454994325865572868e+00,1.535568145048797017e+00
4.113172873174604405e+01,5.323629844606171169e+00,1.632031534598678446e+00
4.122882413230487941e+01,5.190815276694357827e+00,1.744316434596753007e+00
4.132391582316271439e+01,5.056558873748800309e+00,1.872938976319742377e+00
4.141768072977601634e+01,4.919790395496339563e+00,2.019596917608780462e+00
4.150930464680454435e+01,4.781578543581934682e+00,2.184146787511504595e+00
4.159806797400347733e+01,4.642994222140090166e+00,2.365906792187775221e+00
4.168461597835251808e+01,4.503015762545671485e+00,2.567186676400048384e+00
4.176886817368639981e+01,4.361705078089762821e+00,2.789192493256543504e+00
4.185079849046009315e+01,4.219035710465239397e+00,3.033680231364605628e+00
4.193035242648500116e+01,4.075027837124416408e+00,3.302509232458536115e+00
4.200747532363345016e+01,3.929703585994375636e+00,3.598124911446346719e+00
4.208211245865270911e+01,3.783087154982826661e+00,3.923224963795949094e+00
4.215420911885460242e+01,3.635204992331083851e+00,4.281257620777064510e+00
4.222371080389954301e+01,3.486085747886126018e+00,4.676077058640156991e+00
4.229056339658914965e+01,3.335760278392698286e+00,5.112605889768201628e+00
4.235471326435985873e+01,3.184261820045667157e+00,5.596484070837091096e+00
4.241610748090798211e+01,3.031625908720696483e+00,6.134907743402821190e+00
4.247474725587726141e+01,2.877746675841213797e+00,6.736857380216999758e+00
4.253052288269758918e+01,2.722806351233586497e+00,7.412879591581441829e+00
4.258333656981314874e+01,2.566993491977274555e+00,8.175423776299242107e+00
4.263319322310395876e+01,2.410209465925181149e+00,9.042683249986486871e+00
4.268004610315833958e+01,2.252501798267300792e+00,1.003605720315195526e+01
4.272385030383002658e+01,2.093920343112247284e+00,1.118635131031413366e+01
4.276456295272362951e+01,1.934517235065045915e+00,1.252953083904982101e+01
4.280214341499206654e+01,1.774346807144459692e+00,1.412946080775325441e+01
4.283655348999088375e+01,1.613465504047852717e+00,1.603544773144093227e+01
4.286775759941591701e+01,1.451931796456643831e+00,1.844179274079616704e+01
4.289572297635705667e+01,1.289806041143867432e+00,2.127492114578820548e+01
4.292041984057181736e+01,1.127150337530494761e+00,2.555004351916835148e+01
4.294223011615671481e+01,9.606429464752272995e-01,2.963826407615632519e+01
4.296058246837012717e+01,7.937190650139399617e-01,4.106107842441479505e+01
4.297693046098579117e+01,6.073517014713692985e-01,4.446641078569721373e+01
4.298893721725226413e+01,4.206544075104533542e-01,1.019110570417376067e+02
4.299723303000603636e+01,2.103998982455881628e-01,1.116379783277538422e+02
4.299999999999997868e+01,-4.063321599466913867e-17,8.399695755382095967e+02
