x,y,stress
-2.107111489550212185e-18,-6.661895393497056613e-17,1.849475919434382458e-05
9.522737349318065661e-03,1.655906405945297699e-01,2.074564946056306293e-05
3.762641008809448212e-02,3.290630852005625440e-01,4.383023499997665067e-05
8.297270052736030466e-02,4.884309901127283360e-01,1.160304956255177984e-04
1.437828905069479524e-01,6.425760110141830461e-01,8.996465612457683241e-04
2.180485165861297259e-01,7.907219023185939610e-01,4.417896016630404668e-03
3.038013838403832434e-01,9.325404963243548728e-01,1.026674574177969916e-02
3.992587069888881568e-01,1.068027716521376291e+00,2.063845356593932770e-02
5.028814006740202069e-01,1.197385479718244827e+00,3.881750214187816572e-02
6.133777792715303656e-01,1.320930362969983562e+00,6.473487480188805376e-02
7.296802158180882847e-01,1.439031225594624708e+00,9.570174338666770364e-02
8.509122940872119178e-01,1.552070239130561635e+00,1.307238770212893753e-01
9.763556131467218124e-01,1.660420367721123780e+00,1.689060760847589937e-01
1.105420088863105166e+00,1.764433430347794873e+00,2.081577462247203858e-01
1.237618974274687700e+00,1.864434682182023684e+00,2.472071603007679474e-01
1.372548617700536822e+00,1.960721288658724415e+00,2.861985839688524491e-01
1.509872367568113605e+00,2.053562967034285425e+00,3.244434986130919074e-01
1.649307613780283122e+00,2.143203562157942610e+00,3.616794754405937562e-01
1.790615497152137747e+00,2.229863119014348971e+00,3.977063882524937699e-01
1.933592894353302283e+00,2.313740202016317582e+00,4.324340692960548238e-01
2.078066229912332918e+00,2.395014248184665018e+00,4.658092332209392006e-01
2.223885697995234612e+00,2.473847278349250445e+00,4.978381514826498155e-01
2.370922402925492278e+00,2.550386479199071132e+00,5.285304339376529770e-01
2.519064686948579546e+00,2.624765652995118437e+00,5.579272110959655473e-01
2.668213475793157929e+00,2.697105762239554227e+00,5.860721921604750140e-01
2.818282314497681629e+00,2.767517419997714168e+00,6.130125631965559485e-01
2.969195132642995727e+00,2.836101811507280690e+00,6.387889027121795849e-01
3.120884174115649667e+00,2.902951453783910285e+00,6.635327291775671155e-01
3.273289634850462537e+00,2.968151489805202825e+00,6.870441811829385292e-01
3.426357954829170271e+00,3.031780171620928499e+00,7.103496250826957237e-01
3.580040997524883917e+00,3.093909585740930446e+00,7.320172106792114386e-01
3.734295629772476754e+00,3.154606393189766766e+00,7.530322065567995882e-01
3.889082760628377766e+00,3.213932230585198280e+00,7.731895555994457991e-01
4.049889575930689212e+00,3.273980680674798638e+00,7.932635610888103539e-01
4.211194047218146608e+00,3.332679329085938669e+00,8.125561249244890316e-01
4.368544710191471836e+00,3.388533581238170722e+00,8.306301234156915347e-01
4.526308759662225789e+00,3.443209389353226069e+00,8.480592401027166050e-01
4.683320636435454709e+00,3.496368728145697879e+00,8.647580020330815076e-01
4.840693489220360135e+00,3.548449801512710611e+00,8.808896493902779179e-01
4.998406981772351543e+00,3.599490177765674037e+00,8.964848543791189561e-01
5.156442353789615574e+00,3.649525101795007220e+00,9.115733928383510376e-01
5.314782106263405304e+00,3.698587638142981415e+00,9.261822827904984123e-01
5.473410438288900615e+00,3.746709020606772800e+00,9.403374596889092496e-01
5.632312755901518919e+00,3.793918685334678464e+00,9.540631255027360869e-01
5.791475075074651535e+00,3.840244268794739124e+00,9.673819371918769283e-01
5.950884579165312438e+00,3.885711931806339337e+00,9.803138066502771197e-01
6.110529385025009752e+00,3.930346426644014901e+00,9.928813666725214704e-01
6.274151437243978613e+00,3.975189744758397481e+00,1.005381098942902618e+00
6.437997212689798410e+00,4.019208656610895325e+00,1.017540086218897910e+00
6.618175799834266293e+00,4.066626593464659933e+00,1.030513208565944971e+00
6.798598870890258716e+00,4.113105666474562661e+00,1.043097797769377832e+00
6.966855656054174339e+00,4.155575605383189597e+00,1.054501827936547009e+00
7.135305162168958937e+00,4.197274624447100422e+00,1.065611413495940685e+00
7.296387448007316756e+00,4.236405210821337697e+00,1.075960011269631922e+00
7.457630940619966786e+00,4.274866147189586130e+00,1.086063571292680940e+00
7.619029083647030909e+00,4.312672786136431569e+00,1.095929214899528104e+00
7.780575726188769359e+00,4.349839794093623091e+00,1.105567492817612241e+00
7.942265060018326217e+00,4.386381184315620629e+00,1.114984777375886749e+00
8.104091543649193596e+00,4.422310344179127384e+00,1.124192509431666043e+00
8.266049936897513106e+00,4.457640084220584775e+00,1.133196965945909795e+00
8.428135301142964053e+00,4.492382675507495371e+00,1.142007881751408327e+00
8.590342924901621657e+00,4.526549868214641670e+00,1.150641348842494471e+00
8.752668355967490044e+00,4.560152930796510518e+00,1.159093416643323327e+00
8.915195491642840864e+00,4.593220447817515151e+00,1.167375416184853965e+00
9.077832271737385383e+00,4.625744427698633920e+00,1.175491098233595544e+00
9.252533919397063045e+00,4.660064073971404319e+00,1.184015522004778553e+00
9.427352948490645090e+00,4.693780718717601275e+00,1.192359409854264474e+00
9.622028432420153266e+00,4.730606330152852479e+00,1.201434581329809292e+00
9.816838322952605722e+00,4.766714198034701866e+00,1.210291919016223794e+00
9.999916636315642648e+00,4.799984994471662603e+00,1.218426312956335300e+00
1.018310460686225127e+01,4.832646644267262204e+00,1.226384550218684755e+00
1.034853921030397039e+01,4.861612750058643684e+00,1.233422174894917456e+00
1.051405709332755833e+01,4.890099138752348473e+00,1.240327535418192184e+00
1.067750144238791776e+01,4.917751886774147430e+00,1.247013620553029112e+00
1.084102183078939774e+01,4.944951387318168301e+00,1.253574521221902049e+00
1.100461584474019006e+01,4.971704255803039096e+00,1.260012288832684568e+00
1.116828124455716065e+01,4.998016890844911408e+00,1.266329918870978455e+00
1.133201589052001168e+01,5.023895472445752297e+00,1.272528369207825305e+00
1.149581762645212812e+01,5.049345954190979313e+00,1.278611567904759827e+00
1.165968439231794740e+01,5.074374091301922185e+00,1.284580570777863473e+00
1.182361427273788479e+01,5.098985456733996280e+00,1.290438866490319469e+00
1.198760540742381586e+01,5.123185435771830498e+00,1.296194459553154932e+00
1.215165596945483450e+01,5.146979231233659746e+00,1.301843525924445633e+00
1.231826673113157966e+01,5.170725455748261368e+00,1.307470366626571678e+00
1.248493518741343955e+01,5.194063303198876547e+00,1.312994032926277255e+00
1.267004776371751085e+01,5.219502198889961697e+00,1.318999527427721974e+00
1.285522712851043359e+01,5.244450279432154360e+00,1.324879243372956816e+00
1.306148666891673393e+01,5.271658316692033885e+00,1.331276884835411289e+00
1.326782348240176646e+01,5.298274017792131474e+00,1.337516884393354477e+00
1.346190385630668729e+01,5.322766821214697686e+00,1.343249175267794193e+00
1.365604793424374641e+01,5.346749450658582425e+00,1.348848830960013734e+00
1.382858657146924131e+01,5.367633786661428097e+00,1.353716630256186937e+00
1.400117239920553835e+01,5.388124496065480606e+00,1.358485450868797795e+00
1.416582605378751225e+01,5.407305324690377724e+00,1.362941297937982243e+00
1.433052021766374473e+01,5.426135161202738644e+00,1.367308855253196676e+00
1.449525377526651759e+01,5.444617311531395387e+00,1.371588556344282228e+00
1.466002561784362435e+01,5.462754978499194003e+00,1.375781248587587546e+00
1.482483466763965296e+01,5.480551268115825714e+00,1.379888017643127629e+00
1.498967990343012424e+01,5.498009195526906367e+00,1.383909619927153667e+00
1.515456032766177863e+01,5.515131684476885177e+00,1.387847501712217158e+00
1.531947495363310274e+01,5.531921569040524567e+00,1.391702084168909614e+00
1.548442283261009322e+01,5.548381599302212308e+00,1.395474117171414674e+00
1.564940303417580658e+01,5.564514442037562958e+00,1.399164745640501417e+00
1.581447925028695956e+01,5.580328808668860496e+00,1.402775776438716759e+00
1.597958602981237597e+01,5.595820832733223504e+00,1.406309058355954544e+00
1.615658011905694380e+01,5.612070034222490733e+00,1.410005769785536378e+00
1.633360730167268926e+01,5.627954648508338487e+00,1.413615372735308240e+00
1.653304542324596582e+01,5.645413641111036718e+00,1.417571649963745406e+00
1.673252286373800501e+01,5.662417516905633441e+00,1.421416429858384900e+00
1.694791665242932410e+01,5.680267928257735299e+00,1.425443112993239669e+00
1.716335302926103168e+01,5.697596786465852325e+00,1.429337406148057044e+00
1.735851777103774651e+01,5.712845732403468269e+00,1.432758351218967663e+00
1.755371496567205369e+01,5.727673483815439504e+00,1.436076239085497530e+00
1.772715056762797659e+01,5.740495281883003287e+00,1.438939622363237802e+00
1.790061010880317127e+01,5.752989049072806615e+00,1.441725023427676389e+00
1.806597048620385948e+01,5.764594341219848594e+00,1.444307146534765218e+00
1.823135127711102044e+01,5.775905013177524694e+00,1.446819432796458305e+00
1.839675183933436031e+01,5.786922649454641743e+00,1.449261566970152515e+00
1.856217156126621148e+01,5.797648784086661955e+00,1.451634411651719248e+00
1.872760984687391073e+01,5.808084900703264886e+00,1.453938734997864746e+00
1.889306608446759128e+01,5.818232431719792430e+00,1.456175014957642899e+00
1.905853967291607631e+01,5.828092761175407865e+00,1.458343821876536550e+00
1.922403004796720083e+01,5.837667227251063018e+00,1.460445776221012570e+00
1.938953664818690115e+01,5.846957121129809920e+00,1.462481487542822256e+00
1.955505890851280171e+01,5.855963687642663729e+00,1.464451633972872147e+00
1.972065184589894216e+01,5.864691008459411492e+00,1.466356559570265672e+00
1.988625936215226275e+01,5.873137170650475802e+00,1.468198715244420027e+00
2.006365648030186222e+01,5.881873232989533129e+00,1.470098817475101738e+00
2.024106906633620540e+01,5.890289330655359201e+00,1.471928515241323954e+00
2.044092084067827741e+01,5.899387452932429277e+00,1.473900369204898864e+00
2.064079053846311496e+01,5.908082943674515697e+00,1.475782174387157308e+00
2.086131191725721479e+01,5.917210882750142176e+00,1.477753679556239375e+00
2.108185287604787206e+01,5.925852840851496772e+00,1.479611741190284491e+00
2.128593139474718754e+01,5.933417901781346870e+00,1.481236942150687685e+00
2.149002480257286507e+01,5.940570028956352999e+00,1.482769467718958234e+00
2.167123063100031999e+01,5.946574758843053310e+00,1.484054683010788356e+00
2.185244688991679496e+01,5.952256007813022443e+00,1.485269646070352945e+00
2.201875319832260303e+01,5.957185648310055370e+00,1.486322363094427557e+00
2.218506732079586641e+01,5.961844217275822366e+00,1.487317393645816610e+00
2.235077676521346390e+01,5.966216648440663128e+00,1.488250070330367603e+00
2.251649306320781108e+01,5.970321124846342364e+00,1.489124662042531577e+00
2.268221576136524931e+01,5.974158155795058711e+00,1.489941221285647099e+00
2.284794442568585637e+01,5.977728216636452707e+00,1.490700147869468584e+00
2.301367862339954584e+01,5.981031748586385532e+00,1.491401683048081628e+00
2.317941791195808676e+01,5.984069158822978629e+00,1.492046073788768634e+00
2.334516185451605708e+01,5.986840821086329534e+00,1.492633339951952021e+00
2.351091002285485843e+01,5.989347075925888220e+00,1.493163956157257166e+00
2.367666198737077821e+01,5.991588230732264542e+00,1.493637862314835196e+00
2.384241732107083678e+01,5.993564559998256769e+00,1.494056193851398540e+00
2.401343091710577227e+01,5.995326250606665575e+00,1.494427998248772260e+00
2.418444718044225539e+01,5.996806543425778457e+00,1.494742413824131422e+00
2.437621482833216291e+01,5.998131991098007099e+00,1.495022782377976478e+00
2.456798459303635696e+01,5.999104074012817200e+00,1.495229586213872919e+00
2.478399183198690992e+01,5.999776030082274225e+00,1.495373275547709824e+00
2.500000000000034461e+01,5.999999999999995559e+00,1.495419531062201823e+00
2.521600816801375800e+01,5.999776030082271561e+00,1.495373356520912189e+00
2.543201540696426477e+01,5.999104074012814536e+00,1.495229789076315541e+00
2.562378517166849079e+01,5.998131991098003546e+00,1.495023774096329250e+00
2.581555281955828107e+01,5.996806543425772240e+00,1.494744145593703832e+00
2.598656908289485656e+01,5.995326250606657581e+00,1.494430454507241546e+00
2.615758267892966060e+01,5.993564559998250552e+00,1.494059256389098422e+00
2.632333801262971207e+01,5.991588230732260101e+00,1.493641191615258101e+00
2.648908997714563185e+01,5.989347075925882002e+00,1.493167476598463494e+00
2.665483814548445096e+01,5.986840821086322428e+00,1.492636472445424412e+00
2.682058208804241772e+01,5.984069158822968859e+00,1.492048756973552548e+00
2.698632137660095509e+01,5.981031748586375762e+00,1.491403911166961693e+00
2.715205557431464811e+01,5.977728216636442049e+00,1.490701920900314947e+00
2.731778423863525873e+01,5.974158155795047165e+00,1.489942717324720611e+00
2.748350693679268986e+01,5.970321124846330818e+00,1.489125918581416963e+00
2.764922323478702992e+01,5.966216648440651582e+00,1.488251659135289673e+00
2.781493267920462387e+01,5.961844217275809044e+00,1.487319436370519332e+00
2.798124680167790146e+01,5.957185648310040271e+00,1.486325332188939141e+00
2.814755311008372018e+01,5.952256007813005567e+00,1.485273658302214805e+00
2.832876936900023068e+01,5.946574758843034658e+00,1.484060001502957027e+00
2.850997519742771402e+01,5.940570028956330795e+00,1.482776174036868344e+00
2.871406860525343063e+01,5.933417901781321113e+00,1.481244677557181033e+00
2.891814712395278875e+01,5.925852840851470127e+00,1.479620496922263717e+00
2.913868808274343536e+01,5.917210882750114642e+00,1.477762560038597961e+00
2.935920946153752453e+01,5.908082943674488163e+00,1.475791180637013200e+00
2.955907915932231589e+01,5.899387452932402631e+00,1.473908736624732763e+00
2.975893093366434528e+01,5.890289330655332556e+00,1.471936015811986298e+00
2.993634351969865648e+01,5.881873232989507372e+00,1.470104934629563154e+00
3.011374063784821331e+01,5.873137170650448269e+00,1.468203173662154137e+00
3.027934815410152325e+01,5.864691008459383958e+00,1.466359564434463802e+00
3.044494109148768146e+01,5.855963687642637083e+00,1.464453119320978436e+00
3.061046335181358202e+01,5.846957121129781498e+00,1.462481847024563963e+00
3.077596995203328589e+01,5.837667227251033708e+00,1.460445046957647985e+00
3.094146032708441041e+01,5.828092761175377667e+00,1.458342458214143766e+00
3.110693391553289544e+01,5.818232431719761344e+00,1.456173072374573607e+00
3.127239015312656534e+01,5.808084900703234688e+00,1.453936622497153275e+00
3.143782843873425747e+01,5.797648784086631757e+00,1.451632227027695565e+00
3.160324816066612286e+01,5.786922649454608880e+00,1.449259743160409286e+00
3.176864872288946628e+01,5.775905013177490055e+00,1.446818106922070912e+00
3.193402951379660948e+01,5.764594341219813067e+00,1.444306858438727748e+00
3.209938989119729058e+01,5.752989049072773753e+00,1.441726023611634266e+00
3.227284943237255277e+01,5.740495281882963319e+00,1.438942048107251015e+00
3.244628503432853250e+01,5.727673483815392430e+00,1.436080291920934116e+00
3.264148222896285745e+01,5.712845732403420307e+00,1.432763412103768674e+00
3.283664697073959360e+01,5.697596786465801699e+00,1.429343481653292613e+00
3.305208334757130473e+01,5.680267928257680232e+00,1.425449009543555468e+00
3.326747713626263447e+01,5.662417516905578374e+00,1.421422174450101439e+00
3.346695457675460261e+01,5.645413641110985203e+00,1.417576800435444762e+00
3.366639269832779746e+01,5.627954648508289637e+00,1.413619778292013462e+00
3.384341988094354292e+01,5.612070034222440995e+00,1.410009255727914912e+00
3.402041397018812319e+01,5.595820832733175543e+00,1.406311507000531646e+00
3.418552074971352539e+01,5.580328808668812535e+00,1.402777495660377793e+00
3.435059696582466415e+01,5.564514442037512332e+00,1.399165690706933862e+00
3.451557716739037573e+01,5.548381599302160794e+00,1.395474240456856529e+00
3.468052504636738576e+01,5.531921569040473052e+00,1.391701437253999307e+00
3.484543967233870632e+01,5.515131684476834550e+00,1.387846276140230373e+00
3.501032009657036070e+01,5.498009195526853965e+00,1.383907763536312618e+00
3.517516533236082665e+01,5.480551268115771535e+00,1.379885153388647590e+00
3.533997438215686060e+01,5.462754978499138936e+00,1.375777369507275472e+00
3.550474622473396380e+01,5.444617311531339432e+00,1.371583479198529520e+00
3.566947978233672956e+01,5.426135161202683577e+00,1.367302422187476552e+00
3.583417394621296381e+01,5.407305324690319104e+00,1.362933598121362166e+00
3.599882760079493238e+01,5.388124496065421987e+00,1.358476573663282227e+00
3.617141342853124542e+01,5.367633786661368589e+00,1.353707118943764165e+00
3.634395206575673143e+01,5.346749450658519365e+00,1.348838913069306145e+00
3.653809614369382075e+01,5.322766821214629296e+00,1.343239298784528080e+00
3.673217651759876645e+01,5.298274017792059531e+00,1.337507238729157999e+00
3.693851333108383272e+01,5.271658316691957502e+00,1.331268069753147154e+00
3.714477287149013307e+01,5.244450279432073536e+00,1.324871298403908160e+00
3.732995223628302028e+01,5.219502198889884426e+00,1.318993498884162063e+00
3.751506481258705605e+01,5.194063303198804604e+00,1.312990267900094432e+00
3.768173326886888930e+01,5.170725455748192978e+00,1.307469852974003199e+00
3.784834403054559004e+01,5.146979231233593133e+00,1.301846333172812065e+00
3.801239459257661935e+01,5.123185435771762108e+00,1.296199813083219077e+00
3.817638572726256285e+01,5.098985456733927002e+00,1.290447064698818869e+00
3.834031560768249136e+01,5.074374091301852907e+00,1.284584796898452508e+00
3.850418237354831064e+01,5.049345954190906482e+00,1.278611614881810743e+00
3.866798410948041465e+01,5.023895472445681243e+00,1.272525077465574972e+00
3.883171875544326213e+01,4.998016890844840354e+00,1.266323202163363915e+00
3.899538415526022561e+01,4.971704255802967154e+00,1.260003506594430611e+00
3.915897816921101793e+01,4.944951387318094582e+00,1.253563562296778455e+00
3.932249855761250501e+01,4.917751886774071934e+00,1.247000990471549331e+00
3.948594290667287510e+01,4.890099138752270314e+00,1.240313180410470340e+00
3.965146078969647192e+01,4.861612750058562860e+00,1.233406224051975419e+00
3.981689539313819637e+01,4.832646644267176939e+00,1.226367002278114127e+00
4.000008336368485118e+01,4.799984994471566679e+00,1.218407144801403552e+00
4.018316167704794140e+01,4.766714198034597061e+00,1.210271096573481975e+00
4.037797156758036721e+01,4.730606330152751227e+00,1.201413023091915999e+00
4.057264705150983275e+01,4.693780718717503575e+00,1.192336865018639003e+00
4.074746608060339526e+01,4.660064073971307508e+00,1.183994725171531259e+00
4.092216772826305515e+01,4.625744427698541550e+00,1.175472728980942350e+00
4.108480450835759967e+01,4.593220447817421892e+00,1.167362293347790292e+00
4.124733164403293983e+01,4.560152930796414594e+00,1.159086341164903944e+00
4.140965707509880644e+01,4.526549868214544858e+00,1.150639516822517860e+00
4.157186469885747471e+01,4.492382675507396783e+00,1.142012231419528012e+00
4.173395006310291677e+01,4.457640084220486187e+00,1.133197467355751886e+00
4.189590845635122918e+01,4.422310344179027020e+00,1.124188425909979694e+00
4.205773493998209034e+01,4.386381184315520265e+00,1.114977690410947408e+00
4.221942427381166141e+01,4.349839794093520062e+00,1.105557223321939730e+00
4.238097091635339098e+01,4.312672786136328540e+00,1.095918689912357191e+00
4.254236905938045510e+01,4.274866147189480436e+00,1.086053000435108107e+00
4.270361255199309625e+01,4.236405210821232004e+00,1.075950412180672888e+00
4.286469483783145762e+01,4.197274624446992952e+00,1.065603302923517681e+00
4.303314434394623333e+01,4.155575605383083904e+00,1.054494454370170642e+00
4.320140112911013119e+01,4.113105666474453415e+00,1.043091262669115338e+00
4.338182420016608631e+01,4.066626593464562234e+00,1.030504663733081472e+00
4.356200278731051156e+01,4.019208656610804731e+00,1.017529270206780856e+00
4.372584856275627629e+01,3.975189744758321986e+00,1.005367400138646339e+00
4.388947061497517410e+01,3.930346426643953173e+00,9.928634000264487947e-01
4.404911542083490161e+01,3.885711931806271835e+00,9.802903257910131618e-01
4.420852492492559804e+01,3.840244268794660965e+00,9.673521754176875875e-01
4.436768724409871112e+01,3.793918685334603413e+00,9.540263508310949936e-01
4.452658956171131166e+01,3.746709020606695084e+00,9.402925863764456382e-01
4.468521789373681230e+01,3.698587638142907696e+00,9.261296497761551949e-01
4.484355764621059848e+01,3.649525101794933057e+00,9.115121631940198421e-01
4.500159301822785807e+01,3.599490177765599874e+00,8.964166411975611481e-01
4.515930651077987790e+01,3.548449801512626678e+00,8.808134476112648992e-01
4.531667936356473803e+01,3.496368728145623717e+00,8.646763570525169973e-01
4.547369124033795629e+01,3.443209389353155903e+00,8.479714814807474133e-01
4.563145528980869159e+01,3.388533581238103221e+00,8.305397660656483882e-01
4.578880595278202037e+01,3.332679329085864062e+00,8.124629621268262269e-01
4.595011042406942892e+01,3.273980680674738686e+00,7.931683445516992670e-01
4.611091723937175857e+01,3.213932230585139216e+00,7.730922852359651820e-01
4.626570437022763826e+01,3.154606393189713476e+00,7.529287964049026227e-01
4.641995900247525952e+01,3.093909585740865609e+00,7.319587720259369545e-01
4.657364204517094919e+01,3.031780171620872988e+00,7.101273376437376994e-01
4.672671036514968534e+01,2.968151489805130883e+00,6.873827541655290752e-01
4.687911582588446180e+01,2.902951453783855218e+00,6.636729771503739883e-01
4.703080486735714061e+01,2.836101811507207859e+00,6.389390134243037034e-01
4.718171768550238454e+01,2.767517419997671535e+00,6.131255178563067565e-01
4.733178652420694732e+01,2.697105762239494275e+00,5.861734169924691651e-01
4.748093531305146087e+01,2.624765652995089571e+00,5.580296369454422756e-01
4.762907759707463384e+01,2.550386479198997858e+00,5.286388009319110681e-01
4.777611430200477116e+01,2.473847278349237566e+00,4.979553298885015522e-01
4.792193377008775457e+01,2.395014248184603733e+00,4.659448394828145656e-01
4.806640710564663976e+01,2.313740202016339342e+00,4.326002988228869195e-01
4.820938450284794641e+01,2.229863119014282358e+00,3.978652646994393915e-01
4.835069238621958476e+01,2.143203562158010556e+00,3.622056648161132708e-01
4.849012763243195678e+01,2.053562967034223252e+00,3.242524782952297402e-01
4.862745138229922048e+01,1.960721288658875405e+00,2.858026714420108805e-01
4.876238102572535382e+01,1.864434682181968395e+00,2.468504421198448595e-01
4.889457991113649626e+01,1.764433430348077758e+00,2.075508122365874175e-01
4.902364438685331294e+01,1.660420367721075374e+00,1.685688800807685628e-01
4.914908770591220843e+01,1.552070239131057905e+00,1.308931104985814886e-01
4.927031978418190761e+01,1.439031225594600949e+00,9.570631831137203782e-02
4.938662222072770192e+01,1.320930362970774707e+00,6.475751918780259242e-02
4.949711859932596525e+01,1.197385479718240608e+00,3.883024697547352716e-02
4.960074129301029444e+01,1.068027716522436998e+00,2.062492354749424425e-02
4.969619861615957035e+01,9.325404963243688616e-01,1.028301244648547469e-02
4.978195148341328746e+01,7.907219023195755092e-01,4.412624791293864174e-03
4.985621710949303065e+01,6.425760110141848225e-01,8.978593010818486722e-04
4.991702729947250106e+01,4.884309901130807763e-01,1.165169958454656676e-04
4.996237358991188415e+01,3.290630852005169138e-01,4.375314006016246902e-05
4.999047726265064995e+01,1.655906405945158366e-01,2.082157377279759416e-05
4.999999999999997868e+01,-6.627973778083740316e-17,1.871969815166078254e-05
