x,y,stress
9.999999999999994671e+00,2.667089212244421846e-16,1.162820432317438417e+03
1.000830561172995026e+01,1.663661853704481719e-01,1.307228489587327260e+02
1.003292696429260111e+01,3.311133984672348096e-01,1.305125479760195617e+02
1.007303235820995368e+01,4.927966699194245015e-01,4.773642501484467005e+01
1.012739543412753562e+01,6.502677591397493240e-01,4.351842581236842022e+01
1.019457116874151659e+01,8.027229439393710475e-01,2.914735828768567316e+01
1.027305578377904816e+01,9.496849800689164400e-01,2.418189833159287616e+01
1.036140272832127351e+01,1.090946068409348158e+00,1.948390328785226444e+01
1.045829058885771801e+01,1.226498512111074746e+00,1.632436705070535155e+01
1.056255243547247780e+01,1.356470412566643580e+00,1.387085201385876587e+01
1.067317970677800965e+01,1.481073945401435221e+00,1.198030319012427825e+01
1.078931194657636361e+01,1.600567435778914360e+00,1.047794333779514986e+01
1.091022018774009794e+01,1.715229328432448908e+00,9.267339402243214508e+00
1.103528865140048332e+01,1.825341275557835319e+00,8.276256081375693796e+00
1.116399719875602514e+01,1.931177720228687944e+00,7.455872117382821074e+00
1.129590569068259143e+01,2.032999949754997093e+00,6.769450590350573727e+00
1.143064063283386034e+01,2.131053113804445953e+00,6.190342795350412430e+00
1.156788380814452388e+01,2.225564962193595786e+00,5.698152218543484970e+00
1.170736296774356511e+01,2.316745819479580693e+00,5.277503705161676884e+00
1.184884344400735046e+01,2.404788769651360347e+00,4.916369929931268423e+00
1.199212388941131380e+01,2.489871908610209683e+00,4.604089491150871183e+00
1.213703044447421320e+01,2.572158933520779733e+00,4.306721209507438530e+00
1.228340909097546074e+01,2.651798460008154557e+00,4.076104209208135210e+00
1.243112566051541101e+01,2.728927299187273725e+00,3.866196165646160754e+00
1.258006323285449390e+01,2.803671614550132141e+00,3.684249550811935503e+00
1.273011803603117720e+01,2.876147048285888186e+00,3.523611352663295282e+00
1.288119832541113219e+01,2.946460135521985269e+00,3.382159880913702121e+00
1.303322241768719358e+01,3.014709020332287270e+00,3.257048147886686174e+00
1.318611736190990413e+01,3.080984276591446136e+00,3.146373019738883059e+00
1.333981778802875162e+01,3.145369626462036106e+00,3.048257858133596176e+00
1.349426501163337377e+01,3.207942614779692558e+00,2.961394142183966682e+00
1.364940617195447992e+01,3.268775165626262247e+00,2.884625320565203044e+00
1.380519331025057461e+01,3.327934013420698278e+00,2.816741312991843049e+00
1.396158288506530987e+01,3.385481216356380774e+00,2.753847617126425895e+00
1.411853552531464651e+01,3.441474665930301047e+00,2.700026193071966674e+00
1.427601535226138019e+01,3.495968364894155300e+00,2.651345640741380016e+00
1.443398932235550092e+01,3.549012669585450919e+00,2.608074603830990323e+00
1.459242714381218242e+01,3.600654681877582419e+00,2.569286228367805069e+00
1.475130124511693985e+01,3.650938598218552489e+00,2.534638517757913156e+00
1.491058619180305200e+01,3.699905839747288372e+00,2.503442147668834661e+00
1.507025840019814389e+01,3.747595255051557217e+00,2.476054782546917465e+00
1.523029618331473856e+01,3.794043391865808079e+00,2.449833738366027802e+00
1.539067935449756419e+01,3.839284608302273583e+00,2.427343971722779159e+00
1.555138918323125985e+01,3.883351267959169295e+00,2.406852996494983188e+00
1.571240835232156385e+01,3.926273910549765045e+00,2.388495779225624727e+00
1.587373827313447627e+01,3.968085837063695998e+00,2.371775529904562418e+00
1.603534633836624934e+01,4.008809531338540566e+00,2.356674003158102604e+00
1.619720081679102464e+01,4.048466466043317169e+00,2.342858110599772559e+00
1.635930609647050815e+01,4.087085471546092919e+00,2.330637375359270624e+00
1.652164980203182765e+01,4.124689589945097268e+00,2.319051802671621143e+00
1.668422034625010042e+01,4.161300661388872335e+00,2.308614488979565671e+00
1.684700684166009665e+01,4.196939394898549835e+00,2.299020958338316767e+00
1.700999900317575353e+01,4.231625430687198097e+00,2.290235684523175053e+00
1.717318713000100416e+01,4.265377413261053796e+00,2.282139424231735436e+00
1.733656211025409988e+01,4.298213061649468258e+00,2.274667155012735087e+00
1.750011530790468584e+01,4.330149209711348313e+00,2.267746725580154443e+00
1.766383855378348500e+01,4.361201863338009410e+00,2.261320023772241061e+00
1.782970124938139378e+01,4.391744981298907113e+00,2.255263089029102108e+00
1.799572257624147653e+01,4.421413773029650329e+00,2.249608666753156072e+00
1.815991454351060241e+01,4.449884279992534886e+00,2.244374800485464672e+00
1.832424769898688055e+01,4.477528227040722619e+00,2.239454128462506244e+00
1.848871576292532737e+01,4.504358106742881063e+00,2.234814363099493217e+00
1.865331268555878808e+01,4.530385808107429746e+00,2.230426907637172995e+00
1.881803270207912604e+01,4.555622659325466728e+00,2.226266823999440092e+00
1.898287034609400337e+01,4.580079459864873748e+00,2.222312027595347850e+00
1.914782041710887839e+01,4.603766503027617141e+00,2.218543494848096209e+00
1.931287783829833415e+01,4.626693582028838847e+00,2.214944288691359731e+00
1.947803773845422270e+01,4.648870027365838986e+00,2.211500485793918003e+00
1.964329554176312698e+01,4.670304740795890197e+00,2.208199305199437301e+00
1.980865286678870163e+01,4.691006939317195368e+00,2.205029882780018990e+00
1.997409937898808252e+01,4.710983890485344716e+00,2.201984763921074340e+00
2.014511776094103013e+01,4.730869293444088797e+00,2.198958839368852392e+00
2.031622256688804384e+01,4.749996829906205420e+00,2.196046161562336785e+00
2.048191484054450484e+01,4.767795979181667754e+00,2.193333346253387717e+00
2.064768043206530379e+01,4.784898865511655330e+00,2.190720034948098860e+00
2.081351235714521053e+01,4.801311409005575292e+00,2.188202200665498864e+00
2.097941056157394613e+01,4.817039899814186121e+00,2.185777167779479058e+00
2.114537168599138184e+01,4.832089961460694916e+00,2.183443204870046284e+00
2.131139247632985700e+01,4.846466920876185469e+00,2.181199037285832532e+00
2.147746977166742610e+01,4.860175817470016035e+00,2.179044357333033144e+00
2.164360048794619829e+01,4.873221411340014519e+00,2.176978676163572768e+00
2.180978161856490516e+01,4.885608192308342090e+00,2.175002457106768983e+00
2.197601024590848340e+01,4.897340388949783296e+00,2.173116022152130178e+00
2.214228352097541475e+01,4.908421974587387382e+00,2.171319963167248179e+00
2.230859864660002145e+01,4.918856673330552098e+00,2.169617909228821695e+00
2.248249842588300496e+01,4.929076832929697005e+00,2.167937571799510632e+00
2.265643789881573156e+01,4.938597604335021707e+00,2.166355470717384879e+00
2.282384335961117117e+01,4.947101758454039100e+00,2.164932959130875023e+00
2.299128018059684209e+01,4.954964342142543110e+00,2.163609493799740324e+00
2.315776743601580989e+01,4.962147599356508287e+00,2.162391828433844143e+00
2.332428064895410813e+01,4.968701648614835875e+00,2.161273756115976052e+00
2.349081735985047104e+01,4.974628604324492720e+00,2.160256407848568649e+00
2.365737514665726593e+01,4.979930371034721581e+00,2.159341119421830157e+00
2.382395161454224208e+01,4.984608646123272813e+00,2.158528863468441195e+00
2.399054438954880197e+01,4.988664922385195766e+00,2.157821026388058172e+00
2.415715112069305093e+01,4.992100490515555045e+00,2.157219022344489812e+00
2.432376947658544708e+01,4.994916441067327462e+00,2.156723574969355628e+00
2.449039714021895264e+01,4.997113666077679817e+00,2.156335469844757213e+00
2.465703180736525724e+01,4.998692860459073906e+00,2.156056847468328819e+00
2.482851465808166580e+01,4.999673242406357687e+00,2.155884915703783378e+00
2.500000000000001776e+01,4.999999999999997335e+00,2.155826429795166366e+00
2.517148534191839460e+01,4.999673242406357687e+00,2.155885285394812723e+00
2.534296819263477119e+01,4.998692860459072129e+00,2.156057440526954583e+00
2.550960285978107578e+01,4.997113666077678040e+00,2.156334726358879017e+00
2.567623052341458489e+01,4.994916441067326573e+00,2.156721303294984793e+00
2.584284887930698460e+01,4.992100490515553268e+00,2.157213380533189895e+00
2.600945561045123000e+01,4.988664922385193989e+00,2.157811750987573607e+00
2.617604838545779344e+01,4.984608646123271036e+00,2.158515777448775985e+00
2.634262485334277315e+01,4.979930371034719805e+00,2.159324119390202412e+00
2.650918264014956449e+01,4.974628604324490944e+00,2.160236878185048059e+00
2.667571935104591319e+01,4.968701648614834099e+00,2.161251806896263172e+00
2.684223256398422208e+01,4.962147599356504735e+00,2.162369655625132392e+00
2.700871981940319699e+01,4.954964342142539557e+00,2.163587277791435337e+00
2.717615664038886791e+01,4.947101758454036435e+00,2.164911397278432847e+00
2.734356210118430042e+01,4.938597604335018154e+00,2.166334646896991067e+00
2.751750157411702702e+01,4.929076832929692564e+00,2.167918219015583681e+00
2.769140135340001763e+01,4.918856673330549434e+00,2.169599918447001397e+00
2.785771647902461368e+01,4.908421974587384717e+00,2.171303083546797019e+00
2.802398975409154147e+01,4.897340388949779744e+00,2.173100218777769488e+00
2.819021838143513392e+01,4.885608192308337649e+00,2.174987348521191688e+00
2.835639951205383724e+01,4.873221411340010079e+00,2.176964213787008884e+00
2.852253022833260232e+01,4.860175817470012483e+00,2.179029771347171796e+00
2.868860752367016786e+01,4.846466920876180140e+00,2.181184174358556938e+00
2.885462831400865369e+01,4.832089961460688698e+00,2.183427718434907128e+00
2.902058943842609295e+01,4.817039899814179904e+00,2.185760969611532989e+00
2.918648764285482144e+01,4.801311409005570852e+00,2.188185198514763563e+00
2.935231956793472463e+01,4.784898865511650001e+00,2.190702081739440477e+00
2.951808515945552713e+01,4.767795979181659760e+00,2.193314793247769234e+00
2.968377743311199168e+01,4.749996829906199203e+00,2.196026973322883880e+00
2.985488223905898408e+01,4.730869293444085244e+00,2.198938989248153675e+00
3.002590062101190682e+01,4.710983890485341163e+00,2.201964065147040461e+00
3.019134713321130548e+01,4.691006939317191815e+00,2.205008710809212236e+00
3.035670445823688723e+01,4.670304740795885756e+00,2.208177627121963305e+00
3.052196226154579506e+01,4.648870027365833657e+00,2.211478152681452425e+00
3.068712216170168361e+01,4.626693582028831742e+00,2.214921256295640184e+00
3.085217958289116069e+01,4.603766503027608259e+00,2.218519805969695557e+00
3.101712965390605348e+01,4.580079459864863090e+00,2.222287703908839784e+00
3.118196729792092725e+01,4.555622659325456070e+00,2.226242130632769545e+00
3.134668731444126166e+01,4.530385808107417311e+00,2.230401724724504930e+00
3.151128423707472237e+01,4.504358106742867740e+00,2.234788735201441057e+00
3.167575230101317274e+01,4.477528227040711073e+00,2.239427825994214416e+00
3.184008545648944377e+01,4.449884279992522451e+00,2.244347715857686776e+00
3.200427742375855900e+01,4.421413773029636118e+00,2.249580319691152130e+00
3.217029875061865596e+01,4.391744981298891126e+00,2.255232516599249948e+00
3.233616144621656474e+01,4.361201863337995199e+00,2.261286266891883390e+00
3.249988469209536390e+01,4.330149209711332325e+00,2.267708876581678190e+00
3.266343788974594986e+01,4.298213061649450495e+00,2.274623745732220925e+00
3.282681286999905979e+01,4.265377413261034256e+00,2.282090569465338614e+00
3.299000099682432108e+01,4.231625430687175005e+00,2.290176658386834152e+00
3.315299315833996729e+01,4.196939394898529407e+00,2.298957396429007982e+00
3.331577965374995642e+01,4.161300661388849242e+00,2.308518343801061690e+00
3.347835019796823985e+01,4.124689589945071511e+00,2.318954938963794898e+00
3.364069390352956646e+01,4.087085471546067161e+00,2.330375575670843968e+00
3.380279918320905352e+01,4.048466466043290524e+00,2.342899916407267025e+00
3.396465366163382527e+01,4.008809531338513032e+00,2.356666778298478260e+00
3.412626172686559300e+01,3.968085837063670240e+00,2.371830802371562630e+00
3.428759164767848944e+01,3.926273910549744173e+00,2.388565864045316012e+00
3.444861081676879877e+01,3.883351267959146647e+00,2.407064053490164390e+00
3.460932064550249265e+01,3.839284608302247381e+00,2.427550086098596349e+00
3.476970381668532184e+01,3.794043391865783654e+00,2.450272408343100672e+00
3.492974159980192184e+01,3.747595255051530128e+00,2.475513966790014120e+00
3.508941380819700129e+01,3.699905839747264391e+00,2.503589901762424574e+00
3.524869875488310811e+01,3.650938598218527176e+00,2.534864457909326241e+00
3.540757285618786199e+01,3.600654681877558883e+00,2.569738739248555781e+00
3.556601067764454882e+01,3.549012669585426050e+00,2.608682318087881757e+00
3.572398464773865356e+01,3.495968364894133540e+00,2.652209122352044535e+00
3.588146447468539435e+01,3.441474665930273069e+00,2.700928601539109852e+00
3.603841711493470967e+01,3.385481216356359457e+00,2.755501232643297271e+00
3.619480668974944848e+01,3.327934013420678294e+00,2.816722743096642390e+00
3.635059382804553962e+01,3.268775165626244483e+00,2.885460918064108871e+00
3.650573498836665465e+01,3.207942614779664581e+00,2.962756967107257555e+00
3.666018221197126792e+01,3.145369626462017454e+00,3.049746011853166738e+00
3.681388263809012784e+01,3.080984276591419491e+00,3.147816013980899719e+00
3.696677758231280819e+01,3.014709020332273948e+00,3.258497416737608621e+00
3.711880167458889446e+01,2.946460135521957735e+00,3.383654808185561524e+00
3.726988196396881392e+01,2.876147048285875751e+00,3.525354451076135209e+00
3.741993676714555050e+01,2.803671614550097058e+00,3.686173165689497377e+00
3.756887433948457300e+01,2.728927299187266176e+00,3.869007639046174063e+00
3.771659090902456768e+01,2.651798460008119473e+00,4.077484183043230459e+00
3.786296955552575128e+01,2.572158933520785951e+00,4.315720763728652543e+00
3.800787611058872528e+01,2.489871908610172824e+00,4.589019395973350512e+00
3.815115655599257849e+01,2.404788769651386104e+00,4.903514828655763047e+00
3.829263703225645799e+01,2.316745819479539836e+00,5.267205183481357800e+00
3.843211619185535710e+01,2.225564962193651297e+00,5.689530452413790407e+00
3.856935936716617874e+01,2.131053113804401100e+00,6.183148257306034346e+00
3.870409430931722738e+01,2.032999949755112112e+00,6.763450740029485431e+00
3.883600280124397841e+01,1.931177720228658412e+00,7.451482663184718191e+00
3.896471134859925911e+01,1.825341275558034715e+00,8.273805550585620949e+00
3.908977981225991982e+01,1.715229328432408717e+00,9.267781866203405272e+00
3.921068805342329711e+01,1.600567435779218117e+00,1.048280815239205310e+01
3.932682029322199924e+01,1.481073945401390812e+00,1.199133467309573930e+01
3.943744756452713318e+01,1.356470412567062800e+00,1.388898000241182196e+01
3.954170941114228555e+01,1.226498512111031447e+00,1.635297747480462860e+01
3.963859727167837832e+01,1.090946068409828218e+00,1.950847683076547412e+01
3.972694421622092875e+01,9.496849800688879073e-01,2.423694082838048658e+01
3.980542883125828268e+01,8.027229439397244315e-01,2.914248497474501676e+01
3.987260456587245017e+01,6.502677591397195700e-01,4.335226786887701422e+01
3.992696764178999302e+01,4.927966699195273081e-01,4.754962947387098637e+01
3.996707303570736514e+01,3.311133984672385844e-01,1.308022692943666812e+02
3.999169438827001954e+01,1.663661853704532512e-01,1.305812611476494283e+02
3.999999999999997868e+01,-3.247424665457644904e-17,1.163351263903567997e+03
