x,y,stress
9.999999999999994671e+00,3.888608023716618714e-16,9.567591000545191946e+02
1.000428566657558171e+01,1.673191213905256269e-01,1.439353960564544366e+02
1.001710527766078407e+01,3.342016771398351738e-01,1.160648161306023809e+02
1.003796499156123367e+01,4.977188492686584476e-01,5.215331484356304514e+01
1.006682548887554240e+01,6.600156630964563176e-01,4.542836593504030418e+01
1.010346023056384901e+01,8.207369100259358508e-01,3.189887926269548402e+01
1.014759514839699683e+01,9.795632497981695552e-01,2.662082694747359213e+01
1.019891875350490196e+01,1.136215360646260830e+00,2.167750926878968798e+01
1.025709244792747477e+01,1.290455851655375907e+00,1.839041271385766763e+01
1.032176037733709961e+01,1.442089221164537083e+00,1.558507980388221270e+01
1.039255833901319015e+01,1.590960238238371849e+00,1.363311702985243379e+01
1.046912141146197328e+01,1.736951102507814149e+00,1.197450730262364793e+01
1.055109017755302148e+01,1.879977827525247669e+00,1.062254602070879628e+01
1.063811558076002228e+01,2.019986271120796317e+00,9.490937770425061260e+00
1.072986250894685512e+01,2.156948073691718371e+00,8.537207419106408679e+00
1.082601219230746459e+01,2.290856619735452959e+00,7.724554548826016998e+00
1.092626371382409545e+01,2.421723353694512859e+00,7.027387094019055702e+00
1.103033472211236443e+01,2.549574386411500804e+00,6.425293256997177238e+00
1.113796156434512774e+01,2.674447506817839049e+00,5.902569709434190237e+00
1.124889901055713715e+01,2.796389622613845827e+00,5.446744961166828602e+00
1.136291958911295907e+01,2.915454495144453873e+00,5.047901037541704383e+00
1.147981281355267313e+01,3.031700940783245812e+00,4.698051169329027665e+00
1.159938421299921352e+01,3.145191271293785729e+00,4.390387404693912643e+00
1.172145428895819563e+01,3.255990012398618738e+00,4.120549357561920978e+00
1.184585754728604279e+01,3.364162950440830357e+00,3.879475536653766099e+00
1.197244141696291742e+01,3.469776266185414570e+00,3.660554870766339786e+00
1.210106518937871023e+01,3.572895841884986101e+00,3.478693598701380729e+00
1.223159912429312968e+01,3.673586812056008455e+00,3.314431632884105916e+00
1.236392357828888500e+01,3.771913195990213907e+00,3.170662555067939259e+00
1.249792759819328403e+01,3.867937203522866074e+00,3.043741334824979994e+00
1.263350967246621792e+01,3.961720126954767274e+00,2.932481816734583191e+00
1.277057642954298977e+01,4.053321687254749506e+00,2.834368439824701991e+00
1.290903973347936251e+01,4.142798470083043583e+00,2.749902691494860552e+00
1.304881855625958664e+01,4.230205586199720535e+00,2.672911700811924085e+00
1.318983824841260066e+01,4.315596464847402558e+00,2.607940159419654513e+00
1.333202916532104609e+01,4.399022302210640945e+00,2.550881678716759193e+00
1.347532690196447369e+01,4.480532502671922934e+00,2.501603624851382435e+00
1.361967140328313342e+01,4.560174426735434494e+00,2.458979480585816724e+00
1.376500679547547712e+01,4.637993559010478606e+00,2.422306411903488055e+00
1.391128101121636540e+01,4.714033539786249172e+00,2.390860432270653035e+00
1.405844541000675463e+01,4.788336187285698209e+00,2.364020792046387154e+00
1.420645456265805073e+01,4.860941594981460945e+00,2.341235894030177178e+00
1.435526601725410067e+01,4.931888204280456378e+00,2.321989556942503974e+00
1.450484001798416500e+01,5.001212844297659998e+00,2.305836099304318321e+00
1.465513928917031627e+01,5.068950795141857313e+00,2.292379137892129659e+00
1.480612886978055798e+01,5.135135864325500066e+00,2.281219680586809684e+00
1.495777590055783079e+01,5.199800432791228388e+00,2.272128590459511432e+00
1.511004950464019103e+01,5.262975533866446121e+00,2.264686825008725535e+00
1.526292058933620233e+01,5.324690890546680322e+00,2.259105179342177472e+00
1.541636170495267422e+01,5.384974971346112582e+00,2.254374268754112620e+00
1.557034704835212047e+01,5.443855094553834206e+00,2.250902263077998011e+00
1.572512438654188038e+01,5.501457356571422430e+00,2.248332140072528240e+00
1.588040017888249267e+01,5.557702185468381906e+00,2.246590597093941710e+00
1.603587861563671879e+01,5.612518492922227153e+00,2.245494983141751000e+00
1.619181121639622489e+01,5.666029261118872284e+00,2.244970085650987546e+00
1.634817845915317491e+01,5.718256617474946957e+00,2.244848337567937779e+00
1.650496166660902375e+01,5.769221731451469992e+00,2.245255209261971086e+00
1.666214313378190681e+01,5.818944921946105353e+00,2.245846493697978286e+00
1.681970610027514823e+01,5.867445703575731031e+00,2.246573610882101502e+00
1.697763459084106330e+01,5.914742789130893463e+00,2.247447108956072803e+00
1.713591336819328603e+01,5.960854126316130319e+00,2.248632826553838449e+00
1.729452786566891476e+01,6.005796925624926175e+00,2.249901325263581331e+00
1.745346427859614025e+01,6.049587729451101126e+00,2.250947331386846439e+00
1.761272669651758349e+01,6.092246972393369653e+00,2.252075260967711934e+00
1.777228521106654568e+01,6.133785058568576254e+00,2.253178644366212957e+00
1.793469089549408224e+01,6.174855447928047525e+00,2.254249800692526673e+00
1.809737758560644139e+01,6.214798248771955969e+00,2.255252865663565309e+00
1.825774452038277929e+01,6.253019736746221469e+00,2.256159424698719107e+00
1.841836168391672146e+01,6.290175696799630067e+00,2.256973753773035885e+00
1.857921888889388029e+01,6.326278500997030818e+00,2.257685487219139642e+00
1.874030627634227741e+01,6.361340002027525919e+00,2.258287257807443993e+00
1.890161442138753856e+01,6.395371581036467745e+00,2.258776439269271741e+00
1.906313420049070828e+01,6.428384140997807528e+00,2.259148353946818233e+00
1.922485681554599424e+01,6.460388133766049812e+00,2.259403162119517638e+00
1.938677384194642883e+01,6.491393588720584695e+00,2.259540291153935510e+00
1.954887710541924406e+01,6.521410106622542280e+00,2.259563594786554219e+00
1.971115873242177230e+01,6.550446886967741911e+00,2.259474747249058613e+00
1.987417518171286801e+01,6.578608456937226734e+00,2.259278030752448263e+00
2.003735609911445437e+01,6.605800854850452097e+00,2.258978893671374166e+00
2.020548707930498011e+01,6.632787128872625004e+00,2.258572469843776798e+00
2.037377703040102617e+01,6.658763645917122886e+00,2.258056280896495238e+00
2.053685093016124696e+01,6.682958333166689968e+00,2.257488187891304676e+00
2.070006037459511106e+01,6.706221138838428075e+00,2.256812852351615106e+00
2.086339901553588305e+01,6.728558730423688239e+00,2.256134943604303000e+00
2.102686068900297656e+01,6.749977460622480940e+00,2.255078648476470438e+00
2.119043935896883468e+01,6.770483369710351695e+00,2.254350760824714417e+00
2.135412918831440621e+01,6.790082203789892468e+00,2.253455815968419707e+00
2.151792446543509740e+01,6.808779413736565367e+00,2.252545741850084493e+00
2.168181959244864743e+01,6.826580162330889934e+00,2.251599504260840323e+00
2.184580911247558888e+01,6.843489334934931279e+00,2.250648671737629947e+00
2.200988766810485942e+01,6.859511542017088459e+00,2.249683408573838417e+00
2.217410958695086265e+01,6.874656460200079700e+00,2.248711067286301102e+00
2.233841021510584213e+01,6.888922202760797475e+00,2.247750534351133034e+00
2.251076089595008867e+01,6.902940032401834181e+00,2.246751870203547607e+00
2.268318683438461747e+01,6.915999634029269316e+00,2.245767533038463437e+00
2.284819942180602936e+01,6.927599539142131668e+00,2.244857761451706235e+00
2.301327088638655738e+01,6.938329118111269622e+00,2.243988532162417116e+00
2.317783654616416200e+01,6.948159243690292364e+00,2.243165183447954014e+00
2.334245127079479332e+01,6.957130340179439543e+00,2.242391221700047232e+00
2.350711044729696297e+01,6.965244753899518138e+00,2.241673755004679247e+00
2.367180951546307455e+01,6.972504600788087537e+00,2.241016077785047855e+00
2.383654395633552170e+01,6.978911768619186162e+00,2.240426026311393315e+00
2.400130929625280984e+01,6.984467919616493603e+00,2.239904884411582753e+00
2.416610109412174978e+01,6.989174492066354105e+00,2.239460016472105242e+00
2.433091493716030129e+01,6.993032702071889872e+00,2.239091126199683757e+00
2.449574644100323795e+01,6.996043545085149695e+00,2.238803545273710061e+00
2.466059123452948398e+01,6.998207796859660768e+00,2.238599499768893164e+00
2.483029325117136210e+01,6.999551979742286711e+00,2.238476553291850912e+00
2.500000000000000000e+01,6.999999999999997335e+00,2.238437579370425201e+00
2.516970674882865211e+01,6.999551979742287600e+00,2.238485613400727825e+00
2.533940876547050181e+01,6.998207796859660768e+00,2.238617068401619559e+00
2.550425355899676205e+01,6.996043545085149695e+00,2.238823669623401180e+00
2.566908506283969871e+01,6.993032702071888984e+00,2.239112560043718059e+00
2.583389890587825377e+01,6.989174492066353217e+00,2.239475914439577942e+00
2.599869070374718305e+01,6.984467919616491827e+00,2.239914345833592169e+00
2.616345604366446764e+01,6.978911768619184386e+00,2.240427267372760323e+00
2.632819048453692901e+01,6.972504600788086648e+00,2.241008768040310795e+00
2.649288955270303347e+01,6.965244753899517249e+00,2.241657401560265939e+00
2.665754872920518892e+01,6.957130340179438655e+00,2.242365613290171034e+00
2.682216345383583089e+01,6.948159243690288811e+00,2.243132351904760124e+00
2.698672911361344262e+01,6.938329118111268734e+00,2.243948364307218224e+00
2.715180057819395998e+01,6.927599539142130780e+00,2.244811648487431199e+00
2.731681316561537187e+01,6.915999634029268428e+00,2.245715434140806099e+00
2.748923910404991133e+01,6.902940032401833292e+00,2.246697350917468583e+00
2.766158978489415787e+01,6.888922202760794811e+00,2.247692952481176398e+00
2.782589041304913025e+01,6.874656460200078811e+00,2.248659189032458539e+00
2.799011233189512637e+01,6.859511542017086683e+00,2.249637359493261268e+00
2.815419088752440402e+01,6.843489334934928614e+00,2.250615391106891128e+00
2.831818040755135257e+01,6.826580162330888157e+00,2.251583814833594932e+00
2.848207553456490260e+01,6.808779413736562702e+00,2.252536351412700366e+00
2.864587081168557958e+01,6.790082203789889803e+00,2.253462123526575933e+00
2.880956064103115111e+01,6.770483369710349031e+00,2.254353930641805448e+00
2.897313931099701279e+01,6.749977460622479164e+00,2.255201499249044783e+00
2.913660098446409563e+01,6.728558730423689127e+00,2.255994650866326445e+00
2.929993962540485697e+01,6.706221138838428075e+00,2.256726256223025917e+00
2.946314906983873172e+01,6.682958333166689968e+00,2.257385199361697570e+00
2.962622296959895252e+01,6.658763645917121998e+00,2.257969292892438862e+00
2.979451292069498791e+01,6.632787128872627669e+00,2.258484678864431494e+00
2.996264390088549590e+01,6.605800854850453874e+00,2.258895206895659591e+00
3.012582481828708936e+01,6.578608456937230287e+00,2.259193739591586425e+00
3.028884126757818152e+01,6.550446886967747240e+00,2.259390680247046479e+00
3.045112289458072041e+01,6.521410106622545833e+00,2.259478662738539700e+00
3.061322615805353919e+01,6.491393588720584695e+00,2.259454258697749740e+00
3.077514318445397734e+01,6.460388133766048036e+00,2.259316367971226036e+00
3.093686579950927396e+01,6.428384140997807528e+00,2.259060605482952067e+00
3.109838557861244013e+01,6.395371581036468633e+00,2.258688509946336520e+00
3.125969372365769772e+01,6.361340002027524143e+00,2.258198497125549320e+00
3.142078111110610195e+01,6.326278500997030818e+00,2.257595904636977124e+00
3.158163831608325367e+01,6.290175696799630067e+00,2.256882561887543215e+00
3.174225547961718874e+01,6.253019736746225909e+00,2.256067057608293513e+00
3.190262241439351953e+01,6.214798248771959521e+00,2.255157221693930847e+00
3.206530910450587868e+01,6.174855447928048413e+00,2.254151288829727484e+00
3.222771478893341168e+01,6.133785058568578030e+00,2.253071837280725020e+00
3.238727330348237388e+01,6.092246972393373206e+00,2.251959643318203863e+00
3.254653572140379936e+01,6.049587729451106455e+00,2.250820958983785758e+00
3.270547213433102485e+01,6.005796925624930616e+00,2.249681647055468581e+00
3.286408663180665712e+01,5.960854126316138313e+00,2.248572206822888830e+00
3.302236540915887275e+01,5.914742789130902345e+00,2.247530042847652787e+00
3.318029389972478782e+01,5.867445703575739024e+00,2.246597131346833809e+00
3.333785686621803279e+01,5.818944921946115123e+00,2.245823812513852324e+00
3.349503833339091585e+01,5.769221731451479762e+00,2.245267176365843831e+00
3.365182154084676114e+01,5.718256617474958503e+00,2.244994219356960752e+00
3.380818878360370405e+01,5.666029261118882054e+00,2.245080072563895524e+00
3.396412138436321015e+01,5.612518492922237812e+00,2.245611468230325425e+00
3.411959982111743273e+01,5.557702185468396117e+00,2.246688546849134216e+00
3.427487561345804323e+01,5.501457356571440194e+00,2.248428260325046057e+00
3.442965295164779604e+01,5.443855094553850194e+00,2.250960201177643949e+00
3.458363829504725828e+01,5.384974971346127681e+00,2.254422276620907883e+00
3.473707941066373905e+01,5.324690890546691868e+00,2.258989446740114815e+00
3.488995049535974857e+01,5.262975533866460331e+00,2.264850083864966557e+00
3.504222409944209460e+01,5.199800432791241711e+00,2.272221939385837608e+00
3.519387113021938518e+01,5.135135864325513388e+00,2.281343901658507534e+00
3.534486071082962866e+01,5.068950795141869747e+00,2.292498473508995271e+00
3.549515998201578526e+01,5.001212844297671545e+00,2.305992532690776642e+00
3.564473398274584781e+01,4.931888204280461707e+00,2.322183951488144604e+00
3.579354543734190486e+01,4.860941594981466274e+00,2.341459840301761464e+00
3.594155458999320274e+01,4.788336187285706202e+00,2.364277004173178653e+00
3.608871898878359730e+01,4.714033539786253613e+00,2.391126090768946000e+00
3.623499320452448558e+01,4.637993559010477718e+00,2.422580486663713284e+00
3.638032859671685060e+01,4.560174426735429165e+00,2.459252951725125591e+00
3.652467309803552808e+01,4.480532502671908723e+00,2.501864413931762954e+00
3.666797083467894680e+01,4.399022302210627622e+00,2.551184070202463960e+00
3.681016175158738690e+01,4.315596464847384794e+00,2.608105577908910622e+00
3.695118144374039559e+01,4.230205586199708989e+00,2.673576450404461458e+00
3.709096026652062505e+01,4.142798470083033813e+00,2.748715188057348158e+00
3.722942357045699424e+01,4.053321687254742400e+00,2.834704914885744387e+00
3.736649032753376787e+01,3.961720126954752175e+00,2.932936203718327306e+00
3.750207240180669999e+01,3.867937203522852752e+00,3.044874965566289227e+00
3.763607642171111678e+01,3.771913195990192147e+00,3.172284666691778110e+00
3.776840087570685967e+01,3.673586812055996020e+00,3.317033568359991857e+00
3.789893481062128444e+01,3.572895841884963897e+00,3.481377243505296093e+00
3.802755858303707015e+01,3.469776266185405245e+00,3.667716251303290598e+00
3.815414245271394833e+01,3.364162950440811262e+00,3.879041065268947541e+00
3.827854571104177950e+01,3.255990012398616962e+00,4.118579619134870029e+00
3.840061578700075984e+01,3.145191271293775515e+00,4.390373506841769746e+00
3.852018718644729489e+01,3.031700940783255582e+00,4.698855465377248741e+00
3.863708041088702316e+01,2.915454495144447211e+00,5.049748298766914445e+00
3.875110098944282555e+01,2.796389622613853820e+00,5.449481952853027167e+00
3.886203843565484561e+01,2.674447506817826614e+00,5.906388945997250062e+00
3.896966527788759294e+01,2.549574386411507909e+00,6.430080906540762697e+00
3.907373628617588679e+01,2.421723353694500869e+00,7.033407433983845713e+00
3.917398780769251232e+01,2.290856619735446742e+00,7.731668672344408577e+00
3.927013749105314133e+01,2.156948073691670409e+00,8.545702810155285434e+00
3.936188441923997061e+01,2.019986271120769672e+00,9.501044892653647267e+00
3.944890982244697852e+01,1.879977827525200373e+00,1.063480672223448842e+01
3.953087858853801606e+01,1.736951102507779288e+00,1.199195986670801339e+01
3.960744166098680807e+01,1.590960238238313673e+00,1.365007886930655623e+01
3.967823962266288618e+01,1.442089221164496893e+00,1.568180917418098375e+01
3.974290755207251635e+01,1.290455851655327724e+00,1.831637188936156591e+01
3.980108124649508738e+01,1.136215360646208650e+00,2.155563645716546972e+01
3.985240485160299784e+01,9.795632497980957254e-01,2.652310529186403443e+01
3.989653976943613856e+01,8.207369100258768979e-01,3.178870748163608440e+01
3.993317451112444161e+01,6.600156630964055804e-01,4.530296419480433912e+01
3.996203500843873968e+01,4.977188492686305255e-01,5.186326644400439534e+01
3.998289472233918218e+01,3.342016771398277908e-01,1.163047975437502402e+02
3.999571433342438809e+01,1.673191213905210195e-01,1.421217543554384122e+02
3.999999999999997868e+01,-3.309205582990207034e-17,9.563516966346900290e+02
