x,y,stress
9.999999999999994671e+00,-3.403751171891918915e-13,8.144592775119328962e+02
1.000229957155333693e+01,2.101151814728886846e-01,1.169801798771456731e+02
1.000919599628309165e+01,4.201297492120940058e-01,1.015711938180264866e+02
1.001918059482424184e+01,6.066563835370066826e-01,4.660552093586451861e+01
1.003278458225699765e+01,7.929540269655156459e-01,4.235251130622827276e+01
1.004807919529043581e+01,9.600214163256013400e-01,3.111927745064818751e+01
1.006627522423638510e+01,1.126797748451888959e+00,2.692680274218595216e+01
1.008692497205379546e+01,1.290009168549739238e+00,2.264152700849776778e+01
1.011034143735503221e+01,1.452846670583735955e+00,1.978479196312533972e+01
1.013651072714491264e+01,1.615264512970554067e+00,1.736410367706090696e+01
1.016541742586712616e+01,1.777217573846669341e+00,1.544548413440853629e+01
1.019704464103128494e+01,1.938661417020243194e+00,1.383571879276102123e+01
1.023137405142952261e+01,2.099552347138545993e+00,1.248307980102252657e+01
1.026838595845698876e+01,2.259847461190308326e+00,1.132400988555095722e+01
1.030805934027668158e+01,2.419504696574923397e+00,1.032158207886957157e+01
1.035037191204484586e+01,2.578482888471663070e+00,9.444768947678985782e+00
1.039530017629058634e+01,2.736741777731164671e+00,8.671589466160579462e+00
1.044282366830407227e+01,2.894255524079328623e+00,7.984145825157026088e+00
1.049291292427505162e+01,3.050972259705746925e+00,7.370469264708346735e+00
1.054553657800712507e+01,3.206841404973578058e+00,6.819600169033773973e+00
1.060067110914428312e+01,3.361840209691640435e+00,6.322745450750670848e+00
1.065828792834332006e+01,3.515933546921246933e+00,5.873262726388699839e+00
1.071835761685904309e+01,3.669087371220006943e+00,5.465219631851007343e+00
1.078084999639600561e+01,3.821268746372803893e+00,5.093995404367532842e+00
1.084573419180333254e+01,3.972445850579401139e+00,4.755341299712838143e+00
1.091297869712606605e+01,4.122587988135691717e+00,4.434237730341125783e+00
1.098255143079452267e+01,4.271665575650192892e+00,4.154641908918804027e+00
1.105441980078003006e+01,4.419650151376171010e+00,3.895243804207049187e+00
1.112855077249679248e+01,4.566514387411088727e+00,3.659237311334194942e+00
1.120502006894898095e+01,4.712436563946069690e+00,3.443660188405117673e+00
1.128369091856506934e+01,4.857183722779004675e+00,3.248373968021472713e+00
1.136441411249166933e+01,5.000531012083181182e+00,3.072059729364772451e+00
1.144726431961103685e+01,5.142659581345792930e+00,2.915265849003692455e+00
1.153220684912983884e+01,5.283547150640365508e+00,2.769451586045585501e+00
1.161920736090277195e+01,5.423173290949518055e+00,2.644585006689934570e+00
1.170823120217845315e+01,5.561518194177281771e+00,2.533856370463598573e+00
1.179924368013062619e+01,5.698563051629287557e+00,2.438193419301682319e+00
1.189221010803608891e+01,5.834290038625302266e+00,2.356512623846096499e+00
1.198709584249982285e+01,5.968682287418008769e+00,2.288454336853043003e+00
1.208386632605570021e+01,6.101723870084048151e+00,2.233275089164529437e+00
1.218248710717119998e+01,6.233399752541724403e+00,2.190253757054353212e+00
1.228292388453632000e+01,6.363695785236917146e+00,2.158618989219188489e+00
1.238514253982291891e+01,6.492598678959407010e+00,2.137504854400250842e+00
1.248969478415611967e+01,6.620804224572334640e+00,2.126001190342265978e+00
1.259598032630006692e+01,6.747576557406195441e+00,2.123355302618793683e+00
1.270336061156979746e+01,6.872212325050825577e+00,2.128595957119306270e+00
1.281238823167682561e+01,6.995409666786040148e+00,2.140808354061017660e+00
1.292303044771390219e+01,7.117159272997829689e+00,2.159147297884949523e+00
1.303525462112835243e+01,7.237452281847013502e+00,2.182820598618482322e+00
1.314902845220063554e+01,7.356280511160514735e+00,2.211075620190178004e+00
1.326432018257819934e+01,7.473636618319997815e+00,2.243241098069550965e+00
1.338109840927737615e+01,7.589513853209977512e+00,2.278690101320616002e+00
1.349933191648801056e+01,7.703905861642441621e+00,2.316871452869351700e+00
1.361898963074042790e+01,7.816806630835634095e+00,2.357279897685970571e+00
1.374004151511451965e+01,7.928211295616405252e+00,2.399479436109517305e+00
1.386357364863265218e+01,8.039104750976033387e+00,2.443465711582632593e+00
1.398846447053071707e+01,8.148465780824681204e+00,2.488523846954960206e+00
1.411409434026413834e+01,8.255792941873703938e+00,2.534114199896727815e+00
1.424101150924297876e+01,8.361594743808449692e+00,2.580183343794155704e+00
1.436862635763928076e+01,8.465417441861411874e+00,2.626279245412130425e+00
1.449746095901347864e+01,8.567722635755343319e+00,2.672406924106161430e+00
1.462748786826313285e+01,8.668508229751054728e+00,2.718375563527084537e+00
1.475867995387449838e+01,8.767772395324247015e+00,2.764034749093734256e+00
1.489101048733280841e+01,8.865513626461932972e+00,2.809242920515117259e+00
1.502445326936039649e+01,8.961730812286671011e+00,2.853874936241758586e+00
1.515898256907670927e+01,9.056423167648967265e+00,2.897830798646434669e+00
1.529457282762313142e+01,9.149590011420226432e+00,2.941003321741745058e+00
1.543119893040057811e+01,9.241230951441322006e+00,2.983320674941044359e+00
1.556883630930126294e+01,9.331345932989369985e+00,3.024698802692417754e+00
1.571033276307636584e+01,9.421747867642482177e+00,3.065901449963824632e+00
1.585283205974062426e+01,9.510560653848028068e+00,3.105981403188916801e+00
1.599393466221251536e+01,9.596358880542233294e+00,3.144284405959897111e+00
1.613595982304834209e+01,9.680621194659339679e+00,3.181432915308489484e+00
1.627834072165105894e+01,9.763037541499548055e+00,3.217257217327401442e+00
1.642159206661818160e+01,9.843931485450049479e+00,3.251842155388475319e+00
1.656569188955954530e+01,9.923304181915487021e+00,3.285156442888405692e+00
1.671061856285974656e+01,1.000115690554550341e+01,3.317186922207516986e+00
1.685635080434561317e+01,1.007749104579087884e+01,3.347903709917566140e+00
1.700286768993980857e+01,1.015230810613283552e+01,3.377301958105852542e+00
1.715014863708070081e+01,1.022560968799647441e+01,3.405360665092173278e+00
1.729817335741546103e+01,1.029739746126408306e+01,3.432082699462000619e+00
1.744692188409822009e+01,1.036767317309215564e+01,3.457433876641411885e+00
1.759637459121437786e+01,1.043643865099995161e+01,3.481443874146048501e+00
1.775032864975243996e+01,1.050538194453565843e+01,3.504633460254097166e+00
1.790498221504762100e+01,1.057274148383351253e+01,3.526454495305230807e+00
1.805821405943281732e+01,1.063764208325416405e+01,3.547627339562100524e+00
1.821208790569291125e+01,1.070100554228312006e+01,3.566013287605412696e+00
1.836482166244723402e+01,1.076213832816123350e+01,3.583329276530881291e+00
1.851814660043709182e+01,1.082177291224537896e+01,3.599150522118486073e+00
1.867204508033434252e+01,1.087991136830602379e+01,3.614681609219244862e+00
1.882649971748959672e+01,1.093655577993273198e+01,3.627864067337251974e+00
1.898149336204586746e+01,1.099170823044795142e+01,3.640191793152478983e+00
1.913700912416147659e+01,1.104537080923469361e+01,3.651262937339494918e+00
1.929303033115604649e+01,1.109754559383708106e+01,3.661181871584500147e+00
1.944954054263309473e+01,1.114823465306326966e+01,3.669970409595925354e+00
1.960652354532484054e+01,1.119744004266302362e+01,3.677658291343794073e+00
1.976396330902908360e+01,1.124516378952819018e+01,3.684295178263356618e+00
1.992405984958045906e+01,1.129204552847665433e+01,3.689973441954773392e+00
2.008459350361230378e+01,1.133740792880685078e+01,3.694649708765271878e+00
2.024876932704960808e+01,1.138211388711014926e+01,3.698435934164109096e+00
2.041336632345585400e+01,1.142524339219967189e+01,3.701245635136868994e+00
2.057289238904250794e+01,1.146544633447130046e+01,3.703131734288015675e+00
2.073278171365135947e+01,1.150417936151280074e+01,3.704242526436757554e+00
2.089301957174894753e+01,1.154144425657621476e+01,3.704620104128966585e+00
2.105359140032195242e+01,1.157724275746205933e+01,3.704315447773249392e+00
2.121448277931449766e+01,1.161157655092588037e+01,3.703373024296675364e+00
2.137567943553408867e+01,1.164444727264601198e+01,3.701861274294348636e+00
2.153716723185995008e+01,1.167585650394578067e+01,3.699837841499170388e+00
2.169893215609900139e+01,1.170580576883010337e+01,3.697371167911873258e+00
2.186096032946738532e+01,1.173429653477217727e+01,3.694600962813633593e+00
2.202323797493105317e+01,1.176133020629506021e+01,3.691492366530968017e+00
2.218594080130765178e+01,1.178693706307126554e+01,3.688106247338039712e+00
2.234886639004522380e+01,1.181108606236477776e+01,3.684539299446335292e+00
2.252032038591666918e+01,1.183489590014883142e+01,3.680612151470860294e+00
2.269198995381250583e+01,1.185709818467766219e+01,3.676539466645174503e+00
2.285581277888571705e+01,1.187676619046272108e+01,3.672648875814286562e+00
2.301980412575273860e+01,1.189497572724521923e+01,3.668807073983074485e+00
2.318346781684786961e+01,1.191168060895045677e+01,3.665062103240750435e+00
2.334727284732192487e+01,1.192693738952427829e+01,3.661450135907790226e+00
2.351120623229911644e+01,1.194074686085602544e+01,3.658031117419349165e+00
2.367525505358526061e+01,1.195310974304373275e+01,3.654835838664051373e+00
2.383940644271970299e+01,1.196402668254595447e+01,3.651919284135213051e+00
2.400364756981119285e+01,1.197349825131770729e+01,3.649303944037800562e+00
2.416796564898841737e+01,1.198152494705040993e+01,3.647038660419007705e+00
2.433234792682099723e+01,1.198810719229165578e+01,3.645136481075731627e+00
2.449678167741133095e+01,1.199324533413199845e+01,3.643630845661770756e+00
2.466125420109710120e+01,1.199693964399188850e+01,3.642544227374520549e+00
2.483062018827248352e+01,1.199923492172740325e+01,3.641872553014866121e+00
2.499999999999973710e+01,1.199999999999999467e+01,3.641637158309931621e+00
2.516937981172698713e+01,1.199923492172741035e+01,3.641876157360357080e+00
2.533874579890236944e+01,1.199693964399189561e+01,3.642551712309491929e+00
2.550321832258817167e+01,1.199324533413200733e+01,3.643642595667998307e+00
2.566765207317848052e+01,1.198810719229167532e+01,3.645152475970879546e+00
2.583203435101105327e+01,1.198152494705043480e+01,3.647059821052979434e+00
2.599635243018827779e+01,1.197349825131773393e+01,3.649329867176021480e+00
2.616059355727978186e+01,1.196402668254598112e+01,3.651942789005649725e+00
2.632474494641423846e+01,1.195310974304376650e+01,3.654856018647431259e+00
2.648879376770037197e+01,1.194074686085606807e+01,3.658040461749881622e+00
2.665272715267755999e+01,1.192693738952432092e+01,3.661447157219331672e+00
2.681653218315161880e+01,1.191168060895050118e+01,3.665037389279605762e+00
2.698019587424676402e+01,1.189497572724527075e+01,3.668759831934400584e+00
2.714418722111377846e+01,1.187676619046277970e+01,3.672578126628708084e+00
2.730801004618698968e+01,1.185709818467772081e+01,3.676444278619787731e+00
2.747967961408283699e+01,1.183489590014889004e+01,3.680492646510977739e+00
2.765113360995429304e+01,1.181108606236484526e+01,3.684395847729012630e+00
2.781405919869185084e+01,1.178693706307133837e+01,3.687964236360661729e+00
2.797676202506844589e+01,1.176133020629513659e+01,3.691351698567915562e+00
2.813903967053212796e+01,1.173429653477225187e+01,3.694470860308478155e+00
2.830106784390052255e+01,1.170580576883018686e+01,3.697265253842049404e+00
2.846283276813957386e+01,1.167585650394586949e+01,3.699684373836251261e+00
2.862432056446543882e+01,1.164444727264609902e+01,3.701654902188470597e+00
2.878551722068504759e+01,1.161157655092596563e+01,3.703130902927242118e+00
2.894640859967760704e+01,1.157724275746214992e+01,3.704039745394196892e+00
2.910698042825060483e+01,1.154144425657631245e+01,3.704337381455767630e+00
2.926721828634818223e+01,1.150417936151290377e+01,3.703953439714887885e+00
2.942710761095704086e+01,1.146544633447140704e+01,3.702841552590675711e+00
2.958663367654370191e+01,1.142524339219978025e+01,3.700955213822590739e+00
2.975123067294995138e+01,1.138211388711026295e+01,3.698141161415606337e+00
2.991540649638725924e+01,1.133740792880696269e+01,3.694346462926878960e+00
3.007594015041911106e+01,1.129204552847676801e+01,3.689660046992079501e+00
3.023603669097049362e+01,1.124516378952831097e+01,3.683966518919461031e+00
3.039347645467474379e+01,1.119744004266314796e+01,3.677319084648870362e+00
3.055045945736649671e+01,1.114823465306338868e+01,3.669613099275615742e+00
3.070696966884355206e+01,1.109754559383720185e+01,3.660809750277680408e+00
3.086299087583813261e+01,1.104537080923481973e+01,3.650867989921527723e+00
3.101850663795372753e+01,1.099170823044808465e+01,3.639764445756247024e+00
3.117350028250998761e+01,1.093655577993287054e+01,3.627458871392579720e+00
3.132795491966524892e+01,1.087991136830616234e+01,3.613935438287292801e+00
3.148185339956249962e+01,1.082177291224552818e+01,3.599159051162239997e+00
3.163517833755235031e+01,1.076213832816139160e+01,3.583116629553396493e+00
3.178791209430665887e+01,1.070100554228328349e+01,3.565784314406533095e+00
3.194178594056675635e+01,1.063764208325432747e+01,3.546932574215339695e+00
3.209501778495194202e+01,1.057274148383368306e+01,3.526726403843256197e+00
3.224967135024714082e+01,1.050538194453583074e+01,3.504868393079259903e+00
3.240362540878520292e+01,1.043643865100012391e+01,3.481584022706809112e+00
3.255307811590137135e+01,1.036767317309232617e+01,3.457515159540220040e+00
3.270182664258415173e+01,1.029739746126425359e+01,3.432111607779139817e+00
3.284985136291890484e+01,1.022560968799665204e+01,3.405367454026226870e+00
3.299713231005979708e+01,1.015230810613301315e+01,3.377283240723194080e+00
3.314364919565399958e+01,1.007749104579105470e+01,3.347876603186057842e+00
3.328938143713988040e+01,1.000115690554568459e+01,3.317149757705581070e+00
3.343430811044007100e+01,9.923304181915677091e+00,3.285125911302719359e+00
3.357840793338142049e+01,9.843931485450246655e+00,3.251816456267860644e+00
3.372165927834855381e+01,9.763037541499743455e+00,3.217253979508445827e+00
3.386404017695128488e+01,9.680621194659538631e+00,3.181459340603017605e+00
3.400606533778712759e+01,9.596358880542430470e+00,3.144327441171423931e+00
3.414716794025902402e+01,9.510560653848223467e+00,3.106027265365377321e+00
3.428966723692327889e+01,9.421747867642679353e+00,3.065945550340719361e+00
3.443116369069838356e+01,9.331345932989581371e+00,3.024744684266452044e+00
3.456880106959907550e+01,9.241230951441535169e+00,2.983358548618480377e+00
3.470542717237651686e+01,9.149590011420443147e+00,2.941037766470938397e+00
3.484101743092294612e+01,9.056423167649180428e+00,2.897855002032982075e+00
3.497554673063927311e+01,8.961730812286887726e+00,2.853892103602383212e+00
3.510898951266685941e+01,8.865513626462156793e+00,2.809246772603533948e+00
3.524132004612516056e+01,8.767772395324474388e+00,2.764025177847809100e+00
3.537251213173652786e+01,8.668508229751289207e+00,2.718354011302599016e+00
3.550253904098618563e+01,8.567722635755588456e+00,2.672371797016097172e+00
3.563137364236037286e+01,8.465417441861665893e+00,2.626237272936032596e+00
3.575898849075666419e+01,8.361594743808714369e+00,2.580131495972254552e+00
3.588590565973552060e+01,8.255792941873959734e+00,2.534062782134940850e+00
3.601153552946897207e+01,8.148465780824928117e+00,2.488470018401820472e+00
3.613642635136702808e+01,8.039104750976287406e+00,2.443416214326978420e+00
3.625995848488516060e+01,7.928211295616661047e+00,2.399430554833757778e+00
3.638101036925925769e+01,7.816806630835890779e+00,2.357235701549192264e+00
3.650066808351169101e+01,7.703905861642703634e+00,2.316829917684690709e+00
3.661890159072232365e+01,7.589513853210240413e+00,2.278652632404699840e+00
3.673567981742150579e+01,7.473636618320257163e+00,2.243209027685149515e+00
3.685097154779907669e+01,7.356280511160771418e+00,2.211051218202589652e+00
3.696474537887137757e+01,7.237452281847269298e+00,2.182807701034128467e+00
3.707696955228582425e+01,7.117159272998091701e+00,2.159151962171609096e+00
3.718761176832290261e+01,6.995409666786305714e+00,2.140835881128014595e+00
3.729663938842993787e+01,6.872212325051090254e+00,2.128646400135032923e+00
3.740401967369967196e+01,6.747576557406469000e+00,2.123435300434507234e+00
3.751030521584362276e+01,6.620804224572613528e+00,2.126102727831492345e+00
3.761485746017682175e+01,6.492598678959689451e+00,2.137639972572367153e+00
3.771707611546341354e+01,6.363695785237212910e+00,2.158770492208696989e+00
3.781751289282854600e+01,6.233399752542025496e+00,2.190432635426177388e+00
3.791613367394403866e+01,6.101723870084357237e+00,2.233438617824170080e+00
3.801290415749991780e+01,5.968682287418320520e+00,2.288615023457270858e+00
3.810778989196365529e+01,5.834290038625617569e+00,2.356657709571631898e+00
3.820075631986912867e+01,5.698563051629611742e+00,2.438300215338215615e+00
3.829176879782129816e+01,5.561518194177615726e+00,2.534142764252013347e+00
3.838079263909697403e+01,5.423173290949855563e+00,2.644864430797767341e+00
3.846779315086992312e+01,5.283547150640696799e+00,2.771035431569542684e+00
3.855273568038874288e+01,5.142659581346122444e+00,2.913375275303919931e+00
3.863558588750810685e+01,5.000531012083514248e+00,3.072547179243727111e+00
3.871630908143470862e+01,4.857183722779339519e+00,3.249429607710327961e+00
3.879497993105081122e+01,4.712436563946393875e+00,3.445180830081906453e+00
3.887144922750301390e+01,4.566514387411410247e+00,3.660773495965124802e+00
3.894558019921978342e+01,4.419650151376496083e+00,3.897103046703964235e+00
3.901744856920528548e+01,4.271665575650516189e+00,4.156114484895871541e+00
3.908702130287375098e+01,4.122587988136014125e+00,4.439579492387395021e+00
3.915426580819649871e+01,3.972445850579727100e+00,4.749853911898886061e+00
3.921915000360382919e+01,3.821268746373123637e+00,5.089497166836444819e+00
3.928164238314079171e+01,3.669087371220323579e+00,5.461857108156397800e+00
3.934171207165652362e+01,3.515933546921564012e+00,5.870632633860381588e+00
3.939932889085557122e+01,3.361840209691964620e+00,6.320667536554426924e+00
3.945446342199273460e+01,3.206841404973896470e+00,6.817459639179886288e+00
3.950708707572481160e+01,3.050972259706060452e+00,7.368154613343099513e+00
3.955717633169579273e+01,2.894255524079654585e+00,7.981146796584901004e+00
3.960469982370928932e+01,2.736741777731510172e+00,8.667350294416850787e+00
3.964962808795502980e+01,2.578482888472012124e+00,9.439941902446317812e+00
3.969194065972319407e+01,2.419504696575277336e+00,1.031658905788659020e+01
3.973161404154289045e+01,2.259847461190664930e+00,1.131921689345663218e+01
3.976862594857037436e+01,2.099552347138901709e+00,1.247864288373334496e+01
3.980295535896861736e+01,1.938661417020594468e+00,1.383282194497253847e+01
3.983458257413277437e+01,1.777217573847018617e+00,1.544541384339584589e+01
3.986348927285499855e+01,1.615264512970893573e+00,1.736965604380928241e+01
3.988965856264488963e+01,1.452846670584070354e+00,1.979445479682416575e+01
3.991307502794612816e+01,1.290009168550070529e+00,2.267891094150992615e+01
3.993372477576354385e+01,1.126797748452214254e+00,2.694161023375335517e+01
3.995192080470949492e+01,9.600214163259338518e-01,3.122889643724504793e+01
3.996721541774294906e+01,7.929540269658551521e-01,4.229779324061799883e+01
3.998081940517570843e+01,6.066563835373434133e-01,4.687049636414139542e+01
3.999080400371686039e+01,4.201297492124331234e-01,1.012793288567534518e+02
3.999770042844662044e+01,2.101151814732268586e-01,1.172799139918623865e+02
3.999999999999997868e+01,-4.063789701239352095e-17,8.141876402635101613e+02
