x,y,stress
4.999999999999997335e+00,6.851663256994955073e-16,1.026985619808886440e+03
5.003124377798028100e+00,2.121026309748940408e-01,1.278276556299006188e+02
5.012489608125552110e+00,4.240214623058178867e-01,1.223206873398184626e+02
5.026026385783609385e+00,6.119935466093733289e-01,5.025299122294180876e+01
5.044443880949860848e+00,7.995503690191499979e-01,4.767360036101279519e+01
5.065095917108334511e+00,9.673963583388739407e-01,3.352999184390120035e+01
5.089616866174470289e+00,1.134720955627129380e+00,2.890520487708073105e+01
5.117369576710366630e+00,1.298138159949058013e+00,2.373694457820144876e+01
5.148762639759614679e+00,1.460895306400403326e+00,2.039216855238939630e+01
5.183751172330254953e+00,1.622917639301491244e+00,1.751533148969578946e+01
5.222286104248350824e+00,1.784133375284827183e+00,1.524674030237536648e+01
5.264314527239630337e+00,1.944473916332938090e+00,1.333911303410851090e+01
5.309780051053246019e+00,2.103874000589337712e+00,1.173937237221554142e+01
5.358623170028971039e+00,2.262271831656805343e+00,1.037201894630312005e+01
5.410781636496518665e+00,2.419609184664358370e+00,9.197429699067857456e+00
5.466190822987701203e+00,2.575831448869522422e+00,8.181453977658216914e+00
5.524784085499548247e+00,2.730887663396614595e+00,7.282661306894610220e+00
5.586628777680460622e+00,2.885059167918335721e+00,6.471450725522057468e+00
5.651532527568902786e+00,3.037968125010424014e+00,5.792852528678795743e+00
5.719275777776050340e+00,3.189251079478827133e+00,5.181001693100917294e+00
5.789922859142689227e+00,3.339200060977498996e+00,4.638153394273964558e+00
5.863402015910637921e+00,3.487781864498542994e+00,4.152981750113108994e+00
5.939641328973041645e+00,3.634966552727922906e+00,3.718735839912320706e+00
6.018568970023891573e+00,3.780727361174526013e+00,3.329243663422783328e+00
6.100113441439856565e+00,3.925040599341715897e+00,2.979370803323985850e+00
6.184203731399652959e+00,4.067885431064781621e+00,2.664773521353907437e+00
6.270769564833197585e+00,4.209243854935444062e+00,2.381784007383125790e+00
6.359741525697546471e+00,4.349100486770848484e+00,2.127179050237330671e+00
6.451051141119099164e+00,4.487442327542888520e+00,1.898520374236075448e+00
6.544669033410440484e+00,4.624313268898483820e+00,1.693473703774738048e+00
6.640492870188064778e+00,4.759649069221231876e+00,1.511171373250321581e+00
6.740026117383922433e+00,4.895549751582999320e+00,1.348058040907000654e+00
6.841702212094337376e+00,5.029854840894171453e+00,1.206771471415591490e+00
6.943781634580443729e+00,5.160452712941261844e+00,1.088781497890908501e+00
7.047812498897211064e+00,5.289501584562538383e+00,9.918489323237531519e-01
7.153735890258004382e+00,5.417001812545432671e+00,9.162412065066116718e-01
7.261494345245329107e+00,5.542955003339388398e+00,8.620937286126920673e-01
7.371031967740624857e+00,5.667364025923137483e+00,8.288707513090839418e-01
7.482294466805703870e+00,5.790232933727779141e+00,8.152918224989118556e-01
7.595229042110559270e+00,5.911566733551011588e+00,8.191246417020948689e-01
7.709784515751494816e+00,6.031371441303475578e+00,8.376190894331582149e-01
7.825911227294349182e+00,6.149653887642887007e+00,8.678056500503521509e-01
7.943560983017486699e+00,6.266421602604181018e+00,9.069266080517432993e-01
8.063355759189034799e+00,6.382321636338436299e+00,9.528885369466078004e-01
8.184597447210249399e+00,6.496707267189088419e+00,1.003570225493835677e+00
8.312410508178219359e+00,6.614285184574229426e+00,1.059790183151768206e+00
8.441697296321976296e+00,6.730240721282773286e+00,1.118302362267777239e+00
8.566429726116492560e+00,6.839414923748935671e+00,1.175454375709484411e+00
8.692422370592334246e+00,6.947132377456427754e+00,1.233270535052689132e+00
8.819634596191120224e+00,7.053401955348986618e+00,1.291340935667609768e+00
8.948031792411839547e+00,7.158236793968780987e+00,1.349363746772902051e+00
9.077575288010343968e+00,7.261645878502174689e+00,1.407117688685378898e+00
9.208233406621099348e+00,7.363643040621075109e+00,1.464445755015921558e+00
9.339979213245696243e+00,7.464244745788573887e+00,1.521242358396033723e+00
9.472774052126341715e+00,7.563457646534714307e+00,1.577425100801029823e+00
9.606583198953956071e+00,7.661290942663542936e+00,1.632937709224807854e+00
9.741379935301310411e+00,7.757759015309953377e+00,1.687745958911272437e+00
9.877135442402613208e+00,7.852873889610307856e+00,1.741815666641315374e+00
1.001382117988148224e+01,7.946647090044655748e+00,1.795119425859647899e+00
1.015909071598935576e+01,8.044194688379686653e+00,1.850529346838222011e+00
1.030533552565727540e+01,8.140274009831383495e+00,1.905059729576792149e+00
1.045282378383944000e+01,8.235088286651825129e+00,1.958801119300372262e+00
1.060123220713608028e+01,8.328455737829580485e+00,2.011683682365324799e+00
1.074235641539441666e+01,8.415405860038353225e+00,2.060695484723330306e+00
1.088425508495952876e+01,8.501086305741358373e+00,2.109425251093132836e+00
1.102690608463750799e+01,8.585508296873600287e+00,2.157394110818660948e+00
1.117028797837803999e+01,8.668682918623900946e+00,2.203838037861933774e+00
1.131437994982565165e+01,8.750621085569623148e+00,2.249838208776508086e+00
1.145916200483112135e+01,8.831333664848854070e+00,2.295001155936932768e+00
1.160461478491123621e+01,8.910831374129870142e+00,2.339401994832225551e+00
1.175071939345905747e+01,8.989124697504738748e+00,2.383005961558070762e+00
1.189745755326312526e+01,9.066223983297842182e+00,2.425810287959784706e+00
1.204481164967303819e+01,9.142139472285405688e+00,2.467814003750475216e+00
1.219276465159123646e+01,9.216881261195068120e+00,2.509010822876493574e+00
1.234129988764059149e+01,9.290459198959254650e+00,2.549415852257601589e+00
1.249964743813844770e+01,9.367327628438008702e+00,2.591425663517387346e+00
1.265861473641724011e+01,9.442906095016299517e+00,2.632520776752492964e+00
1.282610746178838212e+01,9.520855138510780691e+00,2.674659709433009791e+00
1.299424278701152957e+01,9.597408282833395532e+00,2.715756017070968475e+00
1.314759064270321609e+01,9.665781979423229586e+00,2.752204708909190334e+00
1.330143890192956846e+01,9.733022170143078355e+00,2.787877131738698111e+00
1.345380343906023590e+01,9.798302107580237674e+00,2.822722636253588657e+00
1.360662935507330573e+01,9.862494508238576429e+00,2.856045822681088531e+00
1.375990417951469880e+01,9.925607716440900674e+00,2.888739902326855180e+00
1.391361567413489908e+01,9.987649860128081869e+00,2.920640756723456910e+00
1.406775197138975564e+01,1.004862891616269316e+01,2.951981432640523817e+00
1.422230158590922500e+01,1.010855271946314815e+01,2.982049695906232145e+00
1.437725326642439683e+01,1.016742891100553159e+01,3.011433590944378569e+00
1.453259616739316229e+01,1.022526500985895836e+01,3.039968665227991806e+00
1.468831973254670764e+01,1.028206837276688823e+01,3.067684601116754006e+00
1.484441358560672342e+01,1.033784616101074327e+01,3.094563010053257734e+00
1.500329389313577799e+01,1.039344563293011170e+01,3.120984763582154375e+00
1.516253542069893356e+01,1.044800194459968523e+01,3.146569424816882954e+00
1.533973494213893396e+01,1.050735649172866815e+01,3.173915241145929933e+00
1.551735406120149818e+01,1.056544335841045879e+01,3.200168143777455843e+00
1.569345790389752437e+01,1.062166553403231717e+01,3.225102018883006405e+00
1.586994751046560737e+01,1.067666478605583968e+01,3.248962701205770909e+00
1.603014654949096851e+01,1.072543810142507859e+01,3.269699930032190949e+00
1.619064383092067416e+01,1.077322086467502693e+01,3.289601200575557272e+00
1.634979832969321834e+01,1.081954915801429173e+01,3.308468374808560153e+00
1.650922889547660333e+01,1.086491832358681542e+01,3.326512081856622949e+00
1.666892775720223696e+01,1.090933383404790646e+01,3.343737501301790260e+00
1.682888733927808289e+01,1.095280103164867569e+01,3.360150066816834702e+00
1.698910024850424350e+01,1.099532512760466574e+01,3.375760179191294785e+00
1.714955920212029383e+01,1.103691118657909875e+01,3.390574638280981379e+00
1.731025706190105140e+01,1.107756414003297785e+01,3.404601737704769260e+00
1.747118691145323766e+01,1.111728880851719303e+01,3.417853291350804401e+00
1.763234197559026839e+01,1.115608988332051155e+01,3.430337225393322864e+00
1.779371555096144064e+01,1.119397191341108133e+01,3.442079478105638746e+00
1.795833282359468441e+01,1.123162376576178367e+01,3.453261435399156198e+00
1.812316332012626674e+01,1.126833094207848696e+01,3.463731784507465772e+00
1.830695516902509468e+01,1.130810038514876226e+01,3.474495975360138544e+00
1.849099420184784037e+01,1.134670981681754753e+01,3.484361050884721145e+00
1.867837612936699188e+01,1.138478571558408348e+01,3.493549745023177167e+00
1.886599547886557815e+01,1.142167395229319027e+01,3.501815595209638143e+00
1.903372706978009177e+01,1.145361477595457167e+01,3.508510949704391368e+00
1.920163469725064331e+01,1.148461690844383298e+01,3.514573189515014739e+00
1.936480235782481785e+01,1.151381939723323633e+01,3.519855016076517185e+00
1.952812469569764531e+01,1.154214403980038739e+01,3.524573370287129581e+00
1.969159636619600207e+01,1.156959404256786250e+01,3.528745329403987441e+00
1.985521200302046196e+01,1.159617248611836615e+01,3.532396848029564218e+00
2.001896634562773869e+01,1.162188234944081167e+01,3.535543109242386350e+00
2.018285426396299442e+01,1.164672651455338404e+01,3.538219042555249771e+00
2.034687067716954445e+01,1.167070775496522650e+01,3.540445339732207319e+00
2.051101056939708300e+01,1.169382874002764972e+01,3.542258839162243600e+00
2.067526899687075215e+01,1.171609203745882510e+01,3.543726810451308218e+00
2.083964107523983955e+01,1.173750011297893359e+01,3.544828593659831384e+00
2.100482109044294532e+01,1.175814085529795072e+01,3.545588520787426923e+00
2.117010603902247112e+01,1.177792377327856244e+01,3.546071288411168698e+00
2.135061448935971740e+01,1.179853866977187415e+01,3.546242927893276331e+00
2.153123613224032695e+01,1.181813706988968882e+01,3.546128268031246034e+00
2.172794544812757422e+01,1.183831564216148813e+01,3.545705740739544254e+00
2.192477396922782162e+01,1.185729625797879372e+01,3.544965370617334077e+00
2.210428745413864604e+01,1.187355656855294228e+01,3.544125453852529972e+00
2.228388793443136251e+01,1.188882604334918902e+01,3.543137473166496854e+00
2.244951779354281740e+01,1.190202565050319983e+01,3.542130838277175009e+00
2.261521236673889845e+01,1.191438641558716860e+01,3.541067923042642285e+00
2.278057351758981497e+01,1.192588330448119827e+01,3.539955689964535246e+00
2.294599043023435314e+01,1.193654791333875664e+01,3.538816827669775122e+00
2.311145883276648050e+01,1.194638139410754896e+01,3.537670071262383864e+00
2.327697447644113282e+01,1.195538480753585731e+01,3.536539519915228080e+00
2.344253313622014900e+01,1.196355912379597264e+01,3.535442214474849187e+00
2.360813061277791647e+01,1.197090522304846161e+01,3.534399136294466448e+00
2.377376272490190345e+01,1.197742389549011044e+01,3.533427461974167461e+00
2.393942530823480297e+01,1.198311584173111832e+01,3.532543147892044821e+00
2.410511421474485871e+01,1.198798167312935270e+01,3.531762155329202013e+00
2.427082530853972031e+01,1.199202191196130052e+01,3.531104904754146290e+00
2.444254739583340452e+01,1.199533779323778404e+01,3.530549894729873461e+00
2.461428429865623713e+01,1.199776814341672271e+01,3.530161158876065741e+00
2.480713892062988180e+01,1.199944205609006609e+01,3.529898102912857993e+00
2.500000000000018829e+01,1.199999999999999112e+01,3.529792834750346220e+00
2.519286107937048413e+01,1.199944205609006076e+01,3.529900065081937210e+00
2.538571570134410393e+01,1.199776814341671916e+01,3.530164754660180204e+00
2.555745260416696496e+01,1.199533779323777871e+01,3.530551857282734574e+00
2.572917469146057456e+01,1.199202191196129341e+01,3.531104630992130566e+00
2.589488578525553919e+01,1.198798167312933849e+01,3.531754421986813774e+00
2.606057469176551322e+01,1.198311584173110766e+01,3.532526887761240353e+00
2.622623727509841274e+01,1.197742389549009623e+01,3.533397570600775417e+00
2.639186938722238196e+01,1.197090522304844384e+01,3.534355296483403741e+00
2.655746686378015298e+01,1.196355912379595487e+01,3.535385137752245388e+00
2.672302552355917626e+01,1.195538480753583954e+01,3.536469402126288575e+00
2.688854116723382504e+01,1.194638139410752942e+01,3.537591045062302708e+00
2.705400956976594884e+01,1.193654791333873888e+01,3.538729360073760155e+00
2.721942648241049767e+01,1.192588330448117695e+01,3.539865642084861097e+00
2.738478763326140708e+01,1.191438641558714551e+01,3.540976165568608724e+00
2.755048220645748103e+01,1.190202565050317851e+01,3.542040151907678958e+00
2.771611206556893947e+01,1.188882604334916415e+01,3.543048680223980451e+00
2.789571254586169502e+01,1.187355656855291031e+01,3.544038327715558712e+00
2.807522603077254075e+01,1.185729625797875819e+01,3.544880247136322993e+00
2.827205455187278105e+01,1.183831564216145438e+01,3.545619963477528724e+00
2.846876386776001411e+01,1.181813706988964796e+01,3.546040011543538206e+00
2.864938551064061656e+01,1.179853866977182975e+01,3.546153992419066814e+00
2.882989396097784862e+01,1.177792377327852336e+01,3.545981026124014335e+00
2.899517890955736732e+01,1.175814085529791164e+01,3.545506390634812099e+00
2.916035892476045177e+01,1.173750011297889273e+01,3.544754779413707535e+00
2.932473100312953562e+01,1.171609203745878425e+01,3.543664972656827228e+00
2.948898943060319411e+01,1.169382874002760708e+01,3.542216873759306051e+00
2.965312932283072556e+01,1.167070775496518387e+01,3.540380277044642643e+00
2.981714573603726492e+01,1.164672651455334140e+01,3.538126872409558921e+00
2.998103365437251711e+01,1.162188234944076726e+01,3.535433033034507400e+00
3.014478799697978317e+01,1.159617248611832352e+01,3.532269580328083247e+00
3.030840363380424662e+01,1.156959404256782165e+01,3.528612701476366187e+00
3.047187530430260338e+01,1.154214403980034120e+01,3.524435539028291764e+00
3.063519764217544505e+01,1.151381939723318482e+01,3.519716203630780083e+00
3.079836530274961959e+01,1.148461690844378147e+01,3.514435790404991877e+00
3.096627293022018179e+01,1.145361477595452016e+01,3.508382703610782194e+00
3.113400452113470607e+01,1.142167395229312987e+01,3.501701148800936192e+00
3.132162387063327813e+01,1.138478571558401953e+01,3.493446473078116288e+00
3.150900579815241187e+01,1.134670981681749069e+01,3.484280624755400790e+00
3.169304483097515757e+01,1.130810038514870364e+01,3.474409714268743343e+00
3.187683667987397840e+01,1.126833094207842478e+01,3.463628670995229086e+00
3.204166717640552520e+01,1.123162376576172328e+01,3.453143714883128990e+00
3.220628444903875476e+01,1.119397191341102804e+01,3.441944057886284103e+00
3.236765802440992701e+01,1.115608988332045648e+01,3.430190576674797320e+00
3.252881308854694709e+01,1.111728880851713619e+01,3.417693897553317317e+00
3.268974293809915821e+01,1.107756414003291745e+01,3.404433113650157328e+00
3.285044079787991933e+01,1.103691118657903480e+01,3.390396806631057469e+00
3.301089975149596967e+01,1.099532512760460357e+01,3.375576432522827464e+00
3.317111266072211606e+01,1.095280103164860996e+01,3.359959887731167605e+00
3.333107224279796554e+01,1.090933383404784074e+01,3.343542963664669632e+00
3.349077110452360984e+01,1.086491832358674792e+01,3.326313852384132019e+00
3.365020167030699128e+01,1.081954915801422423e+01,3.308269400973437246e+00
3.380935616907952124e+01,1.077322086467495765e+01,3.289401779658147174e+00
3.396985345050925531e+01,1.072543810142500043e+01,3.269499583687434541e+00
3.413005248953464132e+01,1.067666478605575442e+01,3.248767169769594787e+00
3.430654209610273853e+01,1.062166553403222657e+01,3.224906148283850360e+00
3.448264593879876827e+01,1.056544335841035931e+01,3.199973772759595381e+00
3.466026505786133782e+01,1.050735649172856689e+01,3.173725583689080310e+00
3.483746457930132578e+01,1.044800194459958753e+01,3.146380238721798062e+00
3.499670610686447247e+01,1.039344563293001400e+01,3.120811565343214689e+00
3.515558641439352527e+01,1.033784616101064557e+01,3.094405163678849657e+00
3.531168026745353927e+01,1.028206837276678876e+01,3.067540657606040444e+00
3.546740383260707574e+01,1.022526500985886067e+01,3.039840166574725888e+00
3.562274673357584476e+01,1.016742891100543034e+01,3.011293580068084896e+00
3.577769841409102014e+01,1.010855271946303979e+01,2.981903230259544291e+00
3.593224802861049483e+01,1.004862891616258480e+01,2.951672018622046867e+00
3.608638432586535316e+01,9.987649860127969959e+00,2.920594292078052323e+00
3.624009582048554279e+01,9.925607716440788764e+00,2.888690111463054766e+00
3.639337064492693230e+01,9.862494508238462743e+00,2.855956423508506425e+00
3.654619656094000391e+01,9.798302107580118658e+00,2.822395329288854615e+00
3.669856109807069089e+01,9.733022170142957563e+00,2.788008213786726586e+00
3.685240935729704148e+01,9.665781979423103465e+00,2.752332656901791630e+00
3.700575721298872622e+01,9.597408282833264082e+00,2.715829326329589399e+00
3.717389253821190920e+01,9.520855138510635030e+00,2.674713010147450998e+00
3.734138526358307075e+01,9.442906095016139645e+00,2.632547761736405256e+00
3.750035256186184540e+01,9.367327628437854159e+00,2.591436852981582106e+00
3.765870011235967496e+01,9.290459198959105436e+00,2.549413753722792109e+00
3.780723534840903000e+01,9.216881261194917130e+00,2.508995288986294092e+00
3.795518835032722649e+01,9.142139472285256474e+00,2.467787394028591486e+00
3.810254244673713941e+01,9.066223983297692968e+00,2.425775145067222915e+00
3.824928060654119122e+01,8.989124697504587758e+00,2.382960664510435311e+00
3.839538521508902136e+01,8.910831374129713822e+00,2.339348461484179076e+00
3.854083799516914155e+01,8.831333664848692422e+00,2.294936053278268773e+00
3.868562005017460592e+01,8.750621085569461499e+00,2.249728107083452056e+00
3.882971202162221402e+01,8.668682918623730416e+00,2.203721515398540109e+00
3.897309391536276024e+01,8.585508296873429757e+00,2.156920661961604146e+00
3.911574491504074302e+01,8.501086305741177185e+00,2.109322623496531879e+00
3.925764358460584447e+01,8.415405860038175589e+00,2.060927596328625100e+00
3.939876779286416308e+01,8.328455737829404626e+00,2.011745739382708287e+00
3.954717621616082823e+01,8.235088286651638612e+00,1.958871422088860559e+00
3.969466447434300704e+01,8.140274009831184543e+00,1.905098401174623923e+00
3.984090928401091247e+01,8.044194688379491254e+00,1.850561002281187584e+00
3.998617882011876645e+01,7.946647090044463013e+00,1.795144404383575365e+00
4.012286455759764436e+01,7.852873889610110680e+00,1.741841125795431822e+00
4.025862006469894538e+01,7.757759015309752648e+00,1.687786087488021503e+00
4.039341680104629972e+01,7.661290942663339543e+00,1.632989527823075715e+00
4.052722594787390875e+01,7.563457646534503809e+00,1.577478116277158504e+00
4.066002078675454356e+01,7.464244745788363389e+00,1.521292115735204620e+00
4.079176659337914401e+01,7.363643040620866387e+00,1.464489147373026823e+00
4.092242471198989762e+01,7.261645878501966855e+00,1.407154239898227743e+00
4.105196820758838783e+01,7.158236793968570488e+00,1.349396356571664235e+00
4.118036540380910537e+01,7.053401955348772567e+00,1.291371502796998083e+00
4.130757762940789490e+01,6.947132377456207486e+00,1.233300049596075976e+00
4.143357027388373837e+01,6.839414923748716291e+00,1.175482196371306687e+00
4.155830270367823687e+01,6.730240721282554794e+00,1.118327668536968078e+00
4.168758949182198847e+01,6.614285184574018928e+00,1.059814427944386184e+00
4.181540255278994067e+01,6.496707267188887691e+00,1.003593805720255361e+00
4.193664424081114106e+01,6.382321636338238235e+00,9.529061056393962614e-01
4.205643901698267939e+01,6.266421602603984731e+00,9.069377426082361193e-01
4.217408877270582934e+01,6.149653887642675620e+00,8.678105897856949191e-01
4.229021548424869792e+01,6.031371441303246428e+00,8.376186531713406547e-01
4.240477095788963169e+01,5.911566733550785102e+00,8.191135186242574084e-01
4.251770553319447998e+01,5.790232933727544662e+00,8.152741007867788658e-01
4.262896803225952880e+01,5.667364025922918991e+00,8.288575001280280574e-01
4.273850565475482455e+01,5.542955003339186781e+00,8.620925351499959532e-01
4.284626410974214394e+01,5.417001812545226613e+00,9.162616058827611765e-01
4.295218750110293371e+01,5.289501584562326109e+00,9.918999004731287039e-01
4.305621836541970993e+01,5.160452712941038911e+00,1.088857810995982334e+00
4.315829778790581628e+01,5.029854840893943191e+00,1.206869916463394032e+00
4.325997388261622234e+01,4.895549751582772835e+00,1.348095298398435116e+00
4.335950712981205157e+01,4.759649069221008055e+00,1.511129788280280106e+00
4.345533096658968475e+01,4.624313268898268880e+00,1.693364710616910518e+00
4.354894885888102607e+01,4.487442327542675358e+00,1.898226259022490758e+00
4.364025847430256277e+01,4.349100486770638874e+00,2.127099489229410612e+00
4.372923043516689035e+01,4.209243854935230900e+00,2.382139111441504031e+00
4.381579626860045806e+01,4.067885431064562241e+00,2.665763004751718679e+00
4.389988655856024735e+01,3.925040599341497405e+00,2.981147522973319308e+00
4.398143102997619991e+01,3.780727361174321732e+00,3.331846908646825423e+00
4.406035867102702497e+01,3.634966552727732836e+00,3.722383626053880956e+00
4.413659798408941271e+01,3.487781864498366247e+00,4.157772963056063809e+00
4.421007714085737206e+01,3.339200060977332019e+00,4.644367518219628899e+00
4.428072422222399496e+01,3.189251079478669926e+00,5.189293024221883321e+00
4.434846747243111764e+01,3.037968125010275244e+00,5.801622639055398878e+00
4.441337122231957579e+01,2.885059167918195389e+00,6.493297095570971678e+00
4.447521591450048106e+01,2.730887663396484921e+00,7.276697480232194870e+00
4.453380917701230857e+01,2.575831448869420282e+00,8.165844243197796004e+00
4.458921836350346979e+01,2.419609184664276214e+00,9.183339510340253753e+00
4.464137682997102274e+01,2.262271831656702759e+00,1.035492671186767311e+01
4.469021994894676908e+01,2.103874000589212923e+00,1.171703735497237986e+01
4.473568547276037322e+01,1.944473916332834174e+00,1.331309470652947269e+01
4.477771389575163141e+01,1.784133375284739476e+00,1.522008179891463620e+01
4.481624882766974594e+01,1.622917639301372006e+00,1.749214891724161092e+01
4.485123736024038976e+01,1.460895306400256333e+00,2.037190787419502769e+01
4.488263042328964048e+01,1.298138159948903914e+00,2.374761201505472386e+01
4.491038313382551905e+01,1.134720955626967953e+00,2.889186393681077192e+01
4.493490408289164151e+01,9.673963583387658050e-01,3.362802888846724159e+01
4.495555611905012228e+01,7.995503690190934876e-01,4.758242714112909511e+01
4.497397361421637640e+01,6.119935466092798482e-01,5.051996261814177558e+01
4.498751039187441592e+01,4.240214623056924870e-01,1.220614455587913625e+02
4.499687562220193371e+01,2.121026309748297034e-01,1.276405191919775035e+02
4.499999999999997868e+01,-4.092258581067698700e-17,1.026274685555271162e+03
