x,y,stress
7.999999999999995559e+00,3.396430922134152016e-13,9.040470033927416580e+02
8.002301765150166446e+00,2.303744847274458996e-01,1.256632782082780579e+02
8.009205255213815988e+00,4.606570166774365260e-01,1.121185769838105557e+02
8.019189245804971833e+00,6.650050381526729781e-01,5.005388324076728424e+01
8.032791819481849060e+00,8.691441233267835909e-01,4.608090999627137307e+01
8.047895695154968720e+00,1.050172648485685700e+00,3.352474780310638636e+01
8.065838471458365078e+00,1.230941873254970176e+00,2.909231771620638796e+01
8.084780787750903031e+00,1.396449234567896269e+00,2.457239313424580374e+01
8.106095627966483974e+00,1.561667808496291832e+00,2.158452404479016096e+01
8.129676973498787262e+00,1.725918232489848547e+00,1.899178599955216029e+01
8.155594431823287138e+00,1.889816276689755492e+00,1.692077393917697137e+01
8.183837782683072604e+00,2.053329563002768143e+00,1.515979153768031651e+01
8.214395959491239907e+00,2.216426104110722495e+00,1.366689278826025777e+01
8.247257067592988378e+00,2.379074309797541087e+00,1.237612388740516955e+01
8.282408399353942130e+00,2.541242980138398888e+00,1.125118440216181348e+01
8.319836462394020415e+00,2.702901359438623086e+00,1.026048395132833235e+01
8.359527011288330201e+00,2.864019187864422555e+00,9.381695098874004657e+00
8.401465064270036365e+00,3.024566682637317871e+00,8.596611775088778273e+00
8.445634930002604790e+00,3.184514562873355548e+00,7.890996575419119807e+00
8.493253861226195411e+00,3.347961758893552631e+00,7.238046764955647028e+00
8.543186365958645112e+00,3.510717088210721037e+00,6.647517816130755541e+00
8.594348843959226159e+00,3.669524538878856212e+00,6.121362590543195203e+00
8.647696571172469149e+00,3.827611316164349464e+00,5.640860624418403191e+00
8.702901494643343838e+00,3.984093693796205482e+00,5.203714410733963014e+00
8.760229541225777794e+00,4.139810798996292007e+00,4.801688950531191935e+00
8.819660822252492594e+00,4.294737393729580077e+00,4.417441790807469459e+00
8.881174969120349871e+00,4.448848848533782707e+00,4.080911955305928984e+00
8.944751165545016036e+00,4.602121157285762543e+00,3.766197737638528942e+00
9.010368179977389147e+00,4.754530949538174234e+00,3.478966632443161622e+00
9.078004392686596091e+00,4.906055488768771511e+00,3.204207172702641770e+00
9.147637819165735706e+00,5.056672663269987211e+00,2.960431757262964148e+00
9.219246144361520123e+00,5.206361001112726150e+00,2.734383022895095827e+00
9.292806751387084674e+00,5.355099671190412636e+00,2.528535778598841599e+00
9.370324921348508695e+00,5.506774173441001174e+00,2.337156095171942116e+00
9.449851139452576376e+00,5.657405533878048232e+00,2.165865931504136199e+00
9.530447739844790433e+00,5.805324713247530077e+00,2.016070132702522777e+00
9.612958819312140690e+00,5.952184585130073202e+00,1.886034763121069657e+00
9.696084797300757785e+00,6.095796718450975149e+00,1.777480688627187888e+00
9.781020476404544084e+00,6.238346035302648751e+00,1.688595852933464148e+00
9.867741847521935838e+00,6.379816136812532790e+00,1.619500752161223245e+00
9.956224788917714008e+00,6.520191202880178061e+00,1.570068805143580049e+00
1.004644511749679481e+01,6.659456031509055407e+00,1.539732716767385101e+00
1.013837857480845628e+01,6.797595974499172300e+00,1.527551412989532231e+00
1.023200085143186122e+01,6.934596937712742104e+00,1.532108705929259740e+00
1.032728766851587920e+01,7.070445461060391956e+00,1.551732035099948392e+00
1.042421474422899053e+01,7.205128627764163518e+00,1.584524888563554335e+00
1.052275777983167515e+01,7.338634012254331651e+00,1.628573721944145847e+00
1.062425873079264704e+01,7.472732517719262724e+00,1.682845235342200541e+00
1.072736959111909272e+01,7.605597137059749713e+00,1.745072125660781737e+00
1.083522146569927713e+01,7.741134815404165259e+00,1.815873626213966086e+00
1.094472703098161759e+01,7.875339976450146828e+00,1.892136217999500936e+00
1.105115753040572102e+01,8.002646529512237095e+00,1.969209305431344870e+00
1.115905686554952858e+01,8.128710588895016187e+00,2.049317133093727428e+00
1.126840137980996381e+01,8.253523326384925696e+00,2.131781706662111642e+00
1.137916745092212700e+01,8.377076244486408640e+00,2.216040195178890393e+00
1.149133167566234270e+01,8.499361364202085767e+00,2.301631353565151361e+00
1.160487074618299452e+01,8.620371062271980023e+00,2.388172166788916861e+00
1.171976150246710802e+01,8.740098110178847080e+00,2.475367134890191778e+00
1.183598103365697973e+01,8.858535756621396473e+00,2.562945669608122756e+00
1.195350655823089525e+01,8.975677580282674484e+00,2.650714174897003783e+00
1.207231549187709341e+01,9.091517541445728767e+00,2.738478299645081826e+00
1.219242609651843701e+01,9.206088315407752631e+00,2.826126195458768642e+00
1.231377632829414459e+01,9.319345298760167040e+00,2.913504461399174961e+00
1.244385054221020503e+01,9.438060639513631500e+00,3.005760381321489039e+00
1.257526918692005324e+01,9.555285967595482433e+00,3.097455324060280013e+00
1.270234313493562794e+01,9.666131895675940555e+00,3.184670681407813841e+00
1.283060369343256824e+01,9.775602625271613277e+00,3.271217602128927204e+00
1.295795460854071024e+01,9.881980382831505594e+00,3.355663844414200625e+00
1.308641217283073743e+01,9.987019138274517260e+00,3.439334649517140630e+00
1.321595573153600967e+01,1.009071568427983934e+01,3.522171431980289480e+00
1.334656476544337700e+01,1.019306699345636069e+01,3.604123193642480238e+00
1.347821902126583637e+01,1.029407031305144571e+01,3.685141200062787004e+00
1.361089846649215751e+01,1.039372311692600270e+01,3.765173876135865516e+00
1.374458325032178330e+01,1.049202306698901666e+01,3.844180943857849808e+00
1.387925383140770563e+01,1.058896809753917623e+01,3.922112640002592965e+00
1.401489092837361738e+01,1.068455636483537496e+01,3.998933959839097163e+00
1.415147532665710095e+01,1.077878610377932311e+01,4.074589879680456050e+00
1.429072828217840829e+01,1.087281837603901202e+01,4.149971893570246095e+00
1.443091378307238593e+01,1.096545466416919190e+01,4.224100183916139173e+00
1.458156283725509184e+01,1.106279790111173611e+01,4.301764316676813138e+00
1.473322960747763766e+01,1.115854777150300414e+01,4.377833306764518539e+00
1.487549782992684122e+01,1.124636247819789148e+01,4.447292222067280143e+00
1.501861235098784597e+01,1.133279109664686679e+01,4.515364757767089898e+00
1.516147405462618103e+01,1.141720122406707638e+01,4.581235905334884784e+00
1.530513437655235975e+01,1.150024488779210330e+01,4.646129548742594650e+00
1.544957617871970257e+01,1.158192174195830937e+01,4.709654300843220120e+00
1.559478251672141091e+01,1.166223154351951585e+01,4.770598569089806951e+00
1.574073665527977539e+01,1.174117415616085758e+01,4.830344607263185708e+00
1.588742206108204869e+01,1.181874954131854061e+01,4.888345658675048888e+00
1.603482239754357508e+01,1.189495775078377626e+01,4.944695616938111549e+00
1.618292152434900544e+01,1.196979892212373286e+01,4.999290579544681812e+00
1.633170348204684430e+01,1.204327326688361310e+01,5.052078916384163954e+00
1.648115252096365424e+01,1.211538108100401523e+01,5.103042264015150487e+00
1.663477385917176576e+01,1.218776207861017191e+01,5.153235651534613382e+00
1.678906106309076662e+01,1.225871266007392180e+01,5.201441015543390556e+00
1.695439607793809600e+01,1.233283776992623260e+01,5.250608225123650108e+00
1.712045101518399903e+01,1.240533576571730734e+01,5.297316250372936963e+00
1.727449428322158198e+01,1.247087208865693064e+01,5.338289598777145706e+00
1.742912054996504168e+01,1.253502080100568961e+01,5.377170912101291833e+00
1.758295039163280293e+01,1.259723778161546903e+01,5.413666239230553678e+00
1.773732409567829293e+01,1.265809280458776165e+01,5.447795334454003324e+00
1.789222745837269812e+01,1.271758660557431142e+01,5.481860604971605433e+00
1.804764649516900477e+01,1.277571997386095859e+01,5.511320817810358541e+00
1.820356735594946329e+01,1.283249371641072578e+01,5.539364099387106499e+00
1.835997630446661688e+01,1.288790864934419389e+01,5.565083157728539121e+00
1.851685976773253017e+01,1.294196561428634240e+01,5.588631795623848930e+00
1.867420430509216800e+01,1.299466546523868438e+01,5.609986957743179126e+00
1.883199661199024533e+01,1.304600906829205620e+01,5.629143552420981855e+00
1.899022352323227025e+01,1.309599730088198477e+01,5.646139677739193452e+00
1.915224539086122846e+01,1.314564910748842408e+01,5.661210156114035996e+00
1.931469316365980760e+01,1.319388923389737123e+01,5.674102836581458753e+00
1.949068296310579029e+01,1.324442762687361075e+01,5.685504428444539293e+00
1.966713709255996534e+01,1.329332016728939792e+01,5.694238774916896340e+00
1.983051198383226321e+01,1.333701734572082387e+01,5.700161082354030739e+00
1.999425546085777583e+01,1.337931241933997839e+01,5.704046457210549370e+00
2.015526347996329193e+01,1.341944974584433403e+01,5.705930894138091070e+00
2.031660158367860447e+01,1.345823897559535887e+01,5.705963984491465801e+00
2.047825765508941842e+01,1.349568095059890638e+01,5.704220014464275401e+00
2.064021968434138898e+01,1.353177650145270228e+01,5.700776915592670413e+00
2.080247575476141009e+01,1.356652644296347887e+01,5.695745459681829992e+00
2.096501402434132899e+01,1.359993156945721537e+01,5.689214557593007981e+00
2.112782273179170289e+01,1.363199265567435070e+01,5.681303354858630250e+00
2.129089021970055740e+01,1.366271046039259218e+01,5.672123533475859958e+00
2.145420490599387975e+01,1.369208571968572841e+01,5.661812511354481714e+00
2.161775526637636702e+01,1.372011914337480043e+01,5.650512821591904711e+00
2.178321185404213978e+01,1.374707841986935009e+01,5.638193531482395215e+00
2.194888556698613868e+01,1.377266955908016044e+01,5.625226318484894961e+00
2.213016390167619818e+01,1.379907122779448336e+01,5.610364878813734357e+00
2.231167245663372256e+01,1.382384072538529729e+01,5.594892630428297764e+00
2.248332234832556509e+01,1.384573952747582837e+01,5.580080654503942306e+00
2.265515160957873420e+01,1.386618331256766545e+01,5.565201157349916272e+00
2.282008178798972153e+01,1.388442151729814178e+01,5.551057996346691503e+00
2.298515433062216573e+01,1.390132275675791007e+01,5.537200563062591563e+00
2.315035825396084590e+01,1.391688747624104749e+01,5.523762079617011267e+00
2.331568261299569755e+01,1.393111608812897373e+01,5.510883264820460425e+00
2.348111650017825269e+01,1.394400897151565566e+01,5.498719229883331394e+00
2.364664904053055494e+01,1.395556647152319307e+01,5.487394925159928327e+00
2.381226938940120519e+01,1.396578889890076525e+01,5.477041762133312730e+00
2.397796672854473954e+01,1.397467652954181716e+01,5.467771850153137159e+00
2.414373026306752479e+01,1.398222960411986904e+01,5.459688867280982905e+00
2.430954921834805305e+01,1.398844832776368641e+01,5.452890639084955637e+00
2.447560474876195968e+01,1.399333774816801501e+01,5.447435381350802075e+00
2.464169426372675531e+01,1.399689003172187185e+01,5.443470274447647306e+00
2.482084038339061749e+01,1.399922251412903762e+01,5.440854390231293358e+00
2.500000000000030909e+01,1.399999999999999467e+01,5.439921676543066020e+00
2.517915961660998647e+01,1.399922251412903229e+01,5.440812074291400791e+00
2.535830573627382023e+01,1.399689003172185942e+01,5.443384546357702192e+00
2.552439525123864783e+01,1.399333774816800080e+01,5.447311508051961404e+00
2.569045078165253670e+01,1.398844832776366509e+01,5.452729381898792305e+00
2.585626973693310049e+01,1.398222960411984062e+01,5.459493423739046669e+00
2.602203327145583600e+01,1.397467652954178696e+01,5.467541738405893526e+00
2.618773061059938101e+01,1.396578889890072972e+01,5.476784123081541722e+00
2.635335095947002770e+01,1.395556647152315577e+01,5.487109022893293719e+00
2.651888349982232640e+01,1.394400897151561125e+01,5.498407520846727792e+00
2.668431738700487443e+01,1.393111608812892754e+01,5.510544359213201737e+00
2.684964174603973674e+01,1.391688747624099420e+01,5.523405361476402931e+00
2.701484566937842047e+01,1.390132275675784967e+01,5.536825078559328261e+00
2.717991821201086466e+01,1.388442151729807783e+01,5.550676913166267212e+00
2.734484839042184490e+01,1.386618331256759440e+01,5.564815839578565182e+00
2.751667765167502466e+01,1.384573952747575554e+01,5.579697349269811646e+00
2.768832754336687074e+01,1.382384072538521735e+01,5.594512184457265391e+00
2.786983609832437736e+01,1.379907122779439632e+01,5.609986298399418203e+00
2.805111443301442975e+01,1.377266955908007162e+01,5.624842967800128157e+00
2.821678814595843576e+01,1.374707841986925594e+01,5.637810933149750348e+00
2.838224473362420852e+01,1.372011914337470095e+01,5.650128077341908472e+00
2.854579509400669224e+01,1.369208571968562360e+01,5.661421125864351644e+00
2.870910978029999683e+01,1.366271046039248382e+01,5.671721385487360934e+00
2.887217726820885844e+01,1.363199265567423879e+01,5.680888601217627176e+00
2.903498597565923234e+01,1.359993156945709813e+01,5.688784623226052162e+00
2.919752424523915124e+01,1.356652644296335275e+01,5.695301822290995020e+00
2.935978031565917945e+01,1.353177650145257260e+01,5.700316175041545641e+00
2.952174234491115001e+01,1.349568095059877315e+01,5.703745549106804980e+00
2.968339841632196041e+01,1.345823897559522031e+01,5.705474349576920901e+00
2.984473652003725874e+01,1.341944974584419370e+01,5.705432264595153846e+00
3.000574453914276063e+01,1.337931241933983628e+01,5.703538882322293446e+00
3.016948801616827680e+01,1.333701734572067821e+01,5.699638896806479060e+00
3.033286290744056757e+01,1.329332016728924692e+01,5.693711281451734330e+00
3.050931703689470709e+01,1.324442762687346331e+01,5.684964085651121657e+00
3.068530683634066136e+01,1.319388923389722734e+01,5.673539955813623692e+00
3.084775460913924050e+01,1.314564910748827664e+01,5.660649180446323925e+00
3.100977647676819871e+01,1.309599730088183200e+01,5.645569518850181545e+00
3.116800338801022008e+01,1.304600906829189988e+01,5.628578216953045832e+00
3.132579569490829385e+01,1.299466546523852450e+01,5.609416783569279197e+00
3.148314023226793879e+01,1.294196561428617542e+01,5.588058586888982049e+00
3.164002369553384852e+01,1.288790864934402336e+01,5.564495720320159933e+00
3.179643264405100567e+01,1.283249371641054992e+01,5.538736818276018603e+00
3.195235350483144288e+01,1.277571997386078095e+01,5.510780204533255677e+00
3.210777254162776018e+01,1.271758660557412668e+01,5.480648150572302590e+00
3.226267590432217247e+01,1.265809280458756803e+01,5.448347226272709953e+00
3.241704960836766247e+01,1.259723778161527008e+01,5.413906397374237400e+00
3.257087945003541307e+01,1.253502080100548710e+01,5.377344400614349595e+00
3.272550571677889053e+01,1.247087208865672103e+01,5.338339223456904037e+00
3.287954898481648058e+01,1.240533576571708707e+01,5.297269968721300515e+00
3.304560392206238362e+01,1.233283776992600700e+01,5.250536579016721994e+00
3.321093893690971299e+01,1.225871266007368376e+01,5.201332119812549948e+00
3.336522614082871740e+01,1.218776207860993743e+01,5.153095499087288367e+00
3.351884747903681472e+01,1.211538108100377542e+01,5.102879240151616536e+00
3.366829651795362821e+01,1.204327326688336797e+01,5.051895360589225170e+00
3.381707847565145642e+01,1.196979892212348773e+01,4.999084371736126187e+00
3.396517760245688322e+01,1.189495775078352757e+01,4.944475344086111335e+00
3.411257793891839896e+01,1.181874954131829014e+01,4.888104141142612491e+00
3.425926334472067936e+01,1.174117415616060001e+01,4.830018550096848884e+00
3.440521748327903140e+01,1.166223154351926183e+01,4.770252266631450411e+00
3.455042382128073797e+01,1.158192174195804647e+01,4.708857137957870087e+00
3.469486562344808789e+01,1.150024488779183507e+01,4.645865681173465767e+00
3.483852594537425063e+01,1.141720122406680638e+01,4.581326225630216520e+00
3.498138764901258213e+01,1.133279109664659678e+01,4.515278737743917858e+00
3.512450217007359043e+01,1.124636247819760904e+01,4.447248773667320521e+00
3.526677039252279400e+01,1.115854777150271637e+01,4.377793334461603791e+00
3.541843716274534160e+01,1.106279790111144301e+01,4.301751957566988693e+00
3.556908621692804218e+01,1.096545466416889703e+01,4.224097846084313268e+00
3.570927171782201981e+01,1.087281837603870827e+01,4.149972124061180878e+00
3.584852467334332715e+01,1.077878610377901403e+01,4.074588955200762364e+00
3.598510907162680894e+01,1.068455636483505877e+01,3.998926959105775225e+00
3.612074616859272425e+01,1.058896809753885115e+01,3.922107396256882872e+00
3.625541674967863770e+01,1.049202306698869158e+01,3.844173517742510260e+00
3.638910153350825993e+01,1.039372311692567585e+01,3.765163057875112074e+00
3.652178097873456863e+01,1.029407031305111708e+01,3.685126572458201188e+00
3.665343523455702268e+01,1.019306699345603029e+01,3.604105734479554179e+00
3.678404426846438469e+01,1.009071568427950538e+01,3.522152180215895712e+00
3.691358782716965692e+01,9.987019138274177976e+00,3.439312167189348735e+00
3.704204539145968056e+01,9.881980382831162757e+00,3.355640491050982277e+00
3.716939630656781191e+01,9.775602625271263335e+00,3.271193893631882066e+00
3.729765686506473799e+01,9.666131895675601271e+00,3.184650775984648075e+00
3.742473081308029492e+01,9.555285967595148477e+00,3.097436671302411515e+00
3.755614945779016267e+01,9.438060639513276229e+00,3.005747764012106860e+00
3.768622367170623022e+01,9.319345298759794005e+00,2.913501121795596838e+00
3.780757390348193070e+01,9.206088315407376044e+00,2.826130188771694307e+00
3.792768450812327075e+01,9.091517541445348627e+00,2.738488460778481404e+00
3.804649344176947778e+01,8.975677580282287238e+00,2.650729243689807557e+00
3.816401896634338442e+01,8.858535756621005675e+00,2.562966575585670981e+00
3.828023849753325436e+01,8.740098110178447399e+00,2.475381404145641895e+00
3.839512925381736608e+01,8.620371062271571461e+00,2.388181836410376846e+00
3.850866832433801790e+01,8.499361364201670099e+00,2.301625583468868808e+00
3.862083254907822294e+01,8.377076244485991197e+00,2.216023829672768120e+00
3.873159862019038968e+01,8.253523326384497594e+00,2.131751852940701575e+00
3.884094313445082491e+01,8.128710588894580980e+00,2.049278713302527422e+00
3.894884246959462359e+01,8.002646529511801887e+00,1.969172444264158939e+00
3.905527296901870926e+01,7.875339976449712509e+00,1.892111596625578374e+00
3.916477853430104261e+01,7.741134815403730052e+00,1.815869764174173229e+00
3.927263040888123413e+01,7.605597137059302959e+00,1.745108916042624081e+00
3.937574126920765849e+01,7.472732517718834622e+00,1.682912773005134088e+00
3.947724222016861262e+01,7.338634012253913319e+00,1.628694631414834282e+00
3.957578525577129369e+01,7.205128627763740745e+00,1.584691187395345535e+00
3.967271233148439791e+01,7.070445461059964742e+00,1.551963601009521243e+00
3.976799914856840701e+01,6.934596937712312226e+00,1.532415928808386951e+00
3.986162142519181373e+01,6.797595974498735316e+00,1.527954384842122426e+00
3.995355488250347520e+01,6.659456031508609541e+00,1.540236738442623876e+00
4.004377521108255422e+01,6.520191202879716208e+00,1.570691856158543009e+00
4.013225815247832884e+01,6.379816136812063831e+00,1.620248584070702602e+00
4.021897952359571349e+01,6.238346035302179793e+00,1.689485324702205915e+00
4.030391520269949268e+01,6.095796718450506191e+00,1.778499737512634127e+00
4.038704118068810089e+01,5.952184585129601579e+00,1.887195141183507507e+00
4.046955226015544582e+01,5.805324713247052237e+00,2.017364323972173246e+00
4.055014886054765810e+01,5.657405533877565063e+00,2.167311098237255873e+00
4.062967507865170091e+01,5.506774173440545539e+00,2.338737893476220187e+00
4.070719324861310184e+01,5.355099671189982757e+00,2.530278711203202580e+00
4.078075385563866462e+01,5.206361001112294495e+00,2.736365808325873061e+00
4.085236218083444015e+01,5.056672663269552892e+00,2.962114804237554466e+00
4.092199560731357622e+01,4.906055488768331863e+00,3.208311161557340530e+00
4.098963182002277961e+01,4.754530949537721263e+00,3.476052659341517970e+00
4.105524883445514917e+01,4.602121157285322894e+00,3.766645530884072279e+00
4.111882503087979757e+01,4.448848848533355493e+00,4.081864316244124602e+00
4.118033917774765484e+01,4.294737393729138653e+00,4.423675920613223234e+00
4.123977045877436609e+01,4.139810798995842589e+00,4.794695631795258706e+00
4.129709850535678584e+01,3.984093693795770275e+00,5.197807274745382955e+00
4.135230342882764631e+01,3.827611316163934241e+00,5.636686551582586802e+00
4.140565115604088220e+01,3.669524538878431663e+00,6.118159124299970664e+00
4.145681363404146680e+01,3.510717088210276504e+00,6.645229835091389425e+00
4.150674613877391295e+01,3.347961758893113871e+00,7.236226678817471836e+00
4.155436506999749469e+01,3.184514562872919896e+00,7.889765659759871319e+00
4.159853493573005068e+01,3.024566682636882664e+00,8.595942580161411328e+00
4.164047298871175684e+01,2.864019187863986904e+00,9.381758263577584245e+00
4.168016353760605597e+01,2.702901359438186990e+00,1.026156327762398668e+01
4.171759160064613070e+01,2.541242980137961904e+00,1.125369893949248912e+01
4.175274293240708090e+01,2.379074309797108988e+00,1.238063961145828351e+01
4.178560404050881516e+01,2.216426104110292172e+00,1.367407898505182651e+01
4.181616221731697891e+01,2.053329563002345814e+00,1.517093476015863729e+01
4.184440556817675372e+01,1.889816276689347374e+00,1.693606103124651696e+01
4.187032302650124649e+01,1.725918232489459747e+00,1.901607474596460534e+01
4.189390437203353912e+01,1.561667808495921683e+00,2.160986183245946179e+01
4.191521921224912006e+01,1.396449234567522568e+00,2.462850526761589265e+01
4.193416152854164380e+01,1.230941873254599139e+00,2.911477995324586843e+01
4.195210430484503661e+01,1.050172648485315774e+00,3.367773089558197341e+01
4.196720818051814916e+01,8.691441233264155519e-01,4.601110538266818395e+01
4.198081075419501929e+01,6.650050381523155973e-01,5.054874660827304211e+01
4.199079474478617158e+01,4.606570166770870833e-01,1.114716749761901724e+02
4.199769823484981401e+01,2.303744847270994545e-01,1.271456803396848585e+02
4.199999999999997868e+01,-4.435081866109311673e-17,9.041167270592113709e+02
