x,y,stress
3.999999999999997780e+00,3.396430266371334966e-13,9.396490616387061436e+02
4.002830995766005096e+00,2.298732091444294634e-01,1.176995544838219416e+02
4.011319408722898494e+00,4.596070966225121457e-01,1.121414548864001546e+02
4.023599092346100470e+00,6.635275968059164420e-01,4.594564007941049510e+01
4.040320029733341478e+00,8.671320658104830770e-01,4.325072828760074373e+01
4.058884112225855212e+00,1.047677934993690885e+00,3.012789895935604534e+01
4.080918812282409824e+00,1.227833188395104358e+00,2.587321776467902268e+01
4.104104443109343414e+00,1.392288104846358232e+00,2.126543758841230414e+01
4.130159258109189047e+00,1.556312937413929731e+00,1.828939906202569787e+01
4.158914715872616519e+00,1.719064885302347800e+00,1.567898663829050143e+01
4.190468091859774091e+00,1.881297633029332506e+00,1.360533013899154398e+01
4.224794838754981186e+00,2.042966308329188241e+00,1.184321867199959222e+01
4.261868607755297411e+00,2.204027259157386176e+00,1.035757012490268458e+01
4.301661348641137472e+00,2.364438112595688590e+00,9.081248012467437292e+00
4.344143413070980841e+00,2.524157827449799552e+00,7.982552153728431854e+00
4.389283666673716056e+00,2.683146761808454350e+00,7.029014483969771909e+00
4.437049595348001141e+00,2.841366702120834198e+00,6.197293013441559140e+00
4.487407417447379920e+00,2.998780903575266610e+00,5.469387583798421382e+00
4.540322201292461557e+00,3.155354135650416669e+00,4.828833461747104927e+00
4.597226759183609346e+00,3.315072922531378197e+00,4.252561088385770738e+00
4.656744698590714826e+00,3.473836415369616848e+00,3.738300553082424038e+00
4.718222823742945771e+00,3.630091187875680081e+00,3.264339384838573110e+00
4.782183696580862176e+00,3.785346244031019047e+00,2.873483710908546040e+00
4.847523218307284054e+00,3.937155180715925518e+00,2.523569147956750136e+00
4.915188659635274071e+00,4.087941803345088054e+00,2.208970858902237655e+00
4.985140002055922004e+00,4.237681717516890600e+00,1.914754874664357898e+00
5.057336902394844458e+00,4.386351993547340733e+00,1.663041713278710754e+00
5.131738782642958796e+00,4.533931146801918111e+00,1.431121017389927808e+00
5.208304943216401917e+00,4.680399165279614415e+00,1.221353289051452240e+00
5.286994607373515898e+00,4.825737405494703758e+00,1.029757524865982932e+00
5.367767011286637135e+00,4.969928587766621497e+00,8.544071518600807602e-01
5.450581479220988790e+00,5.112956765769910206e+00,6.931323128530306743e-01
5.535397459813780507e+00,5.254807236239388502e+00,5.442242394391114679e-01
5.623168831842176196e+00,5.397053265160643321e+00,4.046437388873493912e-01
5.712904616794516777e+00,5.538068322644794428e+00,2.748027440539243527e-01
5.809183279084119356e+00,5.684777082865568154e+00,1.482263849584177506e-01
5.907534652182328649e+00,5.830104513733729732e+00,3.862661064547728840e-02
6.002104099972521034e+00,5.965826807622044647e+00,8.656986857753366793e-02
6.098435386047760254e+00,6.100304369258549464e+00,1.855938905030072306e-01
6.196402587957535069e+00,6.233412632858501112e+00,2.819956783854984939e-01
6.296052920501591821e+00,6.365265592689507201e+00,3.749311600214187412e-01
6.397349379773555889e+00,6.495858164221558262e+00,4.646875762368349316e-01
6.500255548227687363e+00,6.625186126328647340e+00,5.516346921594144082e-01
6.604735577769271337e+00,6.753246028926056077e+00,6.361593450440263808e-01
6.710754191556021375e+00,6.880035134222769244e+00,7.185795825427924166e-01
6.818276729645803336e+00,7.005551415215435007e+00,7.992045095116677711e-01
6.927269144146644742e+00,7.129793495899554578e+00,8.782738580089524127e-01
7.037698009180835435e+00,7.252760614356561497e+00,9.560191712723725699e-01
7.149530539932016815e+00,7.374452599050024482e+00,1.032635580444125400e+00
7.267495707391614879e+00,7.499875303041160457e+00,1.111408018983006452e+00
7.386913822005840125e+00,7.623915450345886136e+00,1.189279138701344163e+00
7.512565796603463575e+00,7.751405463437709642e+00,1.269420312034712728e+00
7.639712125336537873e+00,7.877405238579875402e+00,1.348826925302367696e+00
7.758701931879891767e+00,7.992708925465556113e+00,1.421819019920151250e+00
7.878910973870879353e+00,8.106740968940215453e+00,1.494373963748204304e+00
8.000003814927024948e+00,8.219222177513831440e+00,1.566352704051600320e+00
8.122253948797032663e+00,8.330444518781098040e+00,1.637984279996421044e+00
8.245634312840826041e+00,8.440411533435593583e+00,1.709310297608719109e+00
8.370118683665726422e+00,8.549127243425656886e+00,1.780351051093519876e+00
8.495681507627761420e+00,8.656595972047103515e+00,1.851133557430997056e+00
8.622297451045549010e+00,8.762821950794181802e+00,1.921666695491785815e+00
8.749941954287654866e+00,8.867809788742887278e+00,1.991967894061752897e+00
8.878591007232522259e+00,8.971564265634340174e+00,2.062035928745821867e+00
9.008221064802212297e+00,9.074090257131118165e+00,2.131875642987400177e+00
9.138809341493761451e+00,9.175392959057257158e+00,2.201488849910222978e+00
9.274785974589718762e+00,9.278832394339271872e+00,2.273196353119470103e+00
9.411738583484590137e+00,9.380976163619100916e+00,2.344654856422562439e+00
9.562287471364223634e+00,9.490978918793288699e+00,2.422320068021932116e+00
9.713941025539606144e+00,9.599453711987266047e+00,2.499613850342836230e+00
9.854439089303079768e+00,9.697926117368700361e+00,2.570430097835807448e+00
9.995825956286219949e+00,9.795118087109528915e+00,2.640934212619481247e+00
1.013284448723169184e+01,9.887538441204391404e+00,2.708527912283700267e+00
1.027064916899038849e+01,9.978782470756783596e+00,2.775800942425983298e+00
1.040922169384250573e+01,1.006885601844869704e+01,2.842731925215675304e+00
1.054854427973441489e+01,1.015776501150618039e+01,2.909281547136159940e+00
1.068859948608540478e+01,1.024551534044313073e+01,2.975429218386909991e+00
1.082937035734896902e+01,1.033211295010355890e+01,3.041156177480635936e+00
1.097084038171366771e+01,1.041756380999883014e+01,3.106438066788019814e+00
1.111299328365520900e+01,1.050187378963486751e+01,3.171253781483220902e+00
1.125581321200250962e+01,1.058504877512795517e+01,3.235582178717390178e+00
1.139928475376553685e+01,1.066709467455554439e+01,3.299394418755545288e+00
1.154361312166368947e+01,1.074813993583258132e+01,3.362762594731241617e+00
1.168856515898644766e+01,1.082806441046085588e+01,3.425575784176739802e+00
1.184585559169654090e+01,1.091316197962602352e+01,3.492765192965243237e+00
1.200383934454449353e+01,1.099696540399699174e+01,3.559218855216119248e+00
1.217346930842918162e+01,1.108512738198131231e+01,3.629414159402845730e+00
1.234385107015708094e+01,1.117182754900589181e+01,3.698646588826185244e+00
1.249817654396932376e+01,1.124879075524201433e+01,3.760264116678039947e+00
1.265308300623816251e+01,1.132457780913619771e+01,3.821083868472864520e+00
1.280207428517302759e+01,1.139611255854016036e+01,3.878535773622231009e+00
1.295157417461452276e+01,1.146657819985609805e+01,3.935171840039513480e+00
1.310157090443252947e+01,1.153598014056221643e+01,3.990955774072525220e+00
1.325205283869598993e+01,1.160432366730816334e+01,4.045833002885220075e+00
1.340300863349939142e+01,1.167161402235374368e+01,4.100409676711852747e+00
1.355442723446880393e+01,1.173785640223650795e+01,4.153133558852667662e+00
1.370629777136587180e+01,1.180305591260056808e+01,4.205133480721154449e+00
1.385860966662259663e+01,1.186721761716001566e+01,4.256142822839977136e+00
1.401135255886681286e+01,1.193034650543593678e+01,4.306409972713956869e+00
1.416451625759849087e+01,1.199244747642174680e+01,4.355038391814172627e+00
1.431819688534491064e+01,1.205356714780123184e+01,4.402670267682965211e+00
1.447227915806448451e+01,1.211366710004817371e+01,4.449397210877131137e+00
1.463829677088242498e+01,1.217712073597575895e+01,4.498653907461656054e+00
1.480475552786890781e+01,1.223940794053699577e+01,4.545684972040866079e+00
1.498893454681101467e+01,1.230679249650309259e+01,4.596161665802555696e+00
1.517362190687998158e+01,1.237277106429097095e+01,4.644688716927247718e+00
1.534512307411687004e+01,1.243263360937298856e+01,4.687989746141417058e+00
1.551703644737300181e+01,1.249130190278281738e+01,4.729599742820655983e+00
1.567460152342071389e+01,1.254391296832429248e+01,4.766173508343461762e+00
1.583249369447109522e+01,1.259553409635666732e+01,4.801301596037511388e+00
1.598990207060572288e+01,1.264591520000254832e+01,4.834764172256527992e+00
1.614761823113333605e+01,1.269532437147606529e+01,4.866722882602619649e+00
1.630563444311215804e+01,1.274376549207410569e+01,4.897155912443594161e+00
1.646394304892573857e+01,1.279124234654349124e+01,4.926041299085976100e+00
1.662253656184956796e+01,1.283775865419319118e+01,4.953355736235921292e+00
1.678140761397282432e+01,1.288331805419250742e+01,4.979084623461310422e+00
1.694054897464434717e+01,1.292792411229606664e+01,5.003220986928682557e+00
1.709995352283821646e+01,1.297158031422169522e+01,5.025749884639313159e+00
1.725961428240042395e+01,1.301429007655781867e+01,5.046662109337414215e+00
1.741952434944627726e+01,1.305605672835173436e+01,5.065972017061699084e+00
1.758389946756109623e+01,1.309794645300058846e+01,5.084072340853641236e+00
1.774852286375681842e+01,1.313884959182825263e+01,5.100536457589742056e+00
1.793292851992620385e+01,1.318343237544806357e+01,5.116853535455121005e+00
1.811762612268234918e+01,1.322678981483019278e+01,5.131034267762871082e+00
1.831033850513106742e+01,1.327065985270711224e+01,5.143582698105127804e+00
1.850334666901637704e+01,1.331320973898596627e+01,5.153773662480287676e+00
1.867578300991690554e+01,1.335006083152755885e+01,5.161045244686571110e+00
1.884843911767645608e+01,1.338586814867856489e+01,5.166591721470521037e+00
1.901047920287951598e+01,1.341848874784109746e+01,5.170271766374440858e+00
1.917270019466209163e+01,1.345019747031757085e+01,5.172519502564142613e+00
1.933508020525479409e+01,1.348099376025544061e+01,5.173357654658071958e+00
1.949762958925465028e+01,1.351088318295791346e+01,5.172827396393989474e+00
1.966034270703974229e+01,1.353986804455208492e+01,5.170989610974014994e+00
1.982321398337154861e+01,1.356795057869078214e+01,5.167891880061507237e+00
1.998623792236539742e+01,1.359513294984435028e+01,5.163597210913941638e+00
2.014940906609727023e+01,1.362141724706500945e+01,5.158167932853733539e+00
2.031272202278465144e+01,1.364680548967513651e+01,5.151675748209845196e+00
2.047617147141243521e+01,1.367129962844201252e+01,5.144195391620655755e+00
2.063975212941725701e+01,1.369490154128054193e+01,5.135789786813012014e+00
2.080345878840779861e+01,1.371761303919417863e+01,5.126594181899155167e+00
2.097560389571312811e+01,1.374051973779740621e+01,5.116080030712815585e+00
2.114787647470070553e+01,1.376244720398932486e+01,5.104919943046746234e+00
2.134190083900897861e+01,1.378595598633070374e+01,5.091567456364644251e+00
2.153607090521929734e+01,1.380822935348227354e+01,5.077540227323114941e+00
2.173191173182359037e+01,1.382943075989925497e+01,5.062966858947707927e+00
2.192788387732605671e+01,1.384938189601585812e+01,5.047997430118377871e+00
2.210206778935222971e+01,1.386605750108259194e+01,5.034615676407936391e+00
2.227634304975089208e+01,1.388174969467080722e+01,5.021259618660592672e+00
2.244103040748684208e+01,1.389566958323655754e+01,5.008763929302625151e+00
2.260578939050989788e+01,1.390871438355432588e+01,4.996494635168535758e+00
2.277061523923940811e+01,1.392088508662016189e+01,4.984525846392241277e+00
2.293550323876511499e+01,1.393218261791900758e+01,4.972951862181797189e+00
2.310044869321688310e+01,1.394260783566208595e+01,4.961869036121321130e+00
2.326544692098721612e+01,1.395216153092156475e+01,4.951361814191369781e+00
2.343049326688288403e+01,1.396084442869014630e+01,4.941512721854768309e+00
2.359558309071309168e+01,1.396865718743070062e+01,4.932401465244122818e+00
2.376071177163946757e+01,1.397560039953834377e+01,4.924113644551033175e+00
2.392587470256389892e+01,1.398167459125467893e+01,4.916707039171940075e+00
2.409106729038200356e+01,1.398688022285942267e+01,4.910244169911546663e+00
2.425628495327463341e+01,1.399121768871496485e+01,4.904806129564305728e+00
2.443117987962341786e+01,1.399486324288156247e+01,4.900171797965299447e+00
2.460609236367863772e+01,1.399753687497351429e+01,4.896784933217727342e+00
2.480304233117646007e+01,1.399938423529472153e+01,4.894439004762652701e+00
2.500000000000008527e+01,1.399999999999999112e+01,4.893624508331460454e+00
2.519695766882374954e+01,1.399938423529471976e+01,4.894451228929317388e+00
2.539390763632158254e+01,1.399753687497351073e+01,4.896809515713123062e+00
2.556882012037684149e+01,1.399486324288156069e+01,4.900208817892425017e+00
2.574371504672560462e+01,1.399121768871495952e+01,4.904855305089275141e+00
2.590893270961830908e+01,1.398688022285941379e+01,4.910297833370442788e+00
2.607412529743634977e+01,1.398167459125466827e+01,4.916763707553987395e+00
2.623928822836078467e+01,1.397560039953833311e+01,4.924163169251869476e+00
2.640441690928715346e+01,1.396865718743068641e+01,4.932443167420178298e+00
2.656950673311736111e+01,1.396084442869013209e+01,4.941542951685250706e+00
2.673455307901302902e+01,1.395216153092154876e+01,4.951380478221915737e+00
2.689955130678335493e+01,1.394260783566207351e+01,4.961876520007317382e+00
2.706449676123511594e+01,1.393218261791898982e+01,4.972948240439892587e+00
2.722938476076082992e+01,1.392088508662013879e+01,4.984514214915914287e+00
2.739421060949034725e+01,1.390871438355430456e+01,4.996475576595503121e+00
2.755896959251340661e+01,1.389566958323653623e+01,5.008739040327211178e+00
2.772365695024934240e+01,1.388174969467078235e+01,5.021229857811849051e+00
2.789793221064800477e+01,1.386605750108256885e+01,5.034579182956204768e+00
2.807211612267416712e+01,1.384938189601583325e+01,5.047957432533872080e+00
2.826808826817660503e+01,1.382943075989923543e+01,5.062918024309691845e+00
2.846392909478087674e+01,1.380822935348224867e+01,5.077483302959794109e+00
2.865809916099121679e+01,1.378595598633067354e+01,5.091503561769507691e+00
2.885212352529951119e+01,1.376244720398929466e+01,5.104846719874335470e+00
2.902439610428709571e+01,1.374051973779737601e+01,5.116002312305429456e+00
2.919654121159243232e+01,1.371761303919414310e+01,5.126508274856080405e+00
2.936024787058297036e+01,1.369490154128050285e+01,5.135700036102899269e+00
2.952382852858780637e+01,1.367129962844197344e+01,5.144100871809645703e+00
2.968727797721559725e+01,1.364680548967509566e+01,5.151578603585906357e+00
2.985059093390297491e+01,1.362141724706496504e+01,5.158066993228119124e+00
3.001376207763485837e+01,1.359513294984430409e+01,5.163495942746941125e+00
3.017678601662870363e+01,1.356795057869073418e+01,5.167790496560076718e+00
3.033965729296050995e+01,1.353986804455203696e+01,5.170888982265901213e+00
3.050237041074559130e+01,1.351088318295786372e+01,5.172726527012967424e+00
3.066491979474544749e+01,1.348099376025538554e+01,5.173258137664757506e+00
3.082729980533816772e+01,1.345019747031751578e+01,5.172421643026405391e+00
3.098952079712073626e+01,1.341848874784104595e+01,5.170174576134739297e+00
3.115156088232378551e+01,1.338586814867850805e+01,5.166498497788844624e+00
3.132421699008330762e+01,1.335006083152750911e+01,5.160948839249863695e+00
3.149665333098379705e+01,1.331320973898592364e+01,5.153682583320118304e+00
3.168966149486910311e+01,1.327065985270706783e+01,5.143487936602451960e+00
3.188237387731780359e+01,1.322678981483014837e+01,5.130936014546986890e+00
3.206707148007394892e+01,1.318343237544801561e+01,5.116758224814953238e+00
3.225147713624334500e+01,1.313884959182820289e+01,5.100437725551793200e+00
3.241610053243909562e+01,1.309794645300053517e+01,5.083979661569428821e+00
3.258047565055393591e+01,1.305605672835166864e+01,5.065879496024695783e+00
3.274038571759979988e+01,1.301429007655774939e+01,5.046568455755222615e+00
3.290004647716200736e+01,1.297158031422162416e+01,5.025652635117114464e+00
3.305945102535587665e+01,1.292792411229599558e+01,5.003113416146522496e+00
3.321859238602739595e+01,1.288331805419243281e+01,4.978963369238423198e+00
3.337746343815065586e+01,1.283775865419311479e+01,4.953217898373438288e+00
3.353605695107449236e+01,1.279124234654341130e+01,4.925886252664732012e+00
3.369436555688809420e+01,1.274376549207402043e+01,4.896986675671398004e+00
3.385238176886691974e+01,1.269532437147597648e+01,4.866536390871489814e+00
3.401009792939454002e+01,1.264591520000245595e+01,4.834564408346481379e+00
3.416750630552916590e+01,1.259553409635657495e+01,4.801088111195091379e+00
3.432539847657953658e+01,1.254391296832420544e+01,4.765951340487188048e+00
3.448296355262723267e+01,1.249130190278272323e+01,4.729379086115379494e+00
3.465487692588339996e+01,1.243263360937288553e+01,4.687760427427639875e+00
3.482637809312033284e+01,1.237277106429085016e+01,4.644454802897496570e+00
3.501106545318929619e+01,1.230679249650297180e+01,4.595903421371493103e+00
3.519524447213138529e+01,1.223940794053687142e+01,4.545427132284116212e+00
3.536170322911789299e+01,1.217712073597562039e+01,4.498117700159619758e+00
3.552772084193586721e+01,1.211366710004802627e+01,4.449402040700912053e+00
3.568180311465544463e+01,1.205356714780108440e+01,4.402791457304708445e+00
3.583548374240185552e+01,1.199244747642159403e+01,4.355042255672674223e+00
3.598864744113353709e+01,1.193034650543578401e+01,4.306189181815360811e+00
3.614139033337774976e+01,1.186721761715986112e+01,4.256238470043452793e+00
3.629370222863445150e+01,1.180305591260042064e+01,4.205228248270711511e+00
3.644557276553150871e+01,1.173785640223635696e+01,4.153187533207626458e+00
3.659699136650093010e+01,1.167161402235358381e+01,4.100155560330381199e+00
3.674794716130433159e+01,1.160432366730800879e+01,4.046163385517988154e+00
3.689842909556778494e+01,1.153598014056206011e+01,3.991243347191017143e+00
3.704842582538578455e+01,1.146657819985593818e+01,3.935430139430565522e+00
3.719792571482727794e+01,1.139611255853999694e+01,3.878755065528312063e+00
3.734691699376214302e+01,1.132457780913603429e+01,3.821263895907384356e+00
3.750182345603099776e+01,1.124879075524184557e+01,3.760443139068433638e+00
3.765614892984324769e+01,1.117182754900571240e+01,3.698813692212845172e+00
3.782653069157112924e+01,1.108512738198114000e+01,3.629590403156193190e+00
3.799616065545579602e+01,1.099696540399682654e+01,3.559398632129220807e+00
3.815414440830374332e+01,1.091316197962585832e+01,3.492941018177700307e+00
3.831143484101382057e+01,1.082806441046068713e+01,3.425753981341563836e+00
3.845638687833660896e+01,1.074813993583240368e+01,3.362928937627777337e+00
3.860071524623476336e+01,1.066709467455535787e+01,3.299554240595356625e+00
3.874418678799778348e+01,1.058504877512777220e+01,3.235733688272731001e+00
3.888700671634506278e+01,1.050187378963468454e+01,3.171398043044876935e+00
3.902915961828659874e+01,1.041756380999864717e+01,3.106574082866420561e+00
3.917062964265130631e+01,1.033211295010337594e+01,3.041285448184598561e+00
3.931140051391486168e+01,1.024551534044294954e+01,2.975558343681594220e+00
3.945145572026584091e+01,1.015776501150599387e+01,2.909411744747478323e+00
3.959077830615776605e+01,1.006885601844850164e+01,2.842869972590668759e+00
3.972935083100988862e+01,9.978782470756586420e+00,2.775953979232866242e+00
3.986715551276858349e+01,9.887538441204192452e+00,2.708682552594589676e+00
4.000417404371403762e+01,9.795118087109329963e+00,2.641080914148297598e+00
4.014556091069718491e+01,9.697926117368497856e+00,2.570570882314320738e+00
4.028605897446065853e+01,9.599453711987061766e+00,2.499744222109033576e+00
4.043771252863601262e+01,9.490978918793098629e+00,2.422450311692739167e+00
4.058826141651560704e+01,9.380976163618928609e+00,2.344785756629566453e+00
4.072521402541048730e+01,9.278832394339088907e+00,2.273323631116543897e+00
4.086119065850645882e+01,9.175392959057067088e+00,2.201615929597593890e+00
4.099177893519800620e+01,9.074090257130929871e+00,2.131999489258029623e+00
4.112140899276768380e+01,8.971564265634148327e+00,2.062155404231556854e+00
4.125005804571254941e+01,8.867809788742688326e+00,1.992084450395889661e+00
4.137770254895466593e+01,8.762821950793982850e+00,1.921781122552865595e+00
4.150431849237244109e+01,8.656595972046909893e+00,1.851243014657936614e+00
4.162988131633447608e+01,8.549127243425459710e+00,1.780454100507811832e+00
4.175436568715937824e+01,8.440411533435389302e+00,1.709406982891034321e+00
4.187774605120317517e+01,8.330444518780886654e+00,1.638074906370343919e+00
4.199999618507319354e+01,8.219222177513611172e+00,1.566433394218531783e+00
4.212108902612932582e+01,8.106740968939988079e+00,1.494442725301755814e+00
4.224129806812031518e+01,7.992708925465322523e+00,1.421876102941620257e+00
4.236028787466369039e+01,7.877405238579624047e+00,1.348871087491703591e+00
4.248743420339674515e+01,7.751405463437477827e+00,1.269452435130005163e+00
4.261308617799432596e+01,7.623915450345670308e+00,1.189294485364017495e+00
4.273250429260854588e+01,7.499875303040950847e+00,1.111407283162276549e+00
4.285046946006814039e+01,7.374452599049828194e+00,1.032617689796822669e+00
4.296230199081930579e+01,7.252760614356373203e+00,9.559811555648609627e-01
4.307273085585348582e+01,7.129793495899367173e+00,8.782117867633639774e-01
4.318172327035432545e+01,7.005551415215240496e+00,7.991155467143765678e-01
4.328924580844412873e+01,6.880035134222568516e+00,7.184587236982884484e-01
4.339526442223087344e+01,6.753246028925850908e+00,6.359991079039264417e-01
4.349974445177245741e+01,6.625186126328436842e+00,5.514259457964525435e-01
4.360265062022657645e+01,6.495858164221356645e+00,4.644163250113405583e-01
4.370394707949853341e+01,6.365265592689310914e+00,3.745870859145231102e-01
4.380359741204258484e+01,6.233412632858309266e+00,2.815704703064418890e-01
4.390156461395233833e+01,6.100304369258354065e+00,1.850851240685594257e-01
4.399789590002758644e+01,5.965826807621856354e+00,8.603373237540318241e-02
4.409246534781777882e+01,5.830104513733542326e+00,3.947754600098276473e-02
4.419081672091598278e+01,5.684777082865382525e+00,1.493174779039459776e-01
4.428709538320556049e+01,5.538068322644610575e+00,2.760846956822070042e-01
4.437683116815790640e+01,5.397053265160467461e+00,4.061724430729126145e-01
4.446460254018629854e+01,5.254807236239225077e+00,5.460356760963291922e-01
4.454941852077907782e+01,5.112956765769752998e+00,6.952926116747352170e-01
4.463223298871341171e+01,4.969928587766467842e+00,8.569737257969757271e-01
4.471300539262653473e+01,4.825737405494531451e+00,1.032843955481994369e+00
4.479169505678367358e+01,4.680399165279422569e+00,1.225010597473254803e+00
4.486826121735710871e+01,4.533931146801728929e+00,1.435749850398111871e+00
4.494266309760521239e+01,4.386351993547149775e+00,1.667823293686499619e+00
4.501485999794414994e+01,4.237681717516692537e+00,1.924160225567600024e+00
4.508481134036479432e+01,4.087941803344881109e+00,2.208396142541595886e+00
4.515247678169277634e+01,3.937155180715739444e+00,2.524396955597034253e+00
4.521781630341917690e+01,3.785346244030845853e+00,2.876896043921080448e+00
4.528177717625707288e+01,3.630091187875538861e+00,3.277590870502352427e+00
4.534325530140930738e+01,3.473836415369506270e+00,3.728071882303146012e+00
4.540277324081642263e+01,3.315072922531233424e+00,4.240848684797400736e+00
4.545967779870755976e+01,3.155354135650239034e+00,4.821656340106327931e+00
4.551259258255264939e+01,2.998780903575071211e+00,5.463746902716558829e+00
4.556295040465204238e+01,2.841366702120621035e+00,6.193042112147767675e+00
4.561071633332633013e+01,2.683146761808223424e+00,7.024950576705800032e+00
4.565585658692904758e+01,2.524157827449552638e+00,7.978558028142425762e+00
4.569833865135890250e+01,2.364438112595420804e+00,9.076962734161989843e+00
4.573813139224474611e+01,2.204027259157101515e+00,1.035238164680885475e+01
4.577520516124506145e+01,2.042966308328894254e+00,1.184074026124215706e+01
4.580953190814025078e+01,1.881297633029024752e+00,1.360844796180537664e+01
4.584108528412742345e+01,1.719064885302035384e+00,1.569449412738186389e+01
4.586984074189084026e+01,1.556312937413616204e+00,1.831388555700146981e+01
4.589589555689068590e+01,1.392288104846001850e+00,2.132241444674879105e+01
4.591908118771760172e+01,1.227833188394701347e+00,2.591363188760575298e+01
4.594111588777414568e+01,1.047677934993324289e+00,3.025576749070203064e+01
4.595967997026667007e+01,8.671320658101572265e-01,4.325829007178677443e+01
4.597640090765388976e+01,6.635275968056184581e-01,4.609403268384046726e+01
4.598868059127708108e+01,4.596070966222388088e-01,1.119470823489318576e+02
4.599716900423396027e+01,2.298732091441252623e-01,1.185578191779228661e+02
4.599999999999997868e+01,-4.438987382838607281e-17,9.403249130583884607e+02
