x,y,stress
9.999999999999994671e+00,4.488291767391033149e-16,9.293022494945737435e+02
1.000353613708254308e+01,1.736993945553562957e-01,1.414717553837241724e+02
1.001412617576020381e+01,3.471118060909941239e-01,1.149704223194340216e+02
1.003059904740293184e+01,5.107304037888149573e-01,5.239000673096010274e+01
1.005326789145826538e+01,6.736063922605599608e-01,4.621319616904393968e+01
1.008203165927807810e+01,8.355174509886800216e-01,3.279076309285704838e+01
1.011676561640768135e+01,9.962538590262426386e-01,2.757308165973692127e+01
1.015732412535659179e+01,1.155620591981903367e+00,2.257076943225346355e+01
1.020354370395420673e+01,1.313438894352011665e+00,1.929641354012733245e+01
1.025524621938521896e+01,1.469547323708086939e+00,1.661117095989226655e+01
1.031224208634364992e+01,1.623802284172452648e+00,1.453320677862766885e+01
1.037433336058058586e+01,1.776078104594807749e+00,1.282977108198226368e+01
1.044131664492126710e+01,1.926266733415737065e+00,1.142216732073383412e+01
1.051298572120968977e+01,2.074277069580362731e+00,1.019386773836112425e+01
1.058913389001473782e+01,2.220034063247194656e+00,9.208758010476378431e+00
1.066955597324114713e+01,2.363477603250134340e+00,8.346211071104587376e+00
1.075405004627249816e+01,2.504561380643152813e+00,7.602123062355921945e+00
1.084241879703536782e+01,2.643251572349319289e+00,6.952566893418564931e+00
1.093447057789249044e+01,2.779525501354506378e+00,6.384341776303447347e+00
1.103002029183322819e+01,2.913370468884725284e+00,5.884424327794848253e+00
1.112888993681781535e+01,3.044782465767743140e+00,5.443477786493526871e+00
1.123090901723428736e+01,3.173765057840073123e+00,5.053460600806439551e+00
1.133591480367085502e+01,3.300328366045059525e+00,4.707821392226368751e+00
1.144375235625346932e+01,3.424488015955846620e+00,4.401016943266179204e+00
1.155427456066422565e+01,3.546264334473002489e+00,4.128588943619578622e+00
1.166734198982447523e+01,3.665681531028005757e+00,3.886592957823173045e+00
1.178282265066753176e+01,3.782766927729399598e+00,3.671825036425555133e+00
1.190059183810050136e+01,3.897550439676180201e+00,3.481370100360941855e+00
1.202053180183436432e+01,4.010063972191103332e+00,3.312824051615534948e+00
1.214253145606338080e+01,4.120340961655990064e+00,3.163939443155967979e+00
1.226648611928066757e+01,4.228416016519034315e+00,3.032840982010283071e+00
1.239229700428547787e+01,4.334324405127298441e+00,2.917752351937136890e+00
1.251987128518662828e+01,4.438102089230990366e+00,2.817126392784665256e+00
1.264912150486687636e+01,4.539785225219029385e+00,2.729520154916261099e+00
1.277996510995404122e+01,4.639409840968908405e+00,2.653624900203269465e+00
1.291232447631246849e+01,4.737011916940845779e+00,2.588243333869189033e+00
1.304612636113128765e+01,4.832627038813670062e+00,2.532266908269537264e+00
1.318130196584682956e+01,4.926290519587626981e+00,2.484681070286520743e+00
1.331778609964934823e+01,5.018036896694900051e+00,2.444557072890029215e+00
1.345551720786469119e+01,5.107900065138260004e+00,2.411047302553682048e+00
1.359443766984436586e+01,5.195913551461091018e+00,2.383380213524764812e+00
1.373449292021530255e+01,5.282110022439701957e+00,2.360857275581653703e+00
1.387563134466698500e+01,5.366521326932845781e+00,2.342843987686849427e+00
1.401780422914682411e+01,5.449178558784758764e+00,2.328749233469677993e+00
1.416096548193446303e+01,5.530111980315193243e+00,2.318082533422625602e+00
1.430507151669989696e+01,5.609351043143802507e+00,2.310275759360772341e+00
1.445008107188546376e+01,5.686924370500565651e+00,2.305100060086048508e+00
1.459595501448866806e+01,5.762859733047364763e+00,2.301864780841714531e+00
1.474265635158855048e+01,5.837184131570126056e+00,2.301369575532691503e+00
1.489015001751381106e+01,5.909923757065620897e+00,2.301456224202784728e+00
1.503840260085036107e+01,5.981103928006873183e+00,2.303091798326415418e+00
1.518738238203600055e+01,6.050749180777108549e+00,2.305791920233753789e+00
1.533705931590377780e+01,6.118883322045266304e+00,2.309458216630000837e+00
1.548740478532879372e+01,6.185529373208669135e+00,2.313815192671919707e+00
1.563839154590957037e+01,6.250709605138128566e+00,2.318787492772517833e+00
1.579056027613962421e+01,6.314680629997680761e+00,2.324136824970586268e+00
1.594332395868914531e+01,6.377217652200418918e+00,2.330097616638914459e+00
1.609608791792569704e+01,6.438116486682263329e+00,2.336083288542760261e+00
1.624939626376989921e+01,6.497631634199735551e+00,2.342069906340087382e+00
1.640322750882867453e+01,6.555781901003304490e+00,2.348104456568212317e+00
1.655756113018771458e+01,6.612585461573137202e+00,2.354400412979789081e+00
1.671237749099594083e+01,6.668059868253518374e+00,2.360580831156486870e+00
1.686765780451372976e+01,6.722222075274041586e+00,2.366406906760644357e+00
1.702338407637580531e+01,6.775088453066551608e+00,2.372167809013571826e+00
1.717953905842028561e+01,6.826674805437360938e+00,2.377745908011072995e+00
1.733610619119288643e+01,6.876996381815730253e+00,2.383111081367421669e+00
1.749306961747642575e+01,6.926067910869435629e+00,2.388235276180087574e+00
1.765075457137240988e+01,6.974005660484901448e+00,2.393115677654197082e+00
1.780880747117551266e+01,7.020716013138466494e+00,2.397719402286087043e+00
1.796954748592846229e+01,7.066872700340073088e+00,2.402104420772357418e+00
1.813063749037323902e+01,7.111792697117903295e+00,2.406176358344980670e+00
1.828937722914567487e+01,7.154772359061126963e+00,2.409891293302595106e+00
1.844842956346341367e+01,7.196580418864500395e+00,2.413216848541968940e+00
1.860778235758373356e+01,7.237228269676746706e+00,2.416534621761773138e+00
1.876742390178398523e+01,7.276726886761525570e+00,2.419323968130387303e+00
1.892734287811654426e+01,7.315086836492993072e+00,2.421885736629200370e+00
1.908752835152856520e+01,7.352318290893128605e+00,2.424156194423760180e+00
1.924796977238853302e+01,7.388431043396670006e+00,2.426151947180644974e+00
1.940865686184237049e+01,7.423434497837286372e+00,2.427883942415466123e+00
1.956957966374224256e+01,7.457337695385732879e+00,2.429359534086819483e+00
1.973072858002932506e+01,7.490149334506408962e+00,2.430592638086373825e+00
1.989303324956061658e+01,7.522059114965800930e+00,2.431596411586435469e+00
2.005554798990999288e+01,7.552881197551825743e+00,2.432379739216071091e+00
2.022257218657161104e+01,7.583395821925329017e+00,2.432966876004858836e+00
2.038979883746036492e+01,7.612780743349015999e+00,2.433336402209238081e+00
2.055195695222852237e+01,7.640172899408026908e+00,2.433518293472133553e+00
2.071428827663104499e+01,7.666519187435826055e+00,2.433536174048184897e+00
2.087678490298065981e+01,7.691826029371858553e+00,2.433403367126691030e+00
2.103943909785709465e+01,7.716099552893484592e+00,2.433131180561858731e+00
2.120224330903430854e+01,7.739345600655972213e+00,2.432736990522340381e+00
2.136519016766738233e+01,7.761569737823741377e+00,2.432232097211904254e+00
2.152827246588843479e+01,7.782777255638549718e+00,2.431633154445291822e+00
2.169148312926662570e+01,7.802973174496058206e+00,2.430951886113232430e+00
2.185481521728451781e+01,7.822162250564393737e+00,2.430205323829142117e+00
2.201826195225865845e+01,7.840348984788792386e+00,2.429404601126443630e+00
2.218192382792799222e+01,7.857548554113804151e+00,2.428562044578157053e+00
2.234568725635465469e+01,7.873752720123287752e+00,2.427698326120243610e+00
2.251758886331247922e+01,7.889686273639016534e+00,2.426775601934214599e+00
2.268958778946802468e+01,7.904532513189343135e+00,2.425834182989903276e+00
2.285399796630381886e+01,7.917704273719689212e+00,2.424947266736108276e+00
2.301848416448062551e+01,7.929890031348895363e+00,2.424084609438637461e+00
2.318255977378684207e+01,7.941061307615720821e+00,2.423252827094301676e+00
2.334669885514987442e+01,7.951257650561804446e+00,2.422459383540708888e+00
2.351089544460360159e+01,7.960481372345444839e+00,2.421713846087917066e+00
2.367514367827475397e+01,7.968734561888786594e+00,2.421022884490306115e+00
2.383943773470332417e+01,7.976019083509885199e+00,2.420396204467821111e+00
2.400377181751686351e+01,7.982336578593530518e+00,2.419837786138567814e+00
2.416814018321100477e+01,7.987688468774522654e+00,2.419355811302144499e+00
2.433253711908127670e+01,7.992075956530972469e+00,2.418953038229841201e+00
2.449695693859606394e+01,7.995500026449842146e+00,2.418635301060200415e+00
2.466139398684895667e+01,7.997961446363937910e+00,2.418407881421177130e+00
2.483069392493042926e+01,7.999490391821059809e+00,2.418267911891454069e+00
2.499999999999998579e+01,7.999999999999993783e+00,2.418218455434376413e+00
2.516930607506956008e+01,7.999490391821060697e+00,2.418268562080756023e+00
2.533860601315100780e+01,7.997961446363938798e+00,2.418408898508642491e+00
2.550304306140391120e+01,7.995500026449843034e+00,2.418635433848060234e+00
2.566746288091870198e+01,7.992075956530972469e+00,2.418952182687988284e+00
2.583185981678897036e+01,7.987688468774521766e+00,2.419351712667411114e+00
2.599622818248311162e+01,7.982336578593530518e+00,2.419829915341758397e+00
2.616056226529665096e+01,7.976019083509886087e+00,2.420384704574128243e+00
2.632485632172522116e+01,7.968734561888787482e+00,2.421007627620279212e+00
2.648910455539636999e+01,7.960481372345445727e+00,2.421694286547531050e+00
2.665330114485009005e+01,7.951257650561803558e+00,2.422435216758243026e+00
2.681744022621313306e+01,7.941061307615719933e+00,2.423226510336319084e+00
2.698151583551934607e+01,7.929890031348895363e+00,2.424056051616513496e+00
2.714600203369615627e+01,7.917704273719687436e+00,2.424916680622147602e+00
2.731041221053193624e+01,7.904532513189343135e+00,2.425801501846749364e+00
2.748241113668749946e+01,7.889686273639014757e+00,2.426742424201310477e+00
2.765431274364532399e+01,7.873752720123285975e+00,2.427663968841725417e+00
2.781807617207198291e+01,7.857548554113806816e+00,2.428525764407813980e+00
2.798173804774130957e+01,7.840348984788792386e+00,2.429366377340962391e+00
2.814518478271545376e+01,7.822162250564394625e+00,2.430167268540494696e+00
2.830851687073333522e+01,7.802973174496059983e+00,2.430913747684440462e+00
2.847172753411152613e+01,7.782777255638550606e+00,2.431594938416653751e+00
2.863480983233258215e+01,7.761569737823742265e+00,2.432193773033028972e+00
2.879775669096565593e+01,7.739345600655974877e+00,2.432699944187576957e+00
2.896056090214286627e+01,7.716099552893487257e+00,2.433095093262921615e+00
2.912321509701929401e+01,7.691826029371860329e+00,2.433365691502288097e+00
2.928571172336890172e+01,7.666519187435831384e+00,2.433496828697675252e+00
2.944804304777143145e+01,7.640172899408031348e+00,2.433475845770229906e+00
2.961020116253959245e+01,7.612780743349020440e+00,2.433291412380444996e+00
2.977742781342833922e+01,7.583395821925333458e+00,2.432915534164931781e+00
2.994445201008995383e+01,7.552881197551830184e+00,2.432322005555263456e+00
3.010696675043934434e+01,7.522059114965804483e+00,2.431532704358515318e+00
3.026927141997063941e+01,7.490149334506412515e+00,2.430522724551014146e+00
3.043042033625771126e+01,7.457337695385736431e+00,2.429284983961730759e+00
3.059134313815757977e+01,7.423434497837291701e+00,2.427803221696027691e+00
3.075203022761142790e+01,7.388431043396674447e+00,2.426067581113320770e+00
3.091247164847140283e+01,7.352318290893131270e+00,2.424066106996235703e+00
3.107265712188342022e+01,7.315086836492994848e+00,2.421791716239056758e+00
3.123257609821598635e+01,7.276726886761526458e+00,2.419235239050284925e+00
3.139221764241625223e+01,7.237228269676745818e+00,2.416392281883889659e+00
3.155157043653656856e+01,7.196580418864498618e+00,2.413256957965052685e+00
3.171062277085430381e+01,7.154772359061124298e+00,2.409828132479580276e+00
3.186936250962673967e+01,7.111792697117901518e+00,2.406105262188232174e+00
3.203045251407150573e+01,7.066872700340073976e+00,2.402022773997297911e+00
3.219119252882445181e+01,7.020716013138468270e+00,2.397636331083401018e+00
3.234924542862754748e+01,6.974005660484904112e+00,2.393029366465753149e+00
3.250693038252352096e+01,6.926067910869442734e+00,2.388151028435692158e+00
3.266389380880704607e+01,6.876996381815740911e+00,2.383026317770186253e+00
3.282046094157964689e+01,6.826674805437372484e+00,2.377662197060762317e+00
3.297661592362413074e+01,6.775088453066563154e+00,2.372082907525653095e+00
3.313234219548620274e+01,6.722222075274053132e+00,2.366313798069065832e+00
3.328762250900400232e+01,6.668059868253529032e+00,2.360390321687664716e+00
3.344243886981222857e+01,6.612585461573145196e+00,2.354350913641885423e+00
3.359677249117127218e+01,6.555781901003310708e+00,2.348244817450265920e+00
3.375060373623005461e+01,6.497631634199740880e+00,2.342125467826137175e+00
3.390391208207425677e+01,6.438116486682270434e+00,2.336058817980832369e+00
3.405667604131081561e+01,6.377217652200425135e+00,2.330119710427880797e+00
3.420943972386034915e+01,6.314680629997681649e+00,2.324376441466086796e+00
3.436160845409040832e+01,6.250709605138125902e+00,2.318951083649819278e+00
3.451259521467117253e+01,6.185529373208670023e+00,2.313977383942124266e+00
3.466294068409617779e+01,6.118883322045273410e+00,2.309569076899716134e+00
3.481261761796395149e+01,6.050749180777116543e+00,2.305878045011741317e+00
3.496159739914958209e+01,5.981103928006884729e+00,2.303077797676932992e+00
3.510984998248612499e+01,5.909923757065636885e+00,2.301362532714078757e+00
3.525734364841139268e+01,5.837184131570142043e+00,2.300961198255600859e+00
3.540404498551126977e+01,5.762859733047380750e+00,2.302126213189287007e+00
3.554991892811447229e+01,5.686924370500583414e+00,2.305149413762105137e+00
3.569492848330003909e+01,5.609351043143820270e+00,2.310349698414826403e+00
3.583903451806548190e+01,5.530111980315210118e+00,2.318102448120419101e+00
3.598219577085311016e+01,5.449178558784781856e+00,2.328813449477423525e+00
3.612436865533293684e+01,5.366521326932875091e+00,2.342952743889386458e+00
3.626550707978461929e+01,5.282110022439733932e+00,2.361023665051773079e+00
3.640556233015556131e+01,5.195913551461121216e+00,2.383613949420853917e+00
3.654448279213522710e+01,5.107900065138293755e+00,2.411346564284846394e+00
3.668221390035056828e+01,5.018036896694936466e+00,2.444939117758663905e+00
3.681869803415307985e+01,4.926290519587666950e+00,2.485143830990917291e+00
3.695387363886863596e+01,4.832627038813707365e+00,2.532831937855280380e+00
3.708767552368744447e+01,4.737011916940887524e+00,2.588912635169264842e+00
3.722003489004587351e+01,4.639409840968949261e+00,2.654419324164993377e+00
3.735087849513304548e+01,4.539785225219071130e+00,2.730418732568656193e+00
3.748012871481329711e+01,4.438102089231029446e+00,2.818151959354876723e+00
3.760770299571444042e+01,4.334324405127344626e+00,2.918893144113796190e+00
3.773351388071925072e+01,4.228416016519081388e+00,3.034120240571505978e+00
3.785746854393653393e+01,4.120340961656043355e+00,3.165336370630380536e+00
3.797946819816554864e+01,4.010063972191159287e+00,3.314365978196221807e+00
3.809940816189941160e+01,3.897550439676234380e+00,3.483073082558834965e+00
3.821717734933238830e+01,3.782766927729448447e+00,3.673733998637794151e+00
3.833265801017544305e+01,3.665681531028065265e+00,3.888691062528670361e+00
3.844572543933569619e+01,3.546264334473061997e+00,4.130933274120549115e+00
3.855624764374644542e+01,3.424488015955912346e+00,4.403612762928174718e+00
3.866408519632906149e+01,3.300328366045119921e+00,4.710729642477453183e+00
3.876909098276562560e+01,3.173765057840143733e+00,5.056621371137103971e+00
3.887111006318210116e+01,3.044782465767816859e+00,5.446929532752450065e+00
3.896997970816669010e+01,2.913370468884799003e+00,5.887965469194027079e+00
3.906552942210743140e+01,2.779525501354573880e+00,6.387955345237870119e+00
3.915758120296455758e+01,2.643251572349394340e+00,6.956406377081092884e+00
3.924594995372743256e+01,2.504561380643223423e+00,7.605974288704684838e+00
3.933044402675879070e+01,2.363477603250200065e+00,8.351765688587731162e+00
3.941086610998520712e+01,2.220034063247246170e+00,9.214447601596690518e+00
3.948701427879026227e+01,2.074277069580409805e+00,1.021940859702107751e+01
3.955868335507869205e+01,1.926266733415772592e+00,1.140339662121752440e+01
3.962566663941937151e+01,1.776078104594851270e+00,1.281086005234047320e+01
3.968775791365630567e+01,1.623802284172493504e+00,1.451905784628371876e+01
3.974475378061474373e+01,1.469547323708116693e+00,1.659950270177910170e+01
3.979645629604576129e+01,1.313438894352024100e+00,1.927993087353197765e+01
3.984267587464337623e+01,1.155620591981924239e+00,2.255460512711610832e+01
3.988323438359228845e+01,9.962538590262732807e-01,2.753761616466129780e+01
3.991796834072189171e+01,8.355174509887060008e-01,3.277936161076860344e+01
3.994673210854170264e+01,6.736063922605834975e-01,4.613724114667818554e+01
3.996940095259704151e+01,5.107304037888231729e-01,5.239931724064405216e+01
3.998587382423976777e+01,3.471118060909895719e-01,1.148751824469416647e+02
3.999646386291743028e+01,1.736993945553529928e-01,1.403201950371145301e+02
3.999999999999997868e+01,-3.407557072511529257e-17,9.283360525148175384e+02
