x,y,stress
1.999999999999998890e+00,6.257932779605732445e-16,9.787410438844148075e+02
2.003926741492824792e+00,2.032550681056182473e-01,9.740257534901633107e+01
2.015687612272758944e+00,4.062076714433380253e-01,1.086522008126857628e+02
2.032670835720763680e+00,5.860971457917442118e-01,3.528964129726195864e+01
2.055733006632119331e+00,7.653088737101662042e-01,3.611507738096486264e+01
2.082236109255325207e+00,9.293653830201616950e-01,2.234877090754618578e+01
2.113726268528763885e+00,1.092538222669326986e+00,1.863030147680186133e+01
2.149987290144684593e+00,1.254185595939256048e+00,1.393386446129273537e+01
2.191004453045926059e+00,1.414692268048108881e+00,1.111408461573472017e+01
2.236662577695403886e+00,1.573941146275145808e+00,8.729536226702379054e+00
2.286838273050458170e+00,1.731825095955766169e+00,6.964848107950603939e+00
2.341401496401614324e+00,1.888247192424219456e+00,5.570533286811827800e+00
2.400217063447785737e+00,2.043120763227989301e+00,4.466726543348286782e+00
2.463146090316210124e+00,2.196369283790613913e+00,3.528279994130248287e+00
2.530047329975433357e+00,2.347926112132409759e+00,2.864581075577651958e+00
2.600778396698680606e+00,2.497734118528689429e+00,2.310721868266546686e+00
2.675196866209463398e+00,2.645745227021721213e+00,1.870583071372564410e+00
2.753161236338846241e+00,2.791919872491102073e+00,1.512894112324589813e+00
2.834531756643444478e+00,2.936226415826315161e+00,1.223139876723259523e+00
2.919171136094204311e+00,3.078640543593363699e+00,9.857479644972417798e-01
3.006945119207097949e+00,3.219144639253600726e+00,7.901151969406616793e-01
3.097722957478831862e+00,3.357727172222685574e+00,6.274010973350134801e-01
3.191377775498307923e+00,3.494382095937863308e+00,4.909012520828286430e-01
3.287786833833349132e+00,3.629108253004047047e+00,3.754449699299011733e-01
3.386831748000029396e+00,3.761908861524812853e+00,2.774979179584072253e-01
3.488398604730277075e+00,3.892790985085448963e+00,1.951504414799236919e-01
3.592377975907074639e+00,4.021764989835115323e+00,1.299057419431803584e-01
3.698664966758444361e+00,4.148844151332687247e+00,9.186958970518620260e-02
3.807159224931967234e+00,4.274044291362664616e+00,9.717798857477659424e-02
3.919727124828868980e+00,4.399534593986158093e+00,1.334706786536883072e-01
4.034384786577654758e+00,4.523118607605338681e+00,1.787278952214035876e-01
4.149049344664884842e+00,4.642774060961692761e+00,2.244444683941392016e-01
4.265561481310805370e+00,4.760631357367759442e+00,2.693447530476906215e-01
4.383800359994478590e+00,4.876673732516208837e+00,3.129381836586893062e-01
4.503731039172219397e+00,4.990966887723861767e+00,3.551697612246597635e-01
4.625281787076229278e+00,5.103535559957888879e+00,3.961474257998884307e-01
4.748384499155560157e+00,5.214405018976730588e+00,4.359838626351019708e-01
4.872974361727988146e+00,5.323600753124863694e+00,4.748173668656210378e-01
4.998989726613039863e+00,5.431148376776650188e+00,5.127635080588047733e-01
5.126372051038899258e+00,5.537073601073321250e+00,5.499317575849903550e-01
5.255065555092174101e+00,5.641401978835395070e+00,5.864033766272900294e-01
5.385017255148153659e+00,5.744158976581329235e+00,6.222707624653113223e-01
5.516176770257174233e+00,5.845369859887504127e+00,6.575583132676059428e-01
5.654859120779472725e+00,5.949794431475544876e+00,6.939625029991777216e-01
5.794762711606222361e+00,6.052577158023541237e+00,7.298219996812240762e-01
5.934321200562462373e+00,6.152671192364933539e+00,7.648119143237864792e-01
6.074980501300902169e+00,6.251212369949503689e+00,7.993438729420205835e-01
6.211668914989767920e+00,6.344822460888701166e+00,8.322452253585188586e-01
6.349304087295636556e+00,6.437034943444257529e+00,8.647666702903351599e-01
6.487850493068372693e+00,6.527872304032812600e+00,8.969167558993538236e-01
6.627274570404668275e+00,6.617356766597409568e+00,9.287063460288150774e-01
6.767544150726766183e+00,6.705509965004609718e+00,9.601457556711938679e-01
6.908628601206527442e+00,6.792353088069523537e+00,9.912390763704332919e-01
7.050498791205289884e+00,6.877906901381368954e+00,1.021994205110460019e+00
7.193126674235336360e+00,6.962191540761216046e+00,1.052412855136261260e+00
7.336485506049153393e+00,7.045226694202557205e+00,1.082499270756998033e+00
7.480549885224466955e+00,7.127031662554911939e+00,1.112253818226890179e+00
7.625608807089489183e+00,7.207797999882507689e+00,1.141741418166519750e+00
7.771328437231153963e+00,7.287366131744219544e+00,1.170906004454767224e+00
7.929976303126909265e+00,7.372268224261499192e+00,1.202139060839343188e+00
8.089346651913645658e+00,7.455806304154692477e+00,1.232975751470736459e+00
8.252036044830203920e+00,7.539334798157436346e+00,1.263923292430522594e+00
8.415418840100787889e+00,7.621498768232621401e+00,1.294458623891017401e+00
8.564990211506781748e+00,7.695252365383074000e+00,1.321951098752950582e+00
8.715099481338521414e+00,7.767904961997545321e+00,1.349117683553198388e+00
8.864737232554334767e+00,7.839004887764975393e+00,1.375765596813715907e+00
9.014872507663024948e+00,7.909048153520755520e+00,1.402079353911662496e+00
9.165489650080109740e+00,7.978049057651774412e+00,1.428051440521627358e+00
9.316573702608963004e+00,8.046021558957166420e+00,1.453684506186113889e+00
9.468110336928555526e+00,8.112979265181722965e+00,1.478968298991244046e+00
9.620085611653031776e+00,8.178935349098207297e+00,1.503907289394148084e+00
9.772486090625362110e+00,8.243902625854278909e+00,1.528496624113970803e+00
9.925299058293434840e+00,8.307893662940601942e+00,1.552747864919955090e+00
1.007851226603768424e+01,8.370920687577553920e+00,1.576896637499420217e+00
1.023211373106034117e+01,8.432995524811344623e+00,1.600344112535197816e+00
1.038984734530117038e+01,8.495607245684009712e+00,1.624082175664962158e+00
1.054796448670144038e+01,8.557244027949948872e+00,1.647508469598327752e+00
1.072510750053957906e+01,8.624986862222881356e+00,1.673346580554225804e+00
1.090269991016528905e+01,8.691542697585949995e+00,1.698492967180997182e+00
1.108107332947992241e+01,8.757052909197563295e+00,1.723288651745540134e+00
1.125986888309587997e+01,8.821402100374516664e+00,1.747586166318524592e+00
1.142009579550346920e+01,8.877972402736087787e+00,1.768918152442202851e+00
1.158063989027399643e+01,8.933636198927718652e+00,1.789861655926101580e+00
1.173746548631882902e+01,8.987044505478239742e+00,1.809905088768272607e+00
1.189457579363473805e+01,9.039609396194062896e+00,1.829572327244237462e+00
1.205196288494518875e+01,9.091339541957401238e+00,1.848858760751666885e+00
1.220961916301877714e+01,9.142243411771598716e+00,1.867766205814314073e+00
1.236753721875909307e+01,9.192329235540418253e+00,1.886294724064526251e+00
1.252570990528861472e+01,9.241605037664998079e+00,1.904442023830948516e+00
1.268413028337921311e+01,9.290078628425328944e+00,1.922207076832436412e+00
1.284279162349922920e+01,9.337757613387299926e+00,1.939588252026374970e+00
1.300168741436087139e+01,9.384649404013071461e+00,1.956586197333986421e+00
1.316081131217903355e+01,9.430761210390194549e+00,1.973200649528491502e+00
1.332111179891713881e+01,9.476369178675302152e+00,1.989520637721656326e+00
1.348163084315758908e+01,9.521201871677247297e+00,2.005464269120149190e+00
1.365778879190938255e+01,9.569451990938580010e+00,2.022469407093469229e+00
1.383419462437638536e+01,9.616787820907630291e+00,2.039014248217537073e+00
1.402990948463463461e+01,9.668172288263848557e+00,2.056782275408679528e+00
1.422591003538196475e+01,9.718456048811903614e+00,2.073949341291263959e+00
1.440872120153341207e+01,9.764311625401049355e+00,2.089433549639676091e+00
1.459176489862359105e+01,9.809230028132859047e+00,2.104407826102698387e+00
1.475614090177961302e+01,9.848729725684888692e+00,2.117423189050588572e+00
1.492069336646510003e+01,9.887487740714334450e+00,2.130043196949245043e+00
1.508211773676699607e+01,9.924755569828981550e+00,2.142025138900194303e+00
1.524370252957212379e+01,9.961321590325315611e+00,2.153626106868448353e+00
1.540544344822789746e+01,9.997190780608692151e+00,2.164847703785243382e+00
1.556733627934594821e+01,1.003236798157688447e+01,2.175691874962215167e+00
1.572937690777658126e+01,1.006685790418119097e+01,2.186161540080159504e+00
1.589156134447605773e+01,1.010066513899292140e+01,2.196260153505252166e+00
1.605388568756833223e+01,1.013379415131769434e+01,2.205988314827863395e+00
1.621634610999078774e+01,1.016624928235995640e+01,2.215353235059640991e+00
1.637893889292997684e+01,1.019803475933869841e+01,2.224356480228737443e+00
1.654166037325899197e+01,1.022915468827598851e+01,2.233011389087350640e+00
1.670596010528012343e+01,1.025988178454764466e+01,2.241396231825406815e+00
1.687038362209899134e+01,1.028993946270711746e+01,2.249441797573325630e+00
1.705167357098099501e+01,1.032228460376079759e+01,2.257885281083409801e+00
1.723310492525792270e+01,1.035382692723028342e+01,2.265928963136002672e+00
1.743647321506954029e+01,1.038820770408606897e+01,2.274441869219538059e+00
1.764000711337545724e+01,1.042159411752416176e+01,2.282437441862095628e+00
1.783473169476026143e+01,1.045258721455384965e+01,2.289641431402268612e+00
1.802959701767546008e+01,1.048268275395765237e+01,2.296399577582627582e+00
1.820274266463527368e+01,1.050865809375530269e+01,2.302058493198691824e+00
1.837599189589685977e+01,1.053393333197235648e+01,2.307397860237268894e+00
1.854001938220851642e+01,1.055720815587179295e+01,2.312165331803904156e+00
1.870413379257975706e+01,1.057986194860725426e+01,2.316662738965080237e+00
1.886833235395667074e+01,1.060189740100805977e+01,2.320894704568761124e+00
1.903261237271301098e+01,1.062331712224360203e+01,2.324868330011306217e+00
1.919697118873996544e+01,1.064412363510276904e+01,2.328594808924456583e+00
1.936140617180654999e+01,1.066431937733021407e+01,2.332080143688255447e+00
1.952591474303202190e+01,1.068390670588536118e+01,2.335334459104825289e+00
1.969049435335451648e+01,1.070288789574295585e+01,2.338364968062982552e+00
1.985514248897833411e+01,1.072126514204463632e+01,2.341181057532233378e+00
2.001985668507105132e+01,1.073904056291341647e+01,2.343791593069495693e+00
2.018463477094860181e+01,1.075621622558397306e+01,2.346199926033158079e+00
2.034947407587535650e+01,1.077279406444064058e+01,2.348430209767314647e+00
2.052468299528722184e+01,1.078975535098875049e+01,2.350590172046068904e+00
2.069995553910284869e+01,1.080604603343222436e+01,2.352575298975728035e+00
2.089743610511939309e+01,1.082359368077621298e+01,2.354580367806937691e+00
2.109498995368246810e+01,1.084029611279488670e+01,2.356372287580184022e+00
2.130500380151474005e+01,1.085712221479101558e+01,2.358064203492446165e+00
2.151509148338261568e+01,1.087299988589063737e+01,2.359526003116485970e+00
2.170378657034714109e+01,1.088645055604446732e+01,2.360687131047224163e+00
2.189253432020024093e+01,1.089914085017928436e+01,2.361706547798370526e+00
2.206162785132997328e+01,1.090986288858328201e+01,2.362512901665407838e+00
2.223075879348485628e+01,1.091997767573182720e+01,2.363232420598188721e+00
2.239616789211314085e+01,1.092928179218815465e+01,2.363850539009174412e+00
2.256160851350153251e+01,1.093800746655211853e+01,2.364393789548218994e+00
2.272707857578013702e+01,1.094615565632048337e+01,2.364867627601188182e+00
2.289257602439547412e+01,1.095372725462350516e+01,2.365278073382017787e+00
2.305809881584102428e+01,1.096072308981568888e+01,2.365630889558750560e+00
2.322364490955248684e+01,1.096714392565490570e+01,2.365932156782291962e+00
2.338921227985769136e+01,1.097299046226966013e+01,2.366188930362000509e+00
2.355479891266133663e+01,1.097826333636439955e+01,2.366404974022179086e+00
2.372040280029929349e+01,1.098296312139289732e+01,2.366585600311749804e+00
2.388602194712794713e+01,1.098709032803570729e+01,2.366735702461948421e+00
2.405290136062071582e+01,1.099066999960212243e+01,2.366857576542092279e+00
2.421979221418956740e+01,1.099366928784227504e+01,2.366965447596299121e+00
2.440324832570651736e+01,1.099629688313542708e+01,2.367052555271834891e+00
2.458671313270319203e+01,1.099822399048175292e+01,2.367122343390291928e+00
2.479335465823905338e+01,1.099955601630458446e+01,2.367174792206427458e+00
2.500000000000026645e+01,1.099999999999999467e+01,2.367185733262000991e+00
2.520664534176144755e+01,1.099955601630458624e+01,2.367179756283187775e+00
2.541328686729725916e+01,1.099822399048174759e+01,2.367132378054989328e+00
2.559675167429396936e+01,1.099629688313541998e+01,2.367066610154999751e+00
2.578020778581084116e+01,1.099366928784226793e+01,2.366983421066739091e+00
2.594709863937977801e+01,1.099066999960211355e+01,2.366876629000442378e+00
2.611397805287244012e+01,1.098709032803569663e+01,2.366755197742233197e+00
2.627959719970110442e+01,1.098296312139288666e+01,2.366602306201473382e+00
2.644520108733906127e+01,1.097826333636438711e+01,2.366418570368232999e+00
2.661078772014270299e+01,1.097299046226964592e+01,2.366196639739643892e+00
2.677635509044789686e+01,1.096714392565488971e+01,2.365933641485191696e+00
2.694190118415936652e+01,1.096072308981566756e+01,2.365625276928072562e+00
2.710742397560492378e+01,1.095372725462348562e+01,2.365265444122898408e+00
2.727292142422025378e+01,1.094615565632046206e+01,2.364848275301939307e+00
2.743839148649885118e+01,1.093800746655210077e+01,2.364367696883103331e+00
2.760383210788725705e+01,1.092928179218813334e+01,2.363819145127173282e+00
2.776924120651553807e+01,1.091997767573180411e+01,2.363195950621323149e+00
2.793837214867043883e+01,1.090986288858325537e+01,2.362472341331622872e+00
2.810746567980017119e+01,1.089914085017925593e+01,2.361662125852086458e+00
2.829621342965331010e+01,1.088645055604443357e+01,2.360638887517582329e+00
2.848490851661787104e+01,1.087299988589060007e+01,2.359474094200858296e+00
2.869499619848575023e+01,1.085712221479097828e+01,2.358008154390298650e+00
2.890501004631802573e+01,1.084029611279484406e+01,2.356311399061088441e+00
2.910256389488107587e+01,1.082359368077616679e+01,2.354515042918599921e+00
2.930004446089759895e+01,1.080604603343218173e+01,2.352504303414330700e+00
2.947531700471320093e+01,1.078975535098870964e+01,2.350516078515344276e+00
2.965052592412503074e+01,1.077279406444059795e+01,2.348353090113452168e+00
2.981536522905179609e+01,1.075621622558393042e+01,2.346123537501577427e+00
2.998014331492934303e+01,1.073904056291337206e+01,2.343716755863518575e+00
3.014485751102205313e+01,1.072126514204459191e+01,2.341109153136138765e+00
3.030950564664586366e+01,1.070288789574291144e+01,2.338296747612225612e+00
3.047408525696836890e+01,1.068390670588531322e+01,2.335269230409398489e+00
3.063859382819384436e+01,1.066431937733016255e+01,2.332017959877424218e+00
3.080302881126042536e+01,1.064412363510271931e+01,2.328533816583116423e+00
3.096738762728737626e+01,1.062331712224354696e+01,2.324808235347667118e+00
3.113166764604372716e+01,1.060189740100800293e+01,2.320834139809007102e+00
3.129586620742064795e+01,1.057986194860719564e+01,2.316601510147899834e+00
3.145998061779189570e+01,1.055720815587173256e+01,2.312103318843532040e+00
3.162400810410353813e+01,1.053393333197229431e+01,2.307335311466574002e+00
3.179725733536514554e+01,1.050865809375523874e+01,2.301993972198656202e+00
3.197040298232496269e+01,1.048268275395758309e+01,2.296334630799700793e+00
3.216526830524013292e+01,1.045258721455378392e+01,2.289573917554066806e+00
3.235999288662491580e+01,1.042159411752409426e+01,2.282367994754762819e+00
3.256352678493082209e+01,1.038820770408600325e+01,2.274369905770897038e+00
3.276689507474242902e+01,1.035382692723021769e+01,2.265853854186869132e+00
3.294832642901931052e+01,1.032228460376073897e+01,2.257813230117831527e+00
3.312961637790125735e+01,1.028993946270706417e+01,2.249372556508174803e+00
3.329403989472014302e+01,1.025988178454758604e+01,2.241332305995676233e+00
3.345833962674128514e+01,1.022915468827592989e+01,2.232957409188260023e+00
3.362106110707029671e+01,1.019803475933863801e+01,2.224298594141766561e+00
3.378365389000947516e+01,1.016624928235989600e+01,2.215287431172579868e+00
3.394611431243193778e+01,1.013379415131763572e+01,2.205915983987877915e+00
3.410843865552421050e+01,1.010066513899285923e+01,2.196181149703261948e+00
3.427062309222368697e+01,1.006685790418113058e+01,2.186079166258779960e+00
3.443266372065430403e+01,1.003236798157682053e+01,2.175606315860676432e+00
3.459455655177236366e+01,9.997190780608624650e+00,2.164760424339853273e+00
3.475629747042814444e+01,9.961321590325249886e+00,2.153537637945309946e+00
3.491788226323326683e+01,9.924755569828915824e+00,2.141936815271686001e+00
3.507930663353515399e+01,9.887487740714268725e+00,2.129955743735860718e+00
3.524385909822063923e+01,9.848729725684821190e+00,2.117335692971488381e+00
3.540823510137666119e+01,9.809230028132789769e+00,2.104322816598384716e+00
3.559127879846688103e+01,9.764311625400969419e+00,2.089348344343286090e+00
3.577408996461835500e+01,9.718456048811811243e+00,2.073865834525300489e+00
3.597009051536569757e+01,9.668172288263756187e+00,2.056698136109401887e+00
3.616580537562395392e+01,9.616787820907532591e+00,2.038929159004728930e+00
3.634221120809092298e+01,9.569451990938491193e+00,2.022385890104764439e+00
3.651836915684267382e+01,9.521201871677162032e+00,2.005380294602948865e+00
3.667888820108312586e+01,9.476369178675213334e+00,1.989436625355495591e+00
3.683918868782122757e+01,9.430761210390111060e+00,1.973115415631122582e+00
3.699831258563938974e+01,9.384649404012987972e+00,1.956499035537420328e+00
3.715720837650101771e+01,9.337757613387214661e+00,1.939497984613928194e+00
3.731586971662104446e+01,9.290078628425243679e+00,1.922111984713770205e+00
3.747429009471162686e+01,9.241605037664916367e+00,1.904341614496364965e+00
3.763246278124115207e+01,9.192329235540334764e+00,1.886189113989582333e+00
3.779038083698145556e+01,9.142243411771513451e+00,1.867654474365244122e+00
3.794803711505505817e+01,9.091339541957314196e+00,1.848740835182078657e+00
3.810542420636550531e+01,9.039609396193972302e+00,1.829448143183687980e+00
3.826253451368141612e+01,8.987044505478149148e+00,1.809779186572922249e+00
3.841936010972623450e+01,8.933636198927626282e+00,1.789736825748175608e+00
3.857990420449676350e+01,8.877972402735995416e+00,1.768792737108756397e+00
3.874013111690435807e+01,8.821402100374422517e+00,1.747466639343289829e+00
3.891892667052029964e+01,8.757052909197472701e+00,1.723165818504682534e+00
3.909730008983490990e+01,8.691542697585862953e+00,1.698369273791999090e+00
3.927489249946060568e+01,8.624986862222799644e+00,1.673150619850497289e+00
3.945203551329871772e+01,8.557244027949876042e+00,1.647448970653330846e+00
3.961015265469898594e+01,8.495607245683938658e+00,1.624043467870764035e+00
3.976788626893980449e+01,8.432995524811271792e+00,1.600277566105840821e+00
3.992148773396246497e+01,8.370920687577477537e+00,1.576713466921805029e+00
4.007470094170671615e+01,8.307893662940525559e+00,1.552801440242630227e+00
4.022751390937478533e+01,8.243902625854207855e+00,1.528539915988794240e+00
4.037991438834711033e+01,8.178935349098130914e+00,1.503930442772979603e+00
4.053188966307160257e+01,8.112979265181643029e+00,1.478975947361734100e+00
4.068342629739120042e+01,8.046021558957084707e+00,1.453677593195521034e+00
4.083451034992004480e+01,7.978049057651692699e+00,1.428038698360384551e+00
4.098512749233713492e+01,7.909048153520667590e+00,1.402059331900292527e+00
4.113526276744581622e+01,7.839004887764888352e+00,1.375742836603857988e+00
4.128490051866162958e+01,7.767904961997458280e+00,1.349090412027812880e+00
4.143500978849335326e+01,7.695252365382995841e+00,1.321922581995248258e+00
4.158458115989932935e+01,7.621498768232545906e+00,1.294425487426171140e+00
4.174796395516992220e+01,7.539334798157353745e+00,1.263892758526181437e+00
4.191065334808649112e+01,7.455806304154607211e+00,1.232944939456503963e+00
4.207002369687324261e+01,7.372268224261403269e+00,1.202107613194305369e+00
4.222867156276902278e+01,7.287366131744104969e+00,1.170876206506806794e+00
4.237439119291069289e+01,7.207797999882388673e+00,1.141707912352429188e+00
4.251945011477571512e+01,7.127031662554794700e+00,1.112219055292391401e+00
4.266351449395101980e+01,7.045226694202445294e+00,1.082462032130254270e+00
4.280687332576481907e+01,6.962191540761100583e+00,1.052373539173490968e+00
4.294950120879487798e+01,6.877906901381255267e+00,1.021952821996852778e+00
4.309137139879363332e+01,6.792353088069408962e+00,9.911948447793189620e-01
4.323245584927339991e+01,6.705509965004489814e+00,9.600977269397035219e-01
4.337272542959549781e+01,6.617356766597281670e+00,9.286540190868075584e-01
4.351214950693180583e+01,6.527872304032682038e+00,8.968592246801718737e-01
4.365069591270454197e+01,6.437034943444120749e+00,8.647028834467035407e-01
4.378833108501040527e+01,6.344822460888569715e+00,8.321749266893737618e-01
4.392501949869924971e+01,6.251212369949372238e+00,7.992658275664038525e-01
4.406567879943768418e+01,6.152671192364814523e+00,7.647315481493849321e-01
4.420523728839390998e+01,6.052577158023432879e+00,7.297376361692835545e-01
4.434514087922068626e+01,5.949794431475409873e+00,6.938819670517781812e-01
4.448382322974300962e+01,5.845369859887335373e+00,6.574849156314453991e-01
4.461498274485200710e+01,5.744158976581169362e+00,6.222118303582324650e-01
4.474493444490799021e+01,5.641401978835245856e+00,5.863738089882597482e-01
4.487362794896126417e+01,5.537073601073171147e+00,5.499071982180092633e-01
4.500101027338713067e+01,5.431148376776490316e+00,5.127349697894785230e-01
4.512702563827215840e+01,5.323600753124714480e+00,4.747806377793250543e-01
4.525161550084457218e+01,5.214405018976588480e+00,4.359334813373411111e-01
4.537471821292390217e+01,5.103535559957749435e+00,3.960886608021343402e-01
4.549626896082789074e+01,4.990966887723720546e+00,3.551033106410597662e-01
4.561619964000561822e+01,4.876673732516076498e+00,3.128654160518707927e-01
4.573443851868930210e+01,4.760631357367629768e+00,2.692667104518767229e-01
4.585095065533520398e+01,4.642774060961582627e+00,2.243461811538474682e-01
4.596561521342240297e+01,4.523118607605239205e+00,1.786008660422123140e-01
4.608027287517119674e+01,4.399534593986052400e+00,1.332916020651881139e-01
4.619284077506811315e+01,4.274044291362544712e+00,9.695263835731156299e-02
4.630133503324164224e+01,4.148844151332560237e+00,9.170756626489029451e-02
4.640762202409300130e+01,4.021764989834976767e+00,1.299885640605559500e-01
4.651160139526980686e+01,3.892790985085313071e+00,1.955566625720973062e-01
4.661316825200005809e+01,3.761908861524673853e+00,2.783119353393265771e-01
4.671221316616672681e+01,3.629108253003914264e+00,3.768610058711756028e-01
4.680862222450175381e+01,3.494382095937728305e+00,4.932286642787092612e-01
4.690227704252121299e+01,3.357727172222569223e+00,6.307438059055726631e-01
4.699305488079294690e+01,3.219144639253495477e+00,7.950768374336396604e-01
4.708082886390582900e+01,3.078640543593280210e+00,9.908931283691218006e-01
4.716546824335654975e+01,2.936226415826249880e+00,1.227700505071576131e+00
4.724683876366113822e+01,2.791919872491062105e+00,1.516757438910862454e+00
4.732480313379052461e+01,2.645745227021700785e+00,1.872670275401624229e+00
4.739922160330129230e+01,2.497734118528684100e+00,2.315546331400252900e+00
4.746995267002454000e+01,2.347926112132414200e+00,2.868348635520991063e+00
4.753685390968374946e+01,2.196369283790660543e+00,3.562605978336637946e+00
4.759978293655215964e+01,2.043120763228074122e+00,4.439568499322697370e+00
4.765859850359831995e+01,1.888247192424322485e+00,5.546157382894624455e+00
4.771316172694946545e+01,1.731825095955887628e+00,6.952817186434175234e+00
4.776333742230453083e+01,1.573941146275249503e+00,8.736599363415018971e+00
4.780899554695402998e+01,1.414692268048194368e+00,1.107117858442360081e+01
4.785001270985527100e+01,1.254185595939341535e+00,1.399920166400830368e+01
4.788627373147117794e+01,1.092538222669420245e+00,1.834004914022478872e+01
4.791776389074461662e+01,9.293653830202786015e-01,2.261906308790705111e+01
4.794426699336784026e+01,7.653088737103079797e-01,3.526981270096714383e+01
4.796732916427919946e+01,5.860971457918783267e-01,3.571893720255616955e+01
4.798431238772719354e+01,4.062076714434671998e-01,1.081881392108529525e+02
4.799607325850713835e+01,2.032550681056839725e-01,9.885772876354607774e+01
4.799999999999997868e+01,-3.874388657115724777e-17,9.801075405507543792e+02
