x,y,stress
1.999999999999998890e+00,-1.129143134672523563e-13,1.088610649984118481e+03
2.008823642119216490e+00,1.661822428102188443e-01,1.134039901489815065e+02
2.034928606555875152e+00,3.305430377147557386e-01,1.173156041449318394e+02
2.077258734819940944e+00,4.913728002063434963e-01,3.689723363586207938e+01
2.134355347682769466e+00,6.475818139150308905e-01,3.454632987859912419e+01
2.204527225300103144e+00,7.983811067978797693e-01,2.067885365453598467e+01
2.286062675208340611e+00,9.433618876293355937e-01,1.610565040596509689e+01
2.377360936773426303e+00,1.082410725167076482e+00,1.179833057075618363e+01
2.476998418997011786e+00,1.215618578994751564e+00,9.050726200313906844e+00
2.583748376570275784e+00,1.343203766514979414e+00,6.988942330465343744e+00
2.696573414225059029e+00,1.465454664820081465e+00,5.491333283044320446e+00
2.814605102304694295e+00,1.582690583404250617e+00,4.364812216454691196e+00
2.937119619862875286e+00,1.695236925712005460e+00,3.513920632005393063e+00
3.063514045306944045e+00,1.803410454546860997e+00,2.862280096635927862e+00
3.193285211216126296e+00,1.907511192525069621e+00,2.359727610256328934e+00
3.326011608629806826e+00,2.007818451219313793e+00,1.969172248519166279e+00
3.461338790000303423e+00,2.104589744498423176e+00,1.664283468388494613e+00
3.598967092715670280e+00,2.198060864786988144e+00,1.426033553242033181e+00
3.738641610665007331e+00,2.288446786658373533e+00,1.240154380045703331e+00
3.880144676559831307e+00,2.375943390471809025e+00,1.095985384132300400e+00
4.023289102308294396e+00,2.460728831790795379e+00,9.855083431851834330e-01
4.167912949870317796e+00,2.542965154074739331e+00,9.021654431391650242e-01
4.313876278553774313e+00,2.622800374193035466e+00,8.408008599541576533e-01
4.461057098757343908e+00,2.700369533621834073e+00,7.969823382373389942e-01
4.609347800667298323e+00,2.775795634808210455e+00,7.670529717302204675e-01
4.758653896548623585e+00,2.849191403593501537e+00,7.479473046982286766e-01
4.908892016161623850e+00,2.920660281972160988e+00,7.371914460693493876e-01
5.059988035234120218e+00,2.990297233906239693e+00,7.324491280739158228e-01
5.211876007869254757e+00,3.058189711066600314e+00,7.333709107874160082e-01
5.364496956197535305e+00,3.124418351255014326e+00,7.360204510907308872e-01
5.517797888198184175e+00,3.189057623867733948e+00,7.420852742679420189e-01
5.673436756053642505e+00,3.252866211596435519e+00,7.497522368045183017e-01
5.829677536790446091e+00,3.315186605597978176e+00,7.597323106278330851e-01
5.985357603884936317e+00,3.375649901362014482e+00,7.696488605118290138e-01
6.141555607654169968e+00,3.434762439024104275e+00,7.800459743088777875e-01
6.297639769934289866e+00,3.492357842488400088e+00,7.908487289692753830e-01
6.454176265405338064e+00,3.548712376560643644e+00,8.018779423957725916e-01
6.611138159264393188e+00,3.603870888695892116e+00,8.129886273136907038e-01
6.768500855210088041e+00,3.657875415459426183e+00,8.240976819858590874e-01
6.926241718500750544e+00,3.710765367974925066e+00,8.351352092514137126e-01
7.084339831736500948e+00,3.762577733835965166e+00,8.460564764000434446e-01
7.242776020572336826e+00,3.813347336958301526e+00,8.568277830964965425e-01
7.401532346111202365e+00,3.863106897881971147e+00,8.674271209489980983e-01
7.560592078243522529e+00,3.911887232117380986e+00,8.778380448030737027e-01
7.719940080031105545e+00,3.959717545883801204e+00,8.880538959874590965e-01
7.884895870271979135e+00,4.008175855818828737e+00,8.983940266034587951e-01
8.050129627493575413e+00,4.055677762240347484e+00,9.085162994553935834e-01
8.222846579510640908e+00,4.104259494211841108e+00,9.188441430456175674e-01
8.395836998320612921e+00,4.151858343685831620e+00,9.289292373580728679e-01
8.556784758414943681e+00,4.195222823420531100e+00,9.380916373270559161e-01
8.717946894049592998e+00,4.237783705717746763e+00,9.470567383276603524e-01
8.879008319484817946e+00,4.279482544847095227e+00,9.558100273957299553e-01
9.040265086150748530e+00,4.320419493492511087e+00,9.643730991737888836e-01
9.201708930421682808e+00,4.360612497107223540e+00,9.727500558963979582e-01
9.363332004106229789e+00,4.400078643287323565e+00,9.809462879282445646e-01
9.525126928453440556e+00,4.438834236829183766e+00,9.889658694525871319e-01
9.687086755460759591e+00,4.476894845846922877e+00,9.968145003754288469e-01
9.849204918904904460e+00,4.514275341382556483e+00,1.004497940514666121e+00
1.001147518947898085e+01,4.550989934513373747e+00,1.012018030524332923e+00
1.017389167201356415e+01,4.587052219583881651e+00,1.019377903328512414e+00
1.033644878637652553e+01,4.622475210106069987e+00,1.026585664808851162e+00
1.050575610362565193e+01,4.658672458179786702e+00,1.033922096860099060e+00
1.067520431402183689e+01,4.694204331534695740e+00,1.041103662841097011e+00
1.086301499704412699e+01,4.732792647049760326e+00,1.048875170978211591e+00
1.105098497358635434e+01,4.770597421608973931e+00,1.056457136218280635e+00
1.122651422771593310e+01,4.805179787989732887e+00,1.063378440541564940e+00
1.140217144133925231e+01,4.839106235654504928e+00,1.070145497702770232e+00
1.156573917366253923e+01,4.870097583049701306e+00,1.076310528504533348e+00
1.172940988458086586e+01,4.900540413775421378e+00,1.082350843353751868e+00
1.189307584941692575e+01,4.930424701928010300e+00,1.088262807516088282e+00
1.205683779894333085e+01,4.959778464878725757e+00,1.094053426732315204e+00
1.222069250144685171e+01,4.988609861041926052e+00,1.099725605353879976e+00
1.238463690403074224e+01,5.016926755384975678e+00,1.105281329273641200e+00
1.254866806829965498e+01,5.044736723157146052e+00,1.110723037563152493e+00
1.271278315948425330e+01,5.072047062589370547e+00,1.116052599149516933e+00
1.287697945856445791e+01,5.098864810513909163e+00,1.121272076512083160e+00
1.304125436679757577e+01,5.125196755629850998e+00,1.126383423272723228e+00
1.320560539206461392e+01,5.151049448006590481e+00,1.131387329882323156e+00
1.337003011545337827e+01,5.176429205025193880e+00,1.136288650050768290e+00
1.354252352862944520e+01,5.202541254983614749e+00,1.141314968862744417e+00
1.371509286267956007e+01,5.228146767709801246e+00,1.146233852473345971e+00
1.390946020503642266e+01,5.256375618141651884e+00,1.151638258091985945e+00
1.410391725859611967e+01,5.283979731212670394e+00,1.156903825231759608e+00
1.429663291344630593e+01,5.310717057800188989e+00,1.161990329409852141e+00
1.448943039285384771e+01,5.336857850004368409e+00,1.166944458611244739e+00
1.466095815750798437e+01,5.359610856858800787e+00,1.171245665619307319e+00
1.483254637076388427e+01,5.381903430845719427e+00,1.175449385873416075e+00
1.499758697347395220e+01,5.402908691396630658e+00,1.179400145099320341e+00
1.516268006999544760e+01,5.423497312186470687e+00,1.183262394020515584e+00
1.532782407449313489e+01,5.443673503787375800e+00,1.187037137060809044e+00
1.549301745770923588e+01,5.463441340182914274e+00,1.190724894784359611e+00
1.565825874479894431e+01,5.482804763509865786e+00,1.194327086574972885e+00
1.582354648413548937e+01,5.501767585251282178e+00,1.197844515466531368e+00
1.598887928186529450e+01,5.520333494918038930e+00,1.201277908698664687e+00
1.615425577678290381e+01,5.538506061483981391e+00,1.204628839920383498e+00
1.631967464518635325e+01,5.556288738131201832e+00,1.207897374229095044e+00
1.648513461171095784e+01,5.573684867318958958e+00,1.211085977859954310e+00
1.665097098709103918e+01,5.590731886898769432e+00,1.214199548633074555e+00
1.681684615853281883e+01,5.607397179564751255e+00,1.217237484674481784e+00
1.699662252444313637e+01,5.625027479607727088e+00,1.220439022027604681e+00
1.717644157997471410e+01,5.642216917282738997e+00,1.223553990510512612e+00
1.737902654743132658e+01,5.661054476855176709e+00,1.226958366946787171e+00
1.758166188278740449e+01,5.679342287467001427e+00,1.230248294074464788e+00
1.778148455030148511e+01,5.696838450854937008e+00,1.233386920306357437e+00
1.798135252013754837e+01,5.713809284906008479e+00,1.236417452405709438e+00
1.815875500632433415e+01,5.728432917095235943e+00,1.239021114683958702e+00
1.833619061789642402e+01,5.742648987738780519e+00,1.241544951300119548e+00
1.850209680541919255e+01,5.755572814645458557e+00,1.243831938043096663e+00
1.866803001273655127e+01,5.768144974255970503e+00,1.246051112180362574e+00
1.883395259319341264e+01,5.780364869922796522e+00,1.248200103931711658e+00
1.899990039699958189e+01,5.792237320584422200e+00,1.250281880258768741e+00
1.916587255944875778e+01,5.803764252094305576e+00,1.252295900065677703e+00
1.933186823247070762e+01,5.814947521015236376e+00,1.254244154533682876e+00
1.949788659210969399e+01,5.825788916724824240e+00,1.256131316795341846e+00
1.966392681481822535e+01,5.836290161404050103e+00,1.257954062518746641e+00
1.982998808622749820e+01,5.846452912190894580e+00,1.259713006400538626e+00
1.999606963271285665e+01,5.856278764472722109e+00,1.261409299705473552e+00
2.016217068494657028e+01,5.865769250903455578e+00,1.263042267638593064e+00
2.032829047844913717e+01,5.874925842795462039e+00,1.264615322295837840e+00
2.050330809100789509e+01,5.884212228428752134e+00,1.266205376630993085e+00
2.067834481091949073e+01,5.893131221857852431e+00,1.267731456783925514e+00
2.087555302746667607e+01,5.902740662699949681e+00,1.269370146821455991e+00
2.107278322756503286e+01,5.911887812770187267e+00,1.270925678176233475e+00
2.128433810652596136e+01,5.921186662756204200e+00,1.272504253400085439e+00
2.149591550380437255e+01,5.929958240825426330e+00,1.273984774242747253e+00
2.168667750559220053e+01,5.937415912962207720e+00,1.275242622401129511e+00
2.187745566192369395e+01,5.944448221931037502e+00,1.276425993879644727e+00
2.204798967490009076e+01,5.950374940364908660e+00,1.277421648036708213e+00
2.221853509344089161e+01,5.955963843605044161e+00,1.278360459278183647e+00
2.238482810723568406e+01,5.961088622963542250e+00,1.279218889221330979e+00
2.255113066221805340e+01,5.965893833302132521e+00,1.280022693849911741e+00
2.271744212531221052e+01,5.970380175498638309e+00,1.280770801627193922e+00
2.288376186790965860e+01,5.974548302097731245e+00,1.281464608193175314e+00
2.305008926900335453e+01,5.978398817867896398e+00,1.282104182642582524e+00
2.321642370771073516e+01,5.981932280066254215e+00,1.282690272229241479e+00
2.338276456736580045e+01,5.985149198961459582e+00,1.283223333555829182e+00
2.354911123944877005e+01,5.988050038267726194e+00,1.283703487142553445e+00
2.371546311635598769e+01,5.990635215332637209e+00,1.284131445785783532e+00
2.388181959421778444e+01,5.992905101496869058e+00,1.284507197876447071e+00
2.404936240095348055e+01,5.994872789395929935e+00,1.284832612050518241e+00
2.421690865216518773e+01,5.996521305021491166e+00,1.285107289784966245e+00
2.440100033552754155e+01,5.997964868853215670e+00,1.285347519152994611e+00
2.458509463398749162e+01,5.999023664631702779e+00,1.285525537893707604e+00
2.479254674258465485e+01,5.999755929701140467e+00,1.285650193720365486e+00
2.500000000000003553e+01,5.999999999999997335e+00,1.285691448844393792e+00
2.520745325741541976e+01,5.999755929701141355e+00,1.285654249908658509e+00
2.541490536601256167e+01,5.999023664631704555e+00,1.285533624003982522e+00
2.559899966447257924e+01,5.997964868853214782e+00,1.285358916811211394e+00
2.578309134783486201e+01,5.996521305021491166e+00,1.285121843391218599e+00
2.595063759904655143e+01,5.994872789395930823e+00,1.284848523945905097e+00
2.611818040578224398e+01,5.992905101496867282e+00,1.284524067300120587e+00
2.628453688364404783e+01,5.990635215332634544e+00,1.284146880387271539e+00
2.645088876055127258e+01,5.988050038267725306e+00,1.283717090867486643e+00
2.661723543263423508e+01,5.985149198961460471e+00,1.283232116281419755e+00
2.678357629228928616e+01,5.981932280066252439e+00,1.282693698398371218e+00
2.694991073099667034e+01,5.978398817867892845e+00,1.282101013841098869e+00
2.711623813209038047e+01,5.974548302097729469e+00,1.281452866759285492e+00
2.728255787468781790e+01,5.970380175498639197e+00,1.280758445331969586e+00
2.744886933778197147e+01,5.965893833302130744e+00,1.280011577012217350e+00
2.761517189276435147e+01,5.961088622963537809e+00,1.279212749792758563e+00
2.778146490655914036e+01,5.955963843605042385e+00,1.278359941407603229e+00
2.795201032509990569e+01,5.950374940364908660e+00,1.277427966350360045e+00
2.812254433807627407e+01,5.944448221931039278e+00,1.276438823195345407e+00
2.831332249440776749e+01,5.937415912962207720e+00,1.275259312239485965e+00
2.850408449619557771e+01,5.929958240825427218e+00,1.274004793406726233e+00
2.871566189347397113e+01,5.921186662756206864e+00,1.272522755498515901e+00
2.892721677243489253e+01,5.911887812770189043e+00,1.270942657182161817e+00
2.912444697253326709e+01,5.902740662699948793e+00,1.269383194645409052e+00
2.932165518908048085e+01,5.893131221857852431e+00,1.267737872749491901e+00
2.949669190899205873e+01,5.884212228428754798e+00,1.266211515617399641e+00
2.967170952155079888e+01,5.874925842795462927e+00,1.264622554423059819e+00
2.983782931505336933e+01,5.865769250903455578e+00,1.263050997962786415e+00
3.000393036728708651e+01,5.856278764472722997e+00,1.261419847013444340e+00
3.017001191377243430e+01,5.846452912190898132e+00,1.259724884602630768e+00
3.033607318518170004e+01,5.836290161404051879e+00,1.257967165654602981e+00
3.050211340789022074e+01,5.825788916724826016e+00,1.256144512113040124e+00
3.066813176752920356e+01,5.814947521015240817e+00,1.254257442673906597e+00
3.083412744055116406e+01,5.803764252094310905e+00,1.252304460071552050e+00
3.100009960300035772e+01,5.792237320584423976e+00,1.250285547985091616e+00
3.116604740680651631e+01,5.780364869922798299e+00,1.248200096780221813e+00
3.133196998726337767e+01,5.768144974255974056e+00,1.246047294682461670e+00
3.149790319458075061e+01,5.755572814645463886e+00,1.243826331114306294e+00
3.166380938210353335e+01,5.742648987738781408e+00,1.241537792900326176e+00
3.184124499367563388e+01,5.728432917095234167e+00,1.239013963657951578e+00
3.201864747986243032e+01,5.713809284906008479e+00,1.236410674271105403e+00
3.221851544969847936e+01,5.696838450854938785e+00,1.233381774885275117e+00
3.241833811721255643e+01,5.679342287467000538e+00,1.230244900233675720e+00
3.262097345256863434e+01,5.661054476855174933e+00,1.226956741574990906e+00
3.282355842002525037e+01,5.642216917282738997e+00,1.223554538449509010e+00
3.300337747555683166e+01,5.625027479607728864e+00,1.220438060464650309e+00
3.318315384146714564e+01,5.607397179564750367e+00,1.217234390452505588e+00
3.334902901290891464e+01,5.590731886898768543e+00,1.214194517725568190e+00
3.351486538828899597e+01,5.573684867318961622e+00,1.211078770343183120e+00
3.368032535481360412e+01,5.556288738131204497e+00,1.207888851036335254e+00
3.384574422321705356e+01,5.538506061483981391e+00,1.204619008061722729e+00
3.401112071813465576e+01,5.520333494918038930e+00,1.201267703291504896e+00
3.417645351586445912e+01,5.501767585251283954e+00,1.197834080110741883e+00
3.434174125520102194e+01,5.482804763509868451e+00,1.194316903714357281e+00
3.450698254229072859e+01,5.463441340182915162e+00,1.190715195998979903e+00
3.467217592550682070e+01,5.443673503787374024e+00,1.187027919798203657e+00
3.483731993000451865e+01,5.423497312186470687e+00,1.183253824416286681e+00
3.500241302652602116e+01,5.402908691396631546e+00,1.179391851441479622e+00
3.516745362923609264e+01,5.381903430845716763e+00,1.175441454317809997e+00
3.533904184249202274e+01,5.359610856858794570e+00,1.171237445901376573e+00
3.551056960714617361e+01,5.336857850004362191e+00,1.166936071871439218e+00
3.570336708655374736e+01,5.310717057800177443e+00,1.161981136532762582e+00
3.589608274140395849e+01,5.283979731212653519e+00,1.156893714487574831e+00
3.609053979496359688e+01,5.256375618141643002e+00,1.151627150447223968e+00
3.628490713732040973e+01,5.228146767709801246e+00,1.146221304178856037e+00
3.645747647137049086e+01,5.202541254983621855e+00,1.141301803076034016e+00
3.662996988454654002e+01,5.176429205025201874e+00,1.136274738496925174e+00
3.679439460793530259e+01,5.151049448006597586e+00,1.131373655098728559e+00
3.695874563320235495e+01,5.125196755629858103e+00,1.126370181027958939e+00
3.712302054143545860e+01,5.098864810513918044e+00,1.121259931580190550e+00
3.728721684051565433e+01,5.072047062589378541e+00,1.116041837959626415e+00
3.745133193170024555e+01,5.044736723157155822e+00,1.110713797622275845e+00
3.761536309596917249e+01,5.016926755384985448e+00,1.105273770223420549e+00
3.777930749855306658e+01,4.988609861041934934e+00,1.099719754015248574e+00
3.794316220105659454e+01,4.959778464878733750e+00,1.094049421966555080e+00
3.810692415058300497e+01,4.930424701928016518e+00,1.088260860036929012e+00
3.827059011541908262e+01,4.900540413775426707e+00,1.082351289022042584e+00
3.843426082633738616e+01,4.870097583049710188e+00,1.076314425076268844e+00
3.859782855866065177e+01,4.839106235654515586e+00,1.070153153984331418e+00
3.877348577228399051e+01,4.805179787989740881e+00,1.063388812414718387e+00
3.894901502641356927e+01,4.770597421608983701e+00,1.056471546270798756e+00
3.913698500295582505e+01,4.732792647049764767e+00,1.048886893850667024e+00
3.932479568597815245e+01,4.694204331534693075e+00,1.041111872891391066e+00
3.949424389637432853e+01,4.658672458179781373e+00,1.033926898804960581e+00
3.966355121362345670e+01,4.622475210106067323e+00,1.026586644230028211e+00
3.982610832798641809e+01,4.587052219583878987e+00,1.019377252992204053e+00
3.998852481052099961e+01,4.550989934513369306e+00,1.012015549752469878e+00
4.015079508109508311e+01,4.514275341382549378e+00,1.004494578677758820e+00
4.031291324453923863e+01,4.476894845846916660e+00,9.968109784140515295e-01
4.047487307154656122e+01,4.438834236829178437e+00,9.889602006876122564e-01
4.063666799589376666e+01,4.400078643287314684e+00,9.809376087880216089e-01
4.079829106957831186e+01,4.360612497107213770e+00,9.727387304757185715e-01
4.095973491384926035e+01,4.320419493492502205e+00,9.643587564565998527e-01
4.112099168051518205e+01,4.279482544847087233e+00,9.557936391845973656e-01
4.128205310595040345e+01,4.237783705717737881e+00,9.470380690597218765e-01
4.144321524158506520e+01,4.195222823420518665e+00,9.380709316486525173e-01
4.160416300167942438e+01,4.151858343685813857e+00,9.289068053350704179e-01
4.177715342048936265e+01,4.104259494211831338e+00,9.188200766588401347e-01
4.194987037250640327e+01,4.055677762240344819e+00,9.084900919503569039e-01
4.211510412972799600e+01,4.008175855818827849e+00,8.983660247311276992e-01
4.228005991996887047e+01,3.959717545883802092e+00,8.880238811517267017e-01
4.243940792175644816e+01,3.911887232117383650e+00,8.778067498261077350e-01
4.259846765388875411e+01,3.863106897881971147e+00,8.673943555049609122e-01
4.275722397942761432e+01,3.813347336958302858e+00,8.567934908656902326e-01
4.291566016826346441e+01,3.762577733835966942e+00,8.460199406609246742e-01
4.307375828149922370e+01,3.710765367974925955e+00,8.350965612677394567e-01
4.323149914478988620e+01,3.657875415459420854e+00,8.240546491102412885e-01
4.338886184073556507e+01,3.603870888695890340e+00,8.129398626244592752e-01
4.354582373459464151e+01,3.548712376560640536e+00,8.018142170718104422e-01
4.370236023006567905e+01,3.492357842488402309e+00,7.907638689756741890e-01
4.385844439234580250e+01,3.434762439024100278e+00,7.799054600470869403e-01
4.401464239611502904e+01,3.375649901362013150e+00,7.693586269489485208e-01
4.417032246320955835e+01,3.315186605597966629e+00,7.593839478726931436e-01
4.432656324394632463e+01,3.252866211596438628e+00,7.502153184793127760e-01
4.448220211180179007e+01,3.189057623867729063e+00,7.423384276598067322e-01
4.463550304380242295e+01,3.124418351255016990e+00,7.363453671098044717e-01
4.478812399213074968e+01,3.058189711066588323e+00,7.328582525932030300e-01
4.494001196476586557e+01,2.990297233906236141e+00,7.328092226943444532e-01
4.509110798383840546e+01,2.920660281972128125e+00,7.374413503283883120e-01
4.524134610345134888e+01,2.849191403593495320e+00,7.483309992612331429e-01
4.539065219933272743e+01,2.775795634808185586e+00,7.675263687048130556e-01
4.553894290124259925e+01,2.700369533621854057e+00,7.975159090132313278e-01
4.568612372144620082e+01,2.622800374193027473e+00,8.414195760752223308e-01
4.583208705012956585e+01,2.542965154074782852e+00,9.028730295831917108e-01
4.597671089769170294e+01,2.460728831790783833e+00,9.863512065284045782e-01
4.611985532344004923e+01,2.375943390471868089e+00,1.097041617148156512e+00
4.626135838933500821e+01,2.288446786658338006e+00,1.241535226291372807e+00
4.640103290728417562e+01,2.198060864787065860e+00,1.427829548464877529e+00
4.653866120999975209e+01,2.104589744498367221e+00,1.666703748248904438e+00
4.667398839136998134e+01,2.007818451219452793e+00,1.971880754767243893e+00
4.680671478878389991e+01,1.907511192525022103e+00,2.362772747777621696e+00
4.693648595469267804e+01,1.803410454547140773e+00,2.864812411206234533e+00
4.706288038013708075e+01,1.695236925712023668e+00,3.515048732205202420e+00
4.718539489769478479e+01,1.582690583404732010e+00,4.362942785160538683e+00
4.730342658577486503e+01,1.465454664820124098e+00,5.483433310905224012e+00
4.741625162342908339e+01,1.343203766515659314e+00,6.976956120875302148e+00
4.752300158100293714e+01,1.215618578994793086e+00,9.021011721915511927e+00
4.762263906322598217e+01,1.082410725167887611e+00,1.176564403118190150e+01
4.771393732479159411e+01,9.433618876293878852e-01,1.598439296983837110e+01
4.779547277469952604e+01,7.983811067985417953e-01,2.057487345573177606e+01
4.786564465231720078e+01,6.475818139150496533e-01,3.386036748988009748e+01
4.792274126517997246e+01,4.913728002065658740e-01,3.824154146615712335e+01
4.796507139344408444e+01,3.305430377147579590e-01,1.156011132170318803e+02
4.799117635788074665e+01,1.661822428102250615e-01,1.139860213534195452e+02
4.799999999999997868e+01,-3.220536610940605978e-17,1.085909865323879103e+03
