x,y,stress
-1.026482936546534521e-18,-7.778304566942259181e-17,1.196384266308846635e-08
4.708764726892405474e-03,1.940787732357639461e-01,6.261559662167468153e-09
1.879627560075289999e-02,3.877030781536105475e-01,1.821960689697063212e-08
3.913823603956242264e-02,5.593396106778572019e-01,4.477009023589686803e-08
6.669540162367933178e-02,7.299667723491164439e-01,2.289553815925952151e-07
9.964124495830967154e-02,8.919312861622178401e-01,1.740820477536529863e-07
1.388536291290057845e-01,1.052494266103375820e+00,4.555646751496490824e-06
1.841307159156640727e-01,1.211454113055186133e+00,3.496094277197601019e-05
2.352512964412019625e-01,1.368632698693572403e+00,1.296446537567253713e-04
2.919797914545759210e-01,1.523875972596764994e+00,3.930833883870019931e-04
3.540710206345953348e-01,1.677053833081168177e+00,1.084143179516950002e-03
4.212745408866067076e-01,1.828059290308980289e+00,2.440999997104570038e-03
4.933384720547803748e-01,1.976807153152968288e+00,4.544578077134995078e-03
5.700127777580658028e-01,2.123232415769722436e+00,7.340055961214689284e-03
6.510519478507599267e-01,2.267288380554625782e+00,1.075814671968474204e-02
7.362171299833087934e-01,2.408944692986854985e+00,1.458595385166551808e-02
8.252777548396711405e-01,2.548185373770136763e+00,1.976425261528337238e-02
9.180126926073550742e-01,2.685006884954438622e+00,2.554524302126506830e-02
1.014211032094763043e+00,2.819416325046456340e+00,3.218470946629039403e-02
1.113672527623474018e+00,2.951429752032473264e+00,4.058011557202443470e-02
1.216207771323350117e+00,3.081070650878104722e+00,5.074971045929198982e-02
1.321638176725584701e+00,3.208368591445833307e+00,6.282729046640789239e-02
1.429795779804414080e+00,3.333358019013837659e+00,7.679253503786340196e-02
1.540522930965109394e+00,3.456077213198247566e+00,9.257737711207893183e-02
1.653671909866704981e+00,3.576567398114634866e+00,1.100642392397291336e-01
1.769104479547990438e+00,3.694871977600150181e+00,1.291090952588647145e-01
1.886691348651018840e+00,3.811035831633731163e+00,1.495561473588010171e-01
2.007051999911985352e+00,3.925798614605664483e+00,1.713800344846617696e-01
2.129356305649649617e+00,4.038487974597869012e+00,1.943053107339600682e-01
2.253992210830427556e+00,4.149585611215406367e+00,2.182737104668880657e-01
2.380377814060368635e+00,4.258688852975242689e+00,2.430524706768110721e-01
2.507127500109779916e+00,4.364780621358780976e+00,2.682510483078840990e-01
2.635413701031121381e+00,4.469009369889006322e+00,2.939948407438163214e-01
2.765156316894517463e+00,4.571419497492901662e+00,3.201780652402456684e-01
2.896280620340883072e+00,4.672054615867103244e+00,3.467027494623191597e-01
3.028716751392129591e+00,4.770957344759109375e+00,3.734836740554541290e-01
3.162399142075126068e+00,4.868169081204288595e+00,4.004435720170652080e-01
3.297266436828997005e+00,4.963730143930241034e+00,4.275173343786352609e-01
3.433261253815741210e+00,5.057679781936922581e+00,4.546434350977976990e-01
3.570329522057659855e+00,5.150055894171347681e+00,4.817695276129168591e-01
3.708420934430192606e+00,5.240895509656178675e+00,5.088521419048959160e-01
3.849889144448513267e+00,5.331758596153926000e+00,5.363117534047018298e-01
3.992320043870482671e+00,5.421105169403506174e+00,5.636529661601282770e-01
4.144961254547055773e+00,5.514596760245033202e+00,5.925864008561148033e-01
4.298593807495213248e+00,5.606450308748656575e+00,6.213055213670631849e-01
4.442228977923375233e+00,5.690385584177811928e+00,6.477945083325211684e-01
4.586644803267390103e+00,5.772970529798739037e+00,6.740707764055161588e-01
4.730871817448790040e+00,5.853715985174656744e+00,6.999456981634715191e-01
4.875805850265089170e+00,5.933185448964494846e+00,7.255792123096693746e-01
5.021417882221560269e+00,6.011405912938283969e+00,7.509618662659054422e-01
5.167680337723780326e+00,6.088403361319508988e+00,7.760842194357194801e-01
5.314567066909932969e+00,6.164202855024325522e+00,8.009410915774757278e-01
5.462053548689184801e+00,6.238828716555195442e+00,8.255256334090617099e-01
5.610116497121961920e+00,6.312304400072201283e+00,8.498350387674472595e-01
5.758733700473857020e+00,6.384652487842630286e+00,8.738654173912862033e-01
5.907884202257863926e+00,6.455894848779430539e+00,8.976133824895971003e-01
6.057547987454204197e+00,6.526052549618639453e+00,9.210802654784668864e-01
6.211235303560909138e+00,6.596754610344015113e+00,9.447984907619064732e-01
6.365421089509445629e+00,6.666362952359558669e+00,9.682235756781087943e-01
6.537588983955500588e+00,6.742573745680662256e+00,9.939441163753799380e-01
6.710327587588008846e+00,6.817482034260515356e+00,1.019281017707620585e+00
6.877507827935802176e+00,6.888544432298849607e+00,1.043559403388406359e+00
7.045178790572783178e+00,6.958441151148751835e+00,1.067265183451640898e+00
7.198932699466783269e+00,7.021361725043218982e+00,1.088714330013240916e+00
7.353068238251244004e+00,7.083341577489345120e+00,1.109870585125139142e+00
7.506791859587399252e+00,7.144090357280789227e+00,1.130640413724641524e+00
7.660868542043728802e+00,7.203938037309439046e+00,1.151132288987186225e+00
7.815286818357804144e+00,7.262898956914574988e+00,1.171347158579048253e+00
7.970035587687044121e+00,7.320986951119137665e+00,1.191287762975385078e+00
8.125104182074531778e+00,7.378215406279884370e+00,1.210952195975225631e+00
8.280482567789739790e+00,7.434597359201285727e+00,1.230338239691638691e+00
8.436161121813668728e+00,7.490145436424932690e+00,1.249450639634274607e+00
8.592130436840301755e+00,7.544871809628974191e+00,1.268287152025901809e+00
8.748381517630496873e+00,7.598788289757843373e+00,1.286850494181476678e+00
8.904905826887709708e+00,7.651906361775702159e+00,1.305143312026595170e+00
9.065846434902924855e+00,7.705610944384918781e+00,1.323629668792317471e+00
9.227057650447017423e+00,7.758497685894381490e+00,1.341824736951367392e+00
9.407684678258011246e+00,7.816697030407356195e+00,1.361922814310868146e+00
9.588628896553604619e+00,7.873902622835587728e+00,1.381571512696118331e+00
9.779386735800519759e+00,7.933049167745521935e+00,1.401892007356326797e+00
9.970472350204589773e+00,7.991128066790418316e+00,1.421781140065834004e+00
1.014171972428807855e+01,8.042203750200707546e+00,1.439420897695962598e+00
1.031321270832125769e+01,8.092448618795014426e+00,1.456567603294428581e+00
1.047226923316640423e+01,8.138255722366025680e+00,1.472226379434738330e+00
1.063152434026676829e+01,8.183367592532093227e+00,1.487610884248263377e+00
1.079075144078750270e+01,8.227731209829521219e+00,1.502707340372562816e+00
1.095016574729533154e+01,8.271417363151504887e+00,1.517538103154366214e+00
1.110976213459990625e+01,8.314433638367486168e+00,1.532102703060693072e+00
1.126953561963281203e+01,8.356787400904416074e+00,1.546402374844369154e+00
1.142948139131054752e+01,8.398485812966171693e+00,1.560435354670235197e+00
1.158959480008219245e+01,8.439535839123069039e+00,1.574203850476658673e+00
1.174987134574764447e+01,8.479944251191845694e+00,1.587707906211732745e+00
1.191030665943610778e+01,8.519717631471097619e+00,1.600948948209249156e+00
1.207089649397970277e+01,8.558862377962279666e+00,1.613925245562101596e+00
1.223163676853990545e+01,8.597384722246619759e+00,1.626643773742203036e+00
1.239879328672914660e+01,8.636754847690580661e+00,1.639575515012959395e+00
1.256610357991409188e+01,8.675466279706924411e+00,1.652239704257155717e+00
1.275423283129421925e+01,8.718175831673478982e+00,1.666126840400825371e+00
1.294254510386157797e+01,8.760071062977395684e+00,1.679661289153319137e+00
1.314762812423546556e+01,8.804737642143214416e+00,1.693983974773148882e+00
1.335291429785971928e+01,8.848461060744961415e+00,1.707875129353969568e+00
1.354023539441283219e+01,8.887508493921396635e+00,1.720186933636417059e+00
1.372771489717144178e+01,8.925788153977652684e+00,1.732152314410960070e+00
1.389504691442835949e+01,8.959285837317636947e+00,1.742541886982583277e+00
1.406249789302101583e+01,8.992183696164840256e+00,1.752665777044929651e+00
1.422479976084717102e+01,9.023481011726330436e+00,1.762217075552466206e+00
1.438720744551469011e+01,9.054224509657007758e+00,1.771520282087584608e+00
1.454971821502200413e+01,9.084418401765137929e+00,1.780576890546579527e+00
1.471232939276321261e+01,9.114066784719065950e+00,1.789388255380396142e+00
1.487503836109933886e+01,9.143173644294760649e+00,1.797956468252682072e+00
1.503784259234835829e+01,9.171742864124974304e+00,1.806283678672764514e+00
1.520073961426165887e+01,9.199778222479050527e+00,1.814373116448544820e+00
1.536372699722686974e+01,9.227283393207560636e+00,1.822226424440082981e+00
1.552680238507252142e+01,9.254261953919669992e+00,1.829845839893878612e+00
1.568996345731505571e+01,9.280717382391259207e+00,1.837235043477162932e+00
1.585368688267509185e+01,9.306728373471312210e+00,1.844414987507241310e+00
1.601749199492664033e+01,9.332219885440268925e+00,1.851377276089988921e+00
1.619560897181549919e+01,9.359339281148631784e+00,1.858679489737717683e+00
1.637381712664678446e+01,9.385852920522181009e+00,1.865731566495878901e+00
1.657458298468325708e+01,9.414986760419884249e+00,1.873353335373885598e+00
1.677545733198923372e+01,9.443362942529063275e+00,1.880656032821209855e+00
1.698889023043510704e+01,9.472673289077219394e+00,1.888068316232908828e+00
1.720243714177756900e+01,9.501141097548813974e+00,1.895118172534358658e+00
1.739427203908932285e+01,9.525988890899428796e+00,1.901169593479190123e+00
1.758619259841918492e+01,9.550166154050012679e+00,1.906950473902998988e+00
1.775702077059067463e+01,9.571116982942749374e+00,1.911879068810176774e+00
1.792791251813324749e+01,9.591542763487618473e+00,1.916608005662834735e+00
1.809209430869843160e+01,9.610667730892233251e+00,1.920965217847241391e+00
1.825633126659122496e+01,9.629313014034131868e+00,1.925144977036675975e+00
1.842062173776699296e+01,9.647480762830928924e+00,1.929150609801171035e+00
1.858496409020468221e+01,9.665173060228447355e+00,1.932985203143432029e+00
1.874935671955534033e+01,9.682391924152884854e+00,1.936654332493776831e+00
1.891379804991569458e+01,9.699139308807060544e+00,1.940160804964766506e+00
1.907828653516038031e+01,9.715417105943206622e+00,1.943509261182076564e+00
1.924282063893561201e+01,9.731227144030983212e+00,1.946703618410780212e+00
1.940739884270923099e+01,9.746571190284052832e+00,1.949747903141647143e+00
1.957201967273930165e+01,9.761450954171682071e+00,1.952647008093558068e+00
1.973684735509286270e+01,9.775882358018892049e+00,1.955403678820288871e+00
1.990171483306208700e+01,9.789851793416120884e+00,1.958029789876069016e+00
2.007934586558601708e+01,9.804384022584786251e+00,1.960700188278802214e+00
2.025701964983800352e+01,9.818383878402608289e+00,1.963230817526012029e+00
2.045712756471237626e+01,9.833512577196030335e+00,1.965897286732664728e+00
2.065728502828143220e+01,9.847970972129523659e+00,1.968392798182830861e+00
2.087717700319435110e+01,9.863081307883534876e+00,1.970939996516630099e+00
2.109712268159838899e+01,9.877388712711518082e+00,1.973278406506010940e+00
2.129962882036407024e+01,9.889851389240744695e+00,1.975274851406698895e+00
2.150217543183978819e+01,9.901638032490374997e+00,1.977117319580645516e+00
2.168209055909511207e+01,9.911540561926411641e+00,1.978637404450742654e+00
2.186203409957008859e+01,9.920912619373188690e+00,1.980050654589219805e+00
2.202761375934368004e+01,9.929067791379864616e+00,1.981259469958981390e+00
2.219321483833661546e+01,9.936775791422611803e+00,1.982387035761754790e+00
2.235834810999231692e+01,9.944016695818794105e+00,1.983429197195969440e+00
2.252350021033950256e+01,9.950814630304885000e+00,1.984392407906043987e+00
2.268866992417122574e+01,9.957170307114919794e+00,1.985279058088101456e+00
2.285385603938939880e+01,9.963084390692143799e+00,1.986092088659498600e+00
2.301905735366831607e+01,9.968557498309923659e+00,1.986834061766392656e+00
2.318427267105896306e+01,9.973590200259371485e+00,1.987507374057273069e+00
2.334950080129821970e+01,9.978183020130140690e+00,1.988114142534462392e+00
2.351474056103002752e+01,9.982336435115376716e+00,1.988656752779544679e+00
2.367999077021120513e+01,9.986050876163382384e+00,1.989137123597999102e+00
2.384525025564997591e+01,9.989326728286931356e+00,1.989559339321997911e+00
2.401586575798516066e+01,9.992248834321076245e+00,1.989931508668523419e+00
2.418648861573317888e+01,9.994704191541979199e+00,1.990249267869976801e+00
2.437780683578858998e+01,9.996902525613885260e+00,1.990529755412274726e+00
2.456913089309841780e+01,9.998514704196557190e+00,1.990738963669746120e+00
2.478456416644197446e+01,9.999628692319477707e+00,1.990886198570776422e+00
2.500000000000004619e+01,9.999999999999992895e+00,1.990931685532770556e+00
2.521543583355812146e+01,9.999628692319475931e+00,1.990889889047642525e+00
2.543086910690166746e+01,9.998514704196555414e+00,1.990746442118755510e+00
2.562219316421154147e+01,9.996902525613883483e+00,1.990540381394053870e+00
2.581351138426689573e+01,9.994704191541979199e+00,1.990263059198700946e+00
2.598413424201500277e+01,9.992248834321074469e+00,1.989946498888973903e+00
2.615474974435009159e+01,9.989326728286927803e+00,1.989575118641114804e+00
2.632000922978899382e+01,9.986050876163378831e+00,1.989151982081440728e+00
2.648525943897002577e+01,9.982336435115373163e+00,1.988670428964526726e+00
2.665049919870184425e+01,9.978183020130137137e+00,1.988124900442205245e+00
2.681572732894110800e+01,9.973590200259367933e+00,1.987515197530515421e+00
2.698094264633175499e+01,9.968557498309921883e+00,1.986839138486371281e+00
2.714614396061065804e+01,9.963084390692138470e+00,1.986094447065555491e+00
2.731133007582883110e+01,9.957170307114914465e+00,1.985278700831680565e+00
2.747649978966056139e+01,9.950814630304881447e+00,1.984389459112323228e+00
2.764165189000775058e+01,9.944016695818788776e+00,1.983424403604095110e+00
2.780678516166344849e+01,9.936775791422610027e+00,1.982380393137458396e+00
2.797238624065639456e+01,9.929067791379859287e+00,1.981250791874668016e+00
2.813796590042998602e+01,9.920912619373181585e+00,1.980039937149960405e+00
2.831790944090496254e+01,9.911540561926408088e+00,1.978624608295229237e+00
2.849782456816028997e+01,9.901638032490369667e+00,1.977102339518481022e+00
2.870037117963601503e+01,9.889851389240737589e+00,1.975257071562046551e+00
2.890287731840170338e+01,9.877388712711510976e+00,1.973257748183988580e+00
2.912282299680574127e+01,9.863081307883527771e+00,1.970916406968819645e+00
2.934271497171866017e+01,9.847970972129514777e+00,1.968365686096514633e+00
2.954287243528770901e+01,9.833512577196021454e+00,1.965866627820572976e+00
2.974298035016207820e+01,9.818383878402601184e+00,1.963195750009541163e+00
2.992065413441406108e+01,9.804384022584779146e+00,1.960662635981317292e+00
3.009828516693798051e+01,9.789851793416112002e+00,1.957989741594002853e+00
3.026315264490720480e+01,9.775882358018883167e+00,1.955363741949911915e+00
3.042798032726076585e+01,9.761450954171674965e+00,1.952607947429074065e+00
3.059260115729084362e+01,9.746571190284045727e+00,1.949711114441263327e+00
3.075717936106445194e+01,9.731227144030972553e+00,1.946669580209305916e+00
3.092171346483968009e+01,9.715417105943195963e+00,1.943477832752729784e+00
3.108620195008436937e+01,9.699139308807051663e+00,1.940132193588627318e+00
3.125064328044472006e+01,9.682391924152877749e+00,1.936627530656487295e+00
3.141503590979537819e+01,9.665173060228440249e+00,1.932960261929161039e+00
3.157937826223307454e+01,9.647480762830918266e+00,1.929126239968257162e+00
3.174366873340884965e+01,9.629313014034121210e+00,1.925121177617802548e+00
3.190790569130162524e+01,9.610667730892222593e+00,1.920940851440927855e+00
3.207208748186679514e+01,9.591542763487609591e+00,1.916582987744561262e+00
3.224297922940935024e+01,9.571116982942744045e+00,1.911852625921938387e+00
3.241380740158082574e+01,9.550166154050007350e+00,1.906923156641651573e+00
3.260572796091069847e+01,9.525988890899423467e+00,1.901140828734491750e+00
3.279756285822246298e+01,9.501141097548808645e+00,1.895088817713642015e+00
3.301110976956494625e+01,9.472673289077208736e+00,1.888038069167500277e+00
3.322454266801082667e+01,9.443362942529050841e+00,1.880624706552186165e+00
3.342541701531678910e+01,9.414986760419873590e+00,1.873322206094687692e+00
3.362618287335322975e+01,9.385852920522172127e+00,1.865700274040331674e+00
3.380439102818456831e+01,9.359339281148615797e+00,1.858649857756335955e+00
3.398250800507348401e+01,9.332219885440245832e+00,1.851349130280323774e+00
3.414631311732503605e+01,9.306728373471289117e+00,1.844389224751407763e+00
3.431003654268506153e+01,9.280717382391232562e+00,1.837211789519902716e+00
3.447319761492759937e+01,9.254261953919641570e+00,1.829824286477879536e+00
3.463627300277325816e+01,9.227283393207535767e+00,1.822206573628527115e+00
3.479926038573848501e+01,9.199778222479022105e+00,1.814354233915822290e+00
3.496215740765178026e+01,9.171742864124944106e+00,1.806265589640582592e+00
3.512496163890080680e+01,9.143173644294728675e+00,1.797937786167435492e+00
3.528767060723693305e+01,9.114066784719033976e+00,1.789368804126897805e+00
3.545028178497815929e+01,9.084418401765102402e+00,1.780556599370863413e+00
3.561279255448548753e+01,9.054224509656972231e+00,1.771498824911491132e+00
3.577520023915300840e+01,9.023481011726291356e+00,1.762194091149933639e+00
3.593750210697917424e+01,8.992183696164799400e+00,1.752641626068033087e+00
3.610495308557182881e+01,8.959285837317594314e+00,1.742517869636119654e+00
3.627228510282874652e+01,8.925788153977611827e+00,1.732129736751813587e+00
3.645976460558736676e+01,8.887508493921350450e+00,1.720165211290933360e+00
3.664708570214047967e+01,8.848461060744911677e+00,1.707855968509182309e+00
3.685237187576471030e+01,8.804737642143171783e+00,1.693968303192183278e+00
3.705745489613858012e+01,8.760071062977354828e+00,1.679649792911357853e+00
3.724576716870591753e+01,8.718175831673438125e+00,1.666119802201332822e+00
3.743389642008601470e+01,8.675466279706892436e+00,1.652239585508959552e+00
3.760120671327095465e+01,8.636754847690550463e+00,1.639574712590607497e+00
3.776836323146017094e+01,8.597384722246594890e+00,1.626638841683698100e+00
3.792910350602037539e+01,8.558862377962253021e+00,1.613914840433557263e+00
3.808969334056398282e+01,8.519717631471069197e+00,1.600932653026605257e+00
3.825012865425244257e+01,8.479944251191817273e+00,1.587686118095125165e+00
3.841040519991788926e+01,8.439535839123037064e+00,1.574175839867955951e+00
3.857051860868953952e+01,8.398485812966139719e+00,1.560401610992568466e+00
3.873046438036728745e+01,8.356787400904382324e+00,1.546362514968135704e+00
3.889023786540018790e+01,8.314433638367455970e+00,1.532058745572342229e+00
3.904983425270474839e+01,8.271417363151474689e+00,1.517489078334036456e+00
3.920924855921257546e+01,8.227731209829492798e+00,1.502654550363564878e+00
3.936847565973329921e+01,8.183367592532066581e+00,1.487553548986302099e+00
3.952773076683366327e+01,8.138255722366000811e+00,1.472164304358802633e+00
3.968678729167881158e+01,8.092448618794987780e+00,1.456511801197533984e+00
3.985828027571199783e+01,8.042203750200679124e+00,1.439314730926833708e+00
4.002952764979549016e+01,7.991128066790387230e+00,1.421807419637517444e+00
4.022061326419957794e+01,7.933049167745483743e+00,1.401878693786720032e+00
4.041137110344650551e+01,7.873902622835542431e+00,1.381545215225697065e+00
4.059231532174208468e+01,7.816697030407313562e+00,1.361863390777718896e+00
4.077294234955307672e+01,7.758497685894341522e+00,1.341825513786424340e+00
4.093415356509715508e+01,7.705610944384885919e+00,1.323602334700822558e+00
4.109509417311234358e+01,7.651906361775671961e+00,1.305104334186041770e+00
4.125161848236955819e+01,7.598788289757816727e+00,1.286805201575203395e+00
4.140786956315974265e+01,7.544871809628948434e+00,1.268237572411813785e+00
4.156383887818636680e+01,7.490145436424911374e+00,1.249397271752444860e+00
4.171951743221028153e+01,7.434597359201266187e+00,1.230283831652833504e+00
4.187489581792549842e+01,7.378215406279863053e+00,1.210896674732719003e+00
4.202996441231299229e+01,7.320986951119112796e+00,1.191234386091670761e+00
4.218471318164224471e+01,7.262898956914551007e+00,1.171296240121426635e+00
4.233913145795632005e+01,7.203938037309409737e+00,1.151080533747673051e+00
4.249320814041266203e+01,7.144090357280755477e+00,1.130587213727906271e+00
4.264693176174883860e+01,7.083341577489303376e+00,1.109814580233210002e+00
4.280106730053330466e+01,7.021361725043175461e+00,1.088653402053228358e+00
4.295482120942730120e+01,6.958441151148700321e+00,1.067213649683347754e+00
4.312249217206426266e+01,6.888544432298805198e+00,1.043448418809571399e+00
4.328967241241203823e+01,6.817482034260484269e+00,1.019336508288890997e+00
4.346241101604453405e+01,6.742573745680638275e+00,9.939904724695632909e-01
4.363457891049058190e+01,6.666362952359539129e+00,9.682645242648607598e-01
4.378876469643909530e+01,6.596754610344004455e+00,9.448286738714219979e-01
4.394245201254577893e+01,6.526052549618634124e+00,9.211042588490221394e-01
4.409211579774211742e+01,6.455894848779431427e+00,8.976330612835730083e-01
4.424126629952611012e+01,6.384652487842628510e+00,8.738814717015431777e-01
4.438988350287801410e+01,6.312304400072194177e+00,8.498492397377589436e-01
4.453794645131080898e+01,6.238828716555187448e+00,8.255375901111152714e-01
4.468543293309004838e+01,6.164202855024322858e+00,8.009511128789124079e-01
4.483231966227620546e+01,6.088403361319503659e+00,7.760921741584023703e-01
4.497858211777843707e+01,6.011405912938274199e+00,7.509675731041256519e-01
4.512419414973491172e+01,5.933185448964484188e+00,7.255823773730404325e-01
4.526912818255119220e+01,5.853715985174654080e+00,6.999460618671339285e-01
4.541335519673257437e+01,5.772970529798736372e+00,6.740677516438607908e-01
4.555777102207658658e+01,5.690385584177815481e+00,6.477891952504110096e-01
4.570140619250475567e+01,5.606450308748660127e+00,6.212970265112436330e-01
4.585503874545290870e+01,5.514596760245042084e+00,5.925778221864486106e-01
4.600767995612948624e+01,5.421105169403515944e+00,5.636425329851807442e-01
4.615011085555145343e+01,5.331758596153933105e+00,5.363003428386793336e-01
4.629157906556978475e+01,5.240895509656177786e+00,5.088400065422803431e-01
4.642967047794231661e+01,5.150055894171346793e+00,4.817575031147853237e-01
4.656673874618423525e+01,5.057679781936916363e+00,4.546313494251250087e-01
4.670273356317098745e+01,4.963730143930235705e+00,4.275061842745894736e-01
4.683760085792487615e+01,4.868169081204272608e+00,4.004332323045509678e-01
4.697128324860785398e+01,4.770957344759104934e+00,3.734731361067911148e-01
4.710371937965910405e+01,4.672054615867097027e+00,3.466925596572201229e-01
4.723484368310547410e+01,4.571419497492894557e+00,3.201674033912056405e-01
4.736458629896888084e+01,4.469009369888987671e+00,2.939846562944176123e-01
4.749287249989020410e+01,4.364780621358778312e+00,2.682374087248643457e-01
4.761962218593961182e+01,4.258688852975239136e+00,2.430317123902713539e-01
4.774600778916954624e+01,4.149585611215409919e+00,2.182399741993481523e-01
4.787064369435033484e+01,4.038487974597861907e+00,1.942462895235504694e-01
4.799294800008799911e+01,3.925798614605659598e+00,1.712997273389953445e-01
4.811330865134897294e+01,3.811035831633704074e+00,1.494709278534658015e-01
4.823089552045198758e+01,3.694871977600133750e+00,1.290299545393046310e-01
4.834632809013329080e+01,3.576567398114617991e+00,1.099990619814250059e-01
4.845947706903486818e+01,3.456077213198244902e+00,9.252684748464626296e-02
4.857020422019557060e+01,3.333358019013823004e+00,7.675530244060667362e-02
4.867836182327438621e+01,3.208368591445839524e+00,6.279819788184069773e-02
4.878379222867662435e+01,3.081070650878109163e+00,5.072997948951259856e-02
4.888632747237649312e+01,2.951429752032488363e+00,4.055415178352046734e-02
4.898578896790520787e+01,2.819416325046453675e+00,3.216384175647103022e-02
4.908198730739261606e+01,2.685006884954445727e+00,2.548354253735817324e-02
4.917472224516031076e+01,2.548185373770129214e+00,1.969537491415021893e-02
4.926378287001666223e+01,2.408944692986864755e+00,1.460404411292370863e-02
4.934894805214920410e+01,2.267288380554633775e+00,1.075644052953148716e-02
4.942998722224187702e+01,2.123232415769757964e+00,7.344736735945754137e-03
4.950666152794517672e+01,1.976807153153012031e+00,4.548772708509818061e-03
4.957872545911334328e+01,1.828059290309043350e+00,2.445027200745047112e-03
4.964592897936534399e+01,1.677053833081237011e+00,1.087571440037623594e-03
4.970802020854537773e+01,1.523875972596802963e+00,3.948501898875993806e-04
4.976474870355878011e+01,1.368632698693564187e+00,1.290772071062760691e-04
4.981586928408431447e+01,1.211454113055187243e+00,3.324973243645681486e-05
4.986114637087096213e+01,1.052494266103382925e+00,3.474512858079831366e-06
4.990035875504165119e+01,8.919312861622289423e-01,6.676834689612535809e-07
4.993330459837629576e+01,7.299667723491300997e-01,1.006147548556883392e-07
4.996086176396041623e+01,5.593396106778568688e-01,5.821167476870092918e-08
4.998120372439921510e+01,3.877030781536028314e-01,1.556326490883042621e-08
4.999529123527307206e+01,1.940787732357613649e-01,7.567889946939518584e-09
4.999999999999997868e+01,-7.737057250503128922e-17,1.281916377444976212e-08
