x,y,stress
8.999999999999994671e+00,4.482948438831808710e-16,1.150851942823140689e+03
9.003848106523518524e+00,1.754455761974028638e-01,1.603847648694237193e+02
9.015368474766042084e+00,3.505549181287165861e-01,1.388707551986692010e+02
9.033272269867721249e+00,5.156562788876851711e-01,6.067671180163210209e+01
9.057886288967250010e+00,6.798916135130997906e-01,5.447640859839197702e+01
9.089080264880330162e+00,8.430055134131041461e-01,3.820725722878228936e+01
9.126694442408918917e+00,1.004760005591923022e+00,3.216374213008803196e+01
9.170543743470670250e+00,1.164937189575546483e+00,2.625351206037292684e+01
9.220422257286861267e+00,1.323341061638335869e+00,2.238069320917428939e+01
9.276107823796523988e+00,1.479798536214243398e+00,1.903420621427097004e+01
9.337366499010373744e+00,1.634159708663568189e+00,1.667345919851228331e+01
9.403956752502871552e+00,1.786297499172476266e+00,1.467153751315581545e+01
9.475633272185417511e+00,1.936106770062262061e+00,1.303064021938905981e+01
9.552150291576296581e+00,2.083503022913202773e+00,1.156902085704448879e+01
9.633264417193426965e+00,2.228420826959444323e+00,1.042189358130363530e+01
9.718736956235833446e+00,2.370812085936359725e+00,9.409870613383413129e+00
9.808335760296664319e+00,2.510644221515615282e+00,8.541096693464492517e+00
9.901836601296970741e+00,2.647898316876251101e+00,7.784292226872381093e+00
9.999024262735481727e+00,2.782567471329372655e+00,7.123132338701446464e+00
1.009969318802353300e+01,2.914655078605691951e+00,6.542702757332895303e+00
1.020364775771379051e+01,3.044173135770696703e+00,6.031655078518724622e+00
1.031070256152645470e+01,3.171140991979648049e+00,5.580404655801289415e+00
1.042068241937522366e+01,3.295584124373304391e+00,5.181376514390701793e+00
1.053342213656328674e+01,3.417532915756736234e+00,4.828049880726592136e+00
1.064876624818646889e+01,3.537021692074004520e+00,4.515113448263719853e+00
1.076656869883680301e+01,3.654087895599523961e+00,4.237953171639794903e+00
1.088669238469520018e+01,3.768771290347151304e+00,3.992690136964240910e+00
1.100900877518864007e+01,3.881113388811631815e+00,3.775897498208026448e+00
1.113339741741691213e+01,3.991156875415325267e+00,3.584697043011993767e+00
1.125974547716577945e+01,4.098945158444236903e+00,3.416402145902385001e+00
1.138794733553358007e+01,4.204522037633787512e+00,3.268791260575226065e+00
1.151790401016789644e+01,4.307931281977266380e+00,3.139716923893051792e+00
1.164952294357631501e+01,4.409216550757765418e+00,3.027419950557197925e+00
1.178271722749792616e+01,4.508420901815843429e+00,2.930172874640177838e+00
1.191740574816119924e+01,4.605587032120729063e+00,2.846485290549307656e+00
1.205351271304080463e+01,4.700757038196188731e+00,2.774922810182930188e+00
1.219096634349932629e+01,4.793971651632730868e+00,2.714205778067462216e+00
1.232969966582608912e+01,4.885270960802290396e+00,2.663165959730920296e+00
1.246964978143545899e+01,4.974694045871555836e+00,2.620684870945766409e+00
1.261075746883287607e+01,5.062278871810591774e+00,2.585788725465837601e+00
1.275296739042479111e+01,5.148062554495658638e+00,2.557549144453794110e+00
1.289622731889613405e+01,5.232081012469221193e+00,2.535167694977218389e+00
1.304048816896390761e+01,5.314369124442425374e+00,2.517950167577490905e+00
1.318576018636582603e+01,5.394991603930935575e+00,2.504947803567271425e+00
1.333194396292603479e+01,5.473948947416796607e+00,2.496508562891900596e+00
1.347894115123951586e+01,5.551243171655285913e+00,2.489234795275864442e+00
1.362676945245326898e+01,5.626935820505461372e+00,2.486578571464712617e+00
1.377539224170050680e+01,5.701056495780471245e+00,2.485930415481101274e+00
1.392477483464391597e+01,5.773633767755435464e+00,2.487520250736484861e+00
1.407488446067733179e+01,5.844695254084048663e+00,2.490736341073947813e+00
1.422569006978807060e+01,5.914267611626494947e+00,2.495456724679888438e+00
1.437716226503310857e+01,5.982376585784353829e+00,2.501110622782371173e+00
1.452927314827386063e+01,6.049047015781519043e+00,2.508502517183228253e+00
1.468199628789554900e+01,6.114302891519988847e+00,2.516102777634129595e+00
1.483530652000749939e+01,6.178167334610602524e+00,2.524053224717885069e+00
1.498953187762034389e+01,6.240803793799735821e+00,2.532583958760871834e+00
1.514430014207003161e+01,6.302086565384499295e+00,2.541476894506828454e+00
1.530120297264820550e+01,6.362651495686212577e+00,2.550661974636397655e+00
1.545861642498529243e+01,6.421876662519288459e+00,2.559997438377492163e+00
1.561454005362282516e+01,6.479065163952083317e+00,2.569181741602247104e+00
1.577092301998573198e+01,6.534985426475155457e+00,2.578531229409889658e+00
1.592774750874849232e+01,6.589655429819163857e+00,2.587759538495864930e+00
1.608499640583569246e+01,6.643092482346559358e+00,2.596619376775872734e+00
1.624265333293567082e+01,6.695313274090639588e+00,2.605266059295283654e+00
1.640070273506215059e+01,6.746333940541939356e+00,2.613964632785342079e+00
1.655912970856721600e+01,6.796170037661054764e+00,2.622381868292079865e+00
1.671791987856916251e+01,6.844836536802763938e+00,2.630157985764915551e+00
1.687705948502894771e+01,6.892347883527097707e+00,2.637779474424174264e+00
1.703653536485903786e+01,6.938718019289645156e+00,2.645054293294920367e+00
1.719847739542040443e+01,6.984558773649084173e+00,2.652095641245593161e+00
1.736073910718171120e+01,7.029254814904939863e+00,2.658767099122052890e+00
1.752590841411207734e+01,7.073506113762809022e+00,2.665167972004201413e+00
1.769138286984574648e+01,7.116602343197486746e+00,2.671181063619779028e+00
1.785238301857326704e+01,7.157366336279361363e+00,2.676958079861160300e+00
1.801364947205944844e+01,7.197063746778000315e+00,2.681988770533301203e+00
1.817517224912696250e+01,7.235705324481388701e+00,2.686780128289839809e+00
1.833694158169362254e+01,7.273301391291242979e+00,2.691202689954959926e+00
1.849894804772968726e+01,7.309861891887601715e+00,2.695285971715189355e+00
1.866118264387950632e+01,7.345396424389658563e+00,2.699032570376321161e+00
1.882363662896568357e+01,7.379914218826422179e+00,2.702451772892191517e+00
1.898630150467366207e+01,7.413424148248057399e+00,2.705552763844965902e+00
1.914916905573791084e+01,7.445934750950769399e+00,2.708346313988152065e+00
1.931223132017380806e+01,7.477454236650133090e+00,2.710844568037836133e+00
1.947615250703419321e+01,7.508114092008312923e+00,2.713063098313805543e+00
1.964025463133574689e+01,7.537790286003618334e+00,2.715018420655131326e+00
1.981437555403677209e+01,7.568178431852483179e+00,2.716800835877693832e+00
1.998868292433789406e+01,7.597478219237902231e+00,2.718289292234560062e+00
2.015341008175993309e+01,7.624148578110438557e+00,2.719462622594001289e+00
2.031828925070422187e+01,7.649862489939415866e+00,2.720426572710273216e+00
2.048253067448552045e+01,7.674510911013086023e+00,2.721185261624075924e+00
2.064690976295544900e+01,7.698223908606245836e+00,2.721759038536077924e+00
2.081142033221633980e+01,7.721007064603510273e+00,2.722165334889071087e+00
2.097605629587383547e+01,7.742865701179753479e+00,2.722415610149958365e+00
2.114081168739765104e+01,7.763804891415570175e+00,2.722527346908626189e+00
2.130568074324021666e+01,7.783829475732585657e+00,2.722511463648391583e+00
2.147065780107392996e+01,7.802944054055488188e+00,2.722387278551463119e+00
2.163573727327434071e+01,7.821152988939104489e+00,2.722164024841718266e+00
2.180091369662132195e+01,7.838460416809139630e+00,2.721857298752626608e+00
2.196618170899441225e+01,7.854870249997127907e+00,2.721483178688202553e+00
2.213646646632819781e+01,7.870835020846531194e+00,2.721036119756167437e+00
2.230683710817916321e+01,7.885855591470702919e+00,2.720539854475662711e+00
2.248320647749138601e+01,7.900407431978721640e+00,2.719991176625133900e+00
2.265965576623528932e+01,7.913955851334464775e+00,2.719400106481766777e+00
2.282535480633148595e+01,7.925763658500898146e+00,2.718838261764843001e+00
2.299111411388090076e+01,7.936692911669052997e+00,2.718281956461225501e+00
2.315689041332107578e+01,7.946743783643271719e+00,2.717727067260811147e+00
2.332271736671542683e+01,7.955921112103890636e+00,2.717187595947716972e+00
2.348859025835485781e+01,7.964226902105122186e+00,2.716667068525171924e+00
2.365450441566355266e+01,7.971662963781941613e+00,2.716177818513545006e+00
2.382045520357469215e+01,7.978230914075275848e+00,2.715723939248414265e+00
2.398643802732228991e+01,7.983932178562473503e+00,2.715314594541549553e+00
2.415244832193481628e+01,7.988767992516250693e+00,2.714956083536244513e+00
2.431848154473932411e+01,7.992739402031364015e+00,2.714652830372004111e+00
2.448453317634231752e+01,7.995847265201292409e+00,2.714409088619507138e+00
2.465059871549862791e+01,7.998092252881126463e+00,2.714234533913026493e+00
2.482529675343903008e+01,7.999523091654287654e+00,2.714123773267671513e+00
2.499999999999995737e+01,7.999999999999993783e+00,2.714077349737742839e+00
2.517470324656089531e+01,7.999523091654286766e+00,2.714111354500124751e+00
2.534940128450128682e+01,7.998092252881126463e+00,2.714209408869992401e+00
2.551546682365760788e+01,7.995847265201292409e+00,2.714371497829210167e+00
2.568151845526059773e+01,7.992739402031364904e+00,2.714602933164618204e+00
2.584755167806510556e+01,7.988767992516253358e+00,2.714894022272189567e+00
2.601356197267761416e+01,7.983932178562475279e+00,2.715240236617610048e+00
2.617954479642522969e+01,7.978230914075277624e+00,2.715640391185875302e+00
2.634549558433637273e+01,7.971662963781944278e+00,2.716085240177075644e+00
2.651140974164506403e+01,7.964226902105123962e+00,2.716570372629879770e+00
2.667728263328448435e+01,7.955921112103892412e+00,2.717087253280932035e+00
2.684310958667884250e+01,7.946743783643274384e+00,2.717630520326320465e+00
2.700888588611902108e+01,7.936692911669057438e+00,2.718190050631771992e+00
2.717464519366842524e+01,7.925763658500903475e+00,2.718755483421673169e+00
2.734034423376461120e+01,7.913955851334470104e+00,2.719327400027186314e+00
2.751679352250855715e+01,7.900407431978724304e+00,2.719926367432857539e+00
2.769316289182081192e+01,7.885855591470702919e+00,2.720483251851685935e+00
2.786353353367180574e+01,7.870835020846528529e+00,2.720985667719864054e+00
2.803381829100560907e+01,7.854870249997122578e+00,2.721438723395089188e+00
2.819908630337870292e+01,7.838460416809133413e+00,2.721815006471531184e+00
2.836426272672567350e+01,7.821152988939100048e+00,2.722123588789154169e+00
2.852934219892608780e+01,7.802944054055483747e+00,2.722345979941894534e+00
2.869431925675979755e+01,7.783829475732581216e+00,2.722468658858688162e+00
2.885918831260237738e+01,7.763804891415563958e+00,2.722479181546313409e+00
2.902394370412620361e+01,7.742865701179745486e+00,2.722361760846089496e+00
2.918857966778369928e+01,7.721007064603500503e+00,2.722104521687213285e+00
2.935309023704459364e+01,7.698223908606236066e+00,2.721690094339202393e+00
2.951746932551452574e+01,7.674510911013077141e+00,2.721106832318545887e+00
2.968171074929582431e+01,7.649862489939405208e+00,2.720338188249344480e+00
2.984658991824013086e+01,7.624148578110423458e+00,2.719365844678746758e+00
3.001131707566218054e+01,7.597478219237885355e+00,2.718183283354741242e+00
3.018562444596329897e+01,7.568178431852468080e+00,2.716688629066641436e+00
3.035974536866431706e+01,7.537790286003603235e+00,2.714898842507138976e+00
3.052384749296587074e+01,7.508114092008296936e+00,2.712940246820455314e+00
3.068776867982627010e+01,7.477454236650113550e+00,2.710717708698084927e+00
3.085083094426218153e+01,7.445934750950746306e+00,2.708218024612861541e+00
3.101369849532643741e+01,7.413424148248032530e+00,2.705422912840527605e+00
3.117636337103440880e+01,7.379914218826396421e+00,2.702320503778325556e+00
3.133881735612058606e+01,7.345396424389633694e+00,2.698897943376438402e+00
3.150105195227041222e+01,7.309861891887575069e+00,2.695149066348399902e+00
3.166305841830648049e+01,7.273301391291213669e+00,2.691061156956088496e+00
3.182482775087313343e+01,7.235705324481358502e+00,2.686629107176305098e+00
3.198635052794063682e+01,7.197063746777971005e+00,2.681843428853641687e+00
3.214761698142682889e+01,7.157366336279329389e+00,2.676702134594163063e+00
3.230861713015435299e+01,7.116602343197453884e+00,2.671202611307708530e+00
3.247409158588803990e+01,7.073506113762769054e+00,2.665167146700999190e+00
3.263926089281842025e+01,7.029254814904895454e+00,2.658740449650293325e+00
3.280152260457972346e+01,6.984558773649038876e+00,2.652044919277222412e+00
3.296346463514110070e+01,6.938718019289596306e+00,2.644988403349564976e+00
3.312294051497117664e+01,6.892347883527050634e+00,2.637677446301810225e+00
3.328208012143094408e+01,6.844836536802721305e+00,2.630037833241653189e+00
3.344087029143290124e+01,6.796170037661009466e+00,2.622083343899820562e+00
3.359929726493795954e+01,6.746333940541893170e+00,2.613834619992514430e+00
3.375734666706444642e+01,6.695313274090589850e+00,2.605318582942622196e+00
3.391500359416442478e+01,6.643092482346509620e+00,2.596564048757753707e+00
3.407225249125161781e+01,6.589655429819115895e+00,2.587609612364024869e+00
3.422907698001437637e+01,6.534985426475106607e+00,2.578497909385787157e+00
3.438545994637728143e+01,6.479065163952032691e+00,2.569282937436335956e+00
3.454138357501481238e+01,6.421876662519239609e+00,2.560023947948340872e+00
3.469879702735189397e+01,6.362651495686164616e+00,2.550678300571602275e+00
3.485569985793006964e+01,6.302086565384449557e+00,2.541445390128445947e+00
3.501046812237974137e+01,6.240803793799689636e+00,2.532516392910141079e+00
3.516469347999257877e+01,6.178167334610559891e+00,2.523909506706399242e+00
3.531800371210453449e+01,6.114302891519941774e+00,2.515769401314115417e+00
3.547072685172622641e+01,6.049047015781470193e+00,2.508225002613805987e+00
3.562283773496696426e+01,5.982376585784309420e+00,2.501444185558135747e+00
3.577430993021199157e+01,5.914267611626452315e+00,2.495621608272970970e+00
3.592511553932272506e+01,5.844695254084007807e+00,2.490975846698433305e+00
3.607522516535613732e+01,5.773633767755394608e+00,2.487762343387343034e+00
3.622460775829953405e+01,5.701056495780435718e+00,2.486266313056640698e+00
3.637323054754677543e+01,5.626935820505427621e+00,2.486817548666628408e+00
3.652105884876053210e+01,5.551243171655248609e+00,2.489781136216691948e+00
3.666805603707401673e+01,5.473948947416755750e+00,2.495582292381516520e+00
3.681423981363423081e+01,5.394991603930889390e+00,2.504692004569071262e+00
3.695951183103615989e+01,5.314369124442371195e+00,2.517649016055823363e+00
3.710377268110392635e+01,5.232081012469172343e+00,2.535028762238939581e+00
3.724703260957526396e+01,5.148062554495610676e+00,2.557514824101124962e+00
3.738924253116717722e+01,5.062278871810543812e+00,2.585833802929732084e+00
3.753035021856459252e+01,4.974694045871506098e+00,2.620821458699057249e+00
3.767030033417395174e+01,4.885270960802244211e+00,2.663355723335366410e+00
3.780903365650071635e+01,4.793971651632682907e+00,2.714458447364866966e+00
3.794648728695923268e+01,4.700757038196144322e+00,2.775190121673024812e+00
3.808259425183884161e+01,4.605587032120680213e+00,2.846772812490519833e+00
3.821728277250210937e+01,4.508420901815795467e+00,2.930456783431874879e+00
3.835047705642372762e+01,4.409216550757714792e+00,3.027707575738947110e+00
3.848209598983213908e+01,4.307931281977219307e+00,3.140017879052900973e+00
3.861205266446646078e+01,4.204522037633734222e+00,3.269139740511260328e+00
3.874025452283424897e+01,4.098945158444190717e+00,3.416854972819608260e+00
3.886660258258311273e+01,3.991156875415278638e+00,3.585314014889362522e+00
3.899099122481137414e+01,3.881113388811590070e+00,3.776731577689387720e+00
3.911330761530481936e+01,3.768771290347105563e+00,3.993799678090683702e+00
3.923343130116321475e+01,3.654087895599483105e+00,4.239334930299105686e+00
3.935123375181355243e+01,3.537021692073957890e+00,4.516861794858702872e+00
3.946657786343673280e+01,3.417532915756692269e+00,4.830163099701818119e+00
3.957931758062480299e+01,3.295584124373247104e+00,5.183987570585419036e+00
3.968929743847355240e+01,3.171140991979610302e+00,5.583538115096288834e+00
3.979635224228621126e+01,3.044173135770658956e+00,6.035528874533809152e+00
3.990030681197646345e+01,2.914655078605662641e+00,6.547508963890244615e+00
4.000097573726451827e+01,2.782567471329338016e+00,7.129297163183390573e+00
4.009816339870302215e+01,2.647898316876225788e+00,7.792207177484428371e+00
4.019166423970332858e+01,2.510644221515583308e+00,8.551348229940513690e+00
4.028126304376414879e+01,2.370812085936343294e+00,9.424687163934319045e+00
4.036673558280655527e+01,2.228420826959427448e+00,1.043686093825745509e+01
4.044784970842368921e+01,2.083503022913178349e+00,1.161778677687503425e+01
4.052436672781458071e+01,1.936106770062208104e+00,1.301142473139345590e+01
4.059604324749711424e+01,1.786297499172440961e+00,1.466971673465817005e+01
4.066263350098961382e+01,1.634159708663537103e+00,1.668604381100923106e+01
4.072389217620346358e+01,1.479798536214207871e+00,1.913900468923716147e+01
4.077957774271312985e+01,1.323341061638287908e+00,2.231373928331147027e+01
4.082945625652931199e+01,1.164937189575517396e+00,2.615729575583552347e+01
4.087330555759105977e+01,1.004760005591906813e+00,3.212159885781752422e+01
4.091091973511964142e+01,8.430055134130960415e-01,3.809023574561759062e+01
4.094211371103272512e+01,6.798916135130967930e-01,5.452836446801674697e+01
4.096672773013225566e+01,5.156562788876730696e-01,6.012710739430419693e+01
4.098463152523392949e+01,3.505549181286937710e-01,1.396195350246364342e+02
4.099615189347645838e+01,1.754455761973896244e-01,1.594896538961989449e+02
4.099999999999997868e+01,-3.425758780578589784e-17,1.151608915442469652e+03
