x,y,stress
8.999999999999994671e+00,5.669437972644100484e-16,8.978448232149445403e+02
9.002982476679132873e+00,1.930737781640946560e-01,1.228661139751180116e+02
9.011921872536806433e+00,3.859635821820533996e-01,1.098153961779829899e+02
9.024878004410487264e+00,5.574345624545513633e-01,4.855598618687324830e+01
9.042512037172087958e+00,7.284878163130645845e-01,4.454801902632682697e+01
9.063864342023904896e+00,8.925867190413412366e-01,3.188086388872531529e+01
9.089473793175665506e+00,1.056075396433261648e+00,2.726736701668709273e+01
9.119292158112969560e+00,1.218849105045535008e+00,2.253150794391156708e+01
9.153264282742451741e+00,1.380806929416930062e+00,1.944044147293555724e+01
9.191328614726323565e+00,1.541852202966532026e+00,1.685291208588981959e+01
9.233417762591233924e+00,1.701892851428893794e+00,1.483025230055494248e+01
9.279459088709167247e+00,1.860841696361762443e+00,1.315037379086786018e+01
9.329375316631649540e+00,2.018616678357545435e+00,1.175328352938795184e+01
9.383085140105096755e+00,2.175141002864267037e+00,1.056787714837244607e+01
9.440503839989677459e+00,2.330343259202943607e+00,9.552346597047202792e+00
9.501543868099640022e+00,2.484157421884382710e+00,8.673415189712860851e+00
9.566115441182942547e+00,2.636522880695903126e+00,7.905862678058907633e+00
9.634127083989932672e+00,2.787384353614823507e+00,7.196663003374464296e+00
9.705486126482803400e+00,2.936691735396508740e+00,6.607544788920297840e+00
9.780099208603033389e+00,3.084400006233118052e+00,6.072678778513462383e+00
9.857872721783433434e+00,3.230469047931659787e+00,5.596869135354721081e+00
9.938713206772483488e+00,3.374863430810393528e+00,5.169886293084669404e+00
1.002252772334174757e+01,3.517552205210368044e+00,4.786957519065705213e+00
1.010922417627602776e+01,3.658508670273710184e+00,4.442475172533799643e+00
1.019871158460725802e+01,3.797710105916249024e+00,4.132519139261436436e+00
1.029090034075530369e+01,3.935137545960496919e+00,3.853553736110667316e+00
1.038570243098875601e+01,4.070775540571561990e+00,3.602611294127803010e+00
1.048303159601622170e+01,4.204611881879340984e+00,3.377126436802236231e+00
1.058280349331836945e+01,4.336637382150875020e+00,3.175023937421974640e+00
1.068493583744195341e+01,4.466845661625632680e+00,2.994401618001722554e+00
1.078934840056102473e+01,4.595232801474918638e+00,2.833692100812077008e+00
1.089596312002675838e+01,4.721797182033934170e+00,2.691402406186086615e+00
1.100470428039370852e+01,4.846539427485939022e+00,2.566279260997637035e+00
1.111549841230265478e+01,4.969462042582473593e+00,2.457083438957430310e+00
1.122827426586272814e+01,5.090569187220948422e+00,2.362719445960125952e+00
1.134296292877575141e+01,5.209866632290372834e+00,2.282087496458506504e+00
1.145949770409701429e+01,5.327361476621997660e+00,2.214160492910852707e+00
1.157781410250996501e+01,5.443062016414927484e+00,2.157939666943349266e+00
1.169784997031126039e+01,5.556977757023284781e+00,2.112405090776857453e+00
1.181954518132669563e+01,5.669119019580437957e+00,2.076563796210899593e+00
1.194284190417390512e+01,5.779497114686804160e+00,2.049467762229481682e+00
1.206768448681497041e+01,5.888124153070005029e+00,2.030058636942965400e+00
1.219401893575884976e+01,5.995012542414722923e+00,2.017660665576666013e+00
1.232179292352441635e+01,6.100174988717169455e+00,2.011297817836363411e+00
1.245095698035384579e+01,6.203625429784932699e+00,2.010724223593960414e+00
1.258146380068012427e+01,6.305378367233588577e+00,2.012945406643036783e+00
1.271326630618764320e+01,6.405447362442528991e+00,2.021078005456435456e+00
1.284631965658610042e+01,6.503846641547103680e+00,2.032016830604450597e+00
1.298058118334203925e+01,6.600590980577296207e+00,2.045990086028481869e+00
1.311661635735144316e+01,6.696115746788416700e+00,2.062358179755267251e+00
1.325378851652738277e+01,6.790000569125531626e+00,2.080699737325365728e+00
1.339182506375073700e+01,6.882106402471220186e+00,2.100574345186500214e+00
1.353091893519735756e+01,6.972607663457766058e+00,2.121702883061808986e+00
1.367064580813752528e+01,7.061275712339455168e+00,2.143701985409644628e+00
1.381135441273220721e+01,7.148377490800386980e+00,2.166392840222842953e+00
1.395301186776209867e+01,7.233927583524038418e+00,2.189565059545639514e+00
1.409558643177997261e+01,7.317940410314481170e+00,2.213032197899802878e+00
1.423904757285263400e+01,7.400430278365556447e+00,2.236634027035668382e+00
1.438336582496459748e+01,7.481411307614317607e+00,2.260228827420398101e+00
1.452851276834965333e+01,7.560897432405298879e+00,2.283698049687583165e+00
1.467446106780457704e+01,7.638902432607010518e+00,2.306934130974327868e+00
1.482118435829780267e+01,7.715439880632584568e+00,2.329848326858225072e+00
1.496865714036524153e+01,7.790523099826328846e+00,2.352366640538019471e+00
1.512048058644336734e+01,7.865944599117749014e+00,2.374952135280025800e+00
1.527303927254817495e+01,7.939867634252911088e+00,2.396994232279360482e+00
1.542300899432738603e+01,8.010765297721681222e+00,2.417985506445165633e+00
1.557363690144989654e+01,8.080253678293962238e+00,2.438371957865232531e+00
1.572453839165165945e+01,8.148183557933132093e+00,2.458011250802024428e+00
1.587605288549667293e+01,8.214734975843006382e+00,2.477124152797458567e+00
1.602816043796840972e+01,8.279919583536424099e+00,2.495846834281261639e+00
1.618084173870197873e+01,8.343748772522822321e+00,2.513300850326707803e+00
1.633407811633513873e+01,8.406233687396310827e+00,2.530181854387227869e+00
1.648785147896126446e+01,8.467385211886595542e+00,2.546421114790868856e+00
1.664214429843282161e+01,8.527213973686800230e+00,2.562243116252227448e+00
1.679693961914092881e+01,8.585730357782892952e+00,2.576846673180773983e+00
1.695222102247219453e+01,8.642944501714188377e+00,2.590885392673635934e+00
1.710797252878527175e+01,8.698866269376535953e+00,2.604202333800957891e+00
1.726946885883652882e+01,8.755330703783716473e+00,2.617229880891088545e+00
1.743143450431209374e+01,8.810434517197721860e+00,2.629482361011100888e+00
1.759157596925696510e+01,8.863444355996119128e+00,2.640840493161495051e+00
1.775214308667548124e+01,8.915150599978796109e+00,2.651477732282884858e+00
1.791006320953549036e+01,8.964617870132943978e+00,2.661226728419385346e+00
1.806836564432312642e+01,9.012847712588540006e+00,2.670313699811261987e+00
1.822703743503872076e+01,9.059848277859039456e+00,2.678751841522927890e+00
1.838606591854611949e+01,9.105627465984435176e+00,2.686557383235354646e+00
1.854543877381622252e+01,9.150192949157650801e+00,2.693742782611475928e+00
1.870514402902481521e+01,9.193552179735252849e+00,2.700331169495841177e+00
1.886517002326874604e+01,9.235712385316936945e+00,2.706338035330202452e+00
1.902550533639981722e+01,9.276680556866537586e+00,2.711788426214420511e+00
1.918613881754451356e+01,9.316463463422584468e+00,2.716693421232184935e+00
1.934705964224524877e+01,9.355067671447923061e+00,2.721086991354014106e+00
1.950975578778115249e+01,9.392841741067146089e+00,2.725022704574685317e+00
1.967272318512894813e+01,9.429427875210860677e+00,2.728501825784680257e+00
1.984529162274635539e+01,9.466820792441335897e+00,2.731734382500564884e+00
2.001813954780806881e+01,9.502899771971041076e+00,2.734449667959172547e+00
2.018081786841551661e+01,9.535613418887095349e+00,2.736608859576354913e+00
2.034372306992349166e+01,9.567177882577992065e+00,2.738405940821128315e+00
2.050640468194573884e+01,9.597517605430434529e+00,2.739838651890882826e+00
2.066929352594448588e+01,9.626724306495479055e+00,2.740946235355263827e+00
2.083238067968297713e+01,9.654802666632260610e+00,2.741755682289457319e+00
2.099565734680206575e+01,9.681757167069488190e+00,2.742290545728543805e+00
2.115911490712233700e+01,9.707592101821926889e+00,2.742579233133618288e+00
2.132274487552772158e+01,9.732311574032136647e+00,2.742641646518733545e+00
2.148653891926886317e+01,9.755919501812959638e+00,2.742508634263351563e+00
2.165048881651099322e+01,9.778419615082272642e+00,2.742197973934490829e+00
2.181458645252121897e+01,9.799815458473297269e+00,2.741731772014083024e+00
2.197882387921623959e+01,9.820110401603932004e+00,2.741141880616110527e+00
2.214876346181961608e+01,9.839938750352137831e+00,2.740412672178165643e+00
2.231883548458191058e+01,9.858597073930866372e+00,2.739588359321815769e+00
2.249393155813806899e+01,9.876574656192161683e+00,2.738668913159375329e+00
2.266914973748742668e+01,9.893320368390940089e+00,2.737675255761157445e+00
2.283400226852563364e+01,9.907944528320120625e+00,2.736719888936584244e+00
2.299894738811761030e+01,9.921484508939395042e+00,2.735768272327948392e+00
2.316396450335673762e+01,9.933941455133004084e+00,2.734822682732789723e+00
2.332905959329330514e+01,9.945318429048400688e+00,2.733900669558498198e+00
2.349422545390920547e+01,9.955617192231713375e+00,2.733021231648329774e+00
2.365945492594946487e+01,9.964839336865713548e+00,2.732193315528072208e+00
2.382474090352303975e+01,9.972986287500990699e+00,2.731433049894401055e+00
2.399007631997025669e+01,9.980059301249221804e+00,2.730747423105560401e+00
2.415545414748530817e+01,9.986059468684798546e+00,2.730152632546769986e+00
2.432086738888392574e+01,9.990987714257910213e+00,2.729651110410020287e+00
2.448630907381741650e+01,9.994844796825992361e+00,2.729249514002437760e+00
2.465177225298387143e+01,9.997631310016320327e+00,2.728964468685585842e+00
2.482588209821425806e+01,9.999407852707872024e+00,2.728787285211176084e+00
2.500000000000004263e+01,9.999999999999994671e+00,2.728721198510433599e+00
2.517411790178582365e+01,9.999407852707872024e+00,2.728787455994285960e+00
2.534822774701618542e+01,9.997631310016318551e+00,2.728964918893314273e+00
2.551369092618265100e+01,9.994844796825988809e+00,2.729251160746305693e+00
2.567913261111614887e+01,9.990987714257906660e+00,2.729653761452385030e+00
2.584454585251475578e+01,9.986059468684798546e+00,2.730155439151522145e+00
2.600992368002981081e+01,9.980059301249218251e+00,2.730750465671341054e+00
2.617525909647702065e+01,9.972986287500983593e+00,2.731436247314186438e+00
2.634054507405059198e+01,9.964839336865709996e+00,2.732196368377199924e+00
2.650577454609084072e+01,9.955617192231711599e+00,2.733022785166493218e+00
2.667094040670673039e+01,9.945318429048395359e+00,2.733900769616109283e+00
2.683603549664329435e+01,9.933941455132998755e+00,2.734821036802742800e+00
2.700105261188241812e+01,9.921484508939391489e+00,2.735764713930567194e+00
2.716599773147437702e+01,9.907944528320117072e+00,2.736715247902106185e+00
2.733085026251258043e+01,9.893320368390936537e+00,2.737669577341199201e+00
2.750606844186193811e+01,9.876574656192156354e+00,2.738661173119531611e+00
2.768116451541810008e+01,9.858597073930862820e+00,2.739578477537569778e+00
2.785123653818037681e+01,9.839938750352137831e+00,2.740402847473813353e+00
2.802117612078372488e+01,9.820110401603932004e+00,2.741132059857510406e+00
2.818541354747876326e+01,9.799815458473293717e+00,2.741721876022054083e+00
2.834951118348900323e+01,9.778419615082269090e+00,2.742188032093060723e+00
2.851346108073111552e+01,9.755919501812961414e+00,2.742499630726652260e+00
2.867725512447223224e+01,9.732311574032138424e+00,2.742633303775323661e+00
2.884088509287763102e+01,9.707592101821925112e+00,2.742567722701699129e+00
2.900434265319790228e+01,9.681757167069489967e+00,2.742276117597372220e+00
2.916761932031698379e+01,9.654802666632264163e+00,2.741738164314296622e+00
2.933070647405546438e+01,9.626724306495482608e+00,2.740925499355794770e+00
2.949359531805420787e+01,9.597517605430436305e+00,2.739818043382403534e+00
2.965627693007645860e+01,9.567177882577997394e+00,2.738387840521243177e+00
2.981918213158443010e+01,9.535613418887100678e+00,2.736607374271474047e+00
2.998186045219187790e+01,9.502899771971044629e+00,2.734465619522023605e+00
3.015470837725355580e+01,9.466820792441346555e+00,2.731765215278085357e+00
3.032727681487093818e+01,9.429427875210880217e+00,2.728556597987398913e+00
3.049024421221872672e+01,9.392841741067169181e+00,2.725055407365564619e+00
3.065294035775463044e+01,9.355067671447944377e+00,2.721089896420616050e+00
3.081386118245536920e+01,9.316463463422604008e+00,2.716665587087085498e+00
3.097449466360007975e+01,9.276680556866557126e+00,2.711730836445631176e+00
3.113482997673113672e+01,9.235712385316961814e+00,2.706263283805705022e+00
3.129485597097505334e+01,9.193552179735279495e+00,2.700238681599524959e+00
3.145456122618365669e+01,9.150192949157673894e+00,2.693640686439878973e+00
3.161393408145377037e+01,9.105627465984460045e+00,2.686445467042011259e+00
3.177296256496116555e+01,9.059848277859066101e+00,2.678637139389929533e+00
3.193163435567674568e+01,9.012847712588566651e+00,2.670195357256167412e+00
3.208993679046437819e+01,8.964617870132970623e+00,2.661105827618687858e+00
3.224785691332439796e+01,8.915150599978824530e+00,2.651354749742582229e+00
3.240842403074289280e+01,8.863444355996156432e+00,2.640721261485300619e+00
3.256856549568772863e+01,8.810434517197766269e+00,2.629366317336437220e+00
3.273053114116330420e+01,8.755330703783759105e+00,2.617113278941903598e+00
3.289202747121457548e+01,8.698866269376580362e+00,2.604088233323274437e+00
3.304777897752764204e+01,8.642944501714234562e+00,2.590755275214251530e+00
3.320306038085890066e+01,8.585730357782939137e+00,2.576705762998016347e+00
3.335785570156701141e+01,8.527213973686848192e+00,2.561930169056407802e+00
3.351214852103856856e+01,8.467385211886648833e+00,2.546425541519187430e+00
3.366592188366469429e+01,8.406233687396365895e+00,2.530198966539807692e+00
3.381915826129785074e+01,8.343748772522875612e+00,2.513249599277216806e+00
3.397183956203141975e+01,8.279919583536475614e+00,2.495593009822207886e+00
3.412394711450317430e+01,8.214734975843059672e+00,2.477233813581794397e+00
3.427546160834818068e+01,8.148183557933192489e+00,2.458195014013592861e+00
3.442636309854993470e+01,8.080253678294022635e+00,2.438491691301940101e+00
3.457699100567244699e+01,8.010765297721743394e+00,2.418107069437448686e+00
3.472696072745166873e+01,7.939867634252975037e+00,2.397115200920268752e+00
3.487951941355649410e+01,7.865944599117804081e+00,2.375083694067820161e+00
3.503134285963463412e+01,7.790523099826374143e+00,2.352501176691484286e+00
3.517881564170207298e+01,7.715439880632628977e+00,2.329986930227993636e+00
3.532553893219530750e+01,7.638902432607055815e+00,2.307080485241903123e+00
3.547148723165022943e+01,7.560897432405347729e+00,2.283852253414142108e+00
3.561663417503527285e+01,7.481411307614368233e+00,2.260394244652994544e+00
3.576095242714724520e+01,7.400430278365603520e+00,2.236805970751810424e+00
3.590441356821992258e+01,7.317940410314526467e+00,2.213213605067878120e+00
3.604698813223780007e+01,7.233927583524082827e+00,2.189753298442270957e+00
3.618864558726770042e+01,7.148377490800422507e+00,2.166592630489776461e+00
3.632935419186237880e+01,7.061275712339490696e+00,2.143914497875230030e+00
3.646908106480255896e+01,6.972607663457803362e+00,2.121940943059034801e+00
3.660817493624917773e+01,6.882106402471258377e+00,2.100862024399966277e+00
3.674621148347252131e+01,6.790000569125568042e+00,2.081031009754299888e+00
3.688338364264846803e+01,6.696115746788451339e+00,2.062742591163541750e+00
3.701941881665788259e+01,6.600590980577335287e+00,2.046417526017112021e+00
3.715368034341381787e+01,6.503846641547140983e+00,2.032532461771534571e+00
3.728673369381228042e+01,6.405447362442560966e+00,2.021493148246536364e+00
3.741853619931979580e+01,6.305378367233621439e+00,2.013825419649419857e+00
3.754904301964608493e+01,6.203625429784966450e+00,2.010135104669100059e+00
3.767820707647550904e+01,6.100174988717206759e+00,2.011069650110494322e+00
3.780598106424106675e+01,5.995012542414760226e+00,2.017357374391330005e+00
3.793231551318494610e+01,5.888124153070044109e+00,2.029755602234186718e+00
3.805715809582601850e+01,5.779497114686846793e+00,2.049116487058118441e+00
3.818045481867322621e+01,5.669119019580484142e+00,2.076300207338973358e+00
3.830215002968864724e+01,5.556977757023333631e+00,2.112249236205999470e+00
3.842218589748996038e+01,5.443062016414965676e+00,2.157881897330957699e+00
3.854050229590292531e+01,5.327361476622028746e+00,2.214214574724625795e+00
3.865703707122418820e+01,5.209866632290400368e+00,2.282211810096312909e+00
3.877172573413722034e+01,5.090569187220967962e+00,2.362934645404362044e+00
3.888450158769730081e+01,4.969462042582487804e+00,2.457372120448875652e+00
3.899529571960625418e+01,4.846539427485952345e+00,2.566662958532674121e+00
3.910403687997320077e+01,4.721797182033947493e+00,2.691882323495845775e+00
3.921065159943893264e+01,4.595232801474930184e+00,2.834294944350225887e+00
3.931506416255800218e+01,4.466845661625642450e+00,2.995125124053314547e+00
3.941719650668159858e+01,4.336637382150885678e+00,3.175902952204258334e+00
3.951696840398374633e+01,4.204611881879350754e+00,3.378172283258600750e+00
3.961429756901120669e+01,4.070775540571568207e+00,3.603875086875125255e+00
3.970909965924465723e+01,3.935137545960504912e+00,3.855032235619481273e+00
3.980128841539271178e+01,3.797710105916257017e+00,4.134267313695499269e+00
3.989077582372393493e+01,3.658508670273723506e+00,4.444394748040288334e+00
3.997747227665820446e+01,3.517552205210385807e+00,4.789036844195985410e+00
4.006128679322747388e+01,3.374863430810410403e+00,5.172182394216928714e+00
4.014212727821653459e+01,3.230469047931674886e+00,5.599032358791104613e+00
4.021990079139693108e+01,3.084400006233137148e+00,6.075467894587854190e+00
4.029451387351715397e+01,2.936691735396529612e+00,6.609161771770742710e+00
4.036587291601001937e+01,2.787384353614851484e+00,7.209059933085164573e+00
4.043388455881701304e+01,2.636522880695947091e+00,7.886998588851641401e+00
4.049845613190030491e+01,2.484157421884441330e+00,8.657206231046938427e+00
4.055949616001026214e+01,2.330343259203011108e+00,9.538957510684152652e+00
4.061691485989484107e+01,2.175141002864343420e+00,1.055601061658246387e+01
4.067062468336829539e+01,2.018616678357624483e+00,1.174253717036446609e+01
4.072054091129077591e+01,1.860841696361855924e+00,1.313931250842884779e+01
4.076658223740869857e+01,1.701892851428997266e+00,1.481831856079385190e+01
4.080867138527361959e+01,1.541852202966625063e+00,1.683985143866831535e+01
4.084673571725750207e+01,1.380806929417011553e+00,1.942307860061946201e+01
4.088070784188698781e+01,1.218849105045604730e+00,2.251237803778009905e+01
4.091052620682429364e+01,1.056075396433319380e+00,2.723744723079068564e+01
4.093613565797605958e+01,8.925867190414106256e-01,3.183158231809126804e+01
4.095748796282787652e+01,7.284878163131478512e-01,4.452691573855257445e+01
4.097512199558948254e+01,5.574345624546145350e-01,4.832150939055745908e+01
4.098807812746315449e+01,3.859635821820927015e-01,1.101573489083160240e+02
4.099701752332083515e+01,1.930737781641158335e-01,1.216177573885055523e+02
4.099999999999997868e+01,-3.759563164399972323e-17,8.975308757373614981e+02
