x,y,stress
9.999999999999994671e+00,3.405907291055197558e-13,8.959511834590322223e+02
1.000189120145451760e+01,2.381857825160431930e-01,1.210799240400566390e+02
1.000756432893235548e+01,4.763115040586327620e-01,1.110310524166043820e+02
1.001577678959635342e+01,6.877897795116960644e-01,4.968631512698524233e+01
1.002697214329190700e+01,8.991311374007541213e-01,4.593250019303213350e+01
1.003941875938085104e+01,1.086742353474173584e+00,3.370840229211881223e+01
1.005421604094889254e+01,1.274182816306525634e+00,2.934676462143516318e+01
1.006948093708516012e+01,1.442082005968010616e+00,2.502256990684935190e+01
1.008663193302900218e+01,1.609799024428172354e+00,2.213380424906682720e+01
1.010524428792746043e+01,1.773767819553223379e+00,1.966360146205702009e+01
1.012565938394133980e+01,1.937521932125620738e+00,1.767438332398139877e+01
1.014787475019204877e+01,2.101041542668123263e+00,1.597488668675821444e+01
1.017188769791081171e+01,2.264306860085750994e+00,1.452729760603363474e+01
1.019769532076408325e+01,2.427298124061125772e+00,1.327045938888972110e+01
1.022529449520531664e+01,2.589995607446061943e+00,1.217074367770626431e+01
1.025468188085300625e+01,2.752379618649201554e+00,1.119888608229165783e+01
1.028585392089497930e+01,2.914430504019349666e+00,1.033341542430472160e+01
1.031880684251888880e+01,3.076128650224163597e+00,9.557266884619522784e+00
1.035353665736884388e+01,3.237454486624017580e+00,8.856933006642242034e+00
1.039030121700488074e+01,3.399514887473080726e+00,8.217391209810765318e+00
1.042885888707147579e+01,3.561158051410274972e+00,7.634540264219489281e+00
1.047104993028827558e+01,3.729558937974278177e+00,7.078410610377895651e+00
1.051518713881165645e+01,3.897460246924000948e+00,6.570883712977912516e+00
1.055894818999015072e+01,4.056602349332676383e+00,6.127449975857085285e+00
1.060445765065538382e+01,4.215253310090129268e+00,5.717938221205587368e+00
1.065170201419990192e+01,4.373367685283849227e+00,5.339450835751607727e+00
1.070068298002346197e+01,4.530952743321146947e+00,4.988930151434774807e+00
1.075139461986495348e+01,4.687989411377413873e+00,4.664117446790369215e+00
1.080383079599644702e+01,4.844458683000739008e+00,4.362990211967414211e+00
1.085798516196604169e+01,5.000341620412299015e+00,4.084149864173391542e+00
1.091385116336600447e+01,5.155619356798448294e+00,3.826228436832912472e+00
1.097142203862604326e+01,5.310273098594178620e+00,3.588218858153898516e+00
1.103069081983168154e+01,5.464284127757751186e+00,3.369790287105256965e+00
1.109165033356761398e+01,5.617633804036203493e+00,3.162099849451186717e+00
1.115429320178589023e+01,5.770303567221369612e+00,2.981804080927676903e+00
1.122145241247645586e+01,5.928880701983239021e+00,2.810570069895260925e+00
1.129042776233328738e+01,6.086676355795357374e+00,2.659213864228113344e+00
1.135929056590849662e+01,6.239474828436058829e+00,2.527570353209884324e+00
1.142985630347393311e+01,6.391494352311825722e+00,2.418871516534660593e+00
1.150099216533764057e+01,6.540396584284804860e+00,2.328869627271151099e+00
1.157376183824943006e+01,6.688507219399019377e+00,2.257338325326628148e+00
1.164815651475493574e+01,6.835808331537611693e+00,2.203806793011329646e+00
1.172416719072245606e+01,6.982282092561857390e+00,2.168011288547152748e+00
1.180178466643274149e+01,7.127910774468927180e+00,2.148767474601690264e+00
1.188099954769246835e+01,7.272676751537556328e+00,2.147266818982157766e+00
1.196180224697121552e+01,7.416562502461318651e+00,2.157928310623545176e+00
1.204418298456188197e+01,7.559550612469256414e+00,2.184402838506975808e+00
1.212813178976434436e+01,7.701623775433649399e+00,2.222799003764983627e+00
1.221363850209220026e+01,7.842764795964566105e+00,2.272383116696307326e+00
1.230167367795686140e+01,7.984516805599854550e+00,2.332331280395363748e+00
1.239128027590421688e+01,8.125280728639351580e+00,2.401028440355056137e+00
1.248579948605827994e+01,8.270113995396970452e+00,2.479148332954205003e+00
1.258198228153842457e+01,8.413847867888653909e+00,2.566324000042729203e+00
1.267529690894947869e+01,8.549952848843661357e+00,2.653927955771901992e+00
1.277010321903241596e+01,8.685023012455339142e+00,2.745042774291273968e+00
1.286638973719600898e+01,8.819042010920332686e+00,2.840301791509370233e+00
1.296414480969658278e+01,8.951993623659832977e+00,2.938606558269321489e+00
1.306335660504848839e+01,9.083861759282806148e+00,3.039590736193789944e+00
1.316401311545609332e+01,9.214630457533534269e+00,3.142759231398087216e+00
1.326610215826710792e+01,9.344283891223350125e+00,3.247755556032873248e+00
1.336961137744705574e+01,9.472806368146191147e+00,3.354247458937499982e+00
1.347452824507478653e+01,9.600182332977906796e+00,3.461962491285476951e+00
1.358084006285872469e+01,9.726396369158914368e+00,3.570652944876204327e+00
1.368853396367378394e+01,9.851433200760103759e+00,3.680115252492763389e+00
1.379759691311868153e+01,9.975277694331717626e+00,3.790154793770089015e+00
1.391341580744748541e+01,1.010384337474828342e+01,3.905961366457631367e+00
1.403071011181457983e+01,1.023106442893178070e+01,4.022051440045548709e+00
1.414513561816550435e+01,1.035238712819322515e+01,4.134080521238678863e+00
1.426090290124301596e+01,1.047243016226268786e+01,4.246093896396589962e+00
1.437676297783762713e+01,1.058994028174657487e+01,4.356816839548240061e+00
1.449390880537229442e+01,1.070616868025934920e+01,4.467306528507174690e+00
1.461232620546075900e+01,1.082110129045295999e+01,4.577462440089399287e+00
1.473200084581585756e+01,1.093472420181111460e+01,4.687186326271023162e+00
1.485291824198421828e+01,1.104702366233291855e+01,4.796382184752491007e+00
1.497506375909933674e+01,1.115798608019729166e+01,4.904960135870219951e+00
1.509842261365283278e+01,1.126759802540800770e+01,5.012818607872095100e+00
1.522297987528374819e+01,1.137584623141915507e+01,5.119878378381666373e+00
1.534872046858561845e+01,1.148271759674084080e+01,5.226040348074358910e+00
1.547562917493102930e+01,1.158819918652484127e+01,5.331230511235482084e+00
1.560578906385017639e+01,1.169396429304977048e+01,5.437036332447878983e+00
1.573712334831512649e+01,1.179826750568367189e+01,5.541649090496317598e+00
1.587309447546746988e+01,1.190376392349317314e+01,5.647664507428928005e+00
1.601026701336047964e+01,1.200769340168732668e+01,5.752185557153089768e+00
1.614291109406901015e+01,1.210586535991683022e+01,5.850955076825687051e+00
1.627662716539238019e+01,1.220257212182865558e+01,5.948199072732024639e+00
1.641139904341564559e+01,1.229780198281621040e+01,6.043802822735087510e+00
1.654721041643752955e+01,1.239154341702508866e+01,6.137663151854853893e+00
1.668404484694466561e+01,1.248378507874805088e+01,6.229676599830825445e+00
1.682188577360106407e+01,1.257451580379822786e+01,6.319729292742051641e+00
1.696071651325256013e+01,1.266372461086034384e+01,6.407720963106827483e+00
1.710052026294599159e+01,1.275140070281979376e+01,6.493532489712076305e+00
1.724128010196292493e+01,1.283753346806946460e+01,6.577054771150599777e+00
1.738297899386756740e+01,1.292211248179403960e+01,6.658162319282137531e+00
1.752563455005763515e+01,1.300514748554232547e+01,6.736759244836536098e+00
1.766919518279269852e+01,1.308660768618094572e+01,6.812741856391246742e+00
1.782119822975838730e+01,1.317060382608086400e+01,6.889700507147394681e+00
1.797416356408273685e+01,1.325283450344632641e+01,6.963363419191169079e+00
1.812134879258528386e+01,1.332982211309408349e+01,7.030707241990802103e+00
1.826937751442427782e+01,1.340517515576213725e+01,7.094900124575760358e+00
1.841725897805098455e+01,1.347840942537173525e+01,7.155402636871146527e+00
1.856593716356570312e+01,1.355001237699859296e+01,7.212565992900539236e+00
1.871539407615984274e+01,1.361997534439887048e+01,7.266240682219567759e+00
1.886561162677397974e+01,1.368828985981920887e+01,7.316308923610224113e+00
1.901657163428718533e+01,1.375494765502156547e+01,7.362477562532854236e+00
1.916825582771754100e+01,1.381994066228395646e+01,7.405159664502737549e+00
1.932064584843350374e+01,1.388326101537691137e+01,7.446306030970284873e+00
1.947372325237587631e+01,1.394490105051552042e+01,7.479991877308100001e+00
1.962746951229016190e+01,1.400485330728702316e+01,7.510815940977267680e+00
1.978186601996891270e+01,1.406311052955372531e+01,7.537420626271258861e+00
1.994038178934612304e+01,1.412091581882774172e+01,7.560384696664320892e+00
2.009953773986126890e+01,1.417693442310275742e+01,7.579047679081313049e+00
2.026155093684058173e+01,1.423190431656437127e+01,7.593574420851843421e+00
2.042418055266033505e+01,1.428502279960896892e+01,7.603612178652290332e+00
2.058161107105632581e+01,1.433449822186280365e+01,7.609203006329616770e+00
2.073957635561700741e+01,1.438223871204974103e+01,7.610835689403729454e+00
2.089805728749821867e+01,1.442823849204584796e+01,7.608579156547022215e+00
2.105703468544600199e+01,1.447249199440870271e+01,7.602543874138726565e+00
2.121648930811814893e+01,1.451499386305125583e+01,7.592904065171520500e+00
2.137640185641302892e+01,1.455573895389007433e+01,7.579814894639059553e+00
2.153675297580538128e+01,1.459472233546794939e+01,7.563539915655010937e+00
2.169752325868883247e+01,1.463193928955074163e+01,7.544271368414351642e+00
2.185869324672485092e+01,1.466738531169846382e+01,7.522330686505516617e+00
2.202024343319780897e+01,1.470105611181043948e+01,7.497967690910771310e+00
2.218237990431310891e+01,1.473299076889622228e+01,7.471470958373346960e+00
2.234485834756990741e+01,1.476313729549145393e+01,7.443317002375937186e+00
2.251627000680362656e+01,1.479294038793155686e+01,7.412151000299934900e+00
2.268801581251309685e+01,1.482075332487557162e+01,7.379753270334652449e+00
2.285177371724217465e+01,1.484537381941150080e+01,7.348416083036696023e+00
2.301579344607308286e+01,1.486818497165519304e+01,7.317054403280444319e+00
2.317948266381158007e+01,1.488911403101733377e+01,7.286138924182711918e+00
2.334339222228723187e+01,1.490824103208763596e+01,7.256019564355805862e+00
2.350750228320889335e+01,1.492556365988813205e+01,7.227170859083098975e+00
2.367179298401823218e+01,1.494107981782764760e+01,7.199972058730903512e+00
2.383624444029370437e+01,1.495478762795555561e+01,7.174885893970249562e+00
2.400083674815723356e+01,1.496668543118905781e+01,7.152227408343351023e+00
2.416554998668319953e+01,1.497677178751400540e+01,7.132420473454968324e+00
2.433036422030951229e+01,1.498504547615916138e+01,7.115696396851393324e+00
2.449525950125045171e+01,1.499150549574397751e+01,7.102364111735690599e+00
2.466021587191097453e+01,1.499615106439977730e+01,7.092634660309765415e+00
2.483009703651315192e+01,1.499903773523482542e+01,7.086554085548510074e+00
2.500000000000003197e+01,1.499999999999999467e+01,7.084451876860484276e+00
2.516990296348691913e+01,1.499903773523482364e+01,7.086504132283316437e+00
2.533978412808910718e+01,1.499615106439977374e+01,7.092535416391857694e+00
2.550474049874963001e+01,1.499150549574397573e+01,7.102220656230315399e+00
2.566963577969056942e+01,1.498504547615915783e+01,7.115509978706376693e+00
2.583445001331687862e+01,1.497677178751399829e+01,7.132185257285847513e+00
2.599916325184284815e+01,1.496668543118905070e+01,7.151943520469963289e+00
2.616375555970638089e+01,1.495478762795554850e+01,7.174539647516816387e+00
2.632820701598185664e+01,1.494107981782763872e+01,7.199559836513587108e+00
2.649249771679118837e+01,1.492556365988812139e+01,7.226677410371226351e+00
2.665660777771284629e+01,1.490824103208762352e+01,7.255438412061833375e+00
2.682051733618850164e+01,1.488911403101732311e+01,7.285472165125016275e+00
2.698420655392700596e+01,1.486818497165517883e+01,7.316295162884588699e+00
2.714822628275790706e+01,1.484537381941148482e+01,7.347596333817645764e+00
2.731198418748696710e+01,1.482075332487555741e+01,7.378879106888098782e+00
2.748372999319646226e+01,1.479294038793153732e+01,7.411271512870815314e+00
2.765514165243019207e+01,1.476313729549143083e+01,7.442421285947288467e+00
2.781762009568699767e+01,1.473299076889619386e+01,7.470606918839526323e+00
2.797975656680231538e+01,1.470105611181040928e+01,7.497137101138117821e+00
2.814130675327526987e+01,1.466738531169843363e+01,7.521538070022301348e+00
2.830247674131129187e+01,1.463193928955071144e+01,7.543513550444553850e+00
2.846324702419474306e+01,1.459472233546791564e+01,7.562800552969439316e+00
2.862359814358708832e+01,1.455573895389003702e+01,7.579081395007222000e+00
2.878351069188196831e+01,1.451499386305121497e+01,7.592165061095032641e+00
2.894296531455412591e+01,1.447249199440866363e+01,7.601788304471700286e+00
2.910194271250190212e+01,1.442823849204580533e+01,7.607812195220299500e+00
2.926042364438311338e+01,1.438223871204969839e+01,7.610046835752389605e+00
2.941838892894379853e+01,1.433449822186276101e+01,7.608394939620208852e+00
2.957581944733979284e+01,1.428502279960892096e+01,7.602783626388187166e+00
2.973844906315952130e+01,1.423190431656433041e+01,7.592730355552474997e+00
2.990046226013881636e+01,1.417693442310272012e+01,7.578168409454464793e+00
3.005961821065396222e+01,1.412091581882770619e+01,7.559486123950639680e+00
3.021813398003116902e+01,1.406311052955368801e+01,7.536470705244074253e+00
3.037253048770991271e+01,1.400485330728698230e+01,7.509791479381336288e+00
3.052627674762419829e+01,1.394490105051547957e+01,7.479064049246119339e+00
3.067935415156657442e+01,1.388326101537687052e+01,7.444319937301405510e+00
3.083174417228253716e+01,1.381994066228391560e+01,7.405608797158763856e+00
3.098342836571288927e+01,1.375494765502152283e+01,7.363028693001266944e+00
3.113438837322609487e+01,1.368828985981916446e+01,7.316641017343952669e+00
3.128460592384023187e+01,1.361997534439882784e+01,7.266569089255350278e+00
3.143406283643437860e+01,1.355001237699854322e+01,7.212888212145720956e+00
3.158274102194909361e+01,1.347840942537168729e+01,7.155728084392306343e+00
3.173062248557579323e+01,1.340517515576208929e+01,7.095186689139459268e+00
3.187865120741481562e+01,1.332982211309402487e+01,7.030964502838402908e+00
3.202583643591736262e+01,1.325283450344625713e+01,6.963580568350384858e+00
3.217880177024171218e+01,1.317060382608079472e+01,6.889904971843464843e+00
3.233080481720740806e+01,1.308660768618086756e+01,6.812937584612518194e+00
3.247436544994247498e+01,1.300514748554224731e+01,6.736934697894133350e+00
3.261702100613253918e+01,1.292211248179395611e+01,6.658326326867283207e+00
3.275871989803718520e+01,1.283753346806937756e+01,6.577209801734984929e+00
3.289947973705411499e+01,1.275140070281970672e+01,6.493682028609971901e+00
3.303928348674754290e+01,1.266372461086025680e+01,6.407870838506324773e+00
3.317811422639903896e+01,1.257451580379814082e+01,6.319877186085530951e+00
3.331595515305543387e+01,1.248378507874795851e+01,6.229824616588545361e+00
3.345278958356257704e+01,1.239154341702499451e+01,6.137809488079011722e+00
3.358860095658446454e+01,1.229780198281611625e+01,6.043948938240272462e+00
3.372337283460772284e+01,1.220257212182855788e+01,5.948339898735341080e+00
3.385708890593109288e+01,1.210586535991672896e+01,5.851085780891212451e+00
3.398973298663962339e+01,1.200769340168722366e+01,5.752298753381221097e+00
3.412690552453263138e+01,1.190376392349307366e+01,5.647763396208016040e+00
3.426287665168497654e+01,1.179826750568356708e+01,5.541731957771070860e+00
3.439421093614993907e+01,1.169396429304965856e+01,5.437089023259951581e+00
3.452437082506909150e+01,1.158819918652472403e+01,5.331256530394325566e+00
3.465127953141449524e+01,1.148271759674072179e+01,5.226042503089430191e+00
3.477702012471636550e+01,1.137584623141903428e+01,5.119859847728400304e+00
3.490157738634728446e+01,1.126759802540787803e+01,5.012793275646246549e+00
3.502493624090077873e+01,1.115798608019716021e+01,4.904926567371687085e+00
3.514708175801589363e+01,1.104702366233278887e+01,4.796354368551607017e+00
3.526799915418425968e+01,1.093472420181098137e+01,4.687163806184636350e+00
3.538767379453936002e+01,1.082110129045282143e+01,4.577447168958099333e+00
3.550609119462782104e+01,1.070616868025921242e+01,4.467295700555383497e+00
3.562323702216248478e+01,1.058994028174643454e+01,4.356808400681885018e+00
3.573909709875709240e+01,1.047243016226254753e+01,4.246087422496365171e+00
3.585486438183459512e+01,1.035238712819309193e+01,4.134068465658856439e+00
3.596928988818551431e+01,1.023106442893164925e+01,4.022031346627694681e+00
3.608658419255260696e+01,1.010384337474815020e+01,3.905928170698021340e+00
3.620240308688141084e+01,9.975277694331582623e+00,3.790109745650900308e+00
3.631146603632630132e+01,9.851433200759975861e+00,3.680048963250596827e+00
3.641915993714135880e+01,9.726396369158786470e+00,3.570564277754747273e+00
3.652547175492529874e+01,9.600182332977775346e+00,3.461847570945613128e+00
3.663038862255302774e+01,9.472806368146057920e+00,3.354108034570102426e+00
3.673389784173297556e+01,9.344283891223211569e+00,3.247584324051159488e+00
3.683598688454399195e+01,9.214630457533397490e+00,3.142554879524875666e+00
3.693664339495159510e+01,9.083861759282665815e+00,3.039342751083534022e+00
3.703585519030349360e+01,8.951993623659696198e+00,2.938326210338230382e+00
3.713361026280406207e+01,8.819042010920192354e+00,2.839929813423910598e+00
3.722989678096765687e+01,8.685023012455198810e+00,2.744667993190080590e+00
3.732470309105058703e+01,8.549952848843521025e+00,2.653135553459364804e+00
3.741801771846164115e+01,8.413847867888515353e+00,2.565987134238159495e+00
3.751420051394178756e+01,8.270113995396823015e+00,2.480276973752773895e+00
3.760871972409585595e+01,8.125280728639198813e+00,2.401400714174617423e+00
3.769832632204320788e+01,7.984516805599698230e+00,2.332807337940954184e+00
3.778636149790786902e+01,7.842764795964402680e+00,2.272831326471094204e+00
3.787186821023572492e+01,7.701623775433486863e+00,2.223286802512908888e+00
3.795581701543817843e+01,7.559550612469095654e+00,2.184806424295530292e+00
3.803819775302884665e+01,7.416562502461152562e+00,2.158772898231423376e+00
3.811900045230759559e+01,7.272676751537389350e+00,2.146552342585958950e+00
3.819821533356731891e+01,7.127910774468761090e+00,2.149396002567704578e+00
3.827583280927760967e+01,6.982282092561692188e+00,2.168421147324312681e+00
3.835184348524511933e+01,6.835808331537447380e+00,2.204477754440495652e+00
3.842623816175062501e+01,6.688507219398850623e+00,2.258246490981764332e+00
3.849900783466241450e+01,6.540396584284628112e+00,2.330070590769023564e+00
3.857014369652612373e+01,6.391494352311650751e+00,2.420149934198419839e+00
3.864070943409155490e+01,6.239474828435879417e+00,2.530289781420600015e+00
3.870957223766676947e+01,6.086676355795171744e+00,2.659190621982136626e+00
3.877854758752359743e+01,5.928880701983044510e+00,2.810966453705848966e+00
3.884570679821417372e+01,5.770303567221163554e+00,2.982510249481234776e+00
3.890834966643244286e+01,5.617633804035997436e+00,3.165331891672906739e+00
3.896930918016837353e+01,5.464284127757546905e+00,3.366254595705788777e+00
3.902857796137401181e+01,5.310273098593968122e+00,3.585728244378926899e+00
3.908614883663404527e+01,5.155619356798238684e+00,3.824291000790501993e+00
3.914201483803400805e+01,5.000341620412090293e+00,4.082657225744057428e+00
3.919616920400360272e+01,4.844458683000524957e+00,4.361888811976711189e+00
3.924860538013508915e+01,4.687989411377199822e+00,4.663216045388961284e+00
3.929931701997657711e+01,4.530952743320933784e+00,4.988282744780613065e+00
3.934829798580013716e+01,4.373367685283636952e+00,5.338944355847040413e+00
3.939554234934465171e+01,4.215253310089917882e+00,5.717607843832135828e+00
3.944105181000988125e+01,4.056602349332469437e+00,6.127089053428930399e+00
3.948481286118837374e+01,3.897460246923788674e+00,6.570482404548958044e+00
3.952895006971176173e+01,3.729558937974016164e+00,7.077694049220252026e+00
3.957114111292857928e+01,3.561158051409954783e+00,7.633250875071947661e+00
3.960969878299516012e+01,3.399514887472778302e+00,8.216102491439995603e+00
3.964646334263118632e+01,3.237454486623733363e+00,8.855939724732195373e+00
3.968119315748114673e+01,3.076128650223873162e+00,9.556862906521415013e+00
3.971414607910505623e+01,2.914430504019053902e+00,1.033374049917494908e+01
3.974531811914702217e+01,2.752379618648906678e+00,1.120005613418615908e+01
3.977470550479470290e+01,2.589995607445768400e+00,1.217295705351874702e+01
3.980230467923593807e+01,2.427298124060839335e+00,1.327385409854323939e+01
3.982811230208920250e+01,2.264306860085465889e+00,1.453197804478768340e+01
3.985212524980796900e+01,2.101041542667825723e+00,1.598166229939227811e+01
3.987434061605867441e+01,1.937521932125317425e+00,1.768266784122647550e+01
3.989475571207254490e+01,1.773767819552928282e+00,1.967759123920833630e+01
3.991336806697100315e+01,1.609799024427878367e+00,2.214643865379165888e+01
3.993051906291484698e+01,1.442082005967698422e+00,2.505786701683396345e+01
3.994578395905110568e+01,1.274182816306202559e+00,2.935309781626265746e+01
3.996058124061914185e+01,1.086742353473870493e+00,3.381327389880787848e+01
3.997302785670808589e+01,8.991311374004786749e-01,4.586752898035108217e+01
3.998422321040363414e+01,6.877897795114350510e-01,5.001773729096466070e+01
3.999243567106762498e+01,4.763115040583862925e-01,1.106363442921473421e+02
3.999810879854545931e+01,2.381857825157492337e-01,1.215752775934644916e+02
3.999999999999997868e+01,-4.605320903225615060e-17,8.956023896680786720e+02
