x,y,stress
-1.168121149935676604e-18,-7.560324824109652901e-17,7.327799487200531242e-08
5.345627602356011789e-03,1.861073976178105882e-01,6.660707609237960348e-08
2.131937364035960125e-02,3.716054842918732337e-01,1.374967312486694252e-07
4.475864120252022460e-02,5.383087986013329607e-01,4.074447671041645997e-07
7.652051057459270667e-02,7.036291993434856673e-01,1.130811453244288937e-06
1.157804247493742500e-01,8.651704170511710368e-01,3.952485535021223682e-06
1.625658310502940684e-01,1.024695838695769856e+00,4.610911052424513984e-05
2.165219827131144581e-01,1.181941864356635064e+00,2.104778123568273526e-04
2.772699291299430269e-01,1.336692063431027089e+00,7.806201787097536912e-04
3.444177521620870874e-01,1.488775811532738746e+00,2.180960984499795072e-03
4.175703023226621791e-01,1.638065279704737032e+00,4.534934874053012273e-03
4.963372155848940759e-01,1.784471382549477569e+00,7.716732889665557822e-03
5.803390912071503260e-01,1.927939023544273045e+00,1.209126675192052219e-02
6.692120287199113671e-01,2.068442232183662632e+00,1.721991880629237387e-02
7.626107313697539913e-01,2.205979465620428570e+00,2.333964090490691506e-02
8.602103091232778942e-01,2.340569109631107203e+00,3.148920583466863904e-02
9.617071131283687624e-01,2.472245451206852795e+00,4.205573494297037279e-02
1.066818887019287176e+00,2.601055227979391926e+00,5.518774062983489853e-02
1.175284360315656862e+00,2.727054645508256492e+00,7.088797541426986037e-02
1.286862428579289341e+00,2.850306826439261254e+00,8.900231368720552816e-02
1.401331103050714733e+00,2.970879716088103084e+00,1.093159164898559188e-01
1.518486346069187976e+00,3.088844402203807959e+00,1.315708308498333978e-01
1.638140815694927310e+00,3.204273739035107038e+00,1.554518802716014225e-01
1.760122611202439513e+00,3.317241267136563643e+00,1.806981103239092556e-01
1.884274018648450344e+00,3.427820345528181267e+00,2.070629804191398415e-01
2.010736666045345178e+00,3.536324754392136338e+00,2.343679648191530906e-01
2.139099683048302225e+00,3.642574512087891847e+00,2.623562670978744071e-01
2.269421188242676024e+00,3.746781816435348578e+00,2.908876832607912299e-01
2.401412015530207444e+00,3.848866744331349121e+00,3.197732032637349842e-01
2.534481596549332583e+00,3.948536764322048143e+00,3.487706875777960014e-01
2.669010291466678009e+00,4.046228622236302641e+00,3.778707345502292370e-01
2.804910666691470933e+00,4.142003142133576787e+00,4.069752929777724071e-01
2.942102234545826978e+00,4.235918949115152543e+00,4.360001231177288994e-01
3.080510636589951279e+00,4.328032323323964370e+00,4.648790747924601008e-01
3.220067006247932184e+00,4.418397179394585983e+00,4.935507577040981197e-01
3.360707174339522485e+00,4.507064940544935006e+00,5.219697474025697392e-01
3.502372565506947755e+00,4.594085448000504890e+00,5.500955157671854057e-01
3.645009064390871689e+00,4.679506526691753265e+00,5.778996486806581290e-01
3.788565109624558058e+00,4.763373161313384507e+00,6.053596762291051370e-01
3.937798442247211650e+00,4.848435113937406449e+00,6.333452465853768310e-01
4.087914239969070884e+00,4.931929959336248892e+00,6.609220976809616621e-01
4.241615293637704731e+00,5.015375816825020650e+00,6.885750945066383411e-01
4.396139916877509712e+00,5.097286638780916590e+00,7.157814020140109701e-01
4.543762193483595446e+00,5.173769089406778932e+00,7.412337392883993070e-01
4.692058166341177561e+00,5.248937016492251750e+00,7.662892557855547349e-01
4.840996851815902779e+00,5.322823605236871813e+00,7.909407168459930970e-01
4.990549000131267121e+00,5.395460540178865116e+00,8.151922430418692134e-01
5.140687366696614191e+00,5.466878281483869451e+00,8.390468626516502937e-01
5.291386111780995272e+00,5.537105905003179451e+00,8.625086041573201134e-01
5.442620832045194312e+00,5.606171246267616759e+00,8.855826343570717407e-01
5.594368952274506590e+00,5.674101186944586317e+00,9.082746132932266736e-01
5.746609069316398255e+00,5.740921452351270382e+00,9.305890147806574753e-01
5.899320851385938091e+00,5.806656668479400984e+00,9.525344780002904521e-01
6.052516541625757363e+00,5.871343630640656563e+00,9.741139043048063773e-01
6.206146852820793036e+00,5.934991530839884177e+00,9.953405157610101250e-01
6.370887295388995675e+00,6.001926217067443226e+00,1.017646766818978588e+00
6.536085351124225618e+00,6.067723437726733948e+00,1.039570486679390893e+00
6.712935415429811314e+00,6.136741125941090225e+00,1.062744015292330868e+00
6.890264337964711494e+00,6.204519051703881516e+00,1.085222185559763686e+00
7.050881912510354788e+00,6.264715406195495717e+00,1.105246756494748350e+00
7.211859800835644485e+00,6.323941496079128477e+00,1.124924454196223333e+00
7.368224637360565765e+00,6.380440148137129341e+00,1.143686028669193000e+00
7.524903816264411738e+00,6.436061166011939783e+00,1.162145045531731258e+00
7.681886355671834643e+00,6.490820364049262992e+00,1.180305782447070406e+00
7.839161666651130567e+00,6.544732947148236057e+00,1.198173400154091128e+00
7.996719651199527767e+00,6.597813583033427243e+00,1.215752283652608901e+00
8.154550783087422872e+00,6.650076462130517285e+00,1.233043622024404318e+00
8.312645875992512146e+00,6.701535250915279462e+00,1.250034434484409651e+00
8.470996214915496481e+00,6.752203165626535331e+00,1.266761755375018339e+00
8.629593444788836720e+00,6.802092963385318214e+00,1.283309650992104700e+00
8.788429548542083580e+00,6.851216962063394256e+00,1.299464523898925084e+00
8.948180054299612607e+00,6.899793062508007502e+00,1.315457517224871919e+00
9.108156317597721596e+00,6.947620444935240336e+00,1.331183783095320372e+00
9.283066717565208847e+00,6.998996346772582200e+00,1.348053569974851484e+00
9.458228844757384124e+00,7.049507364121669895e+00,1.364612154754415885e+00
9.651934633363907778e+00,7.104295945369247356e+00,1.382551600844572182e+00
9.845926105941876116e+00,7.158064274367757385e+00,1.400085047240013481e+00
1.002579615895642995e+01,7.206955614180172276e+00,1.416217937715073427e+00
1.020589432897587123e+01,7.254999868114158978e+00,1.431812038420305244e+00
1.036872789916300874e+01,7.297670424305310988e+00,1.445699651505093719e+00
1.053173599724440912e+01,7.339669341486374954e+00,1.459330058071321545e+00
1.069290336726511370e+01,7.380500347403930128e+00,1.472555161575921368e+00
1.085423119172805784e+01,7.420692712749294095e+00,1.485544881452331323e+00
1.101571486510993125e+01,7.460254291703840579e+00,1.498300535405355571e+00
1.117734993737900062e+01,7.499192699479293900e+00,1.510824160133750427e+00
1.133913211370051677e+01,7.537515322814410723e+00,1.523116761324092128e+00
1.150105725243956911e+01,7.575229329391412136e+00,1.535180600003668516e+00
1.166312135102349146e+01,7.612341673897766725e+00,1.547017497001655251e+00
1.182532053760406221e+01,7.648859105107159273e+00,1.558628812518747297e+00
1.198765106705825012e+01,7.684788173532115962e+00,1.570015494966874758e+00
1.215010932125998799e+01,7.720135239551064288e+00,1.581181463821418109e+00
1.231550065032898544e+01,7.755501951631893931e+00,1.592310272191000742e+00
1.248101695667118172e+01,7.790279085981809182e+00,1.603220932760989426e+00
1.266530856306206054e+01,7.828285775018477111e+00,1.615083957446170837e+00
1.284974598758281594e+01,7.865578429804935823e+00,1.626675288886959780e+00
1.305543330703231142e+01,7.906302645145526498e+00,1.639261957977544482e+00
1.326129023897888892e+01,7.946160647242624719e+00,1.651497896970079537e+00
1.345517698745279844e+01,7.982889901816333733e+00,1.662713243509768901e+00
1.364920430882357039e+01,8.018869188243515467e+00,1.673626857060234396e+00
1.382156293250588952e+01,8.050187190168825779e+00,1.683075298820186694e+00
1.399402582910759563e+01,8.080925802062191465e+00,1.692296432043203236e+00
1.415779927465575483e+01,8.109567816641167326e+00,1.700839160394938654e+00
1.432166158423747326e+01,8.137696989488308219e+00,1.709180364917974426e+00
1.448561040523717480e+01,8.165317534784591658e+00,1.717320643286178505e+00
1.464964342858286273e+01,8.192433545793948113e+00,1.725261287579827219e+00
1.481375840470476923e+01,8.219049001449684866e+00,1.733004172821948963e+00
1.497795316101960950e+01,8.245167772676539997e+00,1.740551313622934915e+00
1.514222556190674851e+01,8.270793619317714729e+00,1.747905269647853865e+00
1.530657354153685468e+01,8.295930198649807963e+00,1.755067685214032780e+00
1.547099508701046489e+01,8.320581065750239702e+00,1.762040340301608499e+00
1.563548821329293226e+01,8.344749672815980901e+00,1.768826058279574731e+00
1.580008029138297232e+01,8.368443550936333963e+00,1.775426925094983455e+00
1.596474016390909867e+01,8.391661619034941566e+00,1.781850791970506886e+00
1.614081344570638876e+01,8.415956264267920872e+00,1.788510438319283136e+00
1.631695988539125608e+01,8.439714683690739960e+00,1.794975100249971645e+00
1.651552173113864086e+01,8.465847048835476230e+00,1.802009367808781404e+00
1.671417075134716512e+01,8.491308283334026541e+00,1.808795320534578366e+00
1.692988579192516951e+01,8.518190774117131880e+00,1.815880599262144290e+00
1.714569648123336520e+01,8.544294303455819417e+00,1.822667576955305124e+00
1.734194496672267860e+01,8.567351015728576158e+00,1.828601335660932525e+00
1.753826697879796725e+01,8.589773060186818299e+00,1.834304697236027959e+00
1.771259356816743136e+01,8.609147721560370670e+00,1.839183826018889745e+00
1.788697437240159971e+01,8.628028203951243924e+00,1.843892217824061985e+00
1.805231603610960889e+01,8.645470924415382896e+00,1.848199692244041792e+00
1.821770347193809059e+01,8.662474173882706907e+00,1.852359264695293772e+00
1.838313528452063039e+01,8.679040058282993186e+00,1.856371189709393299e+00
1.854861011141235849e+01,8.695170618124954842e+00,1.860238750977035282e+00
1.871412661145799916e+01,8.710867828656404299e+00,1.863965314530009687e+00
1.887968346135574649e+01,8.726133600885153996e+00,1.867553213242025389e+00
1.904527935565915087e+01,8.740969782890379847e+00,1.871004964098998746e+00
1.921091302144579060e+01,8.755378162325909486e+00,1.874323536489450603e+00
1.937658320475928519e+01,8.769360466287817957e+00,1.877512502281641016e+00
1.954228866049536961e+01,8.782918361611338653e+00,1.880574229386533514e+00
1.970804685177368398e+01,8.796054914065521757e+00,1.883509795543433230e+00
1.987383789662062128e+01,8.808770123396794105e+00,1.886328049100775228e+00
2.005085898040219661e+01,8.821880639103552468e+00,1.889200303317048579e+00
2.022791472567987014e+01,8.834514440343978592e+00,1.891946525281203328e+00
2.042745632391271116e+01,8.848180774893981138e+00,1.894877187153641396e+00
2.062703816373021581e+01,8.861246285895518326e+00,1.897650027484005575e+00
2.084793383374334397e+01,8.875006530308185759e+00,1.900534117700902081e+00
2.106887378149061618e+01,8.888036541687792891e+00,1.903219818416109321e+00
2.127413045596184560e+01,8.899487588611423305e+00,1.905554237930310757e+00
2.147942108361471014e+01,8.910312897004118327e+00,1.907732641556280306e+00
2.166164119330399629e+01,8.919397665645195872e+00,1.909542674648711635e+00
2.184388507886293240e+01,8.927992296320207188e+00,1.911241333450719893e+00
2.201072841746620412e+01,8.935431019296093069e+00,1.912711133611112446e+00
2.217758948427582411e+01,8.942460861247448989e+00,1.914091160200637853e+00
2.234371789089004068e+01,8.949053795248081755e+00,1.915373945943048106e+00
2.250986182726621720e+01,8.955243037446713572e+00,1.916569911370210155e+00
2.267602029143369791e+01,8.961029278688727118e+00,1.917676965263636735e+00
2.284219227954774567e+01,8.966413163192161306e+00,1.918700126358385383e+00
2.300837679960687154e+01,8.971395289406441265e+00,1.919640640952422705e+00
2.317457286301466013e+01,8.975976210055113924e+00,1.920500402977104226e+00
2.334077948478016751e+01,8.980156432475480344e+00,1.921280596771325122e+00
2.350699569070004102e+01,8.983936419073792479e+00,1.921982680316270953e+00
2.367322051042245334e+01,8.987316587375243415e+00,1.922608043306686776e+00
2.383945297279253950e+01,8.990297310181350809e+00,1.923159289812735651e+00
2.401086487902198030e+01,8.992952845307993215e+00,1.923647437089041734e+00
2.418228282986985178e+01,8.995184349773253984e+00,1.924062181739559785e+00
2.437452054364402798e+01,8.997182742296500280e+00,1.924430656122876115e+00
2.456676305649699543e+01,8.998648499930505196e+00,1.924704013998686625e+00
2.478338047416743350e+01,8.999662140721790493e+00,1.924895121015610222e+00
2.499999999999988987e+01,8.999999999999992895e+00,1.924955751664895187e+00
2.521661952583237465e+01,8.999662140721790493e+00,1.924897524380129843e+00
2.543323694350282338e+01,8.998648499930506972e+00,1.924708900784702248e+00
2.562547945635584412e+01,8.997182742296503832e+00,1.924437642454799535e+00
2.581771717012997414e+01,8.995184349773253984e+00,1.924071242556471883e+00
2.598913512097795575e+01,8.992952845307993215e+00,1.923657537911155346e+00
2.616054702720731484e+01,8.990297310181352586e+00,1.923170214866825711e+00
2.632677948957739034e+01,8.987316587375246968e+00,1.922618521641421552e+00
2.649300430929979555e+01,8.983936419073797808e+00,1.921992474769491865e+00
2.665922051521967973e+01,8.980156432475482120e+00,1.921288572917560833e+00
2.682542713698519066e+01,8.975976210055117477e+00,1.920506483706462708e+00
2.699162320039297214e+01,8.971395289406446594e+00,1.919644580156995017e+00
2.715780772045209446e+01,8.966413163192163083e+00,1.918701827250052450e+00
2.732397970856613867e+01,8.961029278688728894e+00,1.917677082714627890e+00
2.749013817273363358e+01,8.955243037446718901e+00,1.916568604185677982e+00
2.765628210910981011e+01,8.949053795248087084e+00,1.915374760653906439e+00
2.782241051572401602e+01,8.942460861247452542e+00,1.914094122869046677e+00
2.798927158253363245e+01,8.935431019296098398e+00,1.912718400192312762e+00
2.815611492113691128e+01,8.927992296320212517e+00,1.911255037714117533e+00
2.833835880669582963e+01,8.919397665645204754e+00,1.909550284966626821e+00
2.852057891638510512e+01,8.910312897004127208e+00,1.907733384896671991e+00
2.872586954403796966e+01,8.899487588611428635e+00,1.905549905066075800e+00
2.893112621850918842e+01,8.888036541687803549e+00,1.903210793686787694e+00
2.915206616625646419e+01,8.875006530308198194e+00,1.900524035457006544e+00
2.937296183626959234e+01,8.861246285895528985e+00,1.897638959925499025e+00
2.957254367608710766e+01,8.848180774893990019e+00,1.894866504976844057e+00
2.977208527431995932e+01,8.834514440343989250e+00,1.891936317779466137e+00
2.994914101959763286e+01,8.821880639103564903e+00,1.889190740673341473e+00
3.012616210337921885e+01,8.808770123396804763e+00,1.886319381244867754e+00
3.029195314822615970e+01,8.796054914065530639e+00,1.883501737452340619e+00
3.045771133950448117e+01,8.782918361611349312e+00,1.880566776540832929e+00
3.062341679524055493e+01,8.769360466287830391e+00,1.877505258455607784e+00
3.078908697855404242e+01,8.755378162325921920e+00,1.874316506539464466e+00
3.095472064434067860e+01,8.740969782890390505e+00,1.870997437254193541e+00
3.112031653864409364e+01,8.726133600885166430e+00,1.867545092503738458e+00
3.128587338854181965e+01,8.710867828656420286e+00,1.863956254105138211e+00
3.145138988858744611e+01,8.695170618124970829e+00,1.860228694856244758e+00
3.161686471547918842e+01,8.679040058283005621e+00,1.856359973679774011e+00
3.178229652806174599e+01,8.662474173882719342e+00,1.852346942125329576e+00
3.194768396389020992e+01,8.645470924415398883e+00,1.848186812748418451e+00
3.211302562759821200e+01,8.628028203951259911e+00,1.843879199330961338e+00
3.228740643183238035e+01,8.609147721560384880e+00,1.839170721151115462e+00
3.246173302120184445e+01,8.589773060186836062e+00,1.834292462877159302e+00
3.265805503327711534e+01,8.567351015728595698e+00,1.828589416404439838e+00
3.285430351876641453e+01,8.544294303455840733e+00,1.822656785559876758e+00
3.307011420807465640e+01,8.518190774117146091e+00,1.815869911527599356e+00
3.328582924865269632e+01,8.491308283334040752e+00,1.808784846567747406e+00
3.348447826886124545e+01,8.465847048835486888e+00,1.801999554595276276e+00
3.368304011460864444e+01,8.439714683690747066e+00,1.794965816423944815e+00
3.385918655429352953e+01,8.415956264267926201e+00,1.788501832559407978e+00
3.403525983609085159e+01,8.391661619034945119e+00,1.781842839295596281e+00
3.419991970861697439e+01,8.368443550936337516e+00,1.775419535133563986e+00
3.436451178670701267e+01,8.344749672815986230e+00,1.768819003370579290e+00
3.452900491298948538e+01,8.320581065750243255e+00,1.762032593224861055e+00
3.469342645846310091e+01,8.295930198649809739e+00,1.755059385905153757e+00
3.485777443809320886e+01,8.270793619317720058e+00,1.747896623829778395e+00
3.502204683898033011e+01,8.245167772676543549e+00,1.740542117260866384e+00
3.518624159529517215e+01,8.219049001449686642e+00,1.732994046260562859e+00
3.535035657141708754e+01,8.192433545793951666e+00,1.725250197868302138e+00
3.551438959476277546e+01,8.165317534784596987e+00,1.717309143176726893e+00
3.567833841576246812e+01,8.137696989488309995e+00,1.709168168091696138e+00
3.584220072534418478e+01,8.109567816641170879e+00,1.700826069811570251e+00
3.600597417089235108e+01,8.080925802062196794e+00,1.692282592548636000e+00
3.617843706749405186e+01,8.050187190168832885e+00,1.683060884408194458e+00
3.635079569117635856e+01,8.018869188243520796e+00,1.673612153793073265e+00
3.654482301254711274e+01,7.982889901816343503e+00,1.662697755871840322e+00
3.673870976102102759e+01,7.946160647242635378e+00,1.651481857627628447e+00
3.694456669296761220e+01,7.906302645145533603e+00,1.639245078960984481e+00
3.715025401241711478e+01,7.865578429804942040e+00,1.626657114797184889e+00
3.733469143693787373e+01,7.828285775018482440e+00,1.615065109989614278e+00
3.751898304332878098e+01,7.790279085981810070e+00,1.603200950242328782e+00
3.768449934967098613e+01,7.755501951631894819e+00,1.592289160820740568e+00
3.784989067873998181e+01,7.720135239551062512e+00,1.581159127773718920e+00
3.801234893294171968e+01,7.684788173532113298e+00,1.569991878224058279e+00
3.817467946239590759e+01,7.648859105107159273e+00,1.558603803287916589e+00
3.833687864897647302e+01,7.612341673897770278e+00,1.546990737628939128e+00
3.849894274756039891e+01,7.575229329391410360e+00,1.535151961050480685e+00
3.866086788629947080e+01,7.537515322814405394e+00,1.523086299835113344e+00
3.882265006262100115e+01,7.499192699479286794e+00,1.510791504821819675e+00
3.898428513489007941e+01,7.460254291703832585e+00,1.498265933544256967e+00
3.914576880827195282e+01,7.420692712749281661e+00,1.485507880853120355e+00
3.930709663273489696e+01,7.380500347403916805e+00,1.472516052465050462e+00
3.946826400275561042e+01,7.339669341486362519e+00,1.459288690726421756e+00
3.963127210083701613e+01,7.297670424305297665e+00,1.445653858611381182e+00
3.979410567102414120e+01,7.254999868114146544e+00,1.431778098581433900e+00
3.997420384104362512e+01,7.206955614180147407e+00,1.416127121145384971e+00
4.015407389405822158e+01,7.158064274367722746e+00,1.400167462635039772e+00
4.034806536663619880e+01,7.104295945369210941e+00,1.382590410304648021e+00
4.054177115524272068e+01,7.049507364121630815e+00,1.364635434489840593e+00
4.071693328243487286e+01,6.998996346772546673e+00,1.348054389836377931e+00
4.089184368240233880e+01,6.947620444935214579e+00,1.331170984328610363e+00
4.105181994570044424e+01,6.899793062507982633e+00,1.315427277976757292e+00
4.121157045145795905e+01,6.851216962063367610e+00,1.299427599883619555e+00
4.137040655521122545e+01,6.802092963385287128e+00,1.283228771834773241e+00
4.152900378508457635e+01,6.752203165626502468e+00,1.266762324715881460e+00
4.168735412400754825e+01,6.701535250915251929e+00,1.250023372285547385e+00
4.184544921691261266e+01,6.650076462130494193e+00,1.233008036592161849e+00
4.200328034880050154e+01,6.597813583033405038e+00,1.215712844768944700e+00
4.216083833334891295e+01,6.544732947148213853e+00,1.198132652195957659e+00
4.231811364432820000e+01,6.490820364049244340e+00,1.180263263733372536e+00
4.247509618373561580e+01,6.436061166011919354e+00,1.162099285128222359e+00
4.263177536263944489e+01,6.380440148137109801e+00,1.143636645974860366e+00
4.278814019916438838e+01,6.323941496079107161e+00,1.124871257322457740e+00
4.294911808748970117e+01,6.264715406195468184e+00,1.105186582931075190e+00
4.310973566203535512e+01,6.204519051703841548e+00,1.085171231642961587e+00
4.328706458457026685e+01,6.136741125941043151e+00,1.062627220176606047e+00
4.346391464887587830e+01,6.067723437726683322e+00,1.039639917592313889e+00
4.362911270461110291e+01,6.001926217067395264e+00,1.017711412556736361e+00
4.379385314717927713e+01,5.934991530839838880e+00,9.953924275911600894e-01
4.394748345837430037e+01,5.871343630640613931e+00,9.741530099976229984e-01
4.410067914861414096e+01,5.806656668479359240e+00,9.525644923616153337e-01
4.425339093068367191e+01,5.740921452351231302e+00,9.306163374341122063e-01
4.440563104772555647e+01,5.674101186944539243e+00,9.082987601100382946e-01
4.455737916795487052e+01,5.606171246267568797e+00,8.856062531835294793e-01
4.470861388821908378e+01,5.537105905003130601e+00,8.625314335570629654e-01
4.485931263330347463e+01,5.466878281483817048e+00,8.390700917162420280e-01
4.500945099986882525e+01,5.395460540178802944e+00,8.152155217852083968e-01
4.515900314818417627e+01,5.322823605236814970e+00,7.909649858336091910e-01
4.530794183365890149e+01,5.248937016492202012e+00,7.663137850554697650e-01
4.545623780651648360e+01,5.173769089406724753e+00,7.412600057548683896e-01
4.560386008312256223e+01,5.097286638780856194e+00,7.158075790991760279e-01
4.575838470636235655e+01,5.015375816824966471e+00,6.886060078657593175e-01
4.591208576003099751e+01,4.931929959336198266e+00,6.609558321407561499e-01
4.606220155775283587e+01,4.848435113937364704e+00,6.333794251524462737e-01
4.621143489037546459e+01,4.763373161313347204e+00,6.053947983009845268e-01
4.635499093560915895e+01,4.679506526691713297e+00,5.779329636574032092e-01
4.649762743449311131e+01,4.594085448000456040e+00,5.501269283897098905e-01
4.663929282566054013e+01,4.507064940544885268e+00,5.219985837719873789e-01
4.677993299375211933e+01,4.418397179394528251e+00,4.935760416717371313e-01
4.691948936341008647e+01,4.328032323323912856e+00,4.649024755671060660e-01
4.705789776545422853e+01,4.235918949115099252e+00,4.360198863480692633e-01
4.719508933330856593e+01,4.142003142133534155e+00,4.069915773062837139e-01
4.733098970853334464e+01,4.046228622236258232e+00,3.778817960232606077e-01
4.746551840345067319e+01,3.948536764322015280e+00,3.487778162034335661e-01
4.759858798446982320e+01,3.848866744331311374e+00,3.197738251504241291e-01
4.773057881175734707e+01,3.746781816435310386e+00,2.908837235773010232e-01
4.786090031695174218e+01,3.642574512087824790e+00,2.623475989974092260e-01
4.798926333395467481e+01,3.536324754392086156e+00,2.343610689887693499e-01
4.811572598135159495e+01,3.427820345528119983e+00,2.070649255982114356e-01
4.823987738879758780e+01,3.317241267136521454e+00,1.807155507731295074e-01
4.836185918430509645e+01,3.204273739035044866e+00,1.554790327481108680e-01
4.848151365393082557e+01,3.088844402203759110e+00,1.316004567010600479e-01
4.859866889694934144e+01,2.970879716088016487e+00,1.093417082302787918e-01
4.871313757142073797e+01,2.850306826439213737e+00,8.900955130840502993e-02
4.882471563968435646e+01,2.727054645508197872e+00,7.088419526963234130e-02
4.893318111298072637e+01,2.601055227979332862e+00,5.516794080831222136e-02
4.903829288687170163e+01,2.472245451206737332e+00,4.203674190614920675e-02
4.913978969087674642e+01,2.340569109631050804e+00,3.144491537234509609e-02
4.923738926863025966e+01,2.205979465620362401e+00,2.324836268146653062e-02
4.933078797128006698e+01,2.068442232183635987e+00,1.704197225738169480e-02
4.941966090879286355e+01,1.927939023544215535e+00,1.209528907761742329e-02
4.950366278441509138e+01,1.784471382549466023e+00,7.672355736499917103e-03
4.958242969767731978e+01,1.638065279704708832e+00,4.553585269503308310e-03
4.965558224783787722e+01,1.488775811532734084e+00,2.173447766294697193e-03
4.972273007087004970e+01,1.336692063431002220e+00,7.791741204659990375e-04
4.978347801728687472e+01,1.181941864356611527e+00,2.104981082589979741e-04
4.983743416894968448e+01,1.024695838695716787e+00,4.655535785913736033e-05
4.988421957525059014e+01,8.651704170511447245e-01,4.427562531415966338e-06
4.992347948942538949e+01,7.036291993434728997e-01,9.904443756970001273e-07
4.995524135879745842e+01,5.383087986013136428e-01,3.994449614286861062e-07
4.997868062635961195e+01,3.716054842918448120e-01,1.357606290633960731e-07
4.999465437239761201e+01,1.861073976177940459e-01,6.365620312456719928e-08
4.999999999999997868e+01,-7.543147732765524591e-17,2.469850413560958680e-08
