x,y,stress
5.999999999999997335e+00,3.885502664906929739e-16,1.240439788831167107e+03
6.005498446215097097e+00,1.683932990281492847e-01,1.516116550086973405e+02
6.021910501523850989e+00,3.360757334664997709e-01,1.440917228685197813e+02
6.048442655038207327e+00,4.995433810576458966e-01,5.546225960970443225e+01
6.084920590808143182e+00,6.610844281959590285e-01,5.214024138814011167e+01
6.130874825264609917e+00,8.201912517124185786e-01,3.473669137343519253e+01
6.185759485956192627e+00,9.764446504631365542e-01,2.915561983081861541e+01
6.248981913611699746e+00,1.129516744498513914e+00,2.323209123193738179e+01
6.319929356884796512e+00,1.279167273322240783e+00,1.944963920542265612e+01
6.397990944617064635e+00,1.425235263729522472e+00,1.616275467659540510e+01
6.482574279602114409e+00,1.567628102085504738e+00,1.393251377269012004e+01
6.573116934282494661e+00,1.706309818194932992e+00,1.203525198346038216e+01
6.669093517216830413e+00,1.841289675430270556e+00,1.050585937840949313e+01
6.770019190860137037e+00,1.972611768437588786e+00,9.235607389202765916e+00
6.875450634410792183e+00,2.100346102874619980e+00,8.174463800426240212e+00
6.984985204286998872e+00,2.224581166718386349e+00,7.278627418318971642e+00
7.098258909304935749e+00,2.345417899886672597e+00,6.517159904929875403e+00
7.214943739554073865e+00,2.462964970416970711e+00,5.864883456968332354e+00
7.334744830029410245e+00,2.577335279824941594e+00,5.304772457473905689e+00
7.457397326039958863e+00,2.688643130461470410e+00,4.821268255542472403e+00
7.582663279363139885e+00,2.797002103280519236e+00,4.402650894423442374e+00
7.710328995726052348e+00,2.902523761720667395e+00,4.039139030396038166e+00
7.840202403320712499e+00,3.005316607326791623e+00,3.722798368641784705e+00
7.972110613388312395e+00,3.105485348352575503e+00,3.446943984202007538e+00
8.105897933621845297e+00,3.203130590008101297e+00,3.206275800774637474e+00
8.241423889418049598e+00,3.298348537723700069e+00,2.996210657218343787e+00
8.378561388271194232e+00,3.391230806950644716e+00,2.812924373247689847e+00
8.517195252891937685e+00,3.481864465265545050e+00,2.653003522006353698e+00
8.657221291731362456e+00,3.570332363671338438e+00,2.513761728342064572e+00
8.798544830648674875e+00,3.656713050088978623e+00,2.392273103377301258e+00
8.941079378643888020e+00,3.741080752260880438e+00,2.287043836322256052e+00
9.084746269884099945e+00,3.823505895286375189e+00,2.196152195074769775e+00
9.229473424864092834e+00,3.904055028619880741e+00,2.117939118064620097e+00
9.375194810512807564e+00,3.982791124741405842e+00,2.050966026965185485e+00
9.521850089875290024e+00,4.059773915564796276e+00,1.993883992897406143e+00
9.669383777566274318e+00,4.135059916691893989e+00,1.945505213327565652e+00
9.817744660033369541e+00,4.208702571088332789e+00,1.904803612961733617e+00
9.966885477898594914e+00,4.280752490515201458e+00,1.870831244020180861e+00
1.011676276980923816e+01,4.351257731359789105e+00,1.842845930110617703e+00
1.026733625278388295e+01,4.420263816427612014e+00,1.819871668361975781e+00
1.041856856519673435e+01,4.487813911826868285e+00,1.802148388483514996e+00
1.057042512391779887e+01,4.553949026256584709e+00,1.786624551028329622e+00
1.072287363973673280e+01,4.618708037795345334e+00,1.775774771837757449e+00
1.087700971407214112e+01,4.682588756450662970e+00,1.767591730327203070e+00
1.103168747938015493e+01,4.745146527832951655e+00,1.762480387518783553e+00
1.118801679151459005e+01,4.806858809429255253e+00,1.758736499577387757e+00
1.134484326000759324e+01,4.867296605822006406e+00,1.757489336132909141e+00
1.149985963156457025e+01,4.925642186176848902e+00,1.757802877893862137e+00
1.165531440958348774e+01,4.982809495234524100e+00,1.759561690700551795e+00
1.181118773493409968e+01,5.038826073767314284e+00,1.762470922387693095e+00
1.196746064864666970e+01,5.093718086681032986e+00,1.766414681795357211e+00
1.212411528519504778e+01,5.147510504911676499e+00,1.771112633974328832e+00
1.228113516959639817e+01,5.200227300026374344e+00,1.776793032153008767e+00
1.243850472987121414e+01,5.251891360232992412e+00,1.782665925001863272e+00
1.259620902458023473e+01,5.302524486960026096e+00,1.789146251018432165e+00
1.275423405962105683e+01,5.352147576870089019e+00,1.796025965334978380e+00
1.291256659867338819e+01,5.400780628570243103e+00,1.803243329603418266e+00
1.307320223348165023e+01,5.449039473361291464e+00,1.810774283988655586e+00
1.323412803149413719e+01,5.496321757763398708e+00,1.818520991477421411e+00
1.340436300834190320e+01,5.545210539835186303e+00,1.826721286038152758e+00
1.357489549251090644e+01,5.593051279152708943e+00,1.835346874886371937e+00
1.373501369489339297e+01,5.636963508875508566e+00,1.843227724458341044e+00
1.389537283390421329e+01,5.679987593037432170e+00,1.850971289149723198e+00
1.405557927429949139e+01,5.722038624656506478e+00,1.858779261816309258e+00
1.421600767276203392e+01,5.763234790358803927e+00,1.866536651151032178e+00
1.437664969229031087e+01,5.803589724867117994e+00,1.874203499030646869e+00
1.453749747966394246e+01,5.843116557701612201e+00,1.881765855538508836e+00
1.469854349318241482e+01,5.881827899610349242e+00,1.889206590840199818e+00
1.485978050466806621e+01,5.919735872471701299e+00,1.896507218605064438e+00
1.502120158568830988e+01,5.956852133091137702e+00,1.903660293669985348e+00
1.518280014799700162e+01,5.993187907239696521e+00,1.910651671348028158e+00
1.534456986387584543e+01,6.028753994333839294e+00,1.917469008705800837e+00
1.550650465374729059e+01,6.063560786920901613e+00,1.924106574533582581e+00
1.567437398596931253e+01,6.098817439724636635e+00,1.930878766098694355e+00
1.584240790003357624e+01,6.133281182192490633e+00,1.937360579285580808e+00
1.602287056921189290e+01,6.169387882726894645e+00,1.944113555207895860e+00
1.620350878276290629e+01,6.204605869163470899e+00,1.950621538326327009e+00
1.636903601026302013e+01,6.236079582475039906e+00,1.956385466259915162e+00
1.653469971922532977e+01,6.266826848111340276e+00,1.961950614090550937e+00
1.669768023231842591e+01,6.296352291671692747e+00,1.967227666077927761e+00
1.686078359432489648e+01,6.325191392060723672e+00,1.972312994951648246e+00
1.702400557075090148e+01,6.353351489833143795e+00,1.977205930342161633e+00
1.718734205244167512e+01,6.380839656347962574e+00,1.981909459178801125e+00
1.735078906372915952e+01,6.407662706394405383e+00,1.986426705303815154e+00
1.751434278853770365e+01,6.433827212672510676e+00,1.990759644978021825e+00
1.767799951272280268e+01,6.459339506029911249e+00,1.994911616870385984e+00
1.784175565488784443e+01,6.484205689695695440e+00,1.998885347207701946e+00
1.800560775284298387e+01,6.508431645665122112e+00,2.002684947077010946e+00
1.816955241991865933e+01,6.532023036544721606e+00,2.006315338404689896e+00
1.833541467815513926e+01,6.555237660138593547e+00,2.009813420333443901e+00
1.850136495364620970e+01,6.577814509659915210e+00,2.013153456291989052e+00
1.868480670133184773e+01,6.602022343233974411e+00,2.016649224209446700e+00
1.886834782313009740e+01,6.625464858517264410e+00,2.019945601035755711e+00
1.904982635387798595e+01,6.647886433429003539e+00,2.023023869149427778e+00
1.923139419806858896e+01,6.669572900975327734e+00,2.025919028606684158e+00
1.939699310155103262e+01,6.688707432842511125e+00,2.028413813714042391e+00
1.956266045600063563e+01,6.707239978674008896e+00,2.030776678582678851e+00
1.972733225176138561e+01,6.725061609047006783e+00,2.032992852094912095e+00
1.989206647382101778e+01,6.742296669191214953e+00,2.035083423325897201e+00
2.005686064865122376e+01,6.758948781199739742e+00,2.037053892499167684e+00
2.022171235051346727e+01,6.775021417471733365e+00,2.038907946997717158e+00
2.038661920385606408e+01,6.790517904982744213e+00,2.040650413744638403e+00
2.055157889626021372e+01,6.805441430177345374e+00,2.042285504701850218e+00
2.071658915946602519e+01,6.819795040621843718e+00,2.043818889057379629e+00
2.088164776373196574e+01,6.833581647907926104e+00,2.045254086590595488e+00
2.104675252753053272e+01,6.846804031647312883e+00,2.046594877776620525e+00
2.121190130474568747e+01,6.859464841363698717e+00,2.047848269191911541e+00
2.138115914667877249e+01,6.871857489403922159e+00,2.049040794787697184e+00
2.155045875936952271e+01,6.883665799354511172e+00,2.050155175912887984e+00
2.173940264756757657e+01,6.896154281852616030e+00,2.051298809732938100e+00
2.192839282414352198e+01,6.907921551527726578e+00,2.052337558894623104e+00
2.211250503884361862e+01,6.918692066845616218e+00,2.053265768463145680e+00
2.229665570409190778e+01,6.928783865036985290e+00,2.054107242111531395e+00
2.246366170209079272e+01,6.937349716650178522e+00,2.054803681136606830e+00
2.263069521105094850e+01,6.945361222412784308e+00,2.055444988993598177e+00
2.279616363009947477e+01,6.952751534381035547e+00,2.056022694629409564e+00
2.296165532176264534e+01,6.959600952848332689e+00,2.056547423413917386e+00
2.312716847013948396e+01,6.965910781950744202e+00,2.057021055528408748e+00
2.329270126703809396e+01,6.971682219246881473e+00,2.057445840200443410e+00
2.345825192516538849e+01,6.976916357403816882e+00,2.057824665957601606e+00
2.362381867035772842e+01,6.981614184934829659e+00,2.058158881394771988e+00
2.378939974037514560e+01,6.985776587115602787e+00,2.058450615263850647e+00
2.395499338689611690e+01,6.989404346863962836e+00,2.058701154454261939e+00
2.412059786957614094e+01,6.992498145323103209e+00,2.058912591924332514e+00
2.428621145774445367e+01,6.995058562545111158e+00,2.059087158408777096e+00
2.445503098909214756e+01,6.997119991251236293e+00,2.059224939637488205e+00
2.462385636983657733e+01,6.998628136743112016e+00,2.059330975292053445e+00
2.481192693395871629e+01,6.999657054830219494e+00,2.059405256317976107e+00
2.500000000000002487e+01,6.999999999999997335e+00,2.059426438879162102e+00
2.518807306604135832e+01,6.999657054830220382e+00,2.059405778738676585e+00
2.537614363016349373e+01,6.998628136743112016e+00,2.059331977815992865e+00
2.554496901090800165e+01,6.997119991251233628e+00,2.059226237702844742e+00
2.571378854225561739e+01,6.995058562545109382e+00,2.059088791303098187e+00
2.587940213042393722e+01,6.992498145323101433e+00,2.058914137268192057e+00
2.604500661310396836e+01,6.989404346863960171e+00,2.058702557940092603e+00
2.621060025962494677e+01,6.985776587115601011e+00,2.058451793690345255e+00
2.637618132964236750e+01,6.981614184934826994e+00,2.058159895077334767e+00
2.654174807483470389e+01,6.976916357403814217e+00,2.057825542039135591e+00
2.670729873296198065e+01,6.971682219246877921e+00,2.057446579500125772e+00
2.687283152986061552e+01,6.965910781950739761e+00,2.057021847190544594e+00
2.703834467823746124e+01,6.959600952848327360e+00,2.056548313721435761e+00
2.720383636990062115e+01,6.952751534381031995e+00,2.056023935298442407e+00
2.736930478894913321e+01,6.945361222412779867e+00,2.055446556539047176e+00
2.753633829790930321e+01,6.937349716650173193e+00,2.054805516077055305e+00
2.770334429590818459e+01,6.928783865036979073e+00,2.054109324584688867e+00
2.788749496115645954e+01,6.918692066845610000e+00,2.053268004158331550e+00
2.807160717585651710e+01,6.907921551527722137e+00,2.052339845929785689e+00
2.826059735243245186e+01,6.896154281852612478e+00,2.051300600183520118e+00
2.844954124063047729e+01,6.883665799354510284e+00,2.050156424325209503e+00
2.861884085332119909e+01,6.871857489403923935e+00,2.049041458798617654e+00
2.878809869525425924e+01,6.859464841363699605e+00,2.047848147546483588e+00
2.895324747246941044e+01,6.846804031647313771e+00,2.046593236085503253e+00
2.911835223626798452e+01,6.833581647907928769e+00,2.045250851470811870e+00
2.928341084053393217e+01,6.819795040621845494e+00,2.043813614379478061e+00
2.944842110373974009e+01,6.805441430177345374e+00,2.042277922982473903e+00
2.961338079614391106e+01,6.790517904982745101e+00,2.040640004327895607e+00
2.977828764948651852e+01,6.775021417471732477e+00,2.038894628227939876e+00
2.994313935134876914e+01,6.758948781199737965e+00,2.037037821061157494e+00
3.010793352617898933e+01,6.742296669191211400e+00,2.035064357003762758e+00
3.027266774823863571e+01,6.725061609047002342e+00,2.032971156605157592e+00
3.043733954399939989e+01,6.707239978674001790e+00,2.030752464873841312e+00
3.060300689844900646e+01,6.688707432842504907e+00,2.028388105226060834e+00
3.076860580193145012e+01,6.669572900975319740e+00,2.025892110820516123e+00
3.095017364612206023e+01,6.647886433428992881e+00,2.022995671358980729e+00
3.113165217686995945e+01,6.625464858517253752e+00,2.019916285761699903e+00
3.131519329866819490e+01,6.602022343233965529e+00,2.016619756810623887e+00
3.149863504635381517e+01,6.577814509659908104e+00,2.013123416188239201e+00
3.166458532184490693e+01,6.555237660138583777e+00,2.009784495294077988e+00
3.183044758008139397e+01,6.532023036544710060e+00,2.006287452934641280e+00
3.199439224715705166e+01,6.508431645665112342e+00,2.002658593042812463e+00
3.215824434511219465e+01,6.484205689695683006e+00,1.998860672596634247e+00
3.232200048727725772e+01,6.459339506029897926e+00,1.994888947199108031e+00
3.248565721146236029e+01,6.433827212672494689e+00,1.990739459309758708e+00
3.264921093627091864e+01,6.407662706394389396e+00,1.986410481077673040e+00
3.281265794755840659e+01,6.380839656347941258e+00,1.981897940825837701e+00
3.297599442924919799e+01,6.353351489833118926e+00,1.977199564363518514e+00
3.313921640567522076e+01,6.325191392060697915e+00,1.972312180314438557e+00
3.330231976768168778e+01,6.296352291671668766e+00,1.967236382404421224e+00
3.346530028077476970e+01,6.266826848111313630e+00,1.961967890563862449e+00
3.363096398973708290e+01,6.236079582475013261e+00,1.956410611466410820e+00
3.379649121723719674e+01,6.204605869163444254e+00,1.950656097842103698e+00
3.397712943078821723e+01,6.169387882726867112e+00,1.944145039564617150e+00
3.415759209996654988e+01,6.133281182192459546e+00,1.937388451754933572e+00
3.432562601403081715e+01,6.098817439724604661e+00,1.930878245224199263e+00
3.449349534625284974e+01,6.063560786920866974e+00,1.924169892337841192e+00
3.465543013612428780e+01,6.028753994333805544e+00,1.917502770830114223e+00
3.481719985200313516e+01,5.993187907239658330e+00,1.910667969734469729e+00
3.497879841431185355e+01,5.956852133091093293e+00,1.903667047263401635e+00
3.514021949533211853e+01,5.919735872471651561e+00,1.896509037951429777e+00
3.530145650681777880e+01,5.881827899610299504e+00,1.889204434679837785e+00
3.546250252033625827e+01,5.843116557701555358e+00,1.881764120606845614e+00
3.562335030770988453e+01,5.803589724867059374e+00,1.874202943522254028e+00
3.578399232723816681e+01,5.763234790358747084e+00,1.866537230868130504e+00
3.594442072570069513e+01,5.722038624656450523e+00,1.858787548810077572e+00
3.610462716609595901e+01,5.679987593037376215e+00,1.850975025815539077e+00
3.626498630510678112e+01,5.636963508875454387e+00,1.843108565843683877e+00
3.642510450748926587e+01,5.593051279152653876e+00,1.835235982103927022e+00
3.659563699165824602e+01,5.545210539835134789e+00,1.826878180312158539e+00
3.676587196850599781e+01,5.496321757763348081e+00,1.818601274167995108e+00
3.692679776651848300e+01,5.449039473361243502e+00,1.810885562923589154e+00
3.708743340132674149e+01,5.400780628570195141e+00,1.803353631552575331e+00
3.724576594037906574e+01,5.352147576870042833e+00,1.796154017854358687e+00
3.740379097541987363e+01,5.302524486959980798e+00,1.789264279660495838e+00
3.756149527012888711e+01,5.251891360232946226e+00,1.782763848390266581e+00
3.771886483040371729e+01,5.200227300026326382e+00,1.776745993771700949e+00
3.787588471480506058e+01,5.147510504911629425e+00,1.771317141472727785e+00
3.803253935135342090e+01,5.093718086680987689e+00,1.766596704558477393e+00
3.818881226506601223e+01,5.038826073767265434e+00,1.762720013988914092e+00
3.834468559041663127e+01,4.982809495234472585e+00,1.759847848606251430e+00
3.850014036843553811e+01,4.925642186176799164e+00,1.758158843657164683e+00
3.865515673999249913e+01,4.867296605821955779e+00,1.757857868406870416e+00
3.881198320848550765e+01,4.806858809429206403e+00,1.759209651293123233e+00
3.896831252061993922e+01,4.745146527832903693e+00,1.762523442338605140e+00
3.912299028592793348e+01,4.682588756450622114e+00,1.768062370741021905e+00
3.927712636026332405e+01,4.618708037795306254e+00,1.776208115482760697e+00
3.942957487608224909e+01,4.553949026256549182e+00,1.787264237398921818e+00
3.958143143480331361e+01,4.487813911826834534e+00,1.801742309704523093e+00
3.973266374721615790e+01,4.420263816427580927e+00,1.820152139416329584e+00
3.988323723019080091e+01,4.351257731359751801e+00,1.843080965987644815e+00
4.003311452210145660e+01,4.280752490515165043e+00,1.871165068176138924e+00
4.018225533996669441e+01,4.208702571088289268e+00,1.905159509534692042e+00
4.033061622243376831e+01,4.135059916691858461e+00,1.945871674906907378e+00
4.047814991012474195e+01,4.059773915564760749e+00,1.994248951640923417e+00
4.062480518948721908e+01,3.982791124741374311e+00,2.051296563512844617e+00
4.077052657513595335e+01,3.904055028619841217e+00,2.118210713982053406e+00
4.091525373011592848e+01,3.823505895286343659e+00,2.196259338505526237e+00
4.105892062135614395e+01,3.741080752260839137e+00,2.286943851702599506e+00
4.120145516935135532e+01,3.656713050088944872e+00,2.391857905179451738e+00
4.134277870826868195e+01,3.570332363671294029e+00,2.512928363738364812e+00
4.148280474710808363e+01,3.481864465265514852e+00,2.652220040340248275e+00
4.162143861172883419e+01,3.391230806950598975e+00,2.812242259078853390e+00
4.175857611058196284e+01,3.298348537723672091e+00,2.995713886782835900e+00
4.189410206637819556e+01,3.203130590008053336e+00,3.206022733548429038e+00
4.202788938661169027e+01,3.105485348352555075e+00,3.446884507664946806e+00
4.215979759667931148e+01,3.005316607326745437e+00,3.723007601287741331e+00
4.228967100427392722e+01,2.902523761720657625e+00,4.039612147210131177e+00
4.241733672063688232e+01,2.797002103280480600e+00,4.403471800804449110e+00
4.254260267396002604e+01,2.688643130461465525e+00,4.822182235999135536e+00
4.266525516997061374e+01,2.577335279824881642e+00,5.305833867321776864e+00
4.278505626044590571e+01,2.462964970416967603e+00,5.865943478282305890e+00
4.290174109069509001e+01,2.345417899886618418e+00,6.518093261684319906e+00
4.301501479571295050e+01,2.224581166718406777e+00,7.280519854259275725e+00
4.312454936558919627e+01,2.100346102874582677e+00,8.178641615591326186e+00
4.322998080913979635e+01,1.972611768437626978e+00,9.243069753747011674e+00
4.333090648278317758e+01,1.841289675430229256e+00,1.051887624874103544e+01
4.342688306571745471e+01,1.706309818194972072e+00,1.205896215145847350e+01
4.351742572039787404e+01,1.567628102085460329e+00,1.396047937965961516e+01
4.360200905538290073e+01,1.425235263729543789e+00,1.629551651970446358e+01
4.368007064311520793e+01,1.279167273322185494e+00,1.937445928572877563e+01
4.375101808638827805e+01,1.129516744498502590e+00,2.308710771328901146e+01
4.381424051404379583e+01,9.764446504630690526e-01,2.908418072417527256e+01
4.386912517473536610e+01,8.201912517123735036e-01,3.463759767779535537e+01
4.391507940919185415e+01,6.610844281958984103e-01,5.216537057563694901e+01
4.395155734496177757e+01,4.995433810575916622e-01,5.493563601953081132e+01
4.397808949847611615e+01,3.360757334664438711e-01,1.447984543194237119e+02
4.399450155378486471e+01,1.683932990281193642e-01,1.508019183206587286e+02
4.399999999999997868e+01,-3.302811702775739609e-17,1.241352521233940934e+03
