x,y,stress
2.999999999999998668e+00,5.665909332979728723e-16,9.816327252548088609e+02
3.004151682906363252e+00,1.942653098773217679e-01,1.506833276992430797e+02
3.016581213903007264e+00,3.881771542933339370e-01,1.183507758748014567e+02
3.034547471740891122e+00,5.601975796659340867e-01,5.392982927196844400e+01
3.058927318073424662e+00,7.314269940373311352e-01,4.670526381722191189e+01
3.088228865018541658e+00,8.946911522370086800e-01,3.244189096183001197e+01
3.123203984871201211e+00,1.056834908220013913e+00,2.664594745590357761e+01
3.163712589967557332e+00,1.217685800174254318e+00,2.106137394693325859e+01
3.209598785026641199e+00,1.377086312803482704e+00,1.733359503846164174e+01
3.260693766777527092e+00,1.534894705125135372e+00,1.427513545068796219e+01
3.316818698939330456e+00,1.690985376171002308e+00,1.190286540864637921e+01
3.377787493754107029e+00,1.845248887709105334e+00,9.982038308592661835e+00
3.443409407424843582e+00,1.997591629695365967e+00,8.407495344918299196e+00
3.513491384493991010e+00,2.147935175881830805e+00,6.978377125671211267e+00
3.587840147393781987e+00,2.296215465530221156e+00,5.938283151358098699e+00
3.666263988489441683e+00,2.442381805221025548e+00,5.028683250688603223e+00
3.748574274805582807e+00,2.586395775744746217e+00,4.273351637658632463e+00
3.834586693328143614e+00,2.728230118235844603e+00,3.632139598389546364e+00
3.924122196913761851e+00,2.867867538946951900e+00,3.090700072567437395e+00
4.017007763829295364e+00,3.005299617108919907e+00,2.630218646487449075e+00
4.113076945915964622e+00,3.140525740741326732e+00,2.238076559506481988e+00
4.212170193533865792e+00,3.273552040562721199e+00,1.903221902881049754e+00
4.314135101629783975e+00,3.404390499155264482e+00,1.616704153559410662e+00
4.418826479326128265e+00,3.533058063395053239e+00,1.371333690995742760e+00
4.526106279626920248e+00,3.659575798670165359e+00,1.161634463326471689e+00
4.635843485304527611e+00,3.783968178326015064e+00,9.833309269596310909e-01
4.747914139818206536e+00,3.906262674341744123e+00,8.336100885178278075e-01
4.862542487032449401e+00,4.026841884234513280e+00,7.104068822177833642e-01
4.979288277166799226e+00,4.145372360409641743e+00,6.136395719751003286e-01
5.097692632831582138e+00,4.261546334574570771e+00,5.434921894529315400e-01
5.217998288383504324e+00,4.375750426351967981e+00,4.995955581564458514e-01
5.340112066712179306e+00,4.488019093358216693e+00,4.804888773035786431e-01
5.463946272878726695e+00,4.598387355911460972e+00,4.827190531830040099e-01
5.589418118019449544e+00,4.706890302834675133e+00,5.013556145134373532e-01
5.716449672183311570e+00,4.813563111180998000e+00,5.314050233102920462e-01
5.844967532305473945e+00,4.918440825846019493e+00,5.687170014796222306e-01
5.974902304768591854e+00,5.021558022828407353e+00,6.102973070755374208e-01
6.106188630599146627e+00,5.122948933203468336e+00,6.541341194558982775e-01
6.238764910837597988e+00,5.222647319769004426e+00,6.989331800461890953e-01
6.373036598146177845e+00,5.321021666524152316e+00,7.440372791585787571e-01
6.508493186168295530e+00,5.417758062936700370e+00,7.887972628965731481e-01
6.650448061590304327e+00,5.516578014269507335e+00,8.346126636050261727e-01
6.793570489926398004e+00,5.613699383060345660e+00,8.795267804262747457e-01
6.931879686571668309e+00,5.705279350464302013e+00,9.216892984135903744e-01
7.071171211975813442e+00,5.795358257483807840e+00,9.629176292078214239e-01
7.211403887353804443e+00,5.883964908604728983e+00,1.003186182697887618e+00
7.352538783600404138e+00,5.971127373509632186e+00,1.042500831622276358e+00
7.494539040094504223e+00,6.056872958667950613e+00,1.080893151321650425e+00
7.637369664590232254e+00,6.141228170095224925e+00,1.118390215832712364e+00
7.780997528827030330e+00,6.224218791595341749e+00,1.155023324524743877e+00
7.925391165158866436e+00,6.305869840856808572e+00,1.190825405323762354e+00
8.070520692377241900e+00,6.386205600968827056e+00,1.225829908481799402e+00
8.216357784273432330e+00,6.465249670392675618e+00,1.260065045242445558e+00
8.362875538284098909e+00,6.543024953839389646e+00,1.293561348548638579e+00
8.510048283892754029e+00,6.619553622819486449e+00,1.326353102528413430e+00
8.666659750054279243e+00,6.699296809643454864e+00,1.360344839330173139e+00
8.823951495493210118e+00,6.777689682616931499e+00,1.393586375638398600e+00
8.984652006961114878e+00,6.856085983473524159e+00,1.426676099977186807e+00
9.146003379700538005e+00,6.933133871614028720e+00,1.459036899275952370e+00
9.296408587053152317e+00,7.003499962315506977e+00,1.488465781990317316e+00
9.447334643394176723e+00,7.072741883389809026e+00,1.517325412281865571e+00
9.598607594644095187e+00,7.140807996163126781e+00,1.545573981936430030e+00
9.750364939005855547e+00,7.207787204519852331e+00,1.573273236869619618e+00
9.902590033363646072e+00,7.273696132898429312e+00,1.600408930415193165e+00
1.005526719479599329e+01,7.338551005740520772e+00,1.627069286109376289e+00
1.020838137127109135e+01,7.402367534244232772e+00,1.653476051560694549e+00
1.036191800498034254e+01,7.465160893837757605e+00,1.678965478398694477e+00
1.051586321187619788e+01,7.526945830392355319e+00,1.704084645346200189e+00
1.067020369402500535e+01,7.587736651030095203e+00,1.728699616682550344e+00
1.082492668193034824e+01,7.647547227751660515e+00,1.752840559298525447e+00
1.098001993942986054e+01,7.706391024611851215e+00,1.776512249710494817e+00
1.114223349087846238e+01,7.766774799150341302e+00,1.800703603445539702e+00
1.130482456721126461e+01,7.826134563342320050e+00,1.824402771557286584e+00
1.148461928774425367e+01,7.890449350384848515e+00,1.849955772695173195e+00
1.166484269740473856e+01,7.953552921390250496e+00,1.874888887650878244e+00
1.183229827920288457e+01,8.010989757776350473e+00,1.897487541755765283e+00
1.200009774962934728e+01,8.067414066938651374e+00,1.919580524222141982e+00
1.215764597637101296e+01,8.119382268107411704e+00,1.939833471065803172e+00
1.231547763636260484e+01,8.170483214090333846e+00,1.959657048920994793e+00
1.247356818409000745e+01,8.220721977218714116e+00,1.979047315167542287e+00
1.263192544444131471e+01,8.270113620445039615e+00,1.998012877025886480e+00
1.279054146986571894e+01,8.318667675837206232e+00,2.016560297415205039e+00
1.294940868976108383e+01,8.366393432345393677e+00,2.034683108436568411e+00
1.310851972024275547e+01,8.413299889595116099e+00,2.052386987621154901e+00
1.326786746624115310e+01,8.459395800893890538e+00,2.069675967579698739e+00
1.342744505898000185e+01,8.504689665667564569e+00,2.086550031866069688e+00
1.358724583343525261e+01,8.549189734135005381e+00,2.103017119218453690e+00
1.374726336584817510e+01,8.592904028142234196e+00,2.119078877834210672e+00
1.390749140698810393e+01,8.635840332398771579e+00,2.134754208083355920e+00
1.407650328733314460e+01,8.680238070967213559e+00,2.150837397048044775e+00
1.424573524543446190e+01,8.723789427831132315e+00,2.166492743246484221e+00
1.443581425380330963e+01,8.771643592038781634e+00,2.183521247367365969e+00
1.462615282478357415e+01,8.818454714442450992e+00,2.199988848288025434e+00
1.480951732965469425e+01,8.862518145610719600e+00,2.215334263183738717e+00
1.499310655285113292e+01,8.905635734651827562e+00,2.230175160892645447e+00
1.515800061563410139e+01,8.943521688333882835e+00,2.243084242317354260e+00
1.532306464386119416e+01,8.980660144718770610e+00,2.255612138912464371e+00
1.548506036982027467e+01,9.016352497679086753e+00,2.267521923226209601e+00
1.564721022108775017e+01,9.051338006102621847e+00,2.279067308502580769e+00
1.580950977812996605e+01,9.085622206797452804e+00,2.290252718749392180e+00
1.597195478644435163e+01,9.119210487860215153e+00,2.301081285800878451e+00
1.613454110381861639e+01,9.152108082137788259e+00,2.311558000715675298e+00
1.629726464652614482e+01,9.184320061564907434e+00,2.321686920908629492e+00
1.646012143740517075e+01,9.215851352090544069e+00,2.331474419243368068e+00
1.662310763928335788e+01,9.246706744299604708e+00,2.340924076118783503e+00
1.678621949759818577e+01,9.276890886293251981e+00,2.350040631584703554e+00
1.694945333113427210e+01,9.306408286371688376e+00,2.358832129643190889e+00
1.711438069239857640e+01,9.335538249516112330e+00,2.367376407565561447e+00
1.727942513287752391e+01,9.363997386256881938e+00,2.375614081963112856e+00
1.746160766890667304e+01,9.394616018597186979e+00,2.384316099663492228e+00
1.764392376050140143e+01,9.424429113940799851e+00,2.392649011389540004e+00
1.784504865654961492e+01,9.456366425084549832e+00,2.401400593291840746e+00
1.804632450179916603e+01,9.487338202604750137e+00,2.409690412844874619e+00
1.823246255959053030e+01,9.515108006238468974e+00,2.416985135922696148e+00
1.841872023343446685e+01,9.542063863528689183e+00,2.423917028060952550e+00
1.858606790042984969e+01,9.565579164725621197e+00,2.429853023139817214e+00
1.875350548225879876e+01,9.588445463848024986e+00,2.435522656203382041e+00
1.891794565265547234e+01,9.610262839388829192e+00,2.440829805251312212e+00
1.908246679049601369e+01,9.631461024679531135e+00,2.445887574919867191e+00
1.924706616170847795e+01,9.652042907256506155e+00,2.450702497692585968e+00
1.941174108825140010e+01,9.672011276636556687e+00,2.455280485750951147e+00
1.957648893895428088e+01,9.691368825129556441e+00,2.459628887737304925e+00
1.974130711804146898e+01,9.710118148471758914e+00,2.463754126780211884e+00
1.990619307130947746e+01,9.728261748501648043e+00,2.467661393184932273e+00
2.007114429558268753e+01,9.745802035920585027e+00,2.471359496498304331e+00
2.023615832554531480e+01,9.762741330449888011e+00,2.474849720654596741e+00
2.040123272413745426e+01,9.779081861515749097e+00,2.478147487628341139e+00
2.056809932305835886e+01,9.794987928031025248e+00,2.481280289338444245e+00
2.073502267835475266e+01,9.810286897830147623e+00,2.484244135915998353e+00
2.091943212921050232e+01,9.826479720042421206e+00,2.487318459785382352e+00
2.110390467519965085e+01,9.841937183543059575e+00,2.490189965776874459e+00
2.130945984664248982e+01,9.858292576090272874e+00,2.493148551278327130e+00
2.151508510569890120e+01,9.873741871726185337e+00,2.495850438383592440e+00
2.170863782758184968e+01,9.887454851481111362e+00,2.498194982118120411e+00
2.190224538335519355e+01,9.900370603454963003e+00,2.500342273765907564e+00
2.207450788177056467e+01,9.911191352301568003e+00,2.502103424674149590e+00
2.224680865331971447e+01,9.921384548812017812e+00,2.503735180310438402e+00
2.241243418702640255e+01,9.930590762136299432e+00,2.505176662918140007e+00
2.257809079501194915e+01,9.939219790401029542e+00,2.506504577041901438e+00
2.274377640735075445e+01,9.947272717925637053e+00,2.507716557319452644e+00
2.290948897126744299e+01,9.954750554536609286e+00,2.508820983191848875e+00
2.307522644767440667e+01,9.961654236031135312e+00,2.509820233490083652e+00
2.324098681135902211e+01,9.967984624776997649e+00,2.510720769349752857e+00
2.340676804975272773e+01,9.973742510194004041e+00,2.511528181854826514e+00
2.357256816041775238e+01,9.978928609156486829e+00,2.512244846170988311e+00
2.373838515242513481e+01,9.983543566483785270e+00,2.512876084455653025e+00
2.390421704213679988e+01,9.987587955210678103e+00,2.513423190470381208e+00
2.407031590433006940e+01,9.991067161896387105e+00,2.513889824813913432e+00
2.423642575201993665e+01,9.993974986280951711e+00,2.514285516461059355e+00
2.441595675586084369e+01,9.996475551319839781e+00,2.514621403571626779e+00
2.459549580655762924e+01,9.998309530230130804e+00,2.514875148185853337e+00
2.479774613700100616e+01,9.999577401968286594e+00,2.515055851695754185e+00
2.500000000000008882e+01,9.999999999999994671e+00,2.515110802943274049e+00
2.520225386299916792e+01,9.999577401968286594e+00,2.515063067139839070e+00
2.540450419344250932e+01,9.998309530230130804e+00,2.514889693813497029e+00
2.558404324413934461e+01,9.996475551319836228e+00,2.514641598623056140e+00
2.576357424798020190e+01,9.993974986280948158e+00,2.514311229360448596e+00
2.592968409567016153e+01,9.991067161896383553e+00,2.513917632377726363e+00
2.609578295786331381e+01,9.987587955210674551e+00,2.513452245125025186e+00
2.626161484757499309e+01,9.983543566483781717e+00,2.512902428025642454e+00
2.642743183958237552e+01,9.978928609156481500e+00,2.512267908697449759e+00
2.659323195024740016e+01,9.973742510193998712e+00,2.511544325208630468e+00
2.675901318864110223e+01,9.967984624776990543e+00,2.510729394469681353e+00
2.692477355232573188e+01,9.961654236031128207e+00,2.509820017469811315e+00
2.709051102873268846e+01,9.954750554536602181e+00,2.508812014156766246e+00
2.725622359264937700e+01,9.947272717925629948e+00,2.507700856758896979e+00
2.742190920498817519e+01,9.939219790401022436e+00,2.506482749684416422e+00
2.758756581297373600e+01,9.930590762136290550e+00,2.505152780785689703e+00
2.775319134668041343e+01,9.921384548812010706e+00,2.503709992943934370e+00
2.792549211822956323e+01,9.911191352301559121e+00,2.502079134739445987e+00
2.809775461664493790e+01,9.900370603454952345e+00,2.500318925985118401e+00
2.829136217241830664e+01,9.887454851481098927e+00,2.498173354797613932e+00
2.848491489430126578e+01,9.873741871726171127e+00,2.495830544848175236e+00
2.869054015335767005e+01,9.858292576090258663e+00,2.493134073410776530e+00
2.889609532480049836e+01,9.841937183543045364e+00,2.490180559693357942e+00
2.908056787078964689e+01,9.826479720042403443e+00,2.487315783926883572e+00
2.926497732164539656e+01,9.810286897830133412e+00,2.484250755043580838e+00
2.943190067694177969e+01,9.794987928031011037e+00,2.481277538784563141e+00
2.959876727586266654e+01,9.779081861515731333e+00,2.478133687006273789e+00
2.976384167445482376e+01,9.762741330449870247e+00,2.474830056987304960e+00
2.992885570441746879e+01,9.745802035920567263e+00,2.471334078560292191e+00
3.009380692869067175e+01,9.728261748501628503e+00,2.467636283667768993e+00
3.025869288195866602e+01,9.710118148471739374e+00,2.463729814540132512e+00
3.042351106104585057e+01,9.691368825129538678e+00,2.459608020144234519e+00
3.058825891174872780e+01,9.672011276636538923e+00,2.455263399157521675e+00
3.075293383829164995e+01,9.652042907256490167e+00,2.450688641152733993e+00
3.091753320950411776e+01,9.631461024679509819e+00,2.445877010223807435e+00
3.108205434734467687e+01,9.610262839388807876e+00,2.440821717878550512e+00
3.124649451774136111e+01,9.588445463848000117e+00,2.435517042761159434e+00
3.141393209957032440e+01,9.565579164725594552e+00,2.429848200356814925e+00
3.158127976656571789e+01,9.542063863528660761e+00,2.423913228753058036e+00
3.176753744040967220e+01,9.515108006238435223e+00,2.416980580160133396e+00
3.195367549820105069e+01,9.487338202604714610e+00,2.409685302194168433e+00
3.215495134345056982e+01,9.456366425084516081e+00,2.401393188505637877e+00
3.235607623949875489e+01,9.424429113940767877e+00,2.392638512128772099e+00
3.253839233109348328e+01,9.394616018597155005e+00,2.384303821454454742e+00
3.272057486712261465e+01,9.363997386256851740e+00,2.375599145773452214e+00
3.288561930760155150e+01,9.335538249516083908e+00,2.367359873960290795e+00
3.305054666886584869e+01,9.306408286371658178e+00,2.358814035343431481e+00
3.321378050240193147e+01,9.276890886293221783e+00,2.350022109771698453e+00
3.337689236071675936e+01,9.246706744299576286e+00,2.340905393553468272e+00
3.353987856259494293e+01,9.215851352090517423e+00,2.331455748148889118e+00
3.370273535347396177e+01,9.184320061564877236e+00,2.321668402504148077e+00
3.386545889618150085e+01,9.152108082137754508e+00,2.311539425839126416e+00
3.402804521355577805e+01,9.119210487860179626e+00,2.301062763400340661e+00
3.419049022187017783e+01,9.085622206797419054e+00,2.290233953353432383e+00
3.435278977891238839e+01,9.051338006102584544e+00,2.279048037088700074e+00
3.451493963017986744e+01,9.016352497679049449e+00,2.267501404482784366e+00
3.467693535613894795e+01,8.980660144718731530e+00,2.255590694278543307e+00
3.484199938436604072e+01,8.943521688333843755e+00,2.243061510739650544e+00
3.500689344714901097e+01,8.905635734651786706e+00,2.230152621273464586e+00
3.519048267034546740e+01,8.862518145610675191e+00,2.215310226579076947e+00
3.537384717521658928e+01,8.818454714442404807e+00,2.199965142628919512e+00
3.556418574619684136e+01,8.771643592038737225e+00,2.183500800064104297e+00
3.575426475456568198e+01,8.723789427831086130e+00,2.166475444749361490e+00
3.592349671266700994e+01,8.680238070967165598e+00,2.150827399208994795e+00
3.609250859301204883e+01,8.635840332398723618e+00,2.134755011431145544e+00
3.625273663415198655e+01,8.592904028142182682e+00,2.119079567689275745e+00
3.641275416656491615e+01,8.549189734134948537e+00,2.103011613174524896e+00
3.657255494102017224e+01,8.504689665667504173e+00,2.086538785093682957e+00
3.673213253375903520e+01,8.459395800893828365e+00,2.069658409352693518e+00
3.689148027975741684e+01,8.413299889595059255e+00,2.052368214620917897e+00
3.705059131023907071e+01,8.366393432345336834e+00,2.034663653415275775e+00
3.720945853013444804e+01,8.318667675837144060e+00,2.016543308322695793e+00
3.736807455555887003e+01,8.270113620444975666e+00,1.998001870830207638e+00
3.752643181591016486e+01,8.220721977218650167e+00,1.979037002777348064e+00
3.768452236363756214e+01,8.170483214090268120e+00,1.959644294239091922e+00
3.784235402362916290e+01,8.119382268107342426e+00,1.939817715054347413e+00
3.799990225037083036e+01,8.067414066938582096e+00,1.919562631651568374e+00
3.816770172079730372e+01,8.010989757776277642e+00,1.897466948733063985e+00
3.833515730259544796e+01,7.953552921390172337e+00,1.874867393580214481e+00
3.851538071225593285e+01,7.890449350384770355e+00,1.849931179978941298e+00
3.869517543278892902e+01,7.826134563342241002e+00,1.824373855093084362e+00
3.885776650912173125e+01,7.766774799150259589e+00,1.800676143584681865e+00
3.901998006057034019e+01,7.706391024611762397e+00,1.776485067656336181e+00
3.917507331806985604e+01,7.647547227751571697e+00,1.752812978415492662e+00
3.932979630597520071e+01,7.587736651030005497e+00,1.728671889829719088e+00
3.948413678812399752e+01,7.526945830392265613e+00,1.704046642532630607e+00
3.963808199501985996e+01,7.465160893837661682e+00,1.678930383774961399e+00
3.979161862872912536e+01,7.402367534244132408e+00,1.653316378190950342e+00
3.994473280520421810e+01,7.338551005740418631e+00,1.627193633690224184e+00
4.009740996663656176e+01,7.273696132898328948e+00,1.600554297774033019e+00
4.024963506099434341e+01,7.207787204519749302e+00,1.573385417127638464e+00
4.040139240535610554e+01,7.140807996163023752e+00,1.545677992715252635e+00
4.055266535660602756e+01,7.072741883389704221e+00,1.517416844856916525e+00
4.070359141294702710e+01,7.003499962315408389e+00,1.488558006195666250e+00
4.085399662029963963e+01,6.933133871613929244e+00,1.459124351472667502e+00
4.101534799303906453e+01,6.856085983473417578e+00,1.426770450313604943e+00
4.117604850450698706e+01,6.777689682616819589e+00,1.393684161668296229e+00
4.133334024994589129e+01,6.699296809643355388e+00,1.360445302761769559e+00
4.148995171610738453e+01,6.619553622819396743e+00,1.326458737933198018e+00
4.163712446171604142e+01,6.543024953839294611e+00,1.293665142121420919e+00
4.178364221572673642e+01,6.465249670392570813e+00,1.260169719699180124e+00
4.192947930762291975e+01,6.386205600968723139e+00,1.225934290864394427e+00
4.207460883484128544e+01,6.305869840856703767e+00,1.190930001982327679e+00
4.221900247117312688e+01,6.224218791595231615e+00,1.155128668923948387e+00
4.236263033540993206e+01,6.141228170095115679e+00,1.118495671902208555e+00
4.250546095990563344e+01,6.056872958667855578e+00,1.081001734077983167e+00
4.264746121639972642e+01,5.971127373509538927e+00,1.042612839073944420e+00
4.278859611264631013e+01,5.883964908604639277e+00,1.003303419787729300e+00
4.292882878802430469e+01,5.795358257483719022e+00,9.630490080622865490e-01
4.306812031342844449e+01,5.705279350464212307e+00,9.218389321156787997e-01
4.320642951007371124e+01,5.613699383060248849e+00,8.796844311676834671e-01
4.334955193840979604e+01,5.516578014269422958e+00,8.347773011765891038e-01
4.349150681383178352e+01,5.417758062936629315e+00,7.889708364092893333e-01
4.362696340185387811e+01,5.321021666524093696e+00,7.442178684680846867e-01
4.376123508916243310e+01,5.222647319768952912e+00,6.991255695299888329e-01
4.389381136940087913e+01,5.122948933203427480e+00,6.543413471326371411e-01
4.402509769523142324e+01,5.021558022828377155e+00,6.105269280498228923e-01
4.415503246769453227e+01,4.918440825845993736e+00,5.689783739401311768e-01
4.428355032781669109e+01,4.813563111180966025e+00,5.317138327419606014e-01
4.441058188198056200e+01,4.706890302834643158e+00,5.017267935750852059e-01
4.453605372712129196e+01,4.598387355911421004e+00,4.831892495765252593e-01
4.465988793328784112e+01,4.488019093358180278e+00,4.810967153714689193e-01
4.478200171161650189e+01,4.375750426351924460e+00,5.003965327870198987e-01
4.490230736716841164e+01,4.261546334574538797e+00,5.444774388046529356e-01
4.502071172283320522e+01,4.145372360409616874e+00,6.148602756858043694e-01
4.513745751296755060e+01,4.026841884234483082e+00,7.118442916641474216e-01
4.525208586018180057e+01,3.906262674341696606e+00,8.353283194832266112e-01
4.536415651469547328e+01,3.783968178325990195e+00,9.852522184586581799e-01
4.547389372037306288e+01,3.659575798670154256e+00,1.163814604775611050e+00
4.558117352067386463e+01,3.533058063395034587e+00,1.373741260440986878e+00
4.568586489837021958e+01,3.404390499155220073e+00,1.619412035841032216e+00
4.578782980646612799e+01,3.273552040562681231e+00,1.906068864721445211e+00
4.588692305408404337e+01,3.140525740741289873e+00,2.241074447893571797e+00
4.598299223617070908e+01,3.005299617108885712e+00,2.632966704684874149e+00
4.607587780308622172e+01,2.867867538946911043e+00,3.093005490187974438e+00
4.616541330667184440e+01,2.728230118235822399e+00,3.634201642095911122e+00
4.625142572519440876e+01,2.586395775744728454e+00,4.273791474125945733e+00
4.633373601151055965e+01,2.442381805220973590e+00,5.031989723590597485e+00
4.641215985260623000e+01,2.296215465530129229e+00,5.935600356078376549e+00
4.648650861550601121e+01,2.147935175881746428e+00,7.016460694228436878e+00
4.655659059257516930e+01,1.997591629695282256e+00,8.319285833031702992e+00
4.662221250624589430e+01,1.845248887709051377e+00,9.896502633314538500e+00
4.668318130106064245e+01,1.690985376170969223e+00,1.183482504961310333e+01
4.673930623322245026e+01,1.534894705125097181e+00,1.421156403578738292e+01
4.679040121497335036e+01,1.377086312803439849e+00,1.727210044524155919e+01
4.683628741003243334e+01,1.217685800174193034e+00,2.098856488240604534e+01
4.687679601512878236e+01,1.056834908219933089e+00,2.657494540963224594e+01
4.691177113498144280e+01,8.946911522369415115e-01,3.226223127121679113e+01
4.694107268192656335e+01,7.314269940372796208e-01,4.672104485013591102e+01
4.696545252825908534e+01,5.601975796658872353e-01,5.304721695628991540e+01
4.698341878609696920e+01,3.881771542932965779e-01,1.196210922009528161e+02
4.699584831709359634e+01,1.942653098773038933e-01,1.475192832249504988e+02
4.699999999999997868e+01,-3.803569911973666149e-17,9.817192877763593515e+02
