x,y,stress
9.999999999999994671e+00,3.405907291055197558e-13,8.212885848374331772e+02
1.000189120145451760e+01,2.381857825160431930e-01,1.109899303700501179e+02
1.000756432893235548e+01,4.763115040586327620e-01,1.017784647152189450e+02
1.001577678959635342e+01,6.877897795116960644e-01,4.554578886640255320e+01
1.002697214329190700e+01,8.991311374007541213e-01,4.210479184361208382e+01
1.003941875938085104e+01,1.086742353474173584e+00,3.089936876777513319e+01
1.005421604094889254e+01,1.274182816306525634e+00,2.690120090298183442e+01
1.006948093708516012e+01,1.442082005968010616e+00,2.293735574794486709e+01
1.008663193302900218e+01,1.609799024428172354e+00,2.028932056164424935e+01
1.010524428792746043e+01,1.773767819553223379e+00,1.802496800688532375e+01
1.012565938394133980e+01,1.937521932125620738e+00,1.620151804698269160e+01
1.014787475019204877e+01,2.101041542668123263e+00,1.464364612952811484e+01
1.017188769791081171e+01,2.264306860085750994e+00,1.331668947219730192e+01
1.019769532076408325e+01,2.427298124061125772e+00,1.216458777314875128e+01
1.022529449520531664e+01,2.589995607446061943e+00,1.115651503789725574e+01
1.025468188085300625e+01,2.752379618649201554e+00,1.026564557543390777e+01
1.028585392089497930e+01,2.914430504019349666e+00,9.472297472279201713e+00
1.031880684251888880e+01,3.076128650224163597e+00,8.760827977567746672e+00
1.035353665736884388e+01,3.237454486624017580e+00,8.118855256088595596e+00
1.039030121700488074e+01,3.399514887473080726e+00,7.532608608993090371e+00
1.042885888707147579e+01,3.561158051410274972e+00,6.998328575534449314e+00
1.047104993028827558e+01,3.729558937974278177e+00,6.488543059512983824e+00
1.051518713881165645e+01,3.897460246924000948e+00,6.023310070229576318e+00
1.055894818999015072e+01,4.056602349332676383e+00,5.616829144535583573e+00
1.060445765065538382e+01,4.215253310090129268e+00,5.241443369438405497e+00
1.065170201419990192e+01,4.373367685283849227e+00,4.894496599438916462e+00
1.070068298002346197e+01,4.530952743321146947e+00,4.573185972148495537e+00
1.075139461986495348e+01,4.687989411377413873e+00,4.275440992891131664e+00
1.080383079599644702e+01,4.844458683000739008e+00,3.999407694303387828e+00
1.085798516196604169e+01,5.000341620412299015e+00,3.743804042158906498e+00
1.091385116336600447e+01,5.155619356798448294e+00,3.507376067096787509e+00
1.097142203862604326e+01,5.310273098594178620e+00,3.289200619974362638e+00
1.103069081983168154e+01,5.464284127757751186e+00,3.088974429846449876e+00
1.109165033356761398e+01,5.617633804036203493e+00,2.898591528663550854e+00
1.115429320178589023e+01,5.770303567221369612e+00,2.733320407517006334e+00
1.122145241247645586e+01,5.928880701983239021e+00,2.576355897403963979e+00
1.129042776233328738e+01,6.086676355795357374e+00,2.437612708875744438e+00
1.135929056590849662e+01,6.239474828436058829e+00,2.316939490442373906e+00
1.142985630347393311e+01,6.391494352311825722e+00,2.217298890156752300e+00
1.150099216533764057e+01,6.540396584284804860e+00,2.134797158331868339e+00
1.157376183824943006e+01,6.688507219399019377e+00,2.069226798216039498e+00
1.164815651475493574e+01,6.835808331537611693e+00,2.020156226927024345e+00
1.172416719072245606e+01,6.982282092561857390e+00,1.987343681168192822e+00
1.180178466643274149e+01,7.127910774468927180e+00,1.969703518384849472e+00
1.188099954769246835e+01,7.272676751537556328e+00,1.968327917400281901e+00
1.196180224697121552e+01,7.416562502461318651e+00,1.978100951404885066e+00
1.204418298456188197e+01,7.559550612469256414e+00,2.002369268631365884e+00
1.212813178976434436e+01,7.701623775433649399e+00,2.037565753451202166e+00
1.221363850209220026e+01,7.842764795964566105e+00,2.083017856971585591e+00
1.230167367795686140e+01,7.984516805599854550e+00,2.137970340362384647e+00
1.239128027590421688e+01,8.125280728639351580e+00,2.200942736992104187e+00
1.248579948605827994e+01,8.270113995396970452e+00,2.272552638541319503e+00
1.258198228153842457e+01,8.413847867888653909e+00,2.352463666705800982e+00
1.267529690894947869e+01,8.549952848843661357e+00,2.432767292790868119e+00
1.277010321903241596e+01,8.685023012455339142e+00,2.516289209766970458e+00
1.286638973719600898e+01,8.819042010920332686e+00,2.603609975550221112e+00
1.296414480969658278e+01,8.951993623659832977e+00,2.693722678413506877e+00
1.306335660504848839e+01,9.083861759282806148e+00,2.786291508177605181e+00
1.316401311545609332e+01,9.214630457533534269e+00,2.880862628781537538e+00
1.326610215826710792e+01,9.344283891223350125e+00,2.977109259696761434e+00
1.336961137744705574e+01,9.472806368146191147e+00,3.074726837359333498e+00
1.347452824507478653e+01,9.600182332977906796e+00,3.173465617011641537e+00
1.358084006285872469e+01,9.726396369158914368e+00,3.273098532803139893e+00
1.368853396367378394e+01,9.851433200760103759e+00,3.373438981451655660e+00
1.379759691311868153e+01,9.975277694331717626e+00,3.474308560955864156e+00
1.391341580744748541e+01,1.010384337474828342e+01,3.580464585919440612e+00
1.403071011181457983e+01,1.023106442893178070e+01,3.686880486708368210e+00
1.414513561816550435e+01,1.035238712819322515e+01,3.789573811135399595e+00
1.426090290124301596e+01,1.047243016226268786e+01,3.892252738363486397e+00
1.437676297783762713e+01,1.058994028174657487e+01,3.993748769585830694e+00
1.449390880537229442e+01,1.070616868025934920e+01,4.095030984464854029e+00
1.461232620546075900e+01,1.082110129045295999e+01,4.196007236748563685e+00
1.473200084581585756e+01,1.093472420181111460e+01,4.296587465748385348e+00
1.485291824198421828e+01,1.104702366233291855e+01,4.396683669356387547e+00
1.497506375909933674e+01,1.115798608019729166e+01,4.496213457880960718e+00
1.509842261365283278e+01,1.126759802540800770e+01,4.595083723882682492e+00
1.522297987528374819e+01,1.137584623141915507e+01,4.693221846849789713e+00
1.534872046858561845e+01,1.148271759674084080e+01,4.790536985734759057e+00
1.547562917493102930e+01,1.158819918652484127e+01,4.886961301965783377e+00
1.560578906385017639e+01,1.169396429304977048e+01,4.983949971410483570e+00
1.573712334831512649e+01,1.179826750568367189e+01,5.079844999621549562e+00
1.587309447546746988e+01,1.190376392349317314e+01,5.177025798476432961e+00
1.601026701336047964e+01,1.200769340168732668e+01,5.272836760723585314e+00
1.614291109406901015e+01,1.210586535991683022e+01,5.363375487090134008e+00
1.627662716539238019e+01,1.220257212182865558e+01,5.452515816670931770e+00
1.641139904341564559e+01,1.229780198281621040e+01,5.540152587507083837e+00
1.654721041643752955e+01,1.239154341702508866e+01,5.626191222533526215e+00
1.668404484694466561e+01,1.248378507874805088e+01,5.710536883178169987e+00
1.682188577360106407e+01,1.257451580379822786e+01,5.793085185013454819e+00
1.696071651325256013e+01,1.266372461086034384e+01,5.873744216181176370e+00
1.710052026294599159e+01,1.275140070281979376e+01,5.952404782235973357e+00
1.724128010196292493e+01,1.283753346806946460e+01,6.028966873554627348e+00
1.738297899386756740e+01,1.292211248179403960e+01,6.103315459341867033e+00
1.752563455005763515e+01,1.300514748554232547e+01,6.175362641100061722e+00
1.766919518279269852e+01,1.308660768618094572e+01,6.245013368358562467e+00
1.782119822975838730e+01,1.317060382608086400e+01,6.315558798218343206e+00
1.797416356408273685e+01,1.325283450344632641e+01,6.383083134258515479e+00
1.812134879258528386e+01,1.332982211309408349e+01,6.444814971824805561e+00
1.826937751442427782e+01,1.340517515576213725e+01,6.503658447527686626e+00
1.841725897805098455e+01,1.347840942537173525e+01,6.559119083798449878e+00
1.856593716356570312e+01,1.355001237699859296e+01,6.611518826825404815e+00
1.871539407615984274e+01,1.361997534439887048e+01,6.660720625367839709e+00
1.886561162677397974e+01,1.368828985981920887e+01,6.706616513309269223e+00
1.901657163428718533e+01,1.375494765502156547e+01,6.748937765655034227e+00
1.916825582771754100e+01,1.381994066228395646e+01,6.788063025794080829e+00
1.932064584843350374e+01,1.388326101537691137e+01,6.825780528389287838e+00
1.947372325237587631e+01,1.394490105051552042e+01,6.856659220865667592e+00
1.962746951229016190e+01,1.400485330728702316e+01,6.884914612562381464e+00
1.978186601996891270e+01,1.406311052955372531e+01,6.909302240748538715e+00
1.994038178934612304e+01,1.412091581882774172e+01,6.930352638608843208e+00
2.009953773986126890e+01,1.417693442310275742e+01,6.947460372491081060e+00
2.026155093684058173e+01,1.423190431656437127e+01,6.960776552447422105e+00
2.042418055266033505e+01,1.428502279960896892e+01,6.969977830431136390e+00
2.058161107105632581e+01,1.433449822186280365e+01,6.975102755802046417e+00
2.073957635561700741e+01,1.438223871204974103e+01,6.976599381953307422e+00
2.089805728749821867e+01,1.442823849204584796e+01,6.974530893501312612e+00
2.105703468544600199e+01,1.447249199440870271e+01,6.968998551293733357e+00
2.121648930811814893e+01,1.451499386305125583e+01,6.960162059740461871e+00
2.137640185641302892e+01,1.455573895389007433e+01,6.948163653419040742e+00
2.153675297580538128e+01,1.459472233546794939e+01,6.933244922683623024e+00
2.169752325868883247e+01,1.463193928955074163e+01,6.915582087713030290e+00
2.185869324672485092e+01,1.466738531169846382e+01,6.895469795963274251e+00
2.202024343319780897e+01,1.470105611181043948e+01,6.873137050001428605e+00
2.218237990431310891e+01,1.473299076889622228e+01,6.848848378508787249e+00
2.234485834756990741e+01,1.476313729549145393e+01,6.823040585511165546e+00
2.251627000680362656e+01,1.479294038793155686e+01,6.794471750274824196e+00
2.268801581251309685e+01,1.482075332487557162e+01,6.764773831140000304e+00
2.285177371724217465e+01,1.484537381941150080e+01,6.736048076116863292e+00
2.301579344607308286e+01,1.486818497165519304e+01,6.707299869673623682e+00
2.317948266381158007e+01,1.488911403101733377e+01,6.678960680500719782e+00
2.334339222228723187e+01,1.490824103208763596e+01,6.651351267326055527e+00
2.350750228320889335e+01,1.492556365988813205e+01,6.624906620826058301e+00
2.367179298401823218e+01,1.494107981782764760e+01,6.599974387169886825e+00
2.383624444029370437e+01,1.495478762795555561e+01,6.576978736139292181e+00
2.400083674815723356e+01,1.496668543118905781e+01,6.556208457647958454e+00
2.416554998668319953e+01,1.497677178751400540e+01,6.538052100666957855e+00
2.433036422030951229e+01,1.498504547615916138e+01,6.522721697113653683e+00
2.449525950125045171e+01,1.499150549574397751e+01,6.510500435757591298e+00
2.466021587191097453e+01,1.499615106439977730e+01,6.501581771950506017e+00
2.483009703651315192e+01,1.499903773523482542e+01,6.496007911752689878e+00
2.500000000000003197e+01,1.499999999999999467e+01,6.494080887122001933e+00
2.516990296348691913e+01,1.499903773523482364e+01,6.495962121259599265e+00
2.533978412808910718e+01,1.499615106439977374e+01,6.501490798359097489e+00
2.550474049874963001e+01,1.499150549574397573e+01,6.510368934877694080e+00
2.566963577969056942e+01,1.498504547615915783e+01,6.522550813814073756e+00
2.583445001331687862e+01,1.497677178751399829e+01,6.537836485845250678e+00
2.599916325184284815e+01,1.496668543118905070e+01,6.555948227097357695e+00
2.616375555970638089e+01,1.495478762795554850e+01,6.576661343557523409e+00
2.632820701598185664e+01,1.494107981782763872e+01,6.599596516804026258e+00
2.649249771679118837e+01,1.492556365988812139e+01,6.624454292840186831e+00
2.665660777771284629e+01,1.490824103208762352e+01,6.650818544389906606e+00
2.682051733618850164e+01,1.488911403101732311e+01,6.678349484697817751e+00
2.698420655392700596e+01,1.486818497165517883e+01,6.706603899310767503e+00
2.714822628275790706e+01,1.484537381941148482e+01,6.735296639332694291e+00
2.731198418748696710e+01,1.482075332487555741e+01,6.763972514647297096e+00
2.748372999319646226e+01,1.479294038793153732e+01,6.793665553464794726e+00
2.765514165243019207e+01,1.476313729549143083e+01,6.822219512118229190e+00
2.781762009568699767e+01,1.473299076889619386e+01,6.848056342269433827e+00
2.797975656680231538e+01,1.470105611181040928e+01,6.872375676043154691e+00
2.814130675327526987e+01,1.466738531169843363e+01,6.894743230853634053e+00
2.830247674131129187e+01,1.463193928955071144e+01,6.914887421240709209e+00
2.846324702419474306e+01,1.459472233546791564e+01,6.932567173555204576e+00
2.862359814358708832e+01,1.455573895389003702e+01,6.947491278756499078e+00
2.878351069188196831e+01,1.451499386305121497e+01,6.959484639336992906e+00
2.894296531455412591e+01,1.447249199440866363e+01,6.968305945765602694e+00
2.910194271250190212e+01,1.442823849204580533e+01,6.973827845618497001e+00
2.926042364438311338e+01,1.438223871204969839e+01,6.975876266106228130e+00
2.941838892894379853e+01,1.433449822186276101e+01,6.974362027985056223e+00
2.957581944733979284e+01,1.428502279960892096e+01,6.969218324189067282e+00
2.973844906315952130e+01,1.423190431656433041e+01,6.960002825922966707e+00
2.990046226013881636e+01,1.417693442310272012e+01,6.946654375333132236e+00
3.005961821065396222e+01,1.412091581882770619e+01,6.929528946954606639e+00
3.021813398003116902e+01,1.406311052955368801e+01,6.908431479806930398e+00
3.037253048770991271e+01,1.400485330728698230e+01,6.883975522766115240e+00
3.052627674762419829e+01,1.394490105051547957e+01,6.855808711808816014e+00
3.067935415156657442e+01,1.388326101537687052e+01,6.823959942526155231e+00
3.083174417228253716e+01,1.381994066228391560e+01,6.788474730728746742e+00
3.098342836571288927e+01,1.375494765502152283e+01,6.749442968584379088e+00
3.113438837322609487e+01,1.368828985981916446e+01,6.706920932565198612e+00
3.128460592384023187e+01,1.361997534439882784e+01,6.661021665150625104e+00
3.143406283643437860e+01,1.355001237699854322e+01,6.611814194466797190e+00
3.158274102194909361e+01,1.347840942537168729e+01,6.559417410692837791e+00
3.173062248557579323e+01,1.340517515576208929e+01,6.503921131711056347e+00
3.187865120741481562e+01,1.332982211309402487e+01,6.445050794268437855e+00
3.202583643591736262e+01,1.325283450344625713e+01,6.383282187654396367e+00
3.217880177024171218e+01,1.317060382608079472e+01,6.315746224189739522e+00
3.233080481720740806e+01,1.308660768618086756e+01,6.245192785894696286e+00
3.247436544994247498e+01,1.300514748554224731e+01,6.175523473069508995e+00
3.261702100613253918e+01,1.292211248179395611e+01,6.103465799628247090e+00
3.275871989803718520e+01,1.283753346806937756e+01,6.029108984923632342e+00
3.289947973705411499e+01,1.275140070281970672e+01,5.952541859559045356e+00
3.303928348674754290e+01,1.266372461086025680e+01,5.873881601964029642e+00
3.317811422639903896e+01,1.257451580379814082e+01,5.793220753911636045e+00
3.331595515305543387e+01,1.248378507874795851e+01,5.710672565206072804e+00
3.345278958356257704e+01,1.239154341702499451e+01,5.626325364072324753e+00
3.358860095658446454e+01,1.229780198281611625e+01,5.540286526720154647e+00
3.372337283460772284e+01,1.220257212182855788e+01,5.452644907173968214e+00
3.385708890593109288e+01,1.210586535991672896e+01,5.363495299150185858e+00
3.398973298663962339e+01,1.200769340168722366e+01,5.272940523932692081e+00
3.412690552453263138e+01,1.190376392349307366e+01,5.177116446523930549e+00
3.426287665168497654e+01,1.179826750568356708e+01,5.079920961290052439e+00
3.439421093614993907e+01,1.169396429304965856e+01,4.983998271321536500e+00
3.452437082506909150e+01,1.158819918652472403e+01,4.886985152861383241e+00
3.465127953141449524e+01,1.148271759674072179e+01,4.790538961165233367e+00
3.477702012471636550e+01,1.137584623141903428e+01,4.693204860417647950e+00
3.490157738634728446e+01,1.126759802540787803e+01,4.595060502675657688e+00
3.502493624090077873e+01,1.115798608019716021e+01,4.496182686757315139e+00
3.514708175801589363e+01,1.104702366233278887e+01,4.396658171172243890e+00
3.526799915418425968e+01,1.093472420181098137e+01,4.296566822335850411e+00
3.538767379453936002e+01,1.082110129045282143e+01,4.195993238211539023e+00
3.550609119462782104e+01,1.070616868025921242e+01,4.095021058842370110e+00
3.562323702216248478e+01,1.058994028174643454e+01,3.993741033958333464e+00
3.573909709875709240e+01,1.047243016226254753e+01,3.892246803954942269e+00
3.585486438183459512e+01,1.035238712819309193e+01,3.789562760187231483e+00
3.596928988818551431e+01,1.023106442893164925e+01,3.686862067741998761e+00
3.608658419255260696e+01,1.010384337474815020e+01,3.580434156473126350e+00
3.620240308688141084e+01,9.975277694331582623e+00,3.474267266846606361e+00
3.631146603632630132e+01,9.851433200759975861e+00,3.373378216312994837e+00
3.641915993714135880e+01,9.726396369158786470e+00,3.273017254608473259e+00
3.652547175492529874e+01,9.600182332977775346e+00,3.173360273366766737e+00
3.663038862255302774e+01,9.472806368146057920e+00,3.074599031689221107e+00
3.673389784173297556e+01,9.344283891223211569e+00,2.976952297046853158e+00
3.683598688454399195e+01,9.214630457533397490e+00,2.880675306231096577e+00
3.693664339495159510e+01,9.083861759282665815e+00,2.786064188493202476e+00
3.703585519030349360e+01,8.951993623659696198e+00,2.693465692810009138e+00
3.713361026280406207e+01,8.819042010920192354e+00,2.603268995638547523e+00
3.722989678096765687e+01,8.685023012455198810e+00,2.515945660424205421e+00
3.732470309105058703e+01,8.549952848843521025e+00,2.432040924004384319e+00
3.741801771846164115e+01,8.413847867888515353e+00,2.352154873051616857e+00
3.751420051394178756e+01,8.270113995396823015e+00,2.273587225940011169e+00
3.760871972409585595e+01,8.125280728639198813e+00,2.201283987993375213e+00
3.769832632204320788e+01,7.984516805599698230e+00,2.138406726445846839e+00
3.778636149790786902e+01,7.842764795964402680e+00,2.083428715931813446e+00
3.787186821023572492e+01,7.701623775433486863e+00,2.038012902303474760e+00
3.795581701543817843e+01,7.559550612469095654e+00,2.002739222270880859e+00
3.803819775302884665e+01,7.416562502461152562e+00,1.978875156712113670e+00
3.811900045230759559e+01,7.272676751537389350e+00,1.967672980703776275e+00
3.819821533356731891e+01,7.127910774468761090e+00,1.970279669020371882e+00
3.827583280927760967e+01,6.982282092561692188e+00,1.987719385047262977e+00
3.835184348524511933e+01,6.835808331537447380e+00,2.020771274903762738e+00
3.842623816175062501e+01,6.688507219398850623e+00,2.070059283399913852e+00
3.849900783466241450e+01,6.540396584284628112e+00,2.135898041538245806e+00
3.857014369652612373e+01,6.391494352311650751e+00,2.218470773015188247e+00
3.864070943409155490e+01,6.239474828435879417e+00,2.319432299635517225e+00
3.870957223766676947e+01,6.086676355795171744e+00,2.437591403483594821e+00
3.877854758752359743e+01,5.928880701983044510e+00,2.576719249230325914e+00
3.884570679821417372e+01,5.770303567221163554e+00,2.733967728691097498e+00
3.890834966643244286e+01,5.617633804035997436e+00,2.901554234033452140e+00
3.896930918016837353e+01,5.464284127757546905e+00,3.085733379396927045e+00
3.902857796137401181e+01,5.310273098593968122e+00,3.286917557347299290e+00
3.908614883663404527e+01,5.155619356798238684e+00,3.505600084057906685e+00
3.914201483803400805e+01,5.000341620412090293e+00,3.742435790265327356e+00
3.919616920400360272e+01,4.844458683000524957e+00,3.998398077645253235e+00
3.924860538013508915e+01,4.687989411377199822e+00,4.274614708273134944e+00
3.929931701997657711e+01,4.530952743320933784e+00,4.572592516048820777e+00
3.934829798580013716e+01,4.373367685283636952e+00,4.894032326193038074e+00
3.939554234934465171e+01,4.215253310089917882e+00,5.241140523512699545e+00
3.944105181000988125e+01,4.056602349332469437e+00,5.616498298976432046e+00
3.948481286118837374e+01,3.897460246923788674e+00,6.022942204169783764e+00
3.952895006971176173e+01,3.729558937974016164e+00,6.487886211785125035e+00
3.957114111292857928e+01,3.561158051409954783e+00,6.997146635482498489e+00
3.960969878299516012e+01,3.399514887472778302e+00,7.531427283819704499e+00
3.964646334263118632e+01,3.237454486623733363e+00,8.117944747671050010e+00
3.968119315748114673e+01,3.076128650223873162e+00,8.760457664311172010e+00
3.971414607910505623e+01,2.914430504019053902e+00,9.472595457576861833e+00
3.974531811914702217e+01,2.752379618648906678e+00,1.026671812300383202e+01
3.977470550479470290e+01,2.589995607445768400e+00,1.115854396572533602e+01
3.980230467923593807e+01,2.427298124060839335e+00,1.216769959033109494e+01
3.982811230208920250e+01,2.264306860085465889e+00,1.332097987438849351e+01
3.985212524980796900e+01,2.101041542667825723e+00,1.464985710777599692e+01
3.987434061605867441e+01,1.937521932125317425e+00,1.620911218779069074e+01
3.989475571207254490e+01,1.773767819552928282e+00,1.803779196927398942e+01
3.991336806697100315e+01,1.609799024427878367e+00,2.030090209930870770e+01
3.993051906291484698e+01,1.442082005967698422e+00,2.296971143209736610e+01
3.994578395905110568e+01,1.274182816306202559e+00,2.690700633157366894e+01
3.996058124061914185e+01,1.086742353473870493e+00,3.099550107390659548e+01
3.997302785670808589e+01,8.991311374004786749e-01,4.204523489865447061e+01
3.998422321040363414e+01,6.877897795114350510e-01,4.584959251671683944e+01
3.999243567106762498e+01,4.763115040583862925e-01,1.014166489344667070e+02
3.999810879854545931e+01,2.381857825157492337e-01,1.114440044606739235e+02
3.999999999999997868e+01,-4.605320903225615060e-17,8.209688571957254908e+02
