x,y,stress
8.999999999999994671e+00,3.891550641239589680e-16,1.097464692419485800e+03
9.004515117594918294e+00,1.662864793246469630e-01,1.491101641798562980e+02
9.018015202573256062e+00,3.320858252571979863e-01,1.343921133744909753e+02
9.039948858062318848e+00,4.943493584925875983e-01,5.351499342759303346e+01
9.070254822520038118e+00,6.552602967021418090e-01,5.044360809334845897e+01
9.108662999257910897e+00,8.144328167154726295e-01,3.416597431091507531e+01
9.154849338833528805e+00,9.715259134351528214e-01,2.895908341143158538e+01
9.208449111361748152e+00,1.126247756042923598e+00,2.339147898722314878e+01
9.269070115799880938e+00,1.278357105973525032e+00,1.986624703701844297e+01
9.336304923088478702e+00,1.427662220340694121e+00,1.678818834699777796e+01
9.409741544391282630e+00,1.574017827536045910e+00,1.463941960744099546e+01
9.488972219644738360e+00,1.717320817908630337e+00,1.281898149307565227e+01
9.573600261232009245e+00,1.857505219423196685e+00,1.134006800185226638e+01
9.663245054862935390e+00,1.994536913562152680e+00,1.010306811193233223e+01
9.757545434872401557e+00,2.128408445396160698e+00,9.061514956035985335e+00
9.856161700900486267e+00,2.259134165039107689e+00,8.175063063494672377e+00
9.958776665900311187e+00,2.386745978832423898e+00,7.415335185622935477e+00
1.006509573876195240e+01,2.511289432146730949e+00,6.759630009163477560e+00
1.017484644907083613e+01,2.632820409763529934e+00,6.190989958333172005e+00
1.028777766020860440e+01,2.751402467239018268e+00,5.695432027185248991e+00
1.040365839875501131e+01,2.867104498886139829e+00,5.262223052605488505e+00
1.052227663090748599e+01,2.979998935843977570e+00,4.882221454517257975e+00
1.064343787120520979e+01,3.090160207884600663e+00,4.548332973798641099e+00
1.076696386368550407e+01,3.197663597002264879e+00,4.254363625084959466e+00
1.089269126996469161e+01,3.302584321511772281e+00,3.995372332335514809e+00
1.102047035179141155e+01,3.404996782033171243e+00,3.766997150480226431e+00
1.115016388101610190e+01,3.504974107422174967e+00,3.565658033562849827e+00
1.128164578581055366e+01,3.602587571068443406e+00,3.388197608131767069e+00
1.141480060648558137e+01,3.697906668434776112e+00,3.231929251074889820e+00
1.154952181713178838e+01,3.790998382248077281e+00,3.094527484716416588e+00
1.168571198715927117e+01,3.881927779409531265e+00,2.973927983910769068e+00
1.182328222869496948e+01,3.970758020553061485e+00,2.868321021992042308e+00
1.196214851564862691e+01,4.057548427067676045e+00,2.775859468786468831e+00
1.210223374516902339e+01,4.142356315473295858e+00,2.689749368880363090e+00
1.224346768796836926e+01,4.225237273862815890e+00,2.621176401126467326e+00
1.238578477285286183e+01,4.306244165433844806e+00,2.559649910541096585e+00
1.252912444658893598e+01,4.385427699546613489e+00,2.506999891179307216e+00
1.267343046450839594e+01,4.462836336610869203e+00,2.461443986825853081e+00
1.281865055043883928e+01,4.538516395201864562e+00,2.422501294597537491e+00
1.296473616293964071e+01,4.612512192668932975e+00,2.389173869165794883e+00
1.311164199481982706e+01,4.684866032091375310e+00,2.361704615491414305e+00
1.325932581205653449e+01,4.755618351214034867e+00,2.337298515843248659e+00
1.340774828112969175e+01,4.824807842769764932e+00,2.317479134865256363e+00
1.355687253295220707e+01,4.892471438531188710e+00,2.300947175085269691e+00
1.370666419711275807e+01,4.958644501854672093e+00,2.287743080201839252e+00
1.385709109356499802e+01,5.023360846631996779e+00,2.276342501047973421e+00
1.400812288871037836e+01,5.086652740009056650e+00,2.267777082833703162e+00
1.415973112061720585e+01,5.148551055466797699e+00,2.261018008833421966e+00
1.431188914008379420e+01,5.209085372145524140e+00,2.256007105323551976e+00
1.446457186357032576e+01,5.268283989297777303e+00,2.252411267652798088e+00
1.461775557498591738e+01,5.326173958865172864e+00,2.250083729584770875e+00
1.477141797989475513e+01,5.382781207471089679e+00,2.248732357624517952e+00
1.492553797562752216e+01,5.438130542123928990e+00,2.248526105947397102e+00
1.508152675230714479e+01,5.492740426756361316e+00,2.248731493611374255e+00
1.523794197763893443e+01,5.546116650708015960e+00,2.249681704943117033e+00
1.539361496827309139e+01,5.597903822417189978e+00,2.251138727066983147e+00
1.554967314236712106e+01,5.648518469997529934e+00,2.253039796040098519e+00
1.570581080678072539e+01,5.697890342456136459e+00,2.255251891651659069e+00
1.586230096692841585e+01,5.746133333962612610e+00,2.257736779238581182e+00
1.601912908016095471e+01,5.793265863853493514e+00,2.260340402412635896e+00
1.617628147126538707e+01,5.839305654543025526e+00,2.263312639177780028e+00
1.633374509210864645e+01,5.884269704216237074e+00,2.266321078459384353e+00
1.649150740567351292e+01,5.928174299624433097e+00,2.269165838489217268e+00
1.664955644611039887e+01,5.971035076403433450e+00,2.272089656761179466e+00
1.680788089803006002e+01,6.012867077651652181e+00,2.274997868723910965e+00
1.696646994988423884e+01,6.053684748177287744e+00,2.277849665961824144e+00
1.712531315574166868e+01,6.093501933456698438e+00,2.280630836999716138e+00
1.728893155697424433e+01,6.133422700497266788e+00,2.283391950540889948e+00
1.745279790509848183e+01,6.172313207986795724e+00,2.286034951149227723e+00
1.761413921570825991e+01,6.209557893405512452e+00,2.288509281283638508e+00
1.777570156773907684e+01,6.245831765040380290e+00,2.290848027728510150e+00
1.793569047064429611e+01,6.280762111897495892e+00,2.293020305404046333e+00
1.809587900863513710e+01,6.314765235112279385e+00,2.295046741754981579e+00
1.825625942935455015e+01,6.347851565895301640e+00,2.296921107387240202e+00
1.841682425305741333e+01,6.380031120478589557e+00,2.298642869350818074e+00
1.857756626189049243e+01,6.411313516909739718e+00,2.300210177031761116e+00
1.873847853222670423e+01,6.441707998624232268e+00,2.301626421181348192e+00
1.889955437941599214e+01,6.471223439644090192e+00,2.302899296255736861e+00
1.906078731691228256e+01,6.499868352797689042e+00,2.304019737048381256e+00
1.922217109023972270e+01,6.527650910677549767e+00,2.304993409257097170e+00
1.938369964669459833e+01,6.554578953729246926e+00,2.305827500506477001e+00
1.954742595611582701e+01,6.580986574292920999e+00,2.306526804430878652e+00
1.971128885293179067e+01,6.606532984046968870e+00,2.307096228297277563e+00
1.988274068876177481e+01,6.632327669246217638e+00,2.307554611505759468e+00
2.005432923389802014e+01,6.657196732259266447e+00,2.307870985033754874e+00
2.021657336427075435e+01,6.679850371233413853e+00,2.308061364529125026e+00
2.037892902213026858e+01,6.701690390729149627e+00,2.308153076486739064e+00
2.054133149615158160e+01,6.722714958987316969e+00,2.308151820565969015e+00
2.070383575807948162e+01,6.742937760259493096e+00,2.308062452859931835e+00
2.086643717566938605e+01,6.762364041057117525e+00,2.307895561593371170e+00
2.102913120706741523e+01,6.780998800196554654e+00,2.307655974012011058e+00
2.119191341840019760e+01,6.798846798114956513e+00,2.307354790621094498e+00
2.135477949713883916e+01,6.815912564655257633e+00,2.306996544211857625e+00
2.151772522224990780e+01,6.832200401705338599e+00,2.306590611886252695e+00
2.168074644718662114e+01,6.847714387375749112e+00,2.306143492391768746e+00
2.184383911240499643e+01,6.862458382765757037e+00,2.305662376298494909e+00
2.200699924397631690e+01,6.876436036739786317e+00,2.305159270088355417e+00
2.217679197809525959e+01,6.890166602322759459e+00,2.304613282797814744e+00
2.234664917627619118e+01,6.903075271693326798e+00,2.304052245867449056e+00
2.251914651264220169e+01,6.915342694401453549e+00,2.303479035606451841e+00
2.269170154793684091e+01,6.926769898641523149e+00,2.302900522011294360e+00
2.285515068079419265e+01,6.936819068073796224e+00,2.302362469757986307e+00
2.301864409988255744e+01,6.946119985696266319e+00,2.301843223055175081e+00
2.318217825831789369e+01,6.954674878290588502e+00,2.301343521975391049e+00
2.334574964071423864e+01,6.962485786478796790e+00,2.300868484509988043e+00
2.350935477450028444e+01,6.969554567841005799e+00,2.300424450180335256e+00
2.367299022271463471e+01,6.975882898729796722e+00,2.300014027549603934e+00
2.383665257720268116e+01,6.981472275982421927e+00,2.299643634751908916e+00
2.400033845982982683e+01,6.986324018733100161e+00,2.299314263905611888e+00
2.416404451444235946e+01,6.990439269683508705e+00,2.299030754094594453e+00
2.432776740585213915e+01,6.993818996428227130e+00,2.298794225421719517e+00
2.449150381590757775e+01,6.996463992480471461e+00,2.298606760915109959e+00
2.465525043898416868e+01,6.998374878115895648e+00,2.298474760966049413e+00
2.482762330414927732e+01,6.999593745873543327e+00,2.298391060370920780e+00
2.499999999999996092e+01,6.999999999999996447e+00,2.298360384595280692e+00
2.517237669585065873e+01,6.999593745873543327e+00,2.298390958072729973e+00
2.534474956101576737e+01,6.998374878115896536e+00,2.298474491646847806e+00
2.550849618409235475e+01,6.996463992480471461e+00,2.298605514713710551e+00
2.567223259414778269e+01,6.993818996428228019e+00,2.298791927013425607e+00
2.583595548555756594e+01,6.990439269683510481e+00,2.299026747029253581e+00
2.599966154017010567e+01,6.986324018733101937e+00,2.299308329009702501e+00
2.616334742279724779e+01,6.981472275982422815e+00,2.299634390119061678e+00
2.632700977728529779e+01,6.975882898729797610e+00,2.300001282132367653e+00
2.649064522549964451e+01,6.969554567841006687e+00,2.300407682058455805e+00
2.665425035928569741e+01,6.962485786478799454e+00,2.300847534436234465e+00
2.681782174168202815e+01,6.954674878290592055e+00,2.301317851804260073e+00
2.698135590011737506e+01,6.946119985696268984e+00,2.301812802484486387e+00
2.714484931920574340e+01,6.936819068073799777e+00,2.302328378282704868e+00
2.730829845206309514e+01,6.926769898641525813e+00,2.302862851161630253e+00
2.748085348735772016e+01,6.915342694401457102e+00,2.303438269344205036e+00
2.765335082372373066e+01,6.903075271693329462e+00,2.304008298128914500e+00
2.782320802190465159e+01,6.890166602322765677e+00,2.304567656618699445e+00
2.799300075602357651e+01,6.876436036739793423e+00,2.305111851856997074e+00
2.815616088759488633e+01,6.862458382765764142e+00,2.305614009818757193e+00
2.831925355281324741e+01,6.847714387375758882e+00,2.306094442506526843e+00
2.848227477774995720e+01,6.832200401705348369e+00,2.306541830800722614e+00
2.864522050286103649e+01,6.815912564655268291e+00,2.306948187949247941e+00
2.880808658159965319e+01,6.798846798114969836e+00,2.307307493203384130e+00
2.897086879293242490e+01,6.780998800196570642e+00,2.307609990450496973e+00
2.913356282433047539e+01,6.762364041057129960e+00,2.307849629560875027e+00
2.929616424192039048e+01,6.742937760259505531e+00,2.308016530936997324e+00
2.945866850384829405e+01,6.722714958987328515e+00,2.308103508949449711e+00
2.962107097786961774e+01,6.701690390729162061e+00,2.308102206682200119e+00
2.978342663572912841e+01,6.679850371233424511e+00,2.308005551370377439e+00
2.994567076610186973e+01,6.657196732259279770e+00,2.307810208260431484e+00
3.011725931123812927e+01,6.632327669246227408e+00,2.307487195897051091e+00
3.028871114706813117e+01,6.606532984046976864e+00,2.307021879407741505e+00
3.045257404388410194e+01,6.580986574292930769e+00,2.306446412005048074e+00
3.061630035330532706e+01,6.554578953729254032e+00,2.305740940575466524e+00
3.077782890976019203e+01,6.527650910677558649e+00,2.304904945673001304e+00
3.093921268308762862e+01,6.499868352797700588e+00,2.303929531635457550e+00
3.110044562058390838e+01,6.471223439644102626e+00,2.302809110703143869e+00
3.126152146777319274e+01,6.441707998624248255e+00,2.301539431473980546e+00
3.142243373810939389e+01,6.411313516909755705e+00,2.300119692424008377e+00
3.158317574694246943e+01,6.380031120478608209e+00,2.298546436542188154e+00
3.174374057064533972e+01,6.347851565895321180e+00,2.296821098633679892e+00
3.190412099136475277e+01,6.314765235112296260e+00,2.294942585755658016e+00
3.206430952935559020e+01,6.280762111897512767e+00,2.292914601980993172e+00
3.222429843226080948e+01,6.245831765040395389e+00,2.290740146357796547e+00
3.238586078429161574e+01,6.209557893405531104e+00,2.288400276880833584e+00
3.254720209490140093e+01,6.172313207986816153e+00,2.285923848419261883e+00
3.271106844302561711e+01,6.133422700497289881e+00,2.283279560220093707e+00
3.287468684425818566e+01,6.093501933456725972e+00,2.280515981605853337e+00
3.303353005011561550e+01,6.053684748177315278e+00,2.277732480743209109e+00
3.319211910196978721e+01,6.012867077651682379e+00,2.274877540387614250e+00
3.335044355388946258e+01,5.971035076403460096e+00,2.271970614543574740e+00
3.350849259432635563e+01,5.928174299624460630e+00,2.269039292930434826e+00
3.366625490789122210e+01,5.884269704216261943e+00,2.266115085142456298e+00
3.382371852873449569e+01,5.839305654543051283e+00,2.263234557574075989e+00
3.398087091983893515e+01,5.793265863853516606e+00,2.260440835379609048e+00
3.413769903307148468e+01,5.746133333962633039e+00,2.257782330458623754e+00
3.429418919321918224e+01,5.697890342456155999e+00,2.255315655886023229e+00
3.445032685763279545e+01,5.648518469997549474e+00,2.253105619352403721e+00
3.460638503172682334e+01,5.597903822417207742e+00,2.251224043999067170e+00
3.476205802236099629e+01,5.546116650708029283e+00,2.249759534765087832e+00
3.491847324769278771e+01,5.492740426756371086e+00,2.248804532593329242e+00
3.507446202437242277e+01,5.438130542123939648e+00,2.248486641860413915e+00
3.522858202010518625e+01,5.382781207471101226e+00,2.248924340325804572e+00
3.538224442501402223e+01,5.326173958865184410e+00,2.250256647802387988e+00
3.553542813642960141e+01,5.268283989297789738e+00,2.252643432529193745e+00
3.568811085991614362e+01,5.209085372145538351e+00,2.256272190721793525e+00
3.584026887938272665e+01,5.148551055466813686e+00,2.261349627684144270e+00
3.599187711128954703e+01,5.086652740009075302e+00,2.268114846044077204e+00
3.614290890643493270e+01,5.023360846632015431e+00,2.276830737532881788e+00
3.629333580288717798e+01,4.958644501854687192e+00,2.287804814528838548e+00
3.644312746704770944e+01,4.892471438531212691e+00,2.301373683540637760e+00
3.659225171887022299e+01,4.824807842769792465e+00,2.317926559280547139e+00
3.674067418794336959e+01,4.755618351214060624e+00,2.337887114261488097e+00
3.688835800518010188e+01,4.684866032091397514e+00,2.361750170906505630e+00
3.703526383706027758e+01,4.612512192668958733e+00,2.390050038290837175e+00
3.718134944956108257e+01,4.538516395201889431e+00,2.423406951640203033e+00
3.732656953549152945e+01,4.462836336610893184e+00,2.462483898875770905e+00
3.747087555341100540e+01,4.385427699546631253e+00,2.508060176668120089e+00
3.761421522714707777e+01,4.306244165433865234e+00,2.560961533939967616e+00
3.775653231203155968e+01,4.225237273862834542e+00,2.622153722438574253e+00
3.789776625483090555e+01,4.142356315473318062e+00,2.692651080689853149e+00
3.803785148435132157e+01,4.057548427067691144e+00,2.773661246814353554e+00
3.817671777130497190e+01,3.970758020553083245e+00,2.866444579841531226e+00
3.831428801284067731e+01,3.881927779409546808e+00,2.972505244108648359e+00
3.845047818286814589e+01,3.790998382248105703e+00,3.093411736028355730e+00
3.858519939351435113e+01,3.697906668434803645e+00,3.231074022618080299e+00
3.871835421418936818e+01,3.602587571068478489e+00,3.387501701835105017e+00
3.884983611898383771e+01,3.504974107422201612e+00,3.565144262868478631e+00
3.897952964820851918e+01,3.404996782033204994e+00,3.766615571469845936e+00
3.910730873003526398e+01,3.302584321511788712e+00,3.995170218092319647e+00
3.923303613631443199e+01,3.197663597002299074e+00,4.254344256066551644e+00
3.935656212879474225e+01,3.090160207884622867e+00,4.548568305770623432e+00
3.947772336909243052e+01,2.979998935844019758e+00,4.882754607190088691e+00
3.959634160124493718e+01,2.867104498886167807e+00,5.263180735066248062e+00
3.971222233979131744e+01,2.751402467239073779e+00,5.696943388782042206e+00
3.982515355092910170e+01,2.632820409763567238e+00,6.193283957064607215e+00
3.993490426123796055e+01,2.511289432146792677e+00,6.762881515942003929e+00
4.004122333409964085e+01,2.386745978832449211e+00,7.419943075602852822e+00
4.014383829909944268e+01,2.259134165039161868e+00,8.181305570085811496e+00
4.024245456512755226e+01,2.128408445396185122e+00,9.070211969365113092e+00
4.033675494513699533e+01,1.994536913562210634e+00,1.011483427188864859e+01
4.042639973876794812e+01,1.857505219423223553e+00,1.135649443189636543e+01
4.051102778035521368e+01,1.717320817908666752e+00,1.284380789222650776e+01
4.059025845560869783e+01,1.574017827536037473e+00,1.466505931073515256e+01
4.066369507691148755e+01,1.427662220340717658e+00,1.689273287379256772e+01
4.073092988420008709e+01,1.278357105973533914e+00,1.980177044011022147e+01
4.079155088863821987e+01,1.126247756042931814e+00,2.332234179182952971e+01
4.084515066116644277e+01,9.715259134351318382e-01,2.889131117793754910e+01
4.089133700074205535e+01,8.144328167154695208e-01,3.434095326560914430e+01
4.092974517747993701e+01,6.552602967021490254e-01,5.009388858431736224e+01
4.096005114193765451e+01,4.943493584925962026e-01,5.489015652726867955e+01
4.098198479742671907e+01,3.320858252572088665e-01,1.322690701479208712e+02
4.099548488240505151e+01,1.662864793246527917e-01,1.507397455631787011e+02
4.099999999999997868e+01,-3.274599507750103781e-17,1.094280201489825913e+03
