x,y,stress
1.999999999999998890e+00,6.257932779605732445e-16,1.076615148272869646e+03
2.003926741492824792e+00,2.032550681056182473e-01,1.071428328839192687e+02
2.015687612272758944e+00,4.062076714433380253e-01,1.195174208939557161e+02
2.032670835720763680e+00,5.860971457917442118e-01,3.881860542698868244e+01
2.055733006632119331e+00,7.653088737101662042e-01,3.972658511906182355e+01
2.082236109255325207e+00,9.293653830201616950e-01,2.458364799830156500e+01
2.113726268528763885e+00,1.092538222669326986e+00,2.049333162448231249e+01
2.149987290144684593e+00,1.254185595939256048e+00,1.532725090742216700e+01
2.191004453045926059e+00,1.414692268048108881e+00,1.222549307730834478e+01
2.236662577695403886e+00,1.573941146275145808e+00,9.602489849372728870e+00
2.286838273050458170e+00,1.731825095955766169e+00,7.661332918745756615e+00
2.341401496401614324e+00,1.888247192424219456e+00,6.127586615493092914e+00
2.400217063447785737e+00,2.043120763227989301e+00,4.913399197683181008e+00
2.463146090316210124e+00,2.196369283790613913e+00,3.881107993543309043e+00
2.530047329975433357e+00,2.347926112132409759e+00,3.151039183135452504e+00
2.600778396698680606e+00,2.497734118528689429e+00,2.541794055093237414e+00
2.675196866209463398e+00,2.645745227021721213e+00,2.057641378509841523e+00
2.753161236338846241e+00,2.791919872491102073e+00,1.664183523557065003e+00
2.834531756643444478e+00,2.936226415826315161e+00,1.345453864395597110e+00
2.919171136094204311e+00,3.078640543593363699e+00,1.084322760946973663e+00
3.006945119207097949e+00,3.219144639253600726e+00,8.691267166347315110e-01
3.097722957478831862e+00,3.357727172222685574e+00,6.901412070685195577e-01
3.191377775498307923e+00,3.494382095937863308e+00,5.399913772911132392e-01
3.287786833833349132e+00,3.629108253004047047e+00,4.129894669228913462e-01
3.386831748000029396e+00,3.761908861524812853e+00,3.052477097542460327e-01
3.488398604730277075e+00,3.892790985085448963e+00,2.146654856279132106e-01
3.592377975907074639e+00,4.021764989835115323e+00,1.428963161374948443e-01
3.698664966758444361e+00,4.148844151332687247e+00,1.010565486757020043e-01
3.807159224931967234e+00,4.274044291362664616e+00,1.068957874322539747e-01
3.919727124828868980e+00,4.399534593986158093e+00,1.468177465190596276e-01
4.034384786577654758e+00,4.523118607605338681e+00,1.966006847435461113e-01
4.149049344664884842e+00,4.642774060961692761e+00,2.468889152335596582e-01
4.265561481310805370e+00,4.760631357367759442e+00,2.962792283524596781e-01
4.383800359994478590e+00,4.876673732516208837e+00,3.442320020245661638e-01
4.503731039172219397e+00,4.990966887723861767e+00,3.906867373471341609e-01
4.625281787076229278e+00,5.103535559957888879e+00,4.357621683798875156e-01
4.748384499155560157e+00,5.214405018976730588e+00,4.795822488986231091e-01
4.872974361727988146e+00,5.323600753124863694e+00,5.222991035521946657e-01
4.998989726613039863e+00,5.431148376776650188e+00,5.640398588646973188e-01
5.126372051038899258e+00,5.537073601073321250e+00,6.049249333435015030e-01
5.255065555092174101e+00,5.641401978835395070e+00,6.450437142900322662e-01
5.385017255148153659e+00,5.744158976581329235e+00,6.844978387118558771e-01
5.516176770257174233e+00,5.845369859887504127e+00,7.233141445943802594e-01
5.654859120779472725e+00,5.949794431475544876e+00,7.633587532991098490e-01
5.794762711606222361e+00,6.052577158023541237e+00,8.028041996493615606e-01
5.934321200562462373e+00,6.152671192364933539e+00,8.412931057561798820e-01
6.074980501300902169e+00,6.251212369949503689e+00,8.792782602362380073e-01
6.211668914989767920e+00,6.344822460888701166e+00,9.154697478943860656e-01
6.349304087295636556e+00,6.437034943444257529e+00,9.512433373193859287e-01
6.487850493068372693e+00,6.527872304032812600e+00,9.866084314893043272e-01
6.627274570404668275e+00,6.617356766597409568e+00,1.021576980631714759e+00
6.767544150726766183e+00,6.705509965004609718e+00,1.056160331238331418e+00
6.908628601206527442e+00,6.792353088069523537e+00,1.090362984007495983e+00
7.050498791205289884e+00,6.877906901381368954e+00,1.124193625621525916e+00
7.193126674235336360e+00,6.962191540761216046e+00,1.157654140649907237e+00
7.336485506049153393e+00,7.045226694202557205e+00,1.190749197832718931e+00
7.480549885224466955e+00,7.127031662554911939e+00,1.223479200049598647e+00
7.625608807089489183e+00,7.207797999882507689e+00,1.255915559983192598e+00
7.771328437231153963e+00,7.287366131744219544e+00,1.287996604900266684e+00
7.929976303126909265e+00,7.372268224261499192e+00,1.322352966923298734e+00
8.089346651913645658e+00,7.455806304154692477e+00,1.356273326617833286e+00
8.252036044830203920e+00,7.539334798157436346e+00,1.390315621673595459e+00
8.415418840100787889e+00,7.621498768232621401e+00,1.423904486280142212e+00
8.564990211506781748e+00,7.695252365383074000e+00,1.454146208628271264e+00
8.715099481338521414e+00,7.767904961997545321e+00,1.484029451908543074e+00
8.864737232554334767e+00,7.839004887764975393e+00,1.513342156495115054e+00
9.014872507663024948e+00,7.909048153520755520e+00,1.542287289302855191e+00
9.165489650080109740e+00,7.978049057651774412e+00,1.570856584573816717e+00
9.316573702608963004e+00,8.046021558957166420e+00,1.599052956804749348e+00
9.468110336928555526e+00,8.112979265181722965e+00,1.626865128890399248e+00
9.620085611653031776e+00,8.178935349098207297e+00,1.654298018333588471e+00
9.772486090625362110e+00,8.243902625854278909e+00,1.681346286525389644e+00
9.925299058293434840e+00,8.307893662940601942e+00,1.708022651411975623e+00
1.007851226603768424e+01,8.370920687577553920e+00,1.734586301249388063e+00
1.023211373106034117e+01,8.432995524811344623e+00,1.760378523788748817e+00
1.038984734530117038e+01,8.495607245684009712e+00,1.786490393231464413e+00
1.054796448670144038e+01,8.557244027949948872e+00,1.812259316558224143e+00
1.072510750053957906e+01,8.624986862222881356e+00,1.840681238609679582e+00
1.090269991016528905e+01,8.691542697585949995e+00,1.868342263899130273e+00
1.108107332947992241e+01,8.757052909197563295e+00,1.895617516920121037e+00
1.125986888309587997e+01,8.821402100374516664e+00,1.922344782950416553e+00
1.142009579550346920e+01,8.877972402736087787e+00,1.945809967686455089e+00
1.158063989027399643e+01,8.933636198927718652e+00,1.968847821518740160e+00
1.173746548631882902e+01,8.987044505478239742e+00,1.990895597645151227e+00
1.189457579363473805e+01,9.039609396194062896e+00,2.012529559968692983e+00
1.205196288494518875e+01,9.091339541957401238e+00,2.033744636826866792e+00
1.220961916301877714e+01,9.142243411771598716e+00,2.054542826395776345e+00
1.236753721875909307e+01,9.192329235540418253e+00,2.074924196471015669e+00
1.252570990528861472e+01,9.241605037664998079e+00,2.094886226214070390e+00
1.268413028337921311e+01,9.290078628425328944e+00,2.114427784515708453e+00
1.284279162349922920e+01,9.337757613387299926e+00,2.133547077229040134e+00
1.300168741436087139e+01,9.384649404013071461e+00,2.152244817067409333e+00
1.316081131217903355e+01,9.430761210390194549e+00,2.170520714481372071e+00
1.332111179891713881e+01,9.476369178675302152e+00,2.188472701493853645e+00
1.348163084315758908e+01,9.521201871677247297e+00,2.206010696032207452e+00
1.365778879190938255e+01,9.569451990938580010e+00,2.224716347802843330e+00
1.383419462437638536e+01,9.616787820907630291e+00,2.242915673039319380e+00
1.402990948463463461e+01,9.668172288263848557e+00,2.262460502949574348e+00
1.422591003538196475e+01,9.718456048811903614e+00,2.281344275420413847e+00
1.440872120153341207e+01,9.764311625401049355e+00,2.298376904603672610e+00
1.459176489862359105e+01,9.809230028132859047e+00,2.314848608713008016e+00
1.475614090177961302e+01,9.848729725684888692e+00,2.329165507955681225e+00
1.492069336646510003e+01,9.887487740714334450e+00,2.343047516644197081e+00
1.508211773676699607e+01,9.924755569828981550e+00,2.356227652790248595e+00
1.524370252957212379e+01,9.961321590325315611e+00,2.368988717555315482e+00
1.540544344822789746e+01,9.997190780608692151e+00,2.381332474163790014e+00
1.556733627934594821e+01,1.003236798157688447e+01,2.393261062458460486e+00
1.572937690777658126e+01,1.006685790418119097e+01,2.404777694088195084e+00
1.589156134447605773e+01,1.010066513899292140e+01,2.415886168855802651e+00
1.605388568756833223e+01,1.013379415131769434e+01,2.426587146310680065e+00
1.621634610999078774e+01,1.016624928235995640e+01,2.436888558565633023e+00
1.637893889292997684e+01,1.019803475933869841e+01,2.446792128251666032e+00
1.654166037325899197e+01,1.022915468827598851e+01,2.456312527996078465e+00
1.670596010528012343e+01,1.025988178454764466e+01,2.465535855007964017e+00
1.687038362209899134e+01,1.028993946270711746e+01,2.474385977330689546e+00
1.705167357098099501e+01,1.032228460376079759e+01,2.483673809191774495e+00
1.723310492525792270e+01,1.035382692723028342e+01,2.492521859449630561e+00
1.743647321506954029e+01,1.038820770408606897e+01,2.501886056141521486e+00
1.764000711337545724e+01,1.042159411752416176e+01,2.510681186048327351e+00
1.783473169476026143e+01,1.045258721455384965e+01,2.518605574542533532e+00
1.802959701767546008e+01,1.048268275395765237e+01,2.526039535340918185e+00
1.820274266463527368e+01,1.050865809375530269e+01,2.532264342518595779e+00
1.837599189589685977e+01,1.053393333197235648e+01,2.538137646261030778e+00
1.854001938220851642e+01,1.055720815587179295e+01,2.543381864984332719e+00
1.870413379257975706e+01,1.057986194860725426e+01,2.548329012861626719e+00
1.886833235395667074e+01,1.060189740100805977e+01,2.552984175025678759e+00
1.903261237271301098e+01,1.062331712224360203e+01,2.557355163012479338e+00
1.919697118873996544e+01,1.064412363510276904e+01,2.561454289817043151e+00
1.936140617180654999e+01,1.066431937733021407e+01,2.565288158057105861e+00
1.952591474303202190e+01,1.068390670588536118e+01,2.568867905015340902e+00
1.969049435335451648e+01,1.070288789574295585e+01,2.572201464869320997e+00
1.985514248897833411e+01,1.072126514204463632e+01,2.575299163285500015e+00
2.001985668507105132e+01,1.073904056291341647e+01,2.578170752376489627e+00
2.018463477094860181e+01,1.075621622558397306e+01,2.580819918636517940e+00
2.034947407587535650e+01,1.077279406444064058e+01,2.583273230744093762e+00
2.052468299528722184e+01,1.078975535098875049e+01,2.585649189250712077e+00
2.069995553910284869e+01,1.080604603343222436e+01,2.587832828873337654e+00
2.089743610511939309e+01,1.082359368077621298e+01,2.590038404587672982e+00
2.109498995368246810e+01,1.084029611279488670e+01,2.592009516338245945e+00
2.130500380151474005e+01,1.085712221479101558e+01,2.593870623841728840e+00
2.151509148338261568e+01,1.087299988589063737e+01,2.595478603428169162e+00
2.170378657034714109e+01,1.088645055604446732e+01,2.596755844151989567e+00
2.189253432020024093e+01,1.089914085017928436e+01,2.597877202578254163e+00
2.206162785132997328e+01,1.090986288858328201e+01,2.598764191831983705e+00
2.223075879348485628e+01,1.091997767573182720e+01,2.599555662658048494e+00
2.239616789211314085e+01,1.092928179218815465e+01,2.600235592910123739e+00
2.256160851350153251e+01,1.093800746655211853e+01,2.600833168503065451e+00
2.272707857578013702e+01,1.094615565632048337e+01,2.601354390361342084e+00
2.289257602439547412e+01,1.095372725462350516e+01,2.601805880720255981e+00
2.305809881584102428e+01,1.096072308981568888e+01,2.602193978514668604e+00
2.322364490955248684e+01,1.096714392565490570e+01,2.602525372460556152e+00
2.338921227985769136e+01,1.097299046226966013e+01,2.602807823398238352e+00
2.355479891266133663e+01,1.097826333636439955e+01,2.603045471424437096e+00
2.372040280029929349e+01,1.098296312139289732e+01,2.603244160342955027e+00
2.388602194712794713e+01,1.098709032803570729e+01,2.603409272708176125e+00
2.405290136062071582e+01,1.099066999960212243e+01,2.603543334196335213e+00
2.421979221418956740e+01,1.099366928784227504e+01,2.603661992355965182e+00
2.440324832570651736e+01,1.099629688313542708e+01,2.603757810799051331e+00
2.458671313270319203e+01,1.099822399048175292e+01,2.603834577729362998e+00
2.479335465823905338e+01,1.099955601630458446e+01,2.603892271427112881e+00
2.500000000000026645e+01,1.099999999999999467e+01,2.603904306588224138e+00
2.520664534176144755e+01,1.099955601630458624e+01,2.603897731911533064e+00
2.541328686729725916e+01,1.099822399048174759e+01,2.603845615860519658e+00
2.559675167429396936e+01,1.099629688313541998e+01,2.603773271170526815e+00
2.578020778581084116e+01,1.099366928784226793e+01,2.603681763173442132e+00
2.594709863937977801e+01,1.099066999960211355e+01,2.603564291900521965e+00
2.611397805287244012e+01,1.098709032803569663e+01,2.603430717516490134e+00
2.627959719970110442e+01,1.098296312139288666e+01,2.603262536821649320e+00
2.644520108733906127e+01,1.097826333636438711e+01,2.603060427405106125e+00
2.661078772014270299e+01,1.097299046226964592e+01,2.602816303713642920e+00
2.677635509044789686e+01,1.096714392565488971e+01,2.602527005633747947e+00
2.694190118415936652e+01,1.096072308981566756e+01,2.602187804620912370e+00
2.710742397560492378e+01,1.095372725462348562e+01,2.601791988535222089e+00
2.727292142422025378e+01,1.094615565632046206e+01,2.601333102832164901e+00
2.743839148649885118e+01,1.093800746655210077e+01,2.600804466571441154e+00
2.760383210788725705e+01,1.092928179218813334e+01,2.600201059639926537e+00
2.776924120651553807e+01,1.091997767573180411e+01,2.599515545683500850e+00
2.793837214867043883e+01,1.090986288858325537e+01,2.598719575464816689e+00
2.810746567980017119e+01,1.089914085017925593e+01,2.597828338437330409e+00
2.829621342965331010e+01,1.088645055604443357e+01,2.596702776269374180e+00
2.848490851661787104e+01,1.087299988589060007e+01,2.595421503620985337e+00
2.869499619848575023e+01,1.085712221479097828e+01,2.593808969829364930e+00
2.890501004631802573e+01,1.084029611279484406e+01,2.591942538967234366e+00
2.910256389488107587e+01,1.082359368077616679e+01,2.589966547210494685e+00
2.930004446089759895e+01,1.080604603343218173e+01,2.587754733755790237e+00
2.947531700471320093e+01,1.078975535098870964e+01,2.585567686366927465e+00
2.965052592412503074e+01,1.077279406444059795e+01,2.583188399124842771e+00
2.981536522905179609e+01,1.075621622558393042e+01,2.580735891251784153e+00
2.998014331492934303e+01,1.073904056291337206e+01,2.578088431449911511e+00
3.014485751102205313e+01,1.072126514204459191e+01,2.575220068449804334e+00
3.030950564664586366e+01,1.070288789574291144e+01,2.572126422373493870e+00
3.047408525696836890e+01,1.068390670588531322e+01,2.568796153450394026e+00
3.063859382819384436e+01,1.066431937733016255e+01,2.565219755865215223e+00
3.080302881126042536e+01,1.064412363510271931e+01,2.561387198241473762e+00
3.096738762728737626e+01,1.062331712224354696e+01,2.557289058882484589e+00
3.113166764604372716e+01,1.060189740100800293e+01,2.552917553789951555e+00
3.129586620742064795e+01,1.057986194860719564e+01,2.548261661162734448e+00
3.145998061779189570e+01,1.055720815587173256e+01,2.543313650727948350e+00
3.162400810410353813e+01,1.053393333197229431e+01,2.538068842613276477e+00
3.179725733536514554e+01,1.050865809375523874e+01,2.532193369418564100e+00
3.197040298232496269e+01,1.048268275395758309e+01,2.525968093879715770e+00
3.216526830524013292e+01,1.045258721455378392e+01,2.518531309309513855e+00
3.235999288662491580e+01,1.042159411752409426e+01,2.510604794230283598e+00
3.256352678493082209e+01,1.038820770408600325e+01,2.501806896348022669e+00
3.276689507474242902e+01,1.035382692723021769e+01,2.492439239605589663e+00
3.294832642901931052e+01,1.032228460376073897e+01,2.483594553129649718e+00
3.312961637790125735e+01,1.028993946270706417e+01,2.474309812159026567e+00
3.329403989472014302e+01,1.025988178454758604e+01,2.465465536595278895e+00
3.345833962674128514e+01,1.022915468827592989e+01,2.456253150107128302e+00
3.362106110707029671e+01,1.019803475933863801e+01,2.446728453555915728e+00
3.378365389000947516e+01,1.016624928235989600e+01,2.436816174289867742e+00
3.394611431243193778e+01,1.013379415131763572e+01,2.426507582386788986e+00
3.410843865552421050e+01,1.010066513899285923e+01,2.415799264673623270e+00
3.427062309222368697e+01,1.006685790418113058e+01,2.404687082884686689e+00
3.443266372065430403e+01,1.003236798157682053e+01,2.393166947446766279e+00
3.459455655177236366e+01,9.997190780608624650e+00,2.381236466773868798e+00
3.475629747042814444e+01,9.961321590325249886e+00,2.368891401739870783e+00
3.491788226323326683e+01,9.924755569828915824e+00,2.356130496798891194e+00
3.507930663353515399e+01,9.887487740714268725e+00,2.342951318109466996e+00
3.524385909822063923e+01,9.848729725684821190e+00,2.329069262268703255e+00
3.540823510137666119e+01,9.809230028132789769e+00,2.314755098258248989e+00
3.559127879846688103e+01,9.764311625400969419e+00,2.298283178777644764e+00
3.577408996461835500e+01,9.718456048811811243e+00,2.281252417977858826e+00
3.597009051536569757e+01,9.668172288263756187e+00,2.262367949720369253e+00
3.616580537562395392e+01,9.616787820907532591e+00,2.242822074905254315e+00
3.634221120809092298e+01,9.569451990938491193e+00,2.224624479115251408e+00
3.651836915684267382e+01,9.521201871677162032e+00,2.205918324063270486e+00
3.667888820108312586e+01,9.476369178675213334e+00,2.188380287891066978e+00
3.683918868782122757e+01,9.430761210390111060e+00,2.170426957194259820e+00
3.699831258563938974e+01,9.384649404012987972e+00,2.152148939091185209e+00
3.715720837650101771e+01,9.337757613387214661e+00,2.133447783075341331e+00
3.731586971662104446e+01,9.290078628425243679e+00,2.114323183185168098e+00
3.747429009471162686e+01,9.241605037664916367e+00,2.094775775946022378e+00
3.763246278124115207e+01,9.192329235540334764e+00,2.074808025388562793e+00
3.779038083698145556e+01,9.142243411771513451e+00,2.054419921801789783e+00
3.794803711505505817e+01,9.091339541957314196e+00,2.033614918700304308e+00
3.810542420636550531e+01,9.039609396193972302e+00,2.012392957502059154e+00
3.826253451368141612e+01,8.987044505478149148e+00,1.990757105230227531e+00
3.841936010972623450e+01,8.933636198927626282e+00,1.968710508323009423e+00
3.857990420449676350e+01,8.877972402735995416e+00,1.945672010819652131e+00
3.874013111690435807e+01,8.821402100374422517e+00,1.922213303277638063e+00
3.891892667052029964e+01,8.757052909197472701e+00,1.895482400355170904e+00
3.909730008983490990e+01,8.691542697585862953e+00,1.868206201171214831e+00
3.927489249946060568e+01,8.624986862222799644e+00,1.840465681835561806e+00
3.945203551329871772e+01,8.557244027949876042e+00,1.812193867718681295e+00
3.961015265469898594e+01,8.495607245683938658e+00,1.786447814657857958e+00
3.976788626893980449e+01,8.432995524811271792e+00,1.760305322716444465e+00
3.992148773396246497e+01,8.370920687577477537e+00,1.734384813614002763e+00
4.007470094170671615e+01,8.307893662940525559e+00,1.708081584266905262e+00
4.022751390937478533e+01,8.243902625854207855e+00,1.681393907587687142e+00
4.037991438834711033e+01,8.178935349098130914e+00,1.654323487050287422e+00
4.053188966307160257e+01,8.112979265181643029e+00,1.626873542097921455e+00
4.068342629739120042e+01,8.046021558957084707e+00,1.599045352515083174e+00
4.083451034992004480e+01,7.978049057651692699e+00,1.570842568196435529e+00
4.098512749233713492e+01,7.909048153520667590e+00,1.542265265090334792e+00
4.113526276744581622e+01,7.839004887764888352e+00,1.513317120264259241e+00
4.128490051866162958e+01,7.767904961997458280e+00,1.483999453230613552e+00
4.143500978849335326e+01,7.695252365382995841e+00,1.454114840194784763e+00
4.158458115989932935e+01,7.621498768232545906e+00,1.423868036168798090e+00
4.174796395516992220e+01,7.539334798157353745e+00,1.390282034378811371e+00
4.191065334808649112e+01,7.455806304154607211e+00,1.356239433402163241e+00
4.207002369687324261e+01,7.372268224261403269e+00,1.322318374513748340e+00
4.222867156276902278e+01,7.287366131744104969e+00,1.287963827157500463e+00
4.237439119291069289e+01,7.207797999882388673e+00,1.255878703587683276e+00
4.251945011477571512e+01,7.127031662554794700e+00,1.223440960821647439e+00
4.266351449395101980e+01,7.045226694202445294e+00,1.190708235343287846e+00
4.280687332576481907e+01,6.962191540761100583e+00,1.157610893090849302e+00
4.294950120879487798e+01,6.877906901381255267e+00,1.124148104196548648e+00
4.309137139879363332e+01,6.792353088069408962e+00,1.090314329257260573e+00
4.323245584927339991e+01,6.705509965004489814e+00,1.056107499633684776e+00
4.337272542959549781e+01,6.617356766597281670e+00,1.021519420995496086e+00
4.351214950693180583e+01,6.527872304032682038e+00,9.865451471481980761e-01
4.365069591270454197e+01,6.437034943444120749e+00,9.511731717913821660e-01
4.378833108501040527e+01,6.344822460888569715e+00,9.153924193583174995e-01
4.392501949869924971e+01,6.251212369949372238e+00,8.791924103230526200e-01
4.406567879943768418e+01,6.152671192364814523e+00,8.412047029643292539e-01
4.420523728839390998e+01,6.052577158023432879e+00,8.027113997862173056e-01
4.434514087922068626e+01,5.949794431475409873e+00,7.632701637569623276e-01
4.448382322974300962e+01,5.845369859887335373e+00,7.232334071945956122e-01
4.461498274485200710e+01,5.744158976581169362e+00,6.844330133940603744e-01
4.474493444490799021e+01,5.641401978835245856e+00,6.450111898870902749e-01
4.487362794896126417e+01,5.537073601073171147e+00,6.048979180398138533e-01
4.500101027338713067e+01,5.431148376776490316e+00,5.640084667684307496e-01
4.512702563827215840e+01,5.323600753124714480e+00,5.222587015572600633e-01
4.525161550084457218e+01,5.214405018976588480e+00,4.795268294710782753e-01
4.537471821292390217e+01,5.103535559957749435e+00,4.356975268823495284e-01
4.549626896082789074e+01,4.990966887723720546e+00,3.906136417051669918e-01
4.561619964000561822e+01,4.876673732516076498e+00,3.441519576570590822e-01
4.573443851868930210e+01,4.760631357367629768e+00,2.961933814970649226e-01
4.585095065533520398e+01,4.642774060961582627e+00,2.467807992692322427e-01
4.596561521342240297e+01,4.523118607605239205e+00,1.964609526464331235e-01
4.608027287517119674e+01,4.399534593986052400e+00,1.466207622717067560e-01
4.619284077506811315e+01,4.274044291362544712e+00,1.066479021930426402e-01
4.630133503324164224e+01,4.148844151332560237e+00,1.008783228913792684e-01
4.640762202409300130e+01,4.021764989834976767e+00,1.429874204666121418e-01
4.651160139526980686e+01,3.892790985085313071e+00,2.151123288293052549e-01
4.661316825200005809e+01,3.761908861524673853e+00,3.061431288732121558e-01
4.671221316616672681e+01,3.629108253003914264e+00,4.145471064582769705e-01
4.680862222450175381e+01,3.494382095937728305e+00,5.425515307065741366e-01
4.690227704252121299e+01,3.357727172222569223e+00,6.938181864961316947e-01
4.699305488079294690e+01,3.219144639253495477e+00,8.745845211770100214e-01
4.708082886390582900e+01,3.078640543593280210e+00,1.089982441206044816e+00
4.716546824335654975e+01,2.936226415826249880e+00,1.350470555578743737e+00
4.724683876366113822e+01,2.791919872491062105e+00,1.668433182801966952e+00
4.732480313379052461e+01,2.645745227021700785e+00,2.059937302941805548e+00
4.739922160330129230e+01,2.497734118528684100e+00,2.547100964540305323e+00
4.746995267002454000e+01,2.347926112132414200e+00,3.155183499073128228e+00
4.753685390968374946e+01,2.196369283790660543e+00,3.918866576170336735e+00
4.759978293655215964e+01,2.043120763228074122e+00,4.883525349255028125e+00
4.765859850359831995e+01,1.888247192424322485e+00,6.100773121184166925e+00
4.771316172694946545e+01,1.731825095955887628e+00,7.648098905077704401e+00
4.776333742230453083e+01,1.573941146275249503e+00,9.610259299756657825e+00
4.780899554695402998e+01,1.414692268048194368e+00,1.217829644286610424e+01
4.785001270985527100e+01,1.254185595939341535e+00,1.539912183040933868e+01
4.788627373147117794e+01,1.092538222669420245e+00,2.017405405424755926e+01
4.791776389074461662e+01,9.293653830202786015e-01,2.488096939669817331e+01
4.794426699336784026e+01,7.653088737103079797e-01,3.879679397106438188e+01
4.796732916427919946e+01,5.860971457918783267e-01,3.929083092281234713e+01
4.798431238772719354e+01,4.062076714434671998e-01,1.190069531319397953e+02
4.799607325850713835e+01,2.032550681056839725e-01,1.087435016399020640e+02
4.799999999999997868e+01,-3.874388657115724777e-17,1.078118294605842948e+03
