x,y,stress
1.999999999999998890e+00,8.032408329568512021e-16,8.628944092260716161e+02
2.003122747489401778e+00,2.306921452899051983e-01,1.234458007354508027e+02
2.012484389625856185e+00,4.612154327901893391e-01,1.000342116395272143e+02
2.026019725002060401e+00,6.657445247400595179e-01,4.230768712789767960e+01
2.044441811134744658e+00,8.698915198363325052e-01,3.647036668928520697e+01
2.064877671742094467e+00,1.050800489192160070e+00,2.421620754115022933e+01
2.089118673979611263e+00,1.231239025488809480e+00,1.945983604120581134e+01
2.114601527702172579e+00,1.395830413766106615e+00,1.497646719003410354e+01
2.143216492255808792e+00,1.559906294324787668e+00,1.202555822752963799e+01
2.174771130479657533e+00,1.722611605130535573e+00,9.581699351628325090e+00
2.209366099093929225e+00,1.884697733104593986e+00,7.717203279174794872e+00
2.246967021896646433e+00,2.046113055451211249e+00,6.224404336129877535e+00
2.287537182616925069e+00,2.206807830124080105e+00,5.044734170605592816e+00
2.331037702975427894e+00,2.366734280893021847e+00,4.102433852579532747e+00
2.377427718757771036e+00,2.525846648179873810e+00,3.350630563223182090e+00
2.426664568782121112e+00,2.684101266090239690e+00,2.748580794950640449e+00
2.478703983252933174e+00,2.841456614896823218e+00,2.266519668442312785e+00
2.533500261893741001e+00,2.997873331110400219e+00,1.879865459970041730e+00
2.591006458478061436e+00,3.153314233735010408e+00,1.569550618662349128e+00
2.652878076747795522e+00,3.312005937751794082e+00,1.316109140755045814e+00
2.717507953779952690e+00,3.469594488594932358e+00,1.108305906961780218e+00
2.784362758679977734e+00,3.624958260516286224e+00,9.291814409605241298e-01
2.853830874535889794e+00,3.779171311980721981e+00,8.017244028307659587e-01
2.924385659454037611e+00,3.929141113462536250e+00,6.967885395044628449e-01
2.997347112403863978e+00,4.077954961633450282e+00,6.133206630503974521e-01
3.072664176663848057e+00,4.225590631833140876e+00,5.464504660122188051e-01
3.150285791843765892e+00,4.372027826130614692e+00,4.938356254137715728e-01
3.230161013908289025e+00,4.517248117128478846e+00,4.534996076937534148e-01
3.312239115710144066e+00,4.661234868445149893e+00,4.239311231913945877e-01
3.396469690227045035e+00,4.803973174124092971e+00,4.039564235362234634e-01
3.482802741976575689e+00,4.945449789117432715e+00,3.925671965939732666e-01
3.571188757375465261e+00,5.085653038252355707e+00,3.888630335226320178e-01
3.661578798657873168e+00,5.224572775704400485e+00,3.919869740854451390e-01
3.754752674869392237e+00,5.363415833539241895e+00,4.012352096651021216e-01
3.849868217743113163e+00,5.500936063368829565e+00,4.158438553634568602e-01
3.953573750038020140e+00,5.646384435035317395e+00,4.365753774538168042e-01
4.059382728213543068e+00,5.790309919552812268e+00,4.618434236896273304e-01
4.160239970734591175e+00,5.923593972553701903e+00,4.891429810009713663e-01
4.262843746060966943e+00,6.055538279331345919e+00,5.195557597901551139e-01
4.366265762730752620e+00,6.185049087167556081e+00,5.524569604964202352e-01
4.471318740941733871e+00,6.313240530183442445e+00,5.878302201762273249e-01
4.577961019383434582e+00,6.440112874490570682e+00,6.254678859351784359e-01
4.686151923946668241e+00,6.565667269819768670e+00,6.651823921105017856e-01
4.795851664934915881e+00,6.689905559181868355e+00,7.068259582289920795e-01
4.907021390283003548e+00,6.812830283772532525e+00,7.502640829907547548e-01
5.019623200338540592e+00,6.934444644475061814e+00,7.953828417653007188e-01
5.133620058670367747e+00,7.054752358366886078e+00,8.420754374291472555e-01
5.248975828170711289e+00,7.173757660518534252e+00,8.902467408735506016e-01
5.365655379913911283e+00,7.291465376690179134e+00,9.398118744026159321e-01
5.486140474313470072e+00,7.410336128939801981e+00,9.917739042874864630e-01
5.607934818453633063e+00,7.527865106165328335e+00,1.045021643341497164e+00
5.742555397313105381e+00,7.654836760669538442e+00,1.104590492987560957e+00
5.878655793891511827e+00,7.780220955952153794e+00,1.165475419179297090e+00
6.006370776553858981e+00,7.895278863608476527e+00,1.223156199827378332e+00
6.135292739586851951e+00,8.008982754126332537e+00,1.281818929002880303e+00
6.260706588237249015e+00,8.117336689211201772e+00,1.339252173143602453e+00
6.387184411710095766e+00,8.224446797578247370e+00,1.397471455550082009e+00
6.514699267201688571e+00,8.330320950516762579e+00,1.456416699708773521e+00
6.643224259477086946e+00,8.434966576297373564e+00,1.516026507402251422e+00
6.772732511080818973e+00,8.538390685429488869e+00,1.576244114233143589e+00
6.903199991322424900e+00,8.640602112172093285e+00,1.637014284364130656e+00
7.034604082176084461e+00,8.741610258706920433e+00,1.698284001727246695e+00
7.166919337822211133e+00,8.841421876563217097e+00,1.760001397278659674e+00
7.300121931122178331e+00,8.940044573879749379e+00,1.822113679279919074e+00
7.434190244956856652e+00,9.037487168878945099e+00,1.884575013997724424e+00
7.569386684651711050e+00,9.133958844999796156e+00,1.947467229880904815e+00
7.705409336932028452e+00,9.229262067284144777e+00,2.010625029397653307e+00
7.853702682866615881e+00,9.331216761797888282e+00,2.079291131789696934e+00
8.002916193184235638e+00,9.431819996141879159e+00,2.148154997773052077e+00
8.162676465901602896e+00,9.537399182677075871e+00,2.221595841914910441e+00
8.323421655198776747e+00,9.641472720759340476e+00,2.295123850270197607e+00
8.468957731749975792e+00,9.733891228483535940e+00,2.361369439051485219e+00
8.615249570094361431e+00,9.825108729350464642e+00,2.427621249530751868e+00
8.756583248593893032e+00,9.911677709030326966e+00,2.491267105856607156e+00
8.898580993525682103e+00,9.997153089242452495e+00,2.554844556303625058e+00
9.041226604156140212e+00,1.008154278757636746e+01,2.618311973352254629e+00
9.184504381814393881e+00,1.016485468881189469e+01,2.681640075107662113e+00
9.328398983389366350e+00,1.024709656226521304e+01,2.744795180064712792e+00
9.472895558591647003e+00,1.032827614528141069e+01,2.807736544669629630e+00
9.617979693408571507e+00,1.040840111206263252e+01,2.870426379742725853e+00
9.763637209126791561e+00,1.048747896756876052e+01,2.932838192825014012e+00
9.909854341192945171e+00,1.056551715295034732e+01,2.994937374578144684e+00
1.005661775999557150e+01,1.064252305824111566e+01,3.056697351232398496e+00
1.020413233739781234e+01,1.071861540074517727e+01,3.118171859681238445e+00
1.035216903287817303e+01,1.079368692822427356e+01,3.179255157641821317e+00
1.051267143871709209e+01,1.087365079624465913e+01,3.244740638650618791e+00
1.067375354513146135e+01,1.095244039346622955e+01,3.309691267659001124e+00
1.085282758424488847e+01,1.103834804471162023e+01,3.380920974713790716e+00
1.103257513299590542e+01,1.112283745015167646e+01,3.451402071260877502e+00
1.120051166148543764e+01,1.120023357782522488e+01,3.516735875431613589e+00
1.136900072860528432e+01,1.127641937441756426e+01,3.580655004543168207e+00
1.152205836170758424e+01,1.134438040992207242e+01,3.638057884918608931e+00
1.167554691800146038e+01,1.141136254394622540e+01,3.694739740371928871e+00
1.182786567037283909e+01,1.147669586923599105e+01,3.750118484267206398e+00
1.198058689887999151e+01,1.154108277531152460e+01,3.804760845801650859e+00
1.213370115814911543e+01,1.160452924793336216e+01,3.858615549372905740e+00
1.228719932431465089e+01,1.166704121283052054e+01,3.911688232534149989e+00
1.244107241810508846e+01,1.172862446521643953e+01,3.964128670260469001e+00
1.259531171597464549e+01,1.178928471873710571e+01,4.015385448619480435e+00
1.274990875748731511e+01,1.184902760974294011e+01,4.065823621318719994e+00
1.290485511244943773e+01,1.190785861061617368e+01,4.115368667779482514e+00
1.306014253975169481e+01,1.196578309697157927e+01,4.164213123862174015e+00
1.321576314976819511e+01,1.202280640942853296e+01,4.211634116605006639e+00
1.337458947101604778e+01,1.207996096326797897e+01,4.258952527807091215e+00
1.353374524797254530e+01,1.213619158898095129e+01,4.305372969246929138e+00
1.371131002588072612e+01,1.219771228193993728e+01,4.356032802023272588e+00
1.388926277819762589e+01,1.225810156883784074e+01,4.404586500633452140e+00
1.408359192290069650e+01,1.232262268625512469e+01,4.456039180930343235e+00
1.427835635296915484e+01,1.238581770759636491e+01,4.505574163267569432e+00
1.445644382236272918e+01,1.244233207534379737e+01,4.549174401867890793e+00
1.463487369542202998e+01,1.249775592039931738e+01,4.591154715476187143e+00
1.479586203974396064e+01,1.254674521721355340e+01,4.627574808444039789e+00
1.495711407017289574e+01,1.259485947523568683e+01,4.662651759951173425e+00
1.511618549640745357e+01,1.264139697362456793e+01,4.695840465756302429e+00
1.527550040979214607e+01,1.268709398211502482e+01,4.727660635620355656e+00
1.543505287782441293e+01,1.273195451280212431e+01,4.758090808839124719e+00
1.559483709110808469e+01,1.277598249499073901e+01,4.787109623987069185e+00
1.575484739060444817e+01,1.281918178403957143e+01,4.814696775079062796e+00
1.591507813154556494e+01,1.286155612641374546e+01,4.840837410609330149e+00
1.607552377679245126e+01,1.290310918786696703e+01,4.865519913786698680e+00
1.623617896980366737e+01,1.294384457327563176e+01,4.888732490315251589e+00
1.639703841887128632e+01,1.298376579765863603e+01,4.910460428237822583e+00
1.655809690657015665e+01,1.302287629088447751e+01,4.930710898981174317e+00
1.672145317561072275e+01,1.306167352974651941e+01,4.949685661740547360e+00
1.688500322558749289e+01,1.309964560054314830e+01,4.967193173382039362e+00
1.706639185598294972e+01,1.314074896630338607e+01,4.984723412898266481e+00
1.724800509437131169e+01,1.318084827472715581e+01,5.000421457811891734e+00
1.745115077854491759e+01,1.322446289550236287e+01,5.015707398898372027e+00
1.765455914379193203e+01,1.326683555968164363e+01,5.028594919950158726e+00
1.784765935251362734e+01,1.330587008621586875e+01,5.038745843608302799e+00
1.804098001980810295e+01,1.334379772234330197e+01,5.046812172750459347e+00
1.821282201916025656e+01,1.337655216165823369e+01,5.052340244999300900e+00
1.838482686442956648e+01,1.340844040103716672e+01,5.056337029700578078e+00
1.854793481595162419e+01,1.343785581514863026e+01,5.058740281156711482e+00
1.871118018409654837e+01,1.346649880071206340e+01,5.059832655824445524e+00
1.887455879602964615e+01,1.349437172678972097e+01,5.059641625350054461e+00
1.903806653636761936e+01,1.352147689369249406e+01,5.058202938992010012e+00
1.920169934437495840e+01,1.354781653341235703e+01,5.055566336972605157e+00
1.936545320523944369e+01,1.357339280914474244e+01,5.051774778548182354e+00
1.952932415436173486e+01,1.359820781692124392e+01,5.046883541354317160e+00
1.969330827814031082e+01,1.362226358653664882e+01,5.040945475048317803e+00
1.985740170757884826e+01,1.364556208137731730e+01,5.034017872127819260e+00
2.002160061621988163e+01,1.366810519894127296e+01,5.026167191725061656e+00
2.018590462766706750e+01,1.368989521558405720e+01,5.017440975975451245e+00
2.035030659562292499e+01,1.371093342400231663e+01,5.007967352506645931e+00
2.052537461078436820e+01,1.373249940522220669e+01,4.997044729928649787e+00
2.070054495951956852e+01,1.375321777269355472e+01,4.985462339535965626e+00
2.089796293481570189e+01,1.377554099510989438e+01,4.971599909800406891e+00
2.109549900338335604e+01,1.379679388701256748e+01,4.957068573988512306e+00
2.130535459660025310e+01,1.381819029944624688e+01,4.941079557313790005e+00
2.151532917654839849e+01,1.383838566842902473e+01,4.924568214393541865e+00
2.170387747914291054e+01,1.385549053885109316e+01,4.909584842074991684e+00
2.189251071435802487e+01,1.387163185002195398e+01,4.894518725909811963e+00
2.206150002577331293e+01,1.388527001742771638e+01,4.881091779620417626e+00
2.223054973129160317e+01,1.389813797084697455e+01,4.867827153918613980e+00
2.239586574627697857e+01,1.390997405126710440e+01,4.855084390736179145e+00
2.256123268387526792e+01,1.392107601954208640e+01,4.842644794566989930e+00
2.272664720901981639e+01,1.393144475720510478e+01,4.830588175088225356e+00
2.289210601691028302e+01,1.394108108753404629e+01,4.818990471479153825e+00
2.305760581654133290e+01,1.394998577472622259e+01,4.807935191796905094e+00
2.322314332605912668e+01,1.395815952401840043e+01,4.797490938005799954e+00
2.338871528228255769e+01,1.396560298248444276e+01,4.787729979687731507e+00
2.355431843237956357e+01,1.397231673884611780e+01,4.778716831385873220e+00
2.371994953363931558e+01,1.397830132372938472e+01,4.770516937261589874e+00
2.388560535963557641e+01,1.398355721006602259e+01,4.763187387914913806e+00
2.405252850713143431e+01,1.398811609869146899e+01,4.756716792287404516e+00
2.421947019893475783e+01,1.399193607573551823e+01,4.751261484769675469e+00
2.440299135574871769e+01,1.399528288159161171e+01,4.746401966033948483e+00
2.458652661284888907e+01,1.399773758337085816e+01,4.742833208107520626e+00
2.479326021145444159e+01,1.399943441318566073e+01,4.740339812827143895e+00
2.500000000000014566e+01,1.399999999999999289e+01,4.739465046647524105e+00
2.520673978854583197e+01,1.399943441318565718e+01,4.740295946695589180e+00
2.541347338715137028e+01,1.399773758337085638e+01,4.742746581749099910e+00
2.559700864425154521e+01,1.399528288159160994e+01,4.746373654128638542e+00
2.578052980106545888e+01,1.399193607573551112e+01,4.751288437888943506e+00
2.594747149286883570e+01,1.398811609869145833e+01,4.756785806070451095e+00
2.611439464036463676e+01,1.398355721006601549e+01,4.763298232114856035e+00
2.628005046636099351e+01,1.397830132372937229e+01,4.770641010908565960e+00
2.644568156762064248e+01,1.397231673884610714e+01,4.778852598150855613e+00
2.661128471771765547e+01,1.396560298248443388e+01,4.787864693103148106e+00
2.677685667394109004e+01,1.395815952401838800e+01,4.797624394055102215e+00
2.694239418345887316e+01,1.394998577472620838e+01,4.808070814791432390e+00
2.710789398308992304e+01,1.394108108753403386e+01,4.819128987617963489e+00
2.727335279098038967e+01,1.393144475720508879e+01,4.830732205396793155e+00
2.743876731612494169e+01,1.392107601954207041e+01,4.842795764642811918e+00
2.760413425372323104e+01,1.390997405126708486e+01,4.855249075863065755e+00
2.776945026870861355e+01,1.389813797084695857e+01,4.868006378679935686e+00
2.793849997422691089e+01,1.388527001742769862e+01,4.881280662725454356e+00
2.810748928564220961e+01,1.387163185002193444e+01,4.894716343249527313e+00
2.829612252085733104e+01,1.385549053885107007e+01,4.909781242424697822e+00
2.848467082345186441e+01,1.383838566842899809e+01,4.924762016230467054e+00
2.869464540340001335e+01,1.381819029944621668e+01,4.941254444494376230e+00
2.890450099661692107e+01,1.379679388701253551e+01,4.957226393092931893e+00
2.910203706518455036e+01,1.377554099510986596e+01,4.971735211300828183e+00
2.929945504048066596e+01,1.375321777269352808e+01,4.985574025721934532e+00
2.947462538921586273e+01,1.373249940522217827e+01,4.997131494283223674e+00
2.964969340437728462e+01,1.371093342400228821e+01,5.008028515352902943e+00
2.981409537233314211e+01,1.368989521558402700e+01,5.017482622092400923e+00
2.997839938378032798e+01,1.366810519894123921e+01,5.026188261466615792e+00
3.014259829242136135e+01,1.364556208137728177e+01,5.034024975370124722e+00
3.030669172185989879e+01,1.362226358653661507e+01,5.040939823239533268e+00
3.047067584563847475e+01,1.359820781692120484e+01,5.046871755532749582e+00
3.063454679476075881e+01,1.357339280914470692e+01,5.051756912565195989e+00
3.079830065562525121e+01,1.354781653341232328e+01,5.055544361345908122e+00
3.096193346363259380e+01,1.352147689369245498e+01,5.058177797771939765e+00
3.112544120397056346e+01,1.349437172678968189e+01,5.059612760814064636e+00
3.128881981590366124e+01,1.346649880071202432e+01,5.059799762474878726e+00
3.145206518404858187e+01,1.343785581514858585e+01,5.058700827937355093e+00
3.161517313557065023e+01,1.340844040103712409e+01,5.056294253023147611e+00
3.178717798083996726e+01,1.337655216165818928e+01,5.052290243821940585e+00
3.195901998019213508e+01,1.334379772234325046e+01,5.046761726915325319e+00
3.215234064748660359e+01,1.330587008621581369e+01,5.038685703253378279e+00
3.234544085620831311e+01,1.326683555968158501e+01,5.028531414062117122e+00
3.254884922145533466e+01,1.322446289550230247e+01,5.015640858318172413e+00
3.275199490562894766e+01,1.318084827472709186e+01,5.000347767945938493e+00
3.293360814401727055e+01,1.314074896630333278e+01,4.984652286272194921e+00
3.311499677441268830e+01,1.309964560054310034e+01,4.967118684254441696e+00
3.327854682438945844e+01,1.306167352974646967e+01,4.949616914538546020e+00
3.344190309343003520e+01,1.302287629088442777e+01,4.930641558237285338e+00
3.360296158112888776e+01,1.298376579765858274e+01,4.910390834998652032e+00
3.376382103019649605e+01,1.294384457327558380e+01,4.888661035285204903e+00
3.392447622320771927e+01,1.290310918786691374e+01,4.865450701332371786e+00
3.408492186845460736e+01,1.286155612641369039e+01,4.840768224660940255e+00
3.424515260939573125e+01,1.281918178403951991e+01,4.814627997880942978e+00
3.440516290889210183e+01,1.277598249499068217e+01,4.787041167387247498e+00
3.456494712217577359e+01,1.273195451280206214e+01,4.758025574948150371e+00
3.472449959020804755e+01,1.268709398211496264e+01,4.727596876387851310e+00
3.488381450359272407e+01,1.264139697362450399e+01,4.695775163796810148e+00
3.504288592982729256e+01,1.259485947523562466e+01,4.662585506985468697e+00
3.520413796025622588e+01,1.254674521721348945e+01,4.627504377524188861e+00
3.536512630457814055e+01,1.249775592039925343e+01,4.591084998289256092e+00
3.554355617763746977e+01,1.244233207534372454e+01,4.549092778546408589e+00
3.572164364703106543e+01,1.238581770759628320e+01,4.505482416484665187e+00
3.591640807709952554e+01,1.232262268625504120e+01,4.455924464568552068e+00
3.611073722180259438e+01,1.225810156883775726e+01,4.404468875884711032e+00
3.628868997411951369e+01,1.219771228193984847e+01,4.355675837643055104e+00
3.646625475202770161e+01,1.213619158898085360e+01,4.305446808504722611e+00
3.662541052898419736e+01,1.207996096326788305e+01,4.259093488309425801e+00
3.678423685023205536e+01,1.202280640942842993e+01,4.211679780278682728e+00
3.693985746024855388e+01,1.196578309697147624e+01,4.164074162346645736e+00
3.709514488755081629e+01,1.190785861061606532e+01,4.115478970007123927e+00
3.725009124251293713e+01,1.184902760974283353e+01,4.065919319133588949e+00
3.740468828402561030e+01,1.178928471873699557e+01,4.015425055263955656e+00
3.755892758189516911e+01,1.172862446521632052e+01,3.964032817984144863e+00
3.771280067568562089e+01,1.166704121283039797e+01,3.911770701308027842e+00
3.786629884185115458e+01,1.160452924793324314e+01,3.858675548817441570e+00
3.801941310112027850e+01,1.154108277531140025e+01,3.804775026758968615e+00
3.817213432962742559e+01,1.147669586923586316e+01,3.750103904506251862e+00
3.832445308199880429e+01,1.141136254394609573e+01,3.694694534586275392e+00
3.847794163829268399e+01,1.134438040992194274e+01,3.637984465675853762e+00
3.863099927139499101e+01,1.127641937441742925e+01,3.580601637736915421e+00
3.879948833851486967e+01,1.120023357782507389e+01,3.516484831066661876e+00
3.896742486700443209e+01,1.112283745015150416e+01,3.451603320278246123e+00
3.914717241575541351e+01,1.103834804471146569e+01,3.381140470551604604e+00
3.932624645486882997e+01,1.095244039346607501e+01,3.309872420310976171e+00
3.948732856128319213e+01,1.087365079624449571e+01,3.244900497950243601e+00
3.964783096712211119e+01,1.079368692822411546e+01,3.179397792701260439e+00
3.979586766260248964e+01,1.071861540074500851e+01,3.118298796261460115e+00
3.994338224000473758e+01,1.064252305824094158e+01,3.056813051947699922e+00
4.009014565880737280e+01,1.056551715295016436e+01,2.995047338066497034e+00
4.023636279087353529e+01,1.048747896756857045e+01,2.932942538320254311e+00
4.038202030659174824e+01,1.040840111206244067e+01,2.870532777951753989e+00
4.052710444140866741e+01,1.032827614528122062e+01,2.807845723708322083e+00
4.067160101661094984e+01,1.024709656226501231e+01,2.744916063202961443e+00
4.081549561818592764e+01,1.016485468881169218e+01,2.681773947557104076e+00
4.095877339584417598e+01,1.008154278757616673e+01,2.618453601048272184e+00
4.110141900647463586e+01,9.997153089242248214e+00,2.554986619038877471e+00
4.124341675140641428e+01,9.911677709030124461e+00,2.491405560275359310e+00
4.138475042990592812e+01,9.825108729350267467e+00,2.427751259145034535e+00
4.153104226825033862e+01,9.733891228483322777e+00,2.361494602814895316e+00
4.167657834480154833e+01,9.641472720759113102e+00,2.295238483842676924e+00
4.183732353409873639e+01,9.537399182676832510e+00,2.221706661892397072e+00
4.199708380681611430e+01,9.431819996141625140e+00,2.148260160757013537e+00
4.214629731713367278e+01,9.331216761797673342e+00,2.079383400979481156e+00
4.229459066306819892e+01,9.229262067283974247e+00,2.010708644796906697e+00
4.243061331534848790e+01,9.133958844999629179e+00,1.947538258993097404e+00
4.256580975504333963e+01,9.037487168878781674e+00,1.884636959306611015e+00
4.269987806887801440e+01,8.940044573879593059e+00,1.822172666710259792e+00
4.283308066217796295e+01,8.841421876563066107e+00,1.760057626595813440e+00
4.296539591782408252e+01,8.741610258706772996e+00,1.698343361864413259e+00
4.309680000867772520e+01,8.640602112171954730e+00,1.637076332611802076e+00
4.322726748891933823e+01,8.538390685429346760e+00,1.576311391741135548e+00
4.335677574052306937e+01,8.434966576297229679e+00,1.516098732978144126e+00
4.348530073279844288e+01,8.330320950516624023e+00,1.456495064290558084e+00
4.361281558829003302e+01,8.224446797578119472e+00,1.397556077200375890e+00
4.373929341176287977e+01,8.117336689211070322e+00,1.339339834768876303e+00
4.386470726041328305e+01,8.008982754126193981e+00,1.281908852518064856e+00
4.399362922344625559e+01,7.895278863608336195e+00,1.223245961369016976e+00
4.412134420610861696e+01,7.780220955952011685e+00,1.165564175677727299e+00
4.425744460268699498e+01,7.654836760669421203e+00,1.104673629530552814e+00
4.439206518154644243e+01,7.527865106165231524e+00,1.045097997199055495e+00
4.451385952568657700e+01,7.410336128939715827e+00,9.918412628771199335e-01
4.463434462008614645e+01,7.291465376690101863e+00,9.398696845219145501e-01
4.475102417182935000e+01,7.173757660518448098e+00,8.902941664752997974e-01
4.486637994132969709e+01,7.054752358366794596e+00,8.421111720039357040e-01
4.498037679966150648e+01,6.934444644474981878e+00,7.954083048858699989e-01
4.509297860971702931e+01,6.812830283772465911e+00,7.502781639595119678e-01
4.520414833506512053e+01,6.689905559181800854e+00,7.068283415252347712e-01
4.531384807605336107e+01,6.565667269819703833e+00,6.651714281306525534e-01
4.542203898061657696e+01,6.440112874490509398e+00,6.254432052089196059e-01
4.552868125905828123e+01,6.313240530183390042e+00,5.877899293264621239e-01
4.563373423726925893e+01,6.185049087167506343e+00,5.524011838907300076e-01
4.573715625393904105e+01,6.055538279331300622e+00,5.194828497129539979e-01
4.583976002926542748e+01,5.923593972553644171e+00,4.890512986254830774e-01
4.594061727178648624e+01,5.790309919552744766e+00,4.617311659041876681e-01
4.604642624996201050e+01,5.646384435035241900e+00,4.364365910429996442e-01
4.615013178225691348e+01,5.500936063368756734e+00,4.156756383099515229e-01
4.624524732513061309e+01,5.363415833539173505e+00,4.010393582354108699e-01
4.633842120134215037e+01,5.224572775704333871e+00,3.917676236764467967e-01
4.642881124262454762e+01,5.085653038252299751e+00,3.886274763741726090e-01
4.651719725802343675e+01,4.945449789117387418e+00,3.923285866828804536e-01
4.660353030977294253e+01,4.803973174124051226e+00,4.037412282150776854e-01
4.668776088428986526e+01,4.661234868445103707e+00,4.237715048869848400e-01
4.676983898609172030e+01,4.517248117128424667e+00,4.534368848983737488e-01
4.684971420815624299e+01,4.372027826130553407e+00,4.940098885232740433e-01
4.692733582333614351e+01,4.225590631833088473e+00,5.470627533139038601e-01
4.700265288759613469e+01,4.077954961633410313e+00,6.148161917008615474e-01
4.707561434054596106e+01,3.929141113462495394e+00,6.998421668932339745e-01
4.714616912546410532e+01,3.779171311980675352e+00,8.054169317407312567e-01
4.721563724132002449e+01,3.624958260516219610e+00,9.382439581852889399e-01
4.728249204622006374e+01,3.469594488594847093e+00,1.102915862684482828e+00
4.734712192325221025e+01,3.312005937751707929e+00,1.308415687715878573e+00
4.740899354152193013e+01,3.153314233734926031e+00,1.564455790890404652e+00
4.746649973810625767e+01,2.997873331110297634e+00,1.874622826806979115e+00
4.752129601674708681e+01,2.841456614896701982e+00,2.260041049277791814e+00
4.757333543121789177e+01,2.684101266090135773e+00,2.740477598104548385e+00
4.762257228124223474e+01,2.525846648179787213e+00,3.340143755603501852e+00
4.766896229702457077e+01,2.366734280892957454e+00,4.089358564002609775e+00
4.771246281738306294e+01,2.206807830124037917e+00,5.028200907204586123e+00
4.775303297810334158e+01,2.046113055451167284e+00,6.204553262783564449e+00
4.779063390090605878e+01,1.884697733104548467e+00,7.691450949586638330e+00
4.782522886952032337e+01,1.722611605130490720e+00,9.552527848446583647e+00
4.785678350774417567e+01,1.559906294324750808e+00,1.198055335006943700e+01
4.788539847229780833e+01,1.395830413766077305e+00,1.494320007057342892e+01
4.791088132602036609e+01,1.231239025488792604e+00,1.937317470179142731e+01
4.793512232825788999e+01,1.050800489192109666e+00,2.421372669918708453e+01
4.795555818886523980e+01,8.698915198362480172e-01,3.626795977243180857e+01
4.797398027499792050e+01,6.657445247399677024e-01,4.240384856559456495e+01
4.798751561037412472e+01,4.612154327900846451e-01,9.978825897691500302e+01
4.799687725251057913e+01,2.306921452898521574e-01,1.220409616382554958e+02
4.799999999999997868e+01,-4.492059804881025604e-17,8.615574911201637178e+02
