x,y,stress
3.999999999999997780e+00,3.885162771075249660e-16,1.025149054472450189e+03
4.006079761145451279e+00,1.684283575402877320e-01,1.507409107028258859e+02
4.024204508346213238e+00,3.359899952737921414e-01,1.205028770886889902e+02
4.053392135710670807e+00,4.988452197818227796e-01,5.254247115225859233e+01
4.093378837861071595e+00,6.593929517033760845e-01,4.430758598787156188e+01
4.143544826167887329e+00,8.170596049202419886e-01,3.002098838214788046e+01
4.203184734892140284e+00,9.713950351585910470e-01,2.436027464657367503e+01
4.271550871721842668e+00,1.122071335441961359e+00,1.934937967161707562e+01
4.347889584354487802e+00,1.268872438207603981e+00,1.585065252664223578e+01
4.431468704908707146e+00,1.411678290501151123e+00,1.313241727863399610e+01
4.521596094229519025e+00,1.550447013395545914e+00,1.102227447408987260e+01
4.617630593376684800e+00,1.685197560853062049e+00,9.338748161587517416e+00
4.718987044175215750e+00,1.815994171725455741e+00,7.982116503911728778e+00
4.825137077762261306e+00,1.942933236941763786e+00,6.874973913574820905e+00
4.935607167306219623e+00,2.066132733591015569e+00,5.963171409238189113e+00
5.049975080828666307e+00,2.185724027625195465e+00,5.205755055184907221e+00
5.167865501440329190e+00,2.301845666007061642e+00,4.572765991559809784e+00
5.288945395250519432e+00,2.414638835855265953e+00,4.040431361619346795e+00
5.412919365153491036e+00,2.524244049744198026e+00,3.591039087933017626e+00
5.539525264418496242e+00,2.630798845002410236e+00,3.210066542030763692e+00
5.668530533537922800e+00,2.734436530769170037e+00,2.886356340105832974e+00
5.799728398812363572e+00,2.835285022721653725e+00,2.610590419071429746e+00
5.932934521705795383e+00,2.933466172114131520e+00,2.375579328012760172e+00
6.067984484861276506e+00,3.029095731118937707e+00,2.175244212519273468e+00
6.204731254308016197e+00,3.122283223988747469e+00,2.004633934669039164e+00
6.343043092892249213e+00,3.213132064345463501e+00,1.859522226836873404e+00
6.482801578065116921e+00,3.301739652612313503e+00,1.736513869392366516e+00
6.623899835660373547e+00,3.388197533762640656e+00,1.632440464378372313e+00
6.766241947925569100e+00,3.472592168177842442e+00,1.544980279752038443e+00
6.909741441860355771e+00,3.555005005460694534e+00,1.471409096148000639e+00
7.054318884620964347e+00,3.635512027289939496e+00,1.410512114884356905e+00
7.199902181071691665e+00,3.714184786233323710e+00,1.360569740235681335e+00
7.346426439929925500e+00,3.791091026768397043e+00,1.320016655322724164e+00
7.494510517197366717e+00,3.866635602856347109e+00,1.287445190461962596e+00
7.643428848087412852e+00,3.940522213680648811e+00,1.261840713465665953e+00
7.792445343518124012e+00,4.012481398284176493e+00,1.242255607285424501e+00
7.942192530791606586e+00,4.082907519885231373e+00,1.227661444007036584e+00
8.092628285544945399e+00,4.151850748083385056e+00,1.217324923496435840e+00
8.243713732046419551e+00,4.219358436044647220e+00,1.210608367591392120e+00
8.395412866855533451e+00,4.285475289831574663e+00,1.206757981604461127e+00
8.547692644068972001e+00,4.350243705382464299e+00,1.206052591534124030e+00
8.700522509895046497e+00,4.413703830742031542e+00,1.206191175537032478e+00
8.853873756705251452e+00,4.475893546241644927e+00,1.208875516536586536e+00
9.007719779279407035e+00,4.536848800433436857e+00,1.212873624146708407e+00
9.162035992372711490e+00,4.596603771543393613e+00,1.218445665581592952e+00
9.318084460579683537e+00,4.655671869576430311e+00,1.224575870055422788e+00
9.474565553681665975e+00,4.713584213656337951e+00,1.231771044637195445e+00
9.638765086300962182e+00,4.772984879345576914e+00,1.240003744170561806e+00
9.803393893691975336e+00,4.831185302567770457e+00,1.248860964917905214e+00
9.959841385407608882e+00,4.885279803744922766e+00,1.257673332828833646e+00
1.011663976968859480e+01,4.938348669734142327e+00,1.266830924415152548e+00
1.027372231340578423e+01,4.990399065509214971e+00,1.276180552242984545e+00
1.043112560749713502e+01,5.041471334348008426e+00,1.285884763921778084e+00
1.058883605108789894e+01,5.091587327669656382e+00,1.295562548586698171e+00
1.074684071259494011e+01,5.140767888251053463e+00,1.305300996794844126e+00
1.090512747097717394e+01,5.189032969110028759e+00,1.315116604041738801e+00
1.106368480639610752e+01,5.236401635819574629e+00,1.324951852055958446e+00
1.122250190485520527e+01,5.282892160742188814e+00,1.334759469700956602e+00
1.138156842917454270e+01,5.328522012619595571e+00,1.344535627621306517e+00
1.154087455331893963e+01,5.373307921884723726e+00,1.354198196104890783e+00
1.170041110538824825e+01,5.417265969249716484e+00,1.363927073233399900e+00
1.186783477686101840e+01,5.462460135142396922e+00,1.373984030394415523e+00
1.203549227049337311e+01,5.506779047799606808e+00,1.383766607277003402e+00
1.221319522104089650e+01,5.552753306491678309e+00,1.394047234726314421e+00
1.239113969926884273e+01,5.597783707431259081e+00,1.404157766314550582e+00
1.255373715206597041e+01,5.638070405931220996e+00,1.413237215597325847e+00
1.271652066289098393e+01,5.677598625542077393e+00,1.422160341854589838e+00
1.287750550039340958e+01,5.715914694050946210e+00,1.430824775724186537e+00
1.303865921798364447e+01,5.753514159928426963e+00,1.439316866701804587e+00
1.319997592638185147e+01,5.790408082548932356e+00,1.447789527617042049e+00
1.336144999154517521e+01,5.826607109732767853e+00,1.455943412149962812e+00
1.352307602102646378e+01,5.862121496720960501e+00,1.463974529218225795e+00
1.368484884556579395e+01,5.896961122780916220e+00,1.471832193157357027e+00
1.384676351066824118e+01,5.931135508793483169e+00,1.479522207666668976e+00
1.400881526319674819e+01,5.964653832569394964e+00,1.487043687180005014e+00
1.417099953772779664e+01,5.997524943101373296e+00,1.494395059005624526e+00
1.433331195276991465e+01,6.029757375836376276e+00,1.501578370498952930e+00
1.449827233591182818e+01,6.061845300908562884e+00,1.508696384192455886e+00
1.466335628159117199e+01,6.093291362352525553e+00,1.515646957080934554e+00
1.484680373676839160e+01,6.127466447981936959e+00,1.523154328098236920e+00
1.503039314086967870e+01,6.160870601126123169e+00,1.530445168448520521e+00
1.521457654925002778e+01,6.193594252572682812e+00,1.537544266062152998e+00
1.539889245548765473e+01,6.225563195573444730e+00,1.544426038541446111e+00
1.556479872178367252e+01,6.253683153324258726e+00,1.550442200150151661e+00
1.573080496826867147e+01,6.281206744140519049e+00,1.556293807856923950e+00
1.589415259067743236e+01,6.307698496970307822e+00,1.561886575673768096e+00
1.605759079114517363e+01,6.333625585725306983e+00,1.567321254018049226e+00
1.622111667001226820e+01,6.358993696406717966e+00,1.572599167549138643e+00
1.638472745412079945e+01,6.383808328369342533e+00,1.577722851867740417e+00
1.654842045867025391e+01,6.408074795448632344e+00,1.582693475278625916e+00
1.671219304626746904e+01,6.431798227018133751e+00,1.587514319276811303e+00
1.687604266756842364e+01,6.454983580845208735e+00,1.592187748209878961e+00
1.703996686726145526e+01,6.477635649985815647e+00,1.596716357472087511e+00
1.720396326191671577e+01,6.499759065435987360e+00,1.601102591044560430e+00
1.736802951833290365e+01,6.521358298927896868e+00,1.605349927548897382e+00
1.753399491672147903e+01,6.542669928132966994e+00,1.609503677865125049e+00
1.770002716467530490e+01,6.563454346298663644e+00,1.613525655057403529e+00
1.788358534657098176e+01,6.585815080580894154e+00,1.617807519825505747e+00
1.806721957648266752e+01,6.607542454559826695e+00,1.621927231743033326e+00
1.826354897733409288e+01,6.630068104386452887e+00,1.626154899640185558e+00
1.845995868731165146e+01,6.651882437228072043e+00,1.630195155302024190e+00
1.863688485446207110e+01,6.670921689147323086e+00,1.633688787647950447e+00
1.881387121583523125e+01,6.689393019015898112e+00,1.637045104190141043e+00
1.897862242653826215e+01,6.706075289680840434e+00,1.640048427619209992e+00
1.914342205978514855e+01,6.722272225224217301e+00,1.642939550675325044e+00
1.930815713948270584e+01,6.737976327018687428e+00,1.645715998877386843e+00
1.947293717206215646e+01,6.753201516449869324e+00,1.648382680199034001e+00
1.963776050370210768e+01,6.767950515188336347e+00,1.650942370033839035e+00
1.980262552731663206e+01,6.782225942292094523e+00,1.653397130193581699e+00
1.996753067394103809e+01,6.796030315823064605e+00,1.655749382375089951e+00
2.013247438079570983e+01,6.809366052613689213e+00,1.658001385474457967e+00
2.029745511927415080e+01,6.822235473026246666e+00,1.660156162497367305e+00
2.046247140331932002e+01,6.834640803650383845e+00,1.662215331174096367e+00
2.062752177342254001e+01,6.846584178001188015e+00,1.664180859192470274e+00
2.079260478037473092e+01,6.858067637347304846e+00,1.666057304040669429e+00
2.096506094193498981e+01,6.869572741021744200e+00,1.667918842098275123e+00
2.113754957124896805e+01,6.880580375112430147e+00,1.669689646520614801e+00
2.133158845109542767e+01,6.892369022717670823e+00,1.671565332604405540e+00
2.152566423685190600e+01,6.903533644324716612e+00,1.673321900414850516e+00
2.172284370337889214e+01,6.914238502358869276e+00,1.674992983573031724e+00
2.192005681044732057e+01,6.924304617706530607e+00,1.676544238353209648e+00
2.209530984089765582e+01,6.932714516291690110e+00,1.677831033915349712e+00
2.227058618849929772e+01,6.940623573054742756e+00,1.679035208935458101e+00
2.243591992264193280e+01,6.947625440528385710e+00,1.680094265329798997e+00
2.260127182715510585e+01,6.954184217296007553e+00,1.681082526960545387e+00
2.276664066556613264e+01,6.960300967976223774e+00,1.681997906796200315e+00
2.293202522859249370e+01,6.965976683095100874e+00,1.682842345698902342e+00
2.309742431641187466e+01,6.971212279145801993e+00,1.683616034090227309e+00
2.326283672554495396e+01,6.976008598983967524e+00,1.684320842366324067e+00
2.342826126365716632e+01,6.980366413055972608e+00,1.684957226149126353e+00
2.359369675546064826e+01,6.984286420119553362e+00,1.685526912820296541e+00
2.375914203166824734e+01,6.987769247465549505e+00,1.686031317497423521e+00
2.392459592309214855e+01,6.990815451333029173e+00,1.686470943641215081e+00
2.409005726878899267e+01,6.993425517551910886e+00,1.686846363523738956e+00
2.425552491402858024e+01,6.995599861868469382e+00,1.687160761532935815e+00
2.443060052229018808e+01,6.997426385899820467e+00,1.687423846092880986e+00
2.460568053436784197e+01,6.998765860723217713e+00,1.687620178575714336e+00
2.480283930145980875e+01,6.999691482557966360e+00,1.687757247368309566e+00
2.500000000000011013e+01,6.999999999999995559e+00,1.687800085892614543e+00
2.519716069854042928e+01,6.999691482557965472e+00,1.687757731620580737e+00
2.539431946563236764e+01,6.998765860723216825e+00,1.687621160278108601e+00
2.556939947771007482e+01,6.997426385899820467e+00,1.687424841147904919e+00
2.574447508597159384e+01,6.995599861868466718e+00,1.687161604152802363e+00
2.590994273121118141e+01,6.993425517551906445e+00,1.686846018592722984e+00
2.607540407690802908e+01,6.990815451333026509e+00,1.686469102059178438e+00
2.624085796833192674e+01,6.987769247465545952e+00,1.686026437401785483e+00
2.640630324453951872e+01,6.984286420119548033e+00,1.685518693457860984e+00
2.657173873634301842e+01,6.980366413055967278e+00,1.684944785438351023e+00
2.673716327445524854e+01,6.976008598983961306e+00,1.684304066500964314e+00
2.690257568358831008e+01,6.971212279145795776e+00,1.683595093858684555e+00
2.706797477140766972e+01,6.965976683095093769e+00,1.682817459173118424e+00
2.723335933443405921e+01,6.960300967976215780e+00,1.681970507158485173e+00
2.739872817284510020e+01,6.954184217295998671e+00,1.681052834550948782e+00
2.756408007735828036e+01,6.947625440528375940e+00,1.680063068146883332e+00
2.772941381150090123e+01,6.940623573054732987e+00,1.679002450326529061e+00
2.790469015910257156e+01,6.932714516291679452e+00,1.677796623412377786e+00
2.807994318955291746e+01,6.924304617706517284e+00,1.676508126038327218e+00
2.827715629662137076e+01,6.914238502358854177e+00,1.674955479777676226e+00
2.847433576314837467e+01,6.903533644324698848e+00,1.673282960300815025e+00
2.866841154890484944e+01,6.892369022717653948e+00,1.671526658060003445e+00
2.886245042875129840e+01,6.880580375112412383e+00,1.669651195776287400e+00
2.903493905806527309e+01,6.869572741021727325e+00,1.667882460807305289e+00
2.920739521962551422e+01,6.858067637347286194e+00,1.666023501234363824e+00
2.937247822657771579e+01,6.846584178001165810e+00,1.664149730387197712e+00
2.953752859668093933e+01,6.834640803650362528e+00,1.662186955175742664e+00
2.970254488072611210e+01,6.822235473026224462e+00,1.660129369551807565e+00
2.986752561920454951e+01,6.809366052613664344e+00,1.657976045132667275e+00
3.003246932605923192e+01,6.796030315823041512e+00,1.655724458619702855e+00
3.019737447268363795e+01,6.782225942292069654e+00,1.653372424546327046e+00
3.036223949629816943e+01,6.767950515188311478e+00,1.650917764586775638e+00
3.052706282793810644e+01,6.753201516449842678e+00,1.648358102079682030e+00
3.069184286051755350e+01,6.737976327018658118e+00,1.645691655643599205e+00
3.085657794021511435e+01,6.722272225224189768e+00,1.642915580252109153e+00
3.102137757346199365e+01,6.706075289680813789e+00,1.640025919985004688e+00
3.118612878416501744e+01,6.689393019015869690e+00,1.637024531893724433e+00
3.136311514553821311e+01,6.670921689147291112e+00,1.633669925443735238e+00
3.154004131268866118e+01,6.651882437228035627e+00,1.630178546367675230e+00
3.173645102266622686e+01,6.630068104386414696e+00,1.626140120193688476e+00
3.193278042351766288e+01,6.607542454559784062e+00,1.621914676905347852e+00
3.211641465342933088e+01,6.585815080580849745e+00,1.617797031217621528e+00
3.229997283532500063e+01,6.563454346298621900e+00,1.613517352835869501e+00
3.246600508327881585e+01,6.542669928132926138e+00,1.609497353794369756e+00
3.263197048166738057e+01,6.521358298927855124e+00,1.605345174186969537e+00
3.279603673808355779e+01,6.499759065435942951e+00,1.601096672110108532e+00
3.296003313273882185e+01,6.477635649985773902e+00,1.596709011052804383e+00
3.312395733243184992e+01,6.454983580845164326e+00,1.592177428989199006e+00
3.328780695373280452e+01,6.431798227018090230e+00,1.587500529512610559e+00
3.345157954133002676e+01,6.408074795448587047e+00,1.582675075055930414e+00
3.361527254587949187e+01,6.383808328369294571e+00,1.577699494918930245e+00
3.377888332998801957e+01,6.358993696406668228e+00,1.572571808245404545e+00
3.394240920885510349e+01,6.333625585725258134e+00,1.567289382425352873e+00
3.410584740932284120e+01,6.307698496970258972e+00,1.561850925194064654e+00
3.426919503173159853e+01,6.281206744140470200e+00,1.556254291253853728e+00
3.443520127821660282e+01,6.253683153324207211e+00,1.550400292282047898e+00
3.460110754451262949e+01,6.225563195573389663e+00,1.544381928282649641e+00
3.478542345075027953e+01,6.193594252572621528e+00,1.537498250696887503e+00
3.496960685913064992e+01,6.160870601126059221e+00,1.530397059983541475e+00
3.515319626323193347e+01,6.127466447981873898e+00,1.523105388973879259e+00
3.533664371840914953e+01,6.093291362352458052e+00,1.515596477326884628e+00
3.550172766408849157e+01,6.061845300908493606e+00,1.508646366967018926e+00
3.566668804723039443e+01,6.029757375836310551e+00,1.501528674413780129e+00
3.582900046227248936e+01,5.997524943101311123e+00,1.494346579790251983e+00
3.599118473680351826e+01,5.964653832569331904e+00,1.486996199933262153e+00
3.615323648933203771e+01,5.931135508793420108e+00,1.479476247661674737e+00
3.631515115443449560e+01,5.896961122780849607e+00,1.471786854478150719e+00
3.647692397897380800e+01,5.862121496720896552e+00,1.463929126539713188e+00
3.663855000845509835e+01,5.826607109732699463e+00,1.455903890642904042e+00
3.680002407361842387e+01,5.790408082548863078e+00,1.447713033278560157e+00
3.696134078201662732e+01,5.753514159928356797e+00,1.439358478772951644e+00
3.712249449960686576e+01,5.715914694050876044e+00,1.430842890288419156e+00
3.728347933710929141e+01,5.677598625542002786e+00,1.422169852182776584e+00
3.744626284793432802e+01,5.638070405931141948e+00,1.413234169659610906e+00
3.760886030073145747e+01,5.597783707431177369e+00,1.404148484043596490e+00
3.778680477895940015e+01,5.552753306491596597e+00,1.394031255810880943e+00
3.796450772950693420e+01,5.506779047799517990e+00,1.383744476431610693e+00
3.813216522313924628e+01,5.462460135142317874e+00,1.373884438423380150e+00
3.829958889461197913e+01,5.417265969249648094e+00,1.363904661577632460e+00
3.845912544668126998e+01,5.373307921884658889e+00,1.354276773793571031e+00
3.861843157082565625e+01,5.328522012619528958e+00,1.344569200030524492e+00
3.877749809514498480e+01,5.282892160742123977e+00,1.334796082942254269e+00
3.893631519360408078e+01,5.236401635819509792e+00,1.324979633647151323e+00
3.909487252902301435e+01,5.189032969109963922e+00,1.315144382581434623e+00
3.925315928740523930e+01,5.140767888250985962e+00,1.305319219411533282e+00
3.941116394891228225e+01,5.091587327669589769e+00,1.295538234600907890e+00
3.956887439250304084e+01,5.041471334347943589e+00,1.285841427952829852e+00
3.972627768659440051e+01,4.990399065509146581e+00,1.276276413588076419e+00
3.988336023031158817e+01,4.938348669734068608e+00,1.266897405078369676e+00
4.004015861459257763e+01,4.885279803744849936e+00,1.257767995625516111e+00
4.019660610630820941e+01,4.831185302567697626e+00,1.248963956056023727e+00
4.036123491369919947e+01,4.772984879345512077e+00,1.240138524086774829e+00
4.052543444631847080e+01,4.713584213656274891e+00,1.231911714872759189e+00
4.068191553942045857e+01,4.655671869576362809e+00,1.224736730005770324e+00
4.083796400762744838e+01,4.596603771543320782e+00,1.218396836303390351e+00
4.099228022072075106e+01,4.536848800433365803e+00,1.213114309351954079e+00
4.114612624329490842e+01,4.475893546241568544e+00,1.209047615288007860e+00
4.129947749010510449e+01,4.413703830741953382e+00,1.206443813912331686e+00
4.145230735593119675e+01,4.350243705382381698e+00,1.205605224655231122e+00
4.160458713314462642e+01,4.285475289831493839e+00,1.206877000594513527e+00
4.175628626795374743e+01,4.219358436044562843e+00,1.210675753260463505e+00
4.190737171445521625e+01,4.151850748083302456e+00,1.217474703840673023e+00
4.205780746920855506e+01,4.082907519885144332e+00,1.227847193525205327e+00
4.220755465648203142e+01,4.012481398284090339e+00,1.242443781455591312e+00
4.235657115191275324e+01,3.940522213680551111e+00,1.262027978109002690e+00
4.250548948280279404e+01,3.866635602856251186e+00,1.287594965284970971e+00
4.265357356007024947e+01,3.791091026768292682e+00,1.320108470591220051e+00
4.280009781892846377e+01,3.714184786233227342e+00,1.360506920844022805e+00
4.294568111537919464e+01,3.635512027289831583e+00,1.410241993151949425e+00
4.309025855813978723e+01,3.555005005460595058e+00,1.470764123297615633e+00
4.323375805207460587e+01,3.472592168177728311e+00,1.543798664067494997e+00
4.337610016433976767e+01,3.388197533762540292e+00,1.631220091450511056e+00
4.351719842193503496e+01,3.301739652612194487e+00,1.735287287626299246e+00
4.365695690710786181e+01,3.213132064345364025e+00,1.858445469770428682e+00
4.379526874569214812e+01,3.122283223988621348e+00,2.003758945165774463e+00
4.393201551513883629e+01,3.029095731118842227e+00,2.174595617651854607e+00
4.406706547829433163e+01,2.933466172114009840e+00,2.375244181828954027e+00
4.420027160118772258e+01,2.835285022721571568e+00,2.610478729906231088e+00
4.433146946646220954e+01,2.734436530769048801e+00,2.886573459103203732e+00
4.446047473558156327e+01,2.630798845002341846e+00,3.210657276735208843e+00
4.458708063484660755e+01,2.524244049744076790e+00,3.592201785910035028e+00
4.471105460474951343e+01,2.414638835855213550e+00,4.042138299870985385e+00
4.483213449855977473e+01,2.301845666006936852e+00,4.575314543434193304e+00
4.495002491917132659e+01,2.185724027625177701e+00,5.209262442397927906e+00
4.506439283269382656e+01,2.066132733590920978e+00,5.968252516151338227e+00
4.517486292223767208e+01,1.942933236941796649e+00,6.881525243341535258e+00
4.528101295582481356e+01,1.815994171725390904e+00,7.991586433003306844e+00
4.538236940662324770e+01,1.685197560853127552e+00,9.348999305351071598e+00
4.547840390577048453e+01,1.550447013395484186e+00,1.104048592220719271e+01
4.556853129509121203e+01,1.411678290501246380e+00,1.314547895680562384e+01
4.565211041564548822e+01,1.268872438207606423e+00,1.591610320319906080e+01
4.572844912827807207e+01,1.122071335442086371e+00,1.933910213353126650e+01
4.579681526510779577e+01,9.713950351586496668e-01,2.466849364828591717e+01
4.585645517383203185e+01,8.170596049203645572e-01,3.020599178446541089e+01
4.590662116213888311e+01,6.593929517034641252e-01,4.489863326055025539e+01
4.594660786428929100e+01,4.988452197818779577e-01,5.130208081844529744e+01
4.597579549165374857e+01,3.359899952737927520e-01,1.213065621631440223e+02
4.599392023885450698e+01,1.684283575402874267e-01,1.484086790970138168e+02
4.599999999999997868e+01,-3.340534658426884762e-17,1.024900597112472269e+03
