x,y,stress
1.999999999999998890e+00,1.122992329693736975e-13,1.185624617403542061e+03
2.006641524246094210e+00,1.682099365015683468e-01,1.288913389366406932e+02
2.026414592270884274e+00,3.353870945137615855e-01,1.285772478395238920e+02
2.058120743617158244e+00,4.973248532153681789e-01,4.524209912629157770e+01
2.101394879303688956e+00,6.565653495371799320e-01,3.950552632675963594e+01
2.155452131784886038e+00,8.124794627558186155e-01,2.480075433997881262e+01
2.219418670448908060e+00,9.646008607712129868e-01,1.930659078257436789e+01
2.292390304742999874e+00,1.112617644819890339e+00,1.437751518076363588e+01
2.373478139616859384e+00,1.256352415685223933e+00,1.104918329009020006e+01
2.461839828579970746e+00,1.395737142397523334e+00,8.560233004746331531e+00
2.556697989049579345e+00,1.530787723272094114e+00,6.705736261704983825e+00
2.657348615794487667e+00,1.661581071743313043e+00,5.301639051161941119e+00
2.763162507407037172e+00,1.788236005531531836e+00,4.227323199333735460e+00
2.873582335863491100e+00,1.910898217254255016e+00,3.397054770403184598e+00
2.988117254731006422e+00,2.029728898068857923e+00,2.750606110288570161e+00
3.106336403260358647e+00,2.144896444738607411e+00,2.242668728979750004e+00
3.227862148668260378e+00,2.256570601694211753e+00,1.842164724104321749e+00
3.352363584587964684e+00,2.364918476827898797e+00,1.524574917470891355e+00
3.479550522936901924e+00,2.470101924591497244e+00,1.274288465186821817e+00
3.609168087253395552e+00,2.572275916617553282e+00,1.078148507617775032e+00
3.740992039220233156e+00,2.671587693607388125e+00,9.266197137966799557e-01
3.874824530524707100e+00,2.768176263486116451e+00,8.126943261405782382e-01
4.010490700280784360e+00,2.862172449620527637e+00,7.304306419507776704e-01
4.147835543218314491e+00,2.953698983649115650e+00,6.744850248784858282e-01
4.286721100275706853e+00,3.042870679691504598e+00,6.414533627082311673e-01
4.427024483469261362e+00,3.129794995435024596e+00,6.203707753152635229e-01
4.568635717189742707e+00,3.214572303105725393e+00,6.175278695015367081e-01
4.711454550486294579e+00,3.297295464349658811e+00,6.227177115717712486e-01
4.855394038316572569e+00,3.378053175244103645e+00,6.348344022100911310e-01
5.000377676471353006e+00,3.456929218227994038e+00,6.510174964377836160e-01
5.146329939379373997e+00,3.533998381125991628e+00,6.699651724939619246e-01
5.293183585333763652e+00,3.609331518922130666e+00,6.904836569878202157e-01
5.440880990530083672e+00,3.682996826498829090e+00,7.118579837061068671e-01
5.589964986972369765e+00,3.755343137083247296e+00,7.336510219634269081e-01
5.739795027952964368e+00,3.826131599863557220e+00,7.554429424650878078e-01
5.892520402174752370e+00,3.896415624802119115e+00,7.773138611284821087e-01
6.045923001258665330e+00,3.965209117831624663e+00,7.987970671553091817e-01
6.197142138072629258e+00,4.031345583262405441e+00,8.194191842629854339e-01
6.348940509797883713e+00,4.096141624671330916e+00,8.395409695404869588e-01
6.501285830153611833e+00,4.159640709240347789e+00,8.590797996176732232e-01
6.654148565107164792e+00,4.221883985629596658e+00,8.782163243458163127e-01
6.807501334082890487e+00,4.282910301063490799e+00,8.969562534237887075e-01
6.961318582777887620e+00,4.342756318917921021e+00,9.148108717905487630e-01
7.115576619088776589e+00,4.401456756674559934e+00,9.322618587974820237e-01
7.270253501537419005e+00,4.459044538511789391e+00,9.492109921218753188e-01
7.425328719294296498e+00,4.515550853144932653e+00,9.656866238574404182e-01
7.580783198580539839e+00,4.571005319600798700e+00,9.817012291375988298e-01
7.737636585172977810e+00,4.625794706645501186e+00,9.973745224546747279e-01
7.894839189009942082e+00,4.679573964717660850e+00,1.012626084651749858e+00
8.065542020225143105e+00,4.736733042123595361e+00,1.028679904787314747e+00
8.236617162926858526e+00,4.792768023302961922e+00,1.044263942807310830e+00
8.398386554724758923e+00,4.844644134068466279e+00,1.058574147728732928e+00
8.560457806183892515e+00,4.895569381188344060e+00,1.072510951939530832e+00
8.718193918294803169e+00,4.944156342384290248e+00,1.085709751333695960e+00
8.876191277564874582e+00,4.991886956952289900e+00,1.098583707004498589e+00
9.034439122350081064e+00,5.038780125731264548e+00,1.111146903967841437e+00
9.192927459352562281e+00,5.084853974077841343e+00,1.123407112340066183e+00
9.351646755721919391e+00,5.130125819063145798e+00,1.135381354873320259e+00
9.510587989364895023e+00,5.174612240420031206e+00,1.147072081906123087e+00
9.669742609067164096e+00,5.218329120073383898e+00,1.158498822075158419e+00
9.829102512644064760e+00,5.261291683025454802e+00,1.169621173400183123e+00
9.988660027248723594e+00,5.303514535206310221e+00,1.180587967003368988e+00
1.014840782374022510e+01,5.345011681075845011e+00,1.191249405132634553e+00
1.030892519718896594e+01,5.385944694912716990e+00,1.201730577961963142e+00
1.046962056434230171e+01,5.426173285150594161e+00,1.211984764677119575e+00
1.064485305428631357e+01,5.469205430238477383e+00,1.222906772300933698e+00
1.082028135680271497e+01,5.511432246514290867e+00,1.233560547494712445e+00
1.100518341337504502e+01,5.555036599279760345e+00,1.244514638329165201e+00
1.119028605779542573e+01,5.597781467258141852e+00,1.255117364437302152e+00
1.135673565867338120e+01,5.635461172159217824e+00,1.264586187308469167e+00
1.152333543146899508e+01,5.672471263303269673e+00,1.273738449380420690e+00
1.168459518838900912e+01,5.707637529084085060e+00,1.282425171262465247e+00
1.184598611867031792e+01,5.742196812856505517e+00,1.290922435075665842e+00
1.200750394730105697e+01,5.776158100347237756e+00,1.299237061597566356e+00
1.216914457122674165e+01,5.809530059070199037e+00,1.307376667216509247e+00
1.233090406212359902e+01,5.842321054821707271e+00,1.315342490481274940e+00
1.249277863341083616e+01,5.874539159928248822e+00,1.323141226660098368e+00
1.265476465645526361e+01,5.906192170689325671e+00,1.330787471002631506e+00
1.281685863776707812e+01,5.937287616075301422e+00,1.338271206691588500e+00
1.297905723397411393e+01,5.967832773054770890e+00,1.345598164897596538e+00
1.314135719762011334e+01,5.997834668098658284e+00,1.352769694715410864e+00
1.330412314978195631e+01,6.027366193745092637e+00,1.359801341603487757e+00
1.346698478094843132e+01,6.056365433530208620e+00,1.366685600675958012e+00
1.364362842382931262e+01,6.087206269189041841e+00,1.373974197900819094e+00
1.382037749797604853e+01,6.117437037451456838e+00,1.381094031060423610e+00
1.401702266893569693e+01,6.150343288607118986e+00,1.388808519282353382e+00
1.421378939396074870e+01,6.182514733179786504e+00,1.396309965033305067e+00
1.439859752018772632e+01,6.212053501862398797e+00,1.403171510023077495e+00
1.458350544072039057e+01,6.240961012125786134e+00,1.409855358181615115e+00
1.474970760047809115e+01,6.266399095100418037e+00,1.415715170167650472e+00
1.491598526803107205e+01,6.291338856518174261e+00,1.421440333493544150e+00
1.507928039575497259e+01,6.315340761223079191e+00,1.426929145276019106e+00
1.524264402455152556e+01,6.338871917859039584e+00,1.432289677188042454e+00
1.540607414196873570e+01,6.361936780052321438e+00,1.437523365237637352e+00
1.556956879405508154e+01,6.384539661145447020e+00,1.442631816638864972e+00
1.573312609300142562e+01,6.406684740198942407e+00,1.447617304116796344e+00
1.589674418919898535e+01,6.428376062915289957e+00,1.452480993972256051e+00
1.606042128755957776e+01,6.449617548450873983e+00,1.457224893713170877e+00
1.622415565460435971e+01,6.470412994541528739e+00,1.461850284141950729e+00
1.638794560096489050e+01,6.490766079254804310e+00,1.466359249790907038e+00
1.655178947817513446e+01,6.510680364525060604e+00,1.470753488069138415e+00
1.671715021107985066e+01,6.530331378984374879e+00,1.475070359814507848e+00
1.688256260857922086e+01,6.549542661362630191e+00,1.479277171770210009e+00
1.706480885782602641e+01,6.570197410856088993e+00,1.483774909810133602e+00
1.724711385761792215e+01,6.590327027851193620e+00,1.488140506309119537e+00
1.745097742633226900e+01,6.612213115825407606e+00,1.492860070901733227e+00
1.765490926320921616e+01,6.633453690683368542e+00,1.497410091014872213e+00
1.784899900206863066e+01,6.653068432560991674e+00,1.501592220702488545e+00
1.804314599986819445e+01,6.672108088827789274e+00,1.505627694538882011e+00
1.821573136558698991e+01,6.688549487385005321e+00,1.509096702864534345e+00
1.838835882124954679e+01,6.704542917881199493e+00,1.512457545265399661e+00
1.855274249586894442e+01,6.719355371105605990e+00,1.515556651279512890e+00
1.871716182888355817e+01,6.733766628571093982e+00,1.518560058626813536e+00
1.888161562325660370e+01,6.747778918804032244e+00,1.521467773329248763e+00
1.904610274634576683e+01,6.761394396958100295e+00,1.524281020631805150e+00
1.921062207754192386e+01,6.774615141975541377e+00,1.527001153806121891e+00
1.937517249712894341e+01,6.787443157578679553e+00,1.529629349980384356e+00
1.953975291723972774e+01,6.799880376458815157e+00,1.532166825610268956e+00
1.970436226712325478e+01,6.811928660643927103e+00,1.534614770401885320e+00
1.986899950270866100e+01,6.823589803685882416e+00,1.536974495945228281e+00
2.003366358408932868e+01,6.834865530473303252e+00,1.539247384261430041e+00
2.019836577030442015e+01,6.845758297531147285e+00,1.541433894720757758e+00
2.036309279002683326e+01,6.856268844386179673e+00,1.543538383917394619e+00
2.053872516597956377e+01,6.867054345190139131e+00,1.545687320237195239e+00
2.071438347080018616e+01,6.877408986061890772e+00,1.547746202902796631e+00
2.091216875808779108e+01,6.888552756268027544e+00,1.549950623437808872e+00
2.110998381913609023e+01,6.899154893523983922e+00,1.552038134138314929e+00
2.131910569627691032e+01,6.909774977817716213e+00,1.554122184046501376e+00
2.152825719545023375e+01,6.919794774573799323e+00,1.556073661245042983e+00
2.171575105962915941e+01,6.928267586521616117e+00,1.557719517380227847e+00
2.190326595331614712e+01,6.936261485211700162e+00,1.559267074422946875e+00
2.207154213151384425e+01,6.943028025901575084e+00,1.560572777771826569e+00
2.223983329152540023e+01,6.949411108767260536e+00,1.561803562612617213e+00
2.240477805264999134e+01,6.955295588836069243e+00,1.562934663400416424e+00
2.256973548453032308e+01,6.960813472991493889e+00,1.563993109546034654e+00
2.273470474405194963e+01,6.965965523623081523e+00,1.564978866598044638e+00
2.289968500221200998e+01,6.970752450969010638e+00,1.565892584653642894e+00
2.306467543177477353e+01,6.975174913210289596e+00,1.566734503480510687e+00
2.322967521295793247e+01,6.979233517108753837e+00,1.567505440981294074e+00
2.339468353147439217e+01,6.982928818364146473e+00,1.568205710640610651e+00
2.355969957578816576e+01,6.986261321940094859e+00,1.568835976739490601e+00
2.372472254016221882e+01,6.989231482482873403e+00,1.569396343277125183e+00
2.388975162191961488e+01,6.991839704574204006e+00,1.569887968936891420e+00
2.405608226154736329e+01,6.994102558374978962e+00,1.570313223810461345e+00
2.422241748885214818e+01,6.995998438545788289e+00,1.570672171511459991e+00
2.440530512283207187e+01,6.997659690087862927e+00,1.570985687250431084e+00
2.458819624448237562e+01,6.998877909752002857e+00,1.571217786059435184e+00
2.479409735781412039e+01,6.999719492218593686e+00,1.571380153627957466e+00
2.499999999999999645e+01,6.999999999999997335e+00,1.571432685564243759e+00
2.520590264218587961e+01,6.999719492218595462e+00,1.571383262387795687e+00
2.541180375551760662e+01,6.998877909752002857e+00,1.571224013698791833e+00
2.559469487716797786e+01,6.997659690087860263e+00,1.570994347200835639e+00
2.577758251114784827e+01,6.995998438545788289e+00,1.570683113175197487e+00
2.594391773845275040e+01,6.994102558374977185e+00,1.570325474001014410e+00
2.611024837808036736e+01,6.991839704574203118e+00,1.569901261633670497e+00
2.627527745983776342e+01,6.989231482482872515e+00,1.569409219773187480e+00
2.644030042421182713e+01,6.986261321940094859e+00,1.568848297599538588e+00
2.660531646852559362e+01,6.982928818364146473e+00,1.568216733715671829e+00
2.677032478704204976e+01,6.979233517108754725e+00,1.567515080837654118e+00
2.693532456822521937e+01,6.975174913210288707e+00,1.566741993879056771e+00
2.710031499778798647e+01,6.970752450969010638e+00,1.565897844506003889e+00
2.726529525594803616e+01,6.965965523623081523e+00,1.564981981115487919e+00
2.743026451546965916e+01,6.960813472991493889e+00,1.563993976924887619e+00
2.759522194735000156e+01,6.955295588836068355e+00,1.562933310237329287e+00
2.776016670847459267e+01,6.949411108767260536e+00,1.561799946795531246e+00
2.792845786848614509e+01,6.943028025901575973e+00,1.560567466850809160e+00
2.809673404668383867e+01,6.936261485211700162e+00,1.559260053768517729e+00
2.828424894037086190e+01,6.928267586521613453e+00,1.557711415475220518e+00
2.847174280454981243e+01,6.919794774573795770e+00,1.556064499568847737e+00
2.868089430372312876e+01,6.909774977817713548e+00,1.554112538580611158e+00
2.889001618086393108e+01,6.899154893523980370e+00,1.552027928109370736e+00
2.908783124191222313e+01,6.888552756268023103e+00,1.549940046479878042e+00
2.928561652919983871e+01,6.877408986061888108e+00,1.547735274790192017e+00
2.946127483402045399e+01,6.867054345190139131e+00,1.545675886353641282e+00
2.963690720997317740e+01,6.856268844386177008e+00,1.543526461852880116e+00
2.980163422969559406e+01,6.845758297531142844e+00,1.541421295093137855e+00
2.996633641591068908e+01,6.834865530473300588e+00,1.539234123689474210e+00
3.013100049729132834e+01,6.823589803685883304e+00,1.536959987038956310e+00
3.029563773287670614e+01,6.811928660643927991e+00,1.534598920790363419e+00
3.046024708276023674e+01,6.799880376458815157e+00,1.532149349365124591e+00
3.062482750287102817e+01,6.787443157578680442e+00,1.529610229075220262e+00
3.078937792245804417e+01,6.774615141975540489e+00,1.526980198032655167e+00
3.095389725365420475e+01,6.761394396958101183e+00,1.524258142994846965e+00
3.111838437674336788e+01,6.747778918804032244e+00,1.521443122601072950e+00
3.128283817111640630e+01,6.733766628571095758e+00,1.518533583750435678e+00
3.144725750413101295e+01,6.719355371105608654e+00,1.515528487919774125e+00
3.161164117875041057e+01,6.704542917881200381e+00,1.512427615672616854e+00
3.178426863441294969e+01,6.688549487385007097e+00,1.509065099986995451e+00
3.195685400013172028e+01,6.672108088827794603e+00,1.505594563625950011e+00
3.215100099793124855e+01,6.653068432561000556e+00,1.501558049814794460e+00
3.234509073679060975e+01,6.633453690683380977e+00,1.497374923161735261e+00
3.254902257366758533e+01,6.612213115825419152e+00,1.492824796380731067e+00
3.275288614238194640e+01,6.590327027851205166e+00,1.488104932026576233e+00
3.293519114217384924e+01,6.570197410856099651e+00,1.483740441207973770e+00
3.311743739142064413e+01,6.549542661362640850e+00,1.479244346792132569e+00
3.328284978892001078e+01,6.530331378984384649e+00,1.475039623653330967e+00
3.344821052182473409e+01,6.510680364525073038e+00,1.470725315131885536e+00
3.361205439903496739e+01,6.490766079254818521e+00,1.466332894407274434e+00
3.377584434539549108e+01,6.470412994541542950e+00,1.461825814588628702e+00
3.393957871244026592e+01,6.449617548450890858e+00,1.457201310666544902e+00
3.410325581080085300e+01,6.428376062915307720e+00,1.452458170314716579e+00
3.426687390699841984e+01,6.406684740198961059e+00,1.447594601329562636e+00
3.443043120594476392e+01,6.384539661145463896e+00,1.442609011676973418e+00
3.459392585803111331e+01,6.361936780052338314e+00,1.437500127992997978e+00
3.475735597544832700e+01,6.338871917859056460e+00,1.432265854372255509e+00
3.492071960424488708e+01,6.315340761223096067e+00,1.426904889408839416e+00
3.508401473196877873e+01,6.291338856518189360e+00,1.421415590245835414e+00
3.525029239952175431e+01,6.266399095100434025e+00,1.415690003137451081e+00
3.541649455927944956e+01,6.240961012125805674e+00,1.409829998213379509e+00
3.560140247981207295e+01,6.212053501862423666e+00,1.403145467826194981e+00
3.578621060603899906e+01,6.182514733179822919e+00,1.396283411853361800e+00
3.598297733106404905e+01,6.150343288607156289e+00,1.388781607507855620e+00
3.617962250202369745e+01,6.117437037451495030e+00,1.381066595826438093e+00
3.635637157617045290e+01,6.087206269189079144e+00,1.373947874261458590e+00
3.653301521905134308e+01,6.056365433530241482e+00,1.366660454144195347e+00
3.669587685021782875e+01,6.027366193745123724e+00,1.359778873991406511e+00
3.685864280237968416e+01,5.997834668098691147e+00,1.352750458173702430e+00
3.702094276602567646e+01,5.967832773054806417e+00,1.345582737020792896e+00
3.718314136223270339e+01,5.937287616075335173e+00,1.338259544035967252e+00
3.734523534354453744e+01,5.906192170689358534e+00,1.330777386688146491e+00
3.750722136658897199e+01,5.874539159928281684e+00,1.323133505861420423e+00
3.766909593787620025e+01,5.842321054821741910e+00,1.315324703185943411e+00
3.783085542877304874e+01,5.809530059070232788e+00,1.307347907062233805e+00
3.799249605269874053e+01,5.776158100347273283e+00,1.299200188209203244e+00
3.815401388132948313e+01,5.742196812856541044e+00,1.290877551358692532e+00
3.831540481161078304e+01,5.707637529084124139e+00,1.282376602058671988e+00
3.847666456853079353e+01,5.672471263303306976e+00,1.273694426143223479e+00
3.864326434132642163e+01,5.635461172159252463e+00,1.264520978229452863e+00
3.880971394220438953e+01,5.597781467258178267e+00,1.255146516292124481e+00
3.899481658662475780e+01,5.555036599279800313e+00,1.244467719398395511e+00
3.917971864319707720e+01,5.511432246514330835e+00,1.233513224498537175e+00
3.935514694571347860e+01,5.469205430238520904e+00,1.222854773420272156e+00
3.953037943565750112e+01,5.426173285150636794e+00,1.211939884621942465e+00
3.969107480281082445e+01,5.385944694912763175e+00,1.201683120405298899e+00
3.985159217625957240e+01,5.345011681075890309e+00,1.191202953472604298e+00
4.001133997275107390e+01,5.303514535206353742e+00,1.180524364975179763e+00
4.017089748735573806e+01,5.261291683025500099e+00,1.169604268597491226e+00
4.033025739093265116e+01,5.218329120073428307e+00,1.158434118326910012e+00
4.048941201063492912e+01,5.174612240420069398e+00,1.147004924940205672e+00
4.064835324427790653e+01,5.130125819063185766e+00,1.135307916977287723e+00
4.080707254064727607e+01,5.084853974077881311e+00,1.123332651424733264e+00
4.096556087764975729e+01,5.038780125731304516e+00,1.111069279270738397e+00
4.112380872243496555e+01,4.991886956952329868e+00,1.098505583438903921e+00
4.128180608170503518e+01,4.944156342384331992e+00,1.085630489233806450e+00
4.143954219381594584e+01,4.895569381188384916e+00,1.072431925814329778e+00
4.160161344527507055e+01,4.844644134068510688e+00,1.058495170010226527e+00
4.176338283707296029e+01,4.792768023303008995e+00,1.044185571037802740e+00
4.193445797977468459e+01,4.736733042123642434e+00,1.028601556990639931e+00
4.210516081098989360e+01,4.679573964717706147e+00,1.012546598149039356e+00
4.226236341482685788e+01,4.625794706645548260e+00,9.972968367344534624e-01
4.241921680141929585e+01,4.571005319600845773e+00,9.816253408940284197e-01
4.257467128070553031e+01,4.515550853144979726e+00,9.656109693134129479e-01
4.272974649846243977e+01,4.459044538511833800e+00,9.491361478646219707e-01
4.288442338091106620e+01,4.401456756674607895e+00,9.321814128484144923e-01
4.303868141722197294e+01,4.342756318917967207e+00,9.147271974911739267e-01
4.319249866591697185e+01,4.282910301063536096e+00,8.967586263301965399e-01
4.334585143489270109e+01,4.221883985629641955e+00,8.782596458901954506e-01
4.349871416984624517e+01,4.159640709240399303e+00,8.592227658318760675e-01
4.365105949020195197e+01,4.096141624671381543e+00,8.396433671153775702e-01
4.380285786192720821e+01,4.031345583262464061e+00,8.195325476417796295e-01
4.395407699874117924e+01,3.965209117831682395e+00,7.989148931750006399e-01
4.410747959782509042e+01,3.896415624802179067e+00,7.774501434823156698e-01
4.426020497204688553e+01,3.826131599863608290e+00,7.556016603699392542e-01
4.441003501302750323e+01,3.755343137083298366e+00,7.338403402010708065e-01
4.455911900946981774e+01,3.682996826498868170e+00,7.120861383430856506e-01
4.470681641466610756e+01,3.609331518922185289e+00,6.907675920523344004e-01
4.485367006062048745e+01,3.533998381126042254e+00,6.703160634801452744e-01
4.499962232352849156e+01,3.456929218228054435e+00,6.514919890796174728e-01
4.514460596168331818e+01,3.378053175244151607e+00,6.354069117440648284e-01
4.528854544951357042e+01,3.297295464349720095e+00,6.236359262317866525e-01
4.543136428281015071e+01,3.214572303105763140e+00,6.183676875029484599e-01
4.557297551653061163e+01,3.129794995435086769e+00,6.224818692478709670e-01
4.571327889972420877e+01,3.042870679691545899e+00,6.396074642555084067e-01
4.585216445678154429e+01,2.953698983649193366e+00,6.739305522090834888e-01
4.598950929971910995e+01,2.862172449620577819e+00,7.300798146368029373e-01
4.612517546947513125e+01,2.768176263486216371e+00,8.128282455111184301e-01
4.625900796077966248e+01,2.671587693607449854e+00,9.273416814575453637e-01
4.639083191274643525e+01,2.572275916617667857e+00,1.079447820237966260e+00
4.652044947706301059e+01,2.470101924591537657e+00,1.276497762251342483e+00
4.664763641541188122e+01,2.364918476828010707e+00,1.527535619698545899e+00
4.677213785133170632e+01,2.256570601694221967e+00,1.846345086206099939e+00
4.689366359673946505e+01,2.144896444738754404e+00,2.245938765514721602e+00
4.701188274526889899e+01,2.029728898068911214e+00,2.752307607870261297e+00
4.712641766413628375e+01,1.910898217254459963e+00,3.397114823455421817e+00
4.723683749259289044e+01,1.788236005531583128e+00,4.225796399972242767e+00
4.734265138420528984e+01,1.661581071743558180e+00,5.301650633350183384e+00
4.744330201095033317e+01,1.530787723272161394e+00,6.710547279405360221e+00
4.753816017141982542e+01,1.395737142397799557e+00,8.569223167252998152e+00
4.762652186038305757e+01,1.256352415685315416e+00,1.108546788670014216e+01
4.770760969525682782e+01,1.112617644820159457e+00,1.441004095632389514e+01
4.778058132955100490e+01,9.646008607713301153e-01,1.946809402420313972e+01
4.784454786821499539e+01,8.124794627560224525e-01,2.491652682139933361e+01
4.789860512069625997e+01,6.565653495372844040e-01,4.024907352137395122e+01
4.794187925638279779e+01,4.973248532154792012e-01,4.436724315802022289e+01
4.797358540772906821e+01,3.353870945138324733e-01,1.297594698692963675e+02
4.799335847575386538e+01,1.682099365016034576e-01,1.302220796871042126e+02
4.799999999999997868e+01,-3.238078167395941739e-17,1.188403419815798088e+03
