x,y,stress
9.999999999999994449e-01,7.438642670450046949e-16,1.130450115693644648e+03
1.003522840253821657e+00,2.227323333686582751e-01,1.058232362354971343e+02
1.014080389668321702e+00,4.452422395709412228e-01,1.070296073007655480e+02
1.029327682034213653e+00,6.424789198549399893e-01,2.641050406603794798e+01
1.050060351021492311e+00,8.392147111976264728e-01,2.424574982694177905e+01
1.073027216238674031e+00,1.013361692199699515e+00,1.187857842342219961e+01
1.100236996963942504e+00,1.186896410477572106e+00,8.663807103101980545e+00
1.129914315693216098e+00,1.350805182098601565e+00,5.537910151124498803e+00
1.163314308547416021e+00,1.513996147483161581e+00,3.863605764941807408e+00
1.200383985939175391e+00,1.676392928061606113e+00,2.682144772189477333e+00
1.241065836211311613e+00,1.837922764445963031e+00,1.913416474308988757e+00
1.285298270466170178e+00,1.998516723233115133e+00,1.394251209599257635e+00
1.333016077196133908e+00,2.158109853141576995e+00,1.035778999139265855e+00
1.384150878385170147e+00,2.316641289881228083e+00,7.856006572359064410e-01
1.438631587909553700e+00,2.474054334946861999e+00,6.059704626556724483e-01
1.496384858482037172e+00,2.630296482753853748e+00,4.768482405139147229e-01
1.557335502911846747e+00,2.785319381187715049e+00,3.785670776421867778e-01
1.621418474589684466e+00,2.939105787544252557e+00,3.027739144074355626e-01
1.688545648843599478e+00,3.091588113820622041e+00,2.546519680541067809e-01
1.760321834966726895e+00,3.246267524120331593e+00,2.167528032910200075e-01
1.835120683470534475e+00,3.399508210030088851e+00,1.897683139809981934e-01
1.911026076288865783e+00,3.547783651935437987e+00,1.715309885231166565e-01
1.989657067553298075e+00,3.694631983480299198e+00,1.595446323006921296e-01
2.070935898935884811e+00,3.840031576957679160e+00,1.526803386011406083e-01
2.154785604193892201e+00,3.983964011794881799e+00,1.500087842184306131e-01
2.241130198015353958e+00,4.126413870032870079e+00,1.509071464753903302e-01
2.329894837547099584e+00,4.267368532571505391e+00,1.549091434661911959e-01
2.421005988194250946e+00,4.406818023101149784e+00,1.616918332048327689e-01
2.514391555602531358e+00,4.544754832650370169e+00,1.710330273024846526e-01
2.609980986524190971e+00,4.681173732759603467e+00,1.827567578545412075e-01
2.707705340758715717e+00,4.816071582602370782e+00,1.967311195727115825e-01
2.807656423936788936e+00,4.949656419706955468e+00,2.128778488890596954e-01
2.909615911532237309e+00,5.081714788304419805e+00,2.310978477440364109e-01
3.019892023668371284e+00,5.220128346912791706e+00,2.525715092857470090e-01
3.132281749793198511e+00,5.356831349155458888e+00,2.761873777947022046e-01
3.240837580881984703e+00,5.484996231564073454e+00,3.005049857355524545e-01
3.351172997788121055e+00,5.611632405316750116e+00,3.265800218957110590e-01
3.462300098087885747e+00,5.735722705850649028e+00,3.541093484735227115e-01
3.575066476763674839e+00,5.858325298671116066e+00,3.832164108734589791e-01
3.689419398667366234e+00,5.979449339915649198e+00,4.138259990759398099e-01
3.805308051117725743e+00,6.099104927706697765e+00,4.458604611480515567e-01
3.922683357704942253e+00,6.217302834701761149e+00,4.792454086618171405e-01
4.041497690567493528e+00,6.334054177699067090e+00,5.138977619387857798e-01
4.161705130251409201e+00,6.449370650513524872e+00,5.497447907176854498e-01
4.283261427429011725e+00,6.563264446581954736e+00,5.867061769233816726e-01
4.406123777718986112e+00,6.675748020651164794e+00,6.247115482774722173e-01
4.530251018606808344e+00,6.786834253715919196e+00,6.636829911188247832e-01
4.658620638530631908e+00,6.899147023402448120e+00,7.045109994235864148e-01
4.788233622335842377e+00,7.010022646456583573e+00,7.462066002460450154e-01
4.930526112823852891e+00,7.128963422943080275e+00,7.924245918786700926e-01
5.074192648708088171e+00,7.246240888057180918e+00,8.394870655078898736e-01
5.207968075761807647e+00,7.353022198528118558e+00,8.836105782465772940e-01
5.342838255558196359e+00,7.458417442941970066e+00,9.283173591661958435e-01
5.475109352941946561e+00,7.559669011237525993e+00,9.723287795994268734e-01
5.608354349615679801e+00,7.659635515189518351e+00,1.016785854176193826e+00
5.742545603553682376e+00,7.758331775703115163e+00,1.061635542941594457e+00
5.877653118056415771e+00,7.855770018021165590e+00,1.106834382832672548e+00
6.013648347001748995e+00,7.951962786568695485e+00,1.152337795050534686e+00
6.150506192780041737e+00,8.046924291947883390e+00,1.198087978284030353e+00
6.288201658707168740e+00,8.140667999894922957e+00,1.244045221288269554e+00
6.426709849772533012e+00,8.233206699877332113e+00,1.290169671724681111e+00
6.566006989969982222e+00,8.324553227536799938e+00,1.336423854211412410e+00
6.706070401659071756e+00,8.414720446890827432e+00,1.382772179890186193e+00
6.847787164890863032e+00,8.504290338081233358e+00,1.429479369435119107e+00
6.990236131825455779e+00,8.592691148377415544e+00,1.476220228761150333e+00
7.147375062977727289e+00,8.688370190531411907e+00,1.527500969014369492e+00
7.305343935988651616e+00,8.782672710490111001e+00,1.578730588027029924e+00
7.471163260047059218e+00,8.879697519516392745e+00,1.632139369247291638e+00
7.637831581839571449e+00,8.975256614008243261e+00,1.685397500505928070e+00
7.787791811680006226e+00,9.059605983185264222e+00,1.732949808532956437e+00
7.938392602349796157e+00,9.142806300358840232e+00,1.780344959419253748e+00
8.084791821693018576e+00,9.222274397492759235e+00,1.826040602435096583e+00
8.231758705317622216e+00,9.300687715040583115e+00,1.871533826309757398e+00
8.379277902598145644e+00,9.378056898508559058e+00,1.916795273701974889e+00
8.527334624613981617e+00,9.454392435948713924e+00,1.961805904853132887e+00
8.675914579532634008e+00,9.529704633035837702e+00,2.006542771558762706e+00
8.825003827103154563e+00,9.604003550525934685e+00,2.050985963283499025e+00
8.974588936515027981e+00,9.677299095336890034e+00,2.095115618436295790e+00
9.124656865916147552e+00,9.749600969700640718e+00,2.138912404921091692e+00
9.275194972008179661e+00,9.820918686390839980e+00,2.182357588581668839e+00
9.426191049849920844e+00,9.891261596463676753e+00,2.225431657380869233e+00
9.578279249797285289e+00,9.960932315869465370e+00,2.268295672830924925e+00
9.730805736299899422e+00,1.002963823195637794e+01,2.310759926005261811e+00
9.897828525308851155e+00,1.010356324921445825e+01,2.356629886064917745e+00
1.006534612722778910e+01,1.017636006602423926e+01,2.401977142261197962e+00
1.025113154123175896e+01,1.025555223796360238e+01,2.451477373624603384e+00
1.043748709960800980e+01,1.033339330009312818e+01,2.500246921891157825e+00
1.061080418005975012e+01,1.040438662644312551e+01,2.544783879448718533e+00
1.078458329400104709e+01,1.047424137159774737e+01,2.588753402001531256e+00
1.094165431947292255e+01,1.053625791140985513e+01,2.628112142541572549e+00
1.109908121179876339e+01,1.059736546848239591e+01,2.666413321974931083e+00
1.125470978215753881e+01,1.065675992294221608e+01,2.703784927026387397e+00
1.141066756047451669e+01,1.071528449892584156e+01,2.740551735277785728e+00
1.156694646224081069e+01,1.077294622072079555e+01,2.776724657511331795e+00
1.172353854810633855e+01,1.082975193625473942e+01,2.812287792460760993e+00
1.188043615060281510e+01,1.088570836960578347e+01,2.847222719024785853e+00
1.203763176050034822e+01,1.094082208488185337e+01,2.881517122563304056e+00
1.219511805784950376e+01,1.099509950324164365e+01,2.915155924872633086e+00
1.235288797243203796e+01,1.104854692826374318e+01,2.948125636548077022e+00
1.251093464824211843e+01,1.110117053716751023e+01,2.980413422328619166e+00
1.266925128242085741e+01,1.115297633223371676e+01,3.012014052198927594e+00
1.283046307728272417e+01,1.120480898072394460e+01,3.043395768062552076e+00
1.299194033619186506e+01,1.125580861045118297e+01,3.074065518153616949e+00
1.317182365533415833e+01,1.131155438779191513e+01,3.107252431137919046e+00
1.335201839242124144e+01,1.136628517163951635e+01,3.139515669415077426e+00
1.355207453595158107e+01,1.142576473205441978e+01,3.174127162508249000e+00
1.375249136689362572e+01,1.148401741685522737e+01,3.207471422121397353e+00
1.393934771695594321e+01,1.153714360165174035e+01,3.237431911949998575e+00
1.412649841876608825e+01,1.158922338319414891e+01,3.266283909220635717e+00
1.429325457550016765e+01,1.163468733226916818e+01,3.291044881939887645e+00
1.446023135932948200e+01,1.167933418041898896e+01,3.314933231387399371e+00
1.462135887970573123e+01,1.172159418343440862e+01,3.337127037829308307e+00
1.478268117529305137e+01,1.176310446328804282e+01,3.358496024956104886e+00
1.494419344860580701e+01,1.180386938732898017e+01,3.379031758615769654e+00
1.510589096750838323e+01,1.184389321157811281e+01,3.398729199652173349e+00
1.526776910687767597e+01,1.188318009422726895e+01,3.417588983057803009e+00
1.542982335828008189e+01,1.192173410021740310e+01,3.435606884400566496e+00
1.559204928482020236e+01,1.195955919272743451e+01,3.452779651886501266e+00
1.575444255929997261e+01,1.199665924462374100e+01,3.469109686502351853e+00
1.591699895224554417e+01,1.203303803757718704e+01,3.484595473014704403e+00
1.607971427371498407e+01,1.206869925135214672e+01,3.499245647801811021e+00
1.624304207567677238e+01,1.210374362836948592e+01,3.513080641414638716e+00
1.640652154536927654e+01,1.213807353894483754e+01,3.526111276018300433e+00
1.658438494053433843e+01,1.217458250737824699e+01,3.539296128428424115e+00
1.676241784377184629e+01,1.221025572158880834e+01,3.551551574947343415e+00
1.696326061524501938e+01,1.224946346546098752e+01,3.564202092763541163e+00
1.716430559797496613e+01,1.228762080004726087e+01,3.575625548794280295e+00
1.737197154021537315e+01,1.232590061273308457e+01,3.586184856245536512e+00
1.757983841402483449e+01,1.236307387896914101e+01,3.595451068342995882e+00
1.776490616101868270e+01,1.239521549558676305e+01,3.602699747878027381e+00
1.795012240696019390e+01,1.242649004458410289e+01,3.609005191647941757e+00
1.811699787621476077e+01,1.245390832912827683e+01,3.613919488562245430e+00
1.828398637638087365e+01,1.248062958942138323e+01,3.618129180170576387e+00
1.844857829881346234e+01,1.250627131947169879e+01,3.621594415316958138e+00
1.861327340405818020e+01,1.253124173958500442e+01,3.624403654630354410e+00
1.877806854582096818e+01,1.255554320625172693e+01,3.626585786207156659e+00
1.894296062154566940e+01,1.257917800461612323e+01,3.628157348254203995e+00
1.910794657460587231e+01,1.260214834990797428e+01,3.629145651502176939e+00
1.927302338467289999e+01,1.262445638717066920e+01,3.629575398620204840e+00
1.943818807613973121e+01,1.264610419348097814e+01,3.629471877849084649e+00
1.960343770684766085e+01,1.266709377742936660e+01,3.628866308899120430e+00
1.976876937269982548e+01,1.268742708072609737e+01,3.627772667794872508e+00
1.993418020715926886e+01,1.270710597902913896e+01,3.626245567197934339e+00
2.010216229227495432e+01,1.272641407761176424e+01,3.624252954683862882e+00
2.027022010127860696e+01,1.274505158443114006e+01,3.621917426924978756e+00
2.045694489110349323e+01,1.276496601875226311e+01,3.618914007092093765e+00
2.064375558240840292e+01,1.278405784446220572e+01,3.615540085289782546e+00
2.085438764052331706e+01,1.280459097286694536e+01,3.611302346202112101e+00
2.106511839932028707e+01,1.282408510431199566e+01,3.606671987907665411e+00
2.127527771605345563e+01,1.284248652344227182e+01,3.601776775818709808e+00
2.148552442734935042e+01,1.285986097434097708e+01,3.596619102867707252e+00
2.167214473400506591e+01,1.287441942505264514e+01,3.591936579038020216e+00
2.185882608697404450e+01,1.288817297182265342e+01,3.587183310581716800e+00
2.202724320543068259e+01,1.289988824105185827e+01,3.582882390448014487e+00
2.219570443553839922e+01,1.291095112520135224e+01,3.578611704282902206e+00
2.236196442614900803e+01,1.292122835071327636e+01,3.574446317220593805e+00
2.252826234968477337e+01,1.293087234257170870e+01,3.570360658060378167e+00
2.269459573550282627e+01,1.293988395835996208e+01,3.566382719596775441e+00
2.286096213677696554e+01,1.294826399884958690e+01,3.562542220022995032e+00
2.302735911960131787e+01,1.295601320767224429e+01,3.558867427369286407e+00
2.319378425335442984e+01,1.296313227124681511e+01,3.555385451286887211e+00
2.336023512035183458e+01,1.296962181959643701e+01,3.552119606568898913e+00
2.352670931869253934e+01,1.297548242667517826e+01,3.549095174841352840e+00
2.369320445511789686e+01,1.298071461029189777e+01,3.546332848600998844e+00
2.385971814041621286e+01,1.298531883221868100e+01,3.543858853874300330e+00
2.402906349909577699e+01,1.298935733635229361e+01,3.541643211223199472e+00
2.419842308258521868e+01,1.299274725443032885e+01,3.539779558916704261e+00
2.438683660643906492e+01,1.299575659779649328e+01,3.538092920313387513e+00
2.457526123155889053e+01,1.299796404258746385e+01,3.536857123246978762e+00
2.478762817585135281e+01,1.299949102884549923e+01,3.536001123888976583e+00
2.499999999999988631e+01,1.299999999999999289e+01,3.535693230267817455e+00
2.521237182414844469e+01,1.299949102884549923e+01,3.535987778556426875e+00
2.542473876844090697e+01,1.299796404258746563e+01,3.536830205567298879e+00
2.561316339356077521e+01,1.299575659779649683e+01,3.538052955559520374e+00
2.580157691741458592e+01,1.299274725443033063e+01,3.539726354046672352e+00
2.597093650090410222e+01,1.298935733635229361e+01,3.541579508804586496e+00
2.614028185958360950e+01,1.298531883221868455e+01,3.543784938003208929e+00
2.630679554488204985e+01,1.298071461029189777e+01,3.546249253679440105e+00
2.647329068130728658e+01,1.297548242667518181e+01,3.549002100199409870e+00
2.663976487964798068e+01,1.296962181959644056e+01,3.552019602184830926e+00
2.680621574664539253e+01,1.296313227124682044e+01,3.555278460647902872e+00
2.697264088039850805e+01,1.295601320767225140e+01,3.558752672856734467e+00
2.713903786322285328e+01,1.294826399884959578e+01,3.562419608937909210e+00
2.730540426449701030e+01,1.293988395835997096e+01,3.566253592567199426e+00
2.747173765031505965e+01,1.293087234257171758e+01,3.570224845364371014e+00
2.763803557385082144e+01,1.292122835071328346e+01,3.574303249642765579e+00
2.780429556446142669e+01,1.291095112520136290e+01,3.578461455314722262e+00
2.797275679456913977e+01,1.289988824105186893e+01,3.582725432019039147e+00
2.814117391302578142e+01,1.288817297182266408e+01,3.587020443460020136e+00
2.832785526599474579e+01,1.287441942505265935e+01,3.591765585929908688e+00
2.851447557265043997e+01,1.285986097434099307e+01,3.596441267758096583e+00
2.872472228394633831e+01,1.284248652344228780e+01,3.601591319429060967e+00
2.893488160067949266e+01,1.282408510431201165e+01,3.606479528063580631e+00
2.914561235947647688e+01,1.280459097286696313e+01,3.611113342024485640e+00
2.935624441759139458e+01,1.278405784446222171e+01,3.615354604696601193e+00
2.954305510889630781e+01,1.276496601875227732e+01,3.618739174899229027e+00
2.972977989872121540e+01,1.274505158443115604e+01,3.621764215624626360e+00
2.989783770772487159e+01,1.272641407761178023e+01,3.624083080477159768e+00
3.006581979284055350e+01,1.270710597902915495e+01,3.626051295483941228e+00
3.023123062729999688e+01,1.268742708072611336e+01,3.627563272090868374e+00
3.039656229315217217e+01,1.266709377742938258e+01,3.628641811066123601e+00
3.056181192386009471e+01,1.264610419348100123e+01,3.629243976204579614e+00
3.072697661532692592e+01,1.262445638717069230e+01,3.629344844513056056e+00
3.089205342539396426e+01,1.260214834990799559e+01,3.628913214462431647e+00
3.105703937845416007e+01,1.257917800461614277e+01,3.627923362891524839e+00
3.122193145417885773e+01,1.255554320625174647e+01,3.626348552578636308e+00
3.138672659594164571e+01,1.253124173958502752e+01,3.624162547427992376e+00
3.155142170118636713e+01,1.250627131947172366e+01,3.621345194139101054e+00
3.171601362361895227e+01,1.248062958942140810e+01,3.617871946068298428e+00
3.188300212378505805e+01,1.245390832912830525e+01,3.613655807042025714e+00
3.204987759303961070e+01,1.242649004458412776e+01,3.608737076598475646e+00
3.223509383898110769e+01,1.239521549558678792e+01,3.602422855965781601e+00
3.242016158597494524e+01,1.236307387896917476e+01,3.595171796770090467e+00
3.262802845978438171e+01,1.232590061273312187e+01,3.585908951216368212e+00
3.283569440202477807e+01,1.228762080004730350e+01,3.575354791205201721e+00
3.303673938475473193e+01,1.224946346546103015e+01,3.563937698742267290e+00
3.323758215622792278e+01,1.221025572158884742e+01,3.551300371929027477e+00
3.341561505946540223e+01,1.217458250737829140e+01,3.539035794926667311e+00
3.359347845463044280e+01,1.213807353894488550e+01,3.525832585934952856e+00
3.375695792432295406e+01,1.210374362836953210e+01,3.512789423095970864e+00
3.392028572628475303e+01,1.206869925135219468e+01,3.498940591980363557e+00
3.408300104775420181e+01,1.203303803757724033e+01,3.484283182246186605e+00
3.424555744069979113e+01,1.199665924462378896e+01,3.468789165232374572e+00
3.440795071517957382e+01,1.195955919272747892e+01,3.452451981273890080e+00
3.457017664171970495e+01,1.192173410021744573e+01,3.435272116514618723e+00
3.473223089312211442e+01,1.188318009422731514e+01,3.417249468471934559e+00
3.489410903249140006e+01,1.184389321157815722e+01,3.398384514912265786e+00
3.505580655139397095e+01,1.180386938732902458e+01,3.378681027365650014e+00
3.521731882470673014e+01,1.176310446328809256e+01,3.358140419392207310e+00
3.537864112029405561e+01,1.172159418343446013e+01,3.336768385443837470e+00
3.553976864067031016e+01,1.167933418041904048e+01,3.314573865728676516e+00
3.570674542449965116e+01,1.163468733226920726e+01,3.290678120379644689e+00
3.587350158123375365e+01,1.158922338319418621e+01,3.265920105553357544e+00
3.606065228304388626e+01,1.153714360165178299e+01,3.237071749766347040e+00
3.624750863310618598e+01,1.148401741685527178e+01,3.207125408939994760e+00
3.644792546404825373e+01,1.142576473205445531e+01,3.173786291954394656e+00
3.664798160757862178e+01,1.136628517163955010e+01,3.139191191552610505e+00
3.682817634466569956e+01,1.131155438779195066e+01,3.106940743396462867e+00
3.700805966380799106e+01,1.125580861045121850e+01,3.073750558848211245e+00
3.716953692271712129e+01,1.120480898072398723e+01,3.043077276140183862e+00
3.733074871757897739e+01,1.115297633223376117e+01,3.011686027202294280e+00
3.748906535175772348e+01,1.110117053716755464e+01,2.980082833243774321e+00
3.764711202756780040e+01,1.104854692826378226e+01,2.947787434971808729e+00
3.780488194215033104e+01,1.099509950324168273e+01,2.914809411918767079e+00
3.796236823949949013e+01,1.094082208488190133e+01,2.881160778741048922e+00
3.811956384939701081e+01,1.088570836960584032e+01,2.846856552710244070e+00
3.827646145189348204e+01,1.082975193625479449e+01,2.811908774328416349e+00
3.843305353775902944e+01,1.077294622072084351e+01,2.776334743283993323e+00
3.858933243952532877e+01,1.071528449892588775e+01,2.740146189699683266e+00
3.874529021784228888e+01,1.065675992294227292e+01,2.703359077226240803e+00
3.890091878820106075e+01,1.059736546848245453e+01,2.665989115380531516e+00
3.905834568052689093e+01,1.053625791140991552e+01,2.627522668724616040e+00
3.921541670599876994e+01,1.047424137159780955e+01,2.588501217368090135e+00
3.938919581994006336e+01,1.040438662644319123e+01,2.544583856499545327e+00
3.956251290039180901e+01,1.033339330009318857e+01,2.500005055844033208e+00
3.974886845876807939e+01,1.025555223796365389e+01,2.451243945186382334e+00
3.993465387277206702e+01,1.017636006602428900e+01,2.401747979244058140e+00
4.010217147469101207e+01,1.010356324921450621e+01,2.356393335145056778e+00
4.026919426369997268e+01,1.002963823195641702e+01,2.310517554929524930e+00
4.042172075020257438e+01,9.960932315869511555e+00,2.268039919056351383e+00
4.057380895014993172e+01,9.891261596463730044e+00,2.225168266597126188e+00
4.072480502799167112e+01,9.820918686390896823e+00,2.182087985604525215e+00
4.087534313408369258e+01,9.749600969700701114e+00,2.138638748262576161e+00
4.102541106348482458e+01,9.677299095336943324e+00,2.094839926854284329e+00
4.117499617289671932e+01,9.604003550525984423e+00,2.050708288960830572e+00
4.132408542046722033e+01,9.529704633035894545e+00,2.006264857419842951e+00
4.147266537538586562e+01,9.454392435948779649e+00,1.961527926772313135e+00
4.162072209740170337e+01,9.378056898508621231e+00,1.916518875409829015e+00
4.176824129468223390e+01,9.300687715040645287e+00,1.871257975443935129e+00
4.191520817830685530e+01,9.222274397492814302e+00,1.825766424150857326e+00
4.206160739765007861e+01,9.142806300358891747e+00,1.780070262303506956e+00
4.221220818831986321e+01,9.059605983185315736e+00,1.732677287754254003e+00
4.236216841816030154e+01,8.975256614008301881e+00,1.685121464584276918e+00
4.252883673995284397e+01,8.879697519516433601e+00,1.631865785032302396e+00
4.269465606401128355e+01,8.782672710490132317e+00,1.578457442281605783e+00
4.285262493702223452e+01,8.688370190531419013e+00,1.527223800302837997e+00
4.300976386817452379e+01,8.592691148377411992e+00,1.475941898146122977e+00
4.315221283510911121e+01,8.504290338081235134e+00,1.429192622890903097e+00
4.329392959834089538e+01,8.414720446890830985e+00,1.382479218590777936e+00
4.343399301002997959e+01,8.324553227536807043e+00,1.336124943996270797e+00
4.357329015022741459e+01,8.233206699877351653e+00,1.289865391603187916e+00
4.371179834129276287e+01,8.140667999894956708e+00,1.243739432126335753e+00
4.384949380721987922e+01,8.046924291947920693e+00,1.197782734702472096e+00
4.398635165299817373e+01,7.951962786568734565e+00,1.152037960288912144e+00
4.412234688194350696e+01,7.855770018021203782e+00,1.106545390475613289e+00
4.425745439644624213e+01,7.758331775703152466e+00,1.061349949038667306e+00
4.439164565038423405e+01,7.659635515189554766e+00,1.016497962036852609e+00
4.452489064705798683e+01,7.559669011237557079e+00,9.720382825566578067e-01
4.465716174444174413e+01,7.458417442941997599e+00,9.280222717114601227e-01
4.479203192423815238e+01,7.353022198528132769e+00,8.833146604119093137e-01
4.492580735129188696e+01,7.246240888057172036e+00,8.391909953576128789e-01
4.506947388717613734e+01,7.128963422943071393e+00,7.921337416392129072e-01
4.521176637766413364e+01,7.010022646456581796e+00,7.459220130393224846e-01
4.534137936146931480e+01,6.899147023402472101e+00,7.042326080873555494e-01
4.546974898139310284e+01,6.786834253715959164e+00,6.634127054986584948e-01
4.559387622228093306e+01,6.675748020651197656e+00,6.244496241280181881e-01
4.571673857257093943e+01,6.563264446581982270e+00,5.864545106502638827e-01
4.583829486974853040e+01,6.449370650513554182e+00,5.494992161181149193e-01
4.595850230943243986e+01,6.334054177699097288e+00,5.136581089990049920e-01
4.607731664229498847e+01,6.217302834701791348e+00,4.790078564708767916e-01
4.619469194888221608e+01,6.099104927706734181e+00,4.456247981755533383e-01
4.631058060133256049e+01,5.979449339915703376e+00,4.135869984007018996e-01
4.642493352323624833e+01,5.858325298671176462e+00,3.829727407264435501e-01
4.653769990191204897e+01,5.735722705850694325e+00,3.538641061518024156e-01
4.664882700221183143e+01,5.611632405316778538e+00,3.263347811164152845e-01
4.675916241911795623e+01,5.484996231564116087e+00,3.002663332352495940e-01
4.686771825020672821e+01,5.356831349155513067e+00,2.759589223764224442e-01
4.698010797633154567e+01,5.220128346912867201e+00,2.523660239297376706e-01
4.709038408846766544e+01,5.081714788304514840e+00,2.309201051216639433e-01
4.719234357606311647e+01,4.949656419707050503e+00,2.127338075024075847e-01
4.729229465924117903e+01,4.816071582602460488e+00,1.966270142364341944e-01
4.739001901347570112e+01,4.681173732759699391e+00,1.827020054405051885e-01
4.748560844439737849e+01,4.544754832650462539e+00,1.710415379653164591e-01
4.757899401180566912e+01,4.406818023101242154e+00,1.617710236784845879e-01
4.767010516245280627e+01,4.267368532571596873e+00,1.550594190222435997e-01
4.775886980198454523e+01,4.126413870032974884e+00,1.511334718323615045e-01
4.784521439580601765e+01,3.983964011795001259e+00,1.503176429666467639e-01
4.792906410106404280e+01,3.840031576957771531e+00,1.530630417297282331e-01
4.801034293244664042e+01,3.694631983480355597e+00,1.600262540386729049e-01
4.808897392371107316e+01,3.547783651935483284e+00,1.721027131748819050e-01
4.816487931652942933e+01,3.399508210030119493e+00,1.905434297615335171e-01
4.823967816503324002e+01,3.246267524120345804e+00,2.177495277818540520e-01
4.831145435115637099e+01,3.091588113820619821e+00,2.560110494366784062e-01
4.837858152541030421e+01,2.939105787544227244e+00,3.072714764355836681e-01
4.844266449708815259e+01,2.785319381187671528e+00,3.771054691605639775e-01
4.850361514151796172e+01,2.630296482753798237e+00,4.720103036331574908e-01
4.856136841209043808e+01,2.474054334946791389e+00,6.021298696333934330e-01
4.861584912161482208e+01,2.316641289881162358e+00,7.813958716950504257e-01
4.866698392280386543e+01,2.158109853141515710e+00,1.032678730494944519e+00
4.871470172953382871e+01,1.998516723233042303e+00,1.390861092285881728e+00
4.875893416378867329e+01,1.837922764445881096e+00,1.909959292755808447e+00
4.879961601406080973e+01,1.676392928061540388e+00,2.683726870073607440e+00
4.883668569145257266e+01,1.513996147483110288e+00,3.833870441242488436e+00
4.887008568430677258e+01,1.350805182098547164e+00,5.622693174244038694e+00
4.889976300303603551e+01,1.186896410477510155e+00,8.283332880333359682e+00
4.892697278376130043e+01,1.013361692199629127e+00,1.284671663120945873e+01
4.894993964897849281e+01,8.392147111975495344e-01,2.045260555861652918e+01
4.897067231796577147e+01,6.424789198548989111e-01,3.272654647732885280e+01
4.898591961033164210e+01,4.452422395709290659e-01,7.832689975622736256e+01
4.899647715974614215e+01,2.227323333686487550e-01,1.043996466154374758e+02
4.899999999999997868e+01,-2.299799821414423512e-17,8.144442470074667426e+02
