x,y,stress
9.999999999999994449e-01,5.669686885918447879e-16,1.112540110928060813e+03
1.004490368248560417e+00,1.934327656142326990e-01,1.022606116017138760e+02
1.017927987729428496e+00,3.864506396962114065e-01,1.087608971863959368e+02
1.037346568844095929e+00,5.576551444429300730e-01,2.692802828349397259e+01
1.063671161171217294e+00,7.279348785469250682e-01,2.592276593523908090e+01
1.095184731009360535e+00,8.897376871779393293e-01,1.247787849674674376e+01
1.132729680958859397e+00,1.050248607954343161e+00,9.360644378153670786e+00
1.176128417531386638e+00,1.209277132994214243e+00,5.841577585162456288e+00
1.225185210091658705e+00,1.366652801349610646e+00,4.092399182502086674e+00
1.279690349083838941e+00,1.522225964245977670e+00,2.844903578470322714e+00
1.339424171310396927e+00,1.675867906096917936e+00,2.076521653199922213e+00
1.404160790837205353e+00,1.827470360725202969e+00,1.573647859145293593e+00
1.473671467497197130e+00,1.976944620210498993e+00,1.218730547648657625e+00
1.547727555136190647e+00,2.124220329675634122e+00,9.563441615041200494e-01
1.626102987639756803e+00,2.269244033124466764e+00,7.993217258753547716e-01
1.708576324621261078e+00,2.411977605142613612e+00,6.713453987016093638e-01
1.794932348414362666e+00,2.552396589119377612e+00,5.712805997733148011e-01
1.884963286628923429e+00,2.690488575374372804e+00,4.901189917116495764e-01
1.978469734109007616e+00,2.826251695926349505e+00,4.228959255355385083e-01
2.075261203860750303e+00,2.959693089170096769e+00,3.665835751252619623e-01
2.175156438635232892e+00,3.090827502893568113e+00,3.189879583502482352e-01
2.277983574858899463e+00,3.219676095888170053e+00,2.787922117740732064e-01
2.383580119948634390e+00,3.346265326232317872e+00,2.452413042593880876e-01
2.491792783287257507e+00,3.470625941420932836e+00,2.180990819499964151e-01
2.602477216774334412e+00,3.592792098783980759e+00,1.975324711992540172e-01
2.715497718788699277e+00,3.712800635009617878e+00,1.839416010912929000e-01
2.830726837840875643e+00,3.830690381042518133e+00,1.776401268152425217e-01
2.948901726879375129e+00,3.947332629385295721e+00,1.785583691971658615e-01
3.069081482259717664e+00,4.061908353674677841e+00,1.860473563688311294e-01
3.190685127415746170e+00,4.174030675657821376e+00,1.989210818859613594e-01
3.314072389077066472e+00,4.284187326787743721e+00,2.159599870143354416e-01
3.438728517768742332e+00,4.392061416270478524e+00,2.360105160060989027e-01
3.564977577950932730e+00,4.498066980008329274e+00,2.582710551284330136e-01
3.692738710956812387e+00,4.602245382699259757e+00,2.821140285218268207e-01
3.821936082297491932e+00,4.704637352775417725e+00,3.070787928451130244e-01
3.952498559743778284e+00,4.805282884247400688e+00,3.328350495713884305e-01
4.084359512789991875e+00,4.904221236771254766e+00,3.591395891706086196e-01
4.217456402131348092e+00,5.001490777804831644e+00,3.858150734336595056e-01
4.351730441334254351e+00,5.097128893510742387e+00,4.127243804242786140e-01
4.487126237315809618e+00,5.191171893160274387e+00,4.397649995475073070e-01
4.623592100190571763e+00,5.283655371044036819e+00,4.668573644936353517e-01
4.765131282817631764e+00,5.377261927138620834e+00,4.947311390753545424e-01
4.907702546110133568e+00,5.469288989699580661e+00,5.225336242747865567e-01
5.054780053492365255e+00,5.561964725890886641e+00,5.509019529564163076e-01
5.202843767960200871e+00,5.653056651116323827e+00,5.791065957577818946e-01
5.344122138579391113e+00,5.738007807001872074e+00,6.056888921335601417e-01
5.486211189354910367e+00,5.821596022771685419e+00,6.320823948196099273e-01
5.629077049220877704e+00,5.903849733245190912e+00,6.582610929803148769e-01
5.772687560500625814e+00,5.984796367583126830e+00,6.842139457890126231e-01
5.917012265177455710e+00,6.064462441721502728e+00,7.099262564938472186e-01
6.062022550955055600e+00,6.142873724378284273e+00,7.353907964960587629e-01
6.207691246212337255e+00,6.220055093404344149e+00,7.605992414074846941e-01
6.353992533155776279e+00,6.296030571948871390e+00,7.855452540420659879e-01
6.500901963529753580e+00,6.370823411768253841e+00,8.102250428208429556e-01
6.648396318780945613e+00,6.444456089769176721e+00,8.346331445854618947e-01
6.796453473375655641e+00,6.516950306234314816e+00,8.587668862665138736e-01
6.945052557491650624e+00,6.588327125601326273e+00,8.826277759449404625e-01
7.102843995277706490e+00,6.662652527733843755e+00,9.075668785559392049e-01
7.261197375506049490e+00,6.735773091523655332e+00,9.321929496367812318e-01
7.431457569208155256e+00,6.812803470017898100e+00,9.582275400249717912e-01
7.602313552279395203e+00,6.888503232374238117e+00,9.838874176814363937e-01
7.757834404210567136e+00,6.956059079033374282e+00,1.006852376241999858e+00
7.913809646202767389e+00,7.022559125104703703e+00,1.029524572354309386e+00
8.065875332999448588e+00,7.086217816640663969e+00,1.051274315661993253e+00
8.218341479446964470e+00,7.148911354811276375e+00,1.072749093151481370e+00
8.371194750389756578e+00,7.210655165208718742e+00,1.094132340189719610e+00
8.524422325694004599e+00,7.271464159572173180e+00,1.114973883611064975e+00
8.678011820878872129e+00,7.331352737754960103e+00,1.135617817010679431e+00
8.831951662175795192e+00,7.390334962546850406e+00,1.155926821067263965e+00
8.986230727954561459e+00,7.448424443083365709e+00,1.176154348173360731e+00
9.140838147006190795e+00,7.505634287826363327e+00,1.195908584902514837e+00
9.295763623527353303e+00,7.561977252730352816e+00,1.215449774157637330e+00
9.450997219591384280e+00,7.617465682639363855e+00,1.234703891029124811e+00
9.607103195933321516e+00,7.672311418107034875e+00,1.253751851159191411e+00
9.763500742169288316e+00,7.726320122348520059e+00,1.272531135437529271e+00
9.934173050766892388e+00,7.784208310202472170e+00,1.292658764694688101e+00
1.010516973126736673e+01,7.841131216948029170e+00,1.312464186334974636e+00
1.029255236868020695e+01,7.902300387782502433e+00,1.333744592757826197e+00
1.048029717844493902e+01,7.962348790358745987e+00,1.354621639538230227e+00
1.065270593973875357e+01,8.016423605423794285e+00,1.373424829039197492e+00
1.082539905835113281e+01,8.069583324136059943e+00,1.391897431478378078e+00
1.098388585907350468e+01,8.117502356753327319e+00,1.408538407886095412e+00
1.114259723775987077e+01,8.164672255247026555e+00,1.424909094129064746e+00
1.130083532428816717e+01,8.210901535498239312e+00,1.440911814893087062e+00
1.145928356423009298e+01,8.256405324954847913e+00,1.456669975199648137e+00
1.161793606684840086e+01,8.301191816300498516e+00,1.472257291999299333e+00
1.177678710669777296e+01,8.345268960556555982e+00,1.487424858416130924e+00
1.193583115393442284e+01,8.388644486015516932e+00,1.502370515851721100e+00
1.209506287921460022e+01,8.431325908856196705e+00,1.517034252695156793e+00
1.225447713124900240e+01,8.473320535843676282e+00,1.531445491323519148e+00
1.241406889264647440e+01,8.514635461476412814e+00,1.545583469881292915e+00
1.257383329622964574e+01,8.555277580994440356e+00,1.559469509801930664e+00
1.273376567106351587e+01,8.595253609749173407e+00,1.573066493329519755e+00
1.289814677635962248e+01,8.635612920502763856e+00,1.586932100683260405e+00
1.306269539177908889e+01,8.675283763876290521e+00,1.600335971279721381e+00
1.324691658554467644e+01,8.718843640007451157e+00,1.615052082767645558e+00
1.343133524938526691e+01,8.761559783602830720e+00,1.629419560305046089e+00
1.363147607673097816e+01,8.806924593730952822e+00,1.644610202650794051e+00
1.383183441032763561e+01,8.851318927943827575e+00,1.659388689508312309e+00
1.401420744319623246e+01,8.890854011392152145e+00,1.672495428270220241e+00
1.419674914483638695e+01,8.929602872379255984e+00,1.685275109238685731e+00
1.436101847851283075e+01,8.963778114598355273e+00,1.696496444995071462e+00
1.452541649333720741e+01,8.997328889518898976e+00,1.707463923005778206e+00
1.468706189494754000e+01,9.029689721441886974e+00,1.717990814998138660e+00
1.484882494043972123e+01,9.061457266737118488e+00,1.728273325931636517e+00
1.501070250645373960e+01,9.092636058018685574e+00,1.738313126826756205e+00
1.517269153068775900e+01,9.123230500510690177e+00,1.748112741686242755e+00
1.533478902720699111e+01,9.153244878974852838e+00,1.757675478548073711e+00
1.549699210157430151e+01,9.182683364045374219e+00,1.767003348324512668e+00
1.565929791378878377e+01,9.211550008841641102e+00,1.776099555264084140e+00
1.582170370528938896e+01,9.239848757240789467e+00,1.784966587134589666e+00
1.598420678479760149e+01,9.267583444427614836e+00,1.793607817466077003e+00
1.614680450531656319e+01,9.294757796110319603e+00,1.802027654029919601e+00
1.631099203718502721e+01,9.321617838969144643e+00,1.810298862928936714e+00
1.647527074482738030e+01,9.347914494892433979e+00,1.818360273827709594e+00
1.665636890241558277e+01,9.376238993196498228e+00,1.826977837633870783e+00
1.683757135405253891e+01,9.403888441090103356e+00,1.835346346716847377e+00
1.704161879639953270e+01,9.434203513845563549e+00,1.844450328480800039e+00
1.724578974932791553e+01,9.463675284677432131e+00,1.853231225171886765e+00
1.744821429587352313e+01,9.492051981121774062e+00,1.861635121333305998e+00
1.765075165567778370e+01,9.519611963722036663e+00,1.869732388078429342e+00
1.783077529616859280e+01,9.543415206835797804e+00,1.876693213939388372e+00
1.801088199309762672e+01,9.566581640570111844e+00,1.883432063926927080e+00
1.817541255792832189e+01,9.587182254671658299e+00,1.889400626916518222e+00
1.834000807157564239e+01,9.607257343566232066e+00,1.895197117514664464e+00
1.850371070348633040e+01,9.626697409634672908e+00,1.900790001381775118e+00
1.866747363067533882e+01,9.645622835912405435e+00,1.906217512891805299e+00
1.883129496350555243e+01,9.664035904348811101e+00,1.911484562482097749e+00
1.899517283240958676e+01,9.681938822128849154e+00,1.916595045430588229e+00
1.915910539268465484e+01,9.699333723772477711e+00,1.921552789680124773e+00
1.932309085065913479e+01,9.716222675231112049e+00,1.926362644140596769e+00
1.948712743973629102e+01,9.732607672491875306e+00,1.931027944455465883e+00
1.965121339946544410e+01,9.748490640845004052e+00,1.935554649625939261e+00
1.981534700203842903e+01,9.763873438837693541e+00,1.939944498323729283e+00
1.997952655057767402e+01,9.778757859155421173e+00,1.944207264181640582e+00
2.014760138329056005e+01,9.793477028250705985e+00,1.948435706639251919e+00
2.031572081277635533e+01,9.807677764980427426e+00,1.952548324427079374e+00
2.050347022828072951e+01,9.822921924813384109e+00,1.956988192032725893e+00
2.069127065151202061e+01,9.837524278184407223e+00,1.961289448011619641e+00
2.090234641620705958e+01,9.853168863394174082e+00,1.965953340629091661e+00
2.111348027825816231e+01,9.868008816130418026e+00,1.970437080617264414e+00
2.131912498343673690e+01,9.881688655247291564e+00,1.974656223028512736e+00
2.152481870452199431e+01,9.894610582032136392e+00,1.978720085210197821e+00
2.170759352633820782e+01,9.905456370349321915e+00,1.982219287625484494e+00
2.189040267738637269e+01,9.915707275818560262e+00,1.985614259687671579e+00
2.205646744682995219e+01,9.924503347044169033e+00,1.988610623384706066e+00
2.222255737440613999e+01,9.932810847394978992e+00,1.991531390919721423e+00
2.238722779095948567e+01,9.940564878382451397e+00,1.994349470797298629e+00
2.255192003561758440e+01,9.947840571157376743e+00,1.997094259224723611e+00
2.271663268434152982e+01,9.954638729752714355e+00,1.999766962246298352e+00
2.288136432034809431e+01,9.960960103847163793e+00,2.002370817216334142e+00
2.304611353424641251e+01,9.966805389214911770e+00,2.004907957281627073e+00
2.321087893025439186e+01,9.972175228320994123e+00,2.007380598487603418e+00
2.337565911777524974e+01,9.977070210354812119e+00,2.009790109556328641e+00
2.354045271245048454e+01,9.981490871610100513e+00,2.012138706440728342e+00
2.370525833793569603e+01,9.985437695823485171e+00,2.014428028956271710e+00
2.387007462053971807e+01,9.988911114303364869e+00,2.016660899315064981e+00
2.403793787121716008e+01,9.991962364094421289e+00,2.018874246071587386e+00
2.420580931756805754e+01,9.994523336765782418e+00,2.021036794687914195e+00
2.439261415146664191e+01,9.996797077611288884e+00,2.023371096190672347e+00
2.457942538185743686e+01,9.998464439312508389e+00,2.025638204250125529e+00
2.478971128922250600e+01,9.999616126817128858e+00,2.028104249314707008e+00
2.500000000000016342e+01,9.999999999999992895e+00,2.030469744124972831e+00
2.521028871077782441e+01,9.999616126817128858e+00,2.032749087576607216e+00
2.542057461814286867e+01,9.998464439312506613e+00,2.034924978274348817e+00
2.560738584853369559e+01,9.996797077611287108e+00,2.036777338195867149e+00
2.579419068243219471e+01,9.994523336765777088e+00,2.038555869296833745e+00
2.596206212878318809e+01,9.991962364094415960e+00,2.040081702544657372e+00
2.612992537946052707e+01,9.988911114303359540e+00,2.041548439080572042e+00
2.629474166206455621e+01,9.985437695823479842e+00,2.042918226549698790e+00
2.645954728754975349e+01,9.981490871610095184e+00,2.044221038577457072e+00
2.662434088222499184e+01,9.977070210354803237e+00,2.045451791421343479e+00
2.678912106974585683e+01,9.972175228320983464e+00,2.046608869937154740e+00
2.695388646575383973e+01,9.966805389214902888e+00,2.047688954007192752e+00
2.711863567965214017e+01,9.960960103847154912e+00,2.048689404981521189e+00
2.728336731565871531e+01,9.954638729752703696e+00,2.049607435050352144e+00
2.744807996438266073e+01,9.947840571157366085e+00,2.050439414687569073e+00
2.761277220904075591e+01,9.940564878382440739e+00,2.051183026526034237e+00
2.777744262559409094e+01,9.932810847394964782e+00,2.051834107399118423e+00
2.794353255317030005e+01,9.924503347044153045e+00,2.052392561230840240e+00
2.810959732261389377e+01,9.915707275818544275e+00,2.052854183044134917e+00
2.829240647366206218e+01,9.905456370349305928e+00,2.053239949328811598e+00
2.847518129547829702e+01,9.894610582032120405e+00,2.053492857953444606e+00
2.868087501656357574e+01,9.881688655247270248e+00,2.053614574086175093e+00
2.888651972174216453e+01,9.868008816130393157e+00,2.053541057868728981e+00
2.909765358379325306e+01,9.853168863394150989e+00,2.053270647806364035e+00
2.930872934848827427e+01,9.837524278184382354e+00,2.052773810153976974e+00
2.949652977171955115e+01,9.822921924813357464e+00,2.052139717669389185e+00
2.968427918722390757e+01,9.807677764980404334e+00,2.051328492542735304e+00
2.985239861670969574e+01,9.793477028250681116e+00,2.050430582366653542e+00
3.002047344942256402e+01,9.778757859155394527e+00,2.049385166689559057e+00
3.018465299796180901e+01,9.763873438837666896e+00,2.048202400924297617e+00
3.034878660053480459e+01,9.748490640844977406e+00,2.046861935632821261e+00
3.051287256026395056e+01,9.732607672491850437e+00,2.045354984341197557e+00
3.067690914934109969e+01,9.716222675231085404e+00,2.043677856475916599e+00
3.084089460731559384e+01,9.699333723772449289e+00,2.041826468780747028e+00
3.100482716759066903e+01,9.681938822128818956e+00,2.039795292139137128e+00
3.116870503649470336e+01,9.664035904348782680e+00,2.037579863170345451e+00
3.133252636932490987e+01,9.645622835912375237e+00,2.035175259615072285e+00
3.149628929651391829e+01,9.626697409634640934e+00,2.032578271078103072e+00
3.165999192842459209e+01,9.607257343566200092e+00,2.029783345433509467e+00
3.182458744207191259e+01,9.587182254671626325e+00,2.026768005249945048e+00
3.198911800690259000e+01,9.566581640570079870e+00,2.023548710646192017e+00
3.216922470383162391e+01,9.543415206835764053e+00,2.019780869934245437e+00
3.234924834432245433e+01,9.519611963721999359e+00,2.015753084096871817e+00
3.255178570412672912e+01,9.492051981121734983e+00,2.010907317418150431e+00
3.275421025067234382e+01,9.463675284677389499e+00,2.005704341766606280e+00
3.295838120360071599e+01,9.434203513845522693e+00,2.000103570539067288e+00
3.316242864594769202e+01,9.403888441090062500e+00,1.994127406029175154e+00
3.334363109758464105e+01,9.376238993196459148e+00,1.988498636135678233e+00
3.352472925517283642e+01,9.347914494892393122e+00,1.982580976104372894e+00
3.368900796281518950e+01,9.321617838969103786e+00,1.976937523799656926e+00
3.385319549468363931e+01,9.294757796110280523e+00,1.971052742324224782e+00
3.401579321520260635e+01,9.267583444427575756e+00,1.964964991262650562e+00
3.417829629471080466e+01,9.239848757240750388e+00,1.958624997095211429e+00
3.434070208621142228e+01,9.211550008841600246e+00,1.952027135973638305e+00
3.450300789842589921e+01,9.182683364045333363e+00,1.945169934717863702e+00
3.466521097279321140e+01,9.153244878974811982e+00,1.938050303775338490e+00
3.482730846931242041e+01,9.123230500510647545e+00,1.930665951917604373e+00
3.498929749354645224e+01,9.092636058018641165e+00,1.923015190746462322e+00
3.515117505956047950e+01,9.061457266737074079e+00,1.915095347259121672e+00
3.531293810505264474e+01,9.029689721441846118e+00,1.906905317845360992e+00
3.547458350666296667e+01,8.997328889518856343e+00,1.898443143889104956e+00
3.563898152148736642e+01,8.963778114598310864e+00,1.889549537581774352e+00
3.580325085516380312e+01,8.929602872379209799e+00,1.880376024573627847e+00
3.598579255680398603e+01,8.890854011392100631e+00,1.869840662882249260e+00
3.616816558967261841e+01,8.851318927943767179e+00,1.858946528344194604e+00
3.636852392326924388e+01,8.806924593730897755e+00,1.846562912205153451e+00
3.656866475061490718e+01,8.761559783602784535e+00,1.833727186992169633e+00
3.675308341445549587e+01,8.718843640007406748e+00,1.821499545062697845e+00
3.693730460822106920e+01,8.675283763876244336e+00,1.808902136349956002e+00
3.710185322364051075e+01,8.635612920502721224e+00,1.797312455457656055e+00
3.726623432893659782e+01,8.595253609749137880e+00,1.785435582001910770e+00
3.742616670377046972e+01,8.555277580994404829e+00,1.773574852541147440e+00
3.758593110735363041e+01,8.514635461476377287e+00,1.761433185799822443e+00
3.774552286875111662e+01,8.473320535843638979e+00,1.749006014309879786e+00
3.790493712078553301e+01,8.431325908856154072e+00,1.736293878277392233e+00
3.806416884606569795e+01,8.388644486015477852e+00,1.723296313013594760e+00
3.822321289330233185e+01,8.345268960556516902e+00,1.710013236796153580e+00
3.838206393315170573e+01,8.301191816300455883e+00,1.696445410215768446e+00
3.854071643577003670e+01,8.256405324954803504e+00,1.682591954189288641e+00
3.869916467571196250e+01,8.210901535498194903e+00,1.668453691679197215e+00
3.885740276224024115e+01,8.164672255246982147e+00,1.654030340303998203e+00
3.901611414092661789e+01,8.117502356753282911e+00,1.639257497924760720e+00
3.917460094164898265e+01,8.069583324136015534e+00,1.624203421318836993e+00
3.934729406026136189e+01,8.016423605423749876e+00,1.607449883934178647e+00
3.951970282155517111e+01,7.962348790358697137e+00,1.590355311142891637e+00
3.970744763131993693e+01,7.902300387782444702e+00,1.571326863901038262e+00
3.989483026873281091e+01,7.841131216947963445e+00,1.551877999778744410e+00
4.006582694923324794e+01,7.784208310202415326e+00,1.533740969006358146e+00
4.023649925783082182e+01,7.726320122348470321e+00,1.515269890991407964e+00
4.039289680406680105e+01,7.672311418106978032e+00,1.498008220455466555e+00
4.054900278040874184e+01,7.617465682639307900e+00,1.480470591285916626e+00
4.070423637647277104e+01,7.561977252730300414e+00,1.462712326144657293e+00
4.085916185299391401e+01,7.505634287826312701e+00,1.444672649097231698e+00
4.101376927204555756e+01,7.448424443083310642e+00,1.426350847067375804e+00
4.116804833782432382e+01,7.390334962546792674e+00,1.407746574918573579e+00
4.132198817912124866e+01,7.331352737754905924e+00,1.388860068173725537e+00
4.147557767430610909e+01,7.271464159572116337e+00,1.369690846364520098e+00
4.162880524961035178e+01,7.210655165208661010e+00,1.350239419698251231e+00
4.178165852055314389e+01,7.148911354811221308e+00,1.330504795897935466e+00
4.193412466700066688e+01,7.086217816640606237e+00,1.310487388930960950e+00
4.208619035379736317e+01,7.022559125104637978e+00,1.290188426654185427e+00
4.224216559578956520e+01,6.956059079033305004e+00,1.269014031947834464e+00
4.239768644772073714e+01,6.888503232374168839e+00,1.247544805445454319e+00
4.256854243079198596e+01,6.812803470017827046e+00,1.223542259258230347e+00
4.273880262449409173e+01,6.735773091523575395e+00,1.199160302936885136e+00
4.289715600472239743e+01,6.662652527733775365e+00,1.176072760851981425e+00
4.305494744250842842e+01,6.588327125601274759e+00,1.152669338928962395e+00
4.320354652662441453e+01,6.516950306234267742e+00,1.130251985563044848e+00
4.335160368121911034e+01,6.444456089769130536e+00,1.107555627068383508e+00
4.349909803647030770e+01,6.370823411768209432e+00,1.084574141056717345e+00
4.364600746684428145e+01,6.296030571948828758e+00,1.061308270470127102e+00
4.379230875378772225e+01,6.220055093404300628e+00,1.037759809390726762e+00
4.393797744904500036e+01,6.142873724378229205e+00,1.013927989256406370e+00
4.408298773482263044e+01,6.064462441721444996e+00,9.898153507865831147e-01
4.422731243949946389e+01,5.984796367583064658e+00,9.654219668674902666e-01
4.437092295077919601e+01,5.903849733245135845e+00,9.407512578230609046e-01
4.451378881064514559e+01,5.821596022771628576e+00,9.158040339935766827e-01
4.465587786142067017e+01,5.738007807001818783e+00,8.905832470791031907e-01
4.479715623203986752e+01,5.653056651116268760e+00,8.650964261940018440e-01
4.494521994650771290e+01,5.561964725890826244e+00,8.379376957119073488e-01
4.509229745388994814e+01,5.469288989699506942e+00,8.104805948463958964e-01
4.523486871718243663e+01,5.377261927138549780e+00,7.834051445642793432e-01
4.537640789980950728e+01,5.283655371043965765e+00,7.560636968730085616e-01
4.551287376268425788e+01,5.191171893160213990e+00,7.292516803260231661e-01
4.564826955866579539e+01,5.097128893510689984e+00,7.022024426744788439e-01
4.578254359786870253e+01,5.001490777804777466e+00,6.749196930968708319e-01
4.591564048721006230e+01,4.904221236771198811e+00,6.474056252954080160e-01
4.604750144025626213e+01,4.805282884247354502e+00,6.196649303219572413e-01
4.617806391770252361e+01,4.704637352775373316e+00,5.916946444715361908e-01
4.630726128904321826e+01,4.602245382699215348e+00,5.634924103618319524e-01
4.643502242204910857e+01,4.498066980008274207e+00,5.350445624930492139e-01
4.656127148223130519e+01,4.392061416270419016e+00,5.063334014213514145e-01
4.668592761092298815e+01,4.284187326787663785e+00,4.773217864252025655e-01
4.680931487258431645e+01,4.174030675657749434e+00,4.478604749635980431e-01
4.693091851774034495e+01,4.061908353674599681e+00,4.179627247239562915e-01
4.705109827312067949e+01,3.947332629385220670e+00,3.873933315974130154e-01
4.716927316215916477e+01,3.830690381042432424e+00,3.560791531060548687e-01
4.728450228121134558e+01,3.712800635009532169e+00,3.240148018617796666e-01
4.739752278322573886e+01,3.592792098783876842e+00,2.906115925068510908e-01
4.750820721671281177e+01,3.470625941420831140e+00,2.554279432812575079e-01
4.761641988005143133e+01,3.346265326232198412e+00,2.177612919860656970e-01
4.772201642514117026e+01,3.219676095888059031e+00,1.767694678109632822e-01
4.782484356136484394e+01,3.090827502893442880e+00,1.313559677358642763e-01
4.792473879613931587e+01,2.959693089169979974e+00,8.124491118468205042e-02
4.802153026589104456e+01,2.826251695926224716e+00,3.945045165218546285e-02
4.811503671337111143e+01,2.690488575374261337e+00,8.136339655675378646e-02
4.820506765158569351e+01,2.552396589119258152e+00,1.748824348820773034e-01
4.829142367537878755e+01,2.411977605142502590e+00,3.013310294436675751e-01
4.837389701236027406e+01,2.269244033124345084e+00,4.713104701512754180e-01
4.845227244486384421e+01,2.124220329675520880e+00,7.035693911590555905e-01
4.852632853250283773e+01,1.976944620210378423e+00,1.028546358188196397e+00
4.859583920916281130e+01,1.827470360725109488e+00,1.488853027395007800e+00
4.866057582868959486e+01,1.675867906096839333e+00,2.155516256205845860e+00
4.872030965091615684e+01,1.522225964245892404e+00,3.122928772463799962e+00
4.877481478990835484e+01,1.366652801349514501e+00,4.580017314128827621e+00
4.882387158246861247e+01,1.209277132994144299e+00,6.686667736152331010e+00
4.886727031904111840e+01,1.050248607954299418e+00,1.026448486608904709e+01
4.890481526899061038e+01,8.897376871779035801e-01,1.423399843859008485e+01
4.893632883882876428e+01,7.279348785469003102e-01,2.693387195611875740e+01
4.896265343115588564e+01,5.576551444428800020e-01,2.888034861664656816e+01
4.898207201227054242e+01,3.864506396961387424e-01,1.086522884214203231e+02
4.899550963175141050e+01,1.934327656141977270e-01,1.026527670281554805e+02
4.899999999999997868e+01,-3.645870112245328161e-17,1.113139269091435835e+03
