x,y,stress
7.999999999999995559e+00,-3.398722935988677368e-13,7.736708745602254567e+02
8.002464013627394124e+00,2.213297047617019120e-01,1.110514280224756902e+02
8.009853313645757922e+00,4.425497542926504768e-01,9.555972265284964351e+01
8.020537393059983700e+00,6.388153475261140191e-01,4.382960503596788726e+01
8.035089642895899331e+00,8.348321034740219249e-01,3.959015903878112397e+01
8.051249096974869346e+00,1.008670778690575531e+00,2.903825783970088992e+01
8.070439387582295510e+00,1.182201032837738808e+00,2.504872875909887142e+01
8.091491330934838189e+00,1.346910530492861469e+00,2.108221462786644196e+01
8.115260256685241202e+00,1.511249949315084606e+00,1.841298071901947608e+01
8.141731752113097187e+00,1.675175758280481819e+00,1.613789133519404118e+01
8.170889890294857238e+00,1.838645076872104767e+00,1.432215317913149555e+01
8.202717277745684044e+00,2.001615733271063569e+00,1.279031752413110290e+01
8.237195109836173756e+00,2.164046338316950369e+00,1.149612318472952310e+01
8.274303223667834217e+00,2.325896323492250506e+00,1.038147337986555563e+01
8.314020152717340295e+00,2.487125976190800447e+00,9.415040256581178824e+00
8.356323186635375322e+00,2.647696485517883502e+00,8.567651795854160923e+00
8.401188446208459837e+00,2.807570028453719946e+00,7.819144889292217293e+00
8.448602361766061719e+00,2.966747033904780562e+00,7.153198252829831461e+00
8.498528633939066879e+00,3.125154017301923659e+00,6.557005843331498163e+00
8.551456948496440447e+00,3.284269902276589992e+00,6.015671039417113342e+00
8.606889889750425127e+00,3.442530660814091092e+00,5.526971515342333774e+00
8.664220105024986296e+00,3.598369436899509832e+00,5.088278207158591471e+00
8.723947573946386314e+00,3.753305276785658950e+00,4.689096897494762217e+00
8.786042003410386769e+00,3.907307796385536491e+00,4.325549346780726445e+00
8.850472450913715150e+00,4.060347723224661642e+00,3.991520358507064881e+00
8.917207394407894228e+00,4.212396912349065659e+00,3.672469008129792378e+00
8.986214797395764009e+00,4.363428348369029486e+00,3.397164073172658671e+00
9.057462169885777570e+00,4.513416138242805076e+00,3.139737313705505795e+00
9.130916626085911147e+00,4.662335498671577483e+00,2.904916636695844989e+00
9.206544956484583153e+00,4.810162773127011349e+00,2.689856246674436235e+00
9.284313656930850200e+00,4.956875364819216756e+00,2.493663913163373991e+00
9.365184257236998988e+00,5.104234859098172095e+00,2.313313020172989454e+00
9.448178488142874087e+00,5.250408866960412091e+00,2.150643337348207673e+00
9.532786958310659031e+00,5.394582442668582445e+00,2.005791457912079245e+00
9.619426077398090413e+00,5.537544970291726543e+00,1.877491741317354190e+00
9.707462511407131345e+00,5.678336243256227434e+00,1.766137781566562204e+00
9.797434144361806929e+00,5.817898807210567291e+00,1.670660765794710123e+00
9.889306940769786891e+00,5.956217257275294052e+00,1.590851151371950767e+00
9.983046987501511538e+00,6.093277155090965458e+00,1.526479203079803337e+00
1.007862048876279104e+01,6.229064940185677024e+00,1.477125226127148805e+00
1.017599382550805842e+01,6.363567941828588204e+00,1.442238525040088648e+00
1.027513357360679436e+01,6.496774332573746591e+00,1.421011901556900048e+00
1.037600653345932322e+01,6.628673102098860959e+00,1.412459357521057113e+00
1.047857976343835951e+01,6.759254038131494724e+00,1.415423047685919089e+00
1.058282059295925137e+01,6.888507683552568928e+00,1.428605615285128971e+00
1.069123032830248654e+01,7.019446461163651563e+00,1.451342383627235444e+00
1.080131949634367672e+01,7.148976445818846948e+00,1.482086222584292567e+00
1.091165985294688845e+01,7.275511266653516884e+00,1.519025853838111395e+00
1.102357272639684105e+01,7.400657464597675705e+00,1.561368133473616471e+00
1.113577662235651466e+01,7.523062445330269910e+00,1.607585529949196568e+00
1.124945693092969101e+01,7.644097511834062608e+00,1.657280838974114046e+00
1.136458338296568904e+01,7.763757721053933913e+00,1.709731257204798460e+00
1.148112628021919690e+01,7.882038847103919998e+00,1.764348671559408555e+00
1.159905637639060494e+01,7.998937210863951819e+00,1.820609971650278824e+00
1.171834459892444613e+01,8.114449378159614312e+00,1.878106173007040081e+00
1.183896233474673210e+01,8.228572424919407879e+00,1.936480518765797632e+00
1.196088156615773634e+01,8.341304028961531003e+00,1.995435532194057560e+00
1.208407441132398930e+01,8.452642015610717152e+00,2.054732597131016192e+00
1.220851384215529478e+01,8.562584990440173627e+00,2.114154302825257847e+00
1.233649298294272256e+01,8.673112952499824502e+00,2.174619416005305172e+00
1.246570929923768745e+01,8.782192006378647164e+00,2.234877835054982498e+00
1.259881444408712881e+01,8.892006997563045800e+00,2.296013056817995057e+00
1.273315077612989832e+01,9.000312434039367204e+00,2.356667278035047275e+00
1.286355698792931967e+01,9.103108127613676714e+00,2.414499308261718102e+00
1.299505267064659897e+01,9.204506474083412826e+00,2.471719817813183173e+00
1.312761374678804671e+01,9.304508180427738750e+00,2.528255071184141833e+00
1.326121638533174796e+01,9.403114059922634382e+00,2.584049009154670618e+00
1.339583731676473732e+01,9.500325258163645259e+00,2.639051668597732547e+00
1.353145356955146283e+01,9.596143045232169655e+00,2.693218398326584939e+00
1.366804255977896965e+01,9.690568874435280478e+00,2.746510607485465272e+00
1.380558225801386740e+01,9.783604484621660546e+00,2.798864998157582384e+00
1.394405096874182703e+01,9.875251734705511097e+00,2.850255695595481420e+00
1.408342736116032157e+01,9.965512618871143147e+00,2.900646408672681087e+00
1.422389269973982273e+01,1.005451600847700533e+01,2.950077807255480078e+00
1.436522669314038225e+01,1.014213347543252475e+01,2.998469423397449596e+00
1.451689381021831693e+01,1.023405298420325593e+01,3.048892527055286905e+00
1.466950177433995428e+01,1.032440188758796396e+01,3.098028938016077038e+00
1.481548339295364158e+01,1.040886965903290928e+01,3.143605676942818228e+00
1.496227454116309730e+01,1.049192265137763869e+01,3.187995300375363161e+00
1.510756838552150683e+01,1.057231248028272752e+01,3.230505492770056275e+00
1.525360954860178175e+01,1.065133657411255186e+01,3.271827957640963902e+00
1.540037997305978834e+01,1.072899781712192713e+01,3.311924407843546359e+00
1.554786195190389542e+01,1.080529915939380992e+01,3.350797031794445768e+00
1.569603811846992869e+01,1.088024360620715392e+01,3.388415552823781596e+00
1.584489133387812565e+01,1.095383415795638982e+01,3.424780231505752948e+00
1.599440476454279292e+01,1.102607384830846193e+01,3.459857193893900451e+00
1.614456193911868098e+01,1.109696576732972062e+01,3.493642231138215148e+00
1.629534665529685711e+01,1.116651301235230953e+01,3.526142978074777279e+00
1.644674295558158050e+01,1.123471867552023618e+01,3.557310760637258262e+00
1.660076752754667950e+01,1.130246919537026251e+01,3.588464658998174794e+00
1.675538800142988549e+01,1.136884850751955867e+01,3.617150091404095935e+00
1.692207972429757845e+01,1.143860964390937340e+01,3.646805650574364233e+00
1.708942133638543837e+01,1.150679713973568141e+01,3.674802213934070583e+00
1.724563430605600800e+01,1.156880998681604211e+01,3.699494094086248630e+00
1.740237831493744736e+01,1.162946806786375653e+01,3.722832307455398393e+00
1.755774480890108791e+01,1.168806944527304559e+01,3.744552571036009692e+00
1.771360144550785876e+01,1.174535451741059688e+01,3.764944859385358278e+00
1.786993452443753583e+01,1.180132625634276877e+01,3.784004812141557483e+00
1.802673058621394375e+01,1.185598761206294505e+01,3.801749560166229891e+00
1.818397635745499130e+01,1.190934149179707546e+01,3.818191131949890682e+00
1.834165877121932198e+01,1.196139076661481049e+01,3.833341730072656439e+00
1.849976497095027028e+01,1.201213827152043478e+01,3.847212953021115656e+00
1.865828224376082289e+01,1.206158678342229251e+01,3.859824036333952435e+00
1.881719805887436081e+01,1.210973903388767958e+01,3.871196365152272278e+00
1.897650010089835959e+01,1.215659771811934320e+01,3.881366125926668520e+00
1.913890120308597531e+01,1.220293104374628967e+01,3.890468699150683829e+00
1.930167660247157002e+01,1.224793177474045436e+01,3.898407136199506073e+00
1.947827581838573252e+01,1.229514279268095223e+01,3.905661690089920590e+00
1.965528340288345888e+01,1.234079890073320662e+01,3.911508344667522064e+00
1.981975132385739613e+01,1.238174359230181309e+01,3.915819094727059468e+00
1.998454499871957069e+01,1.242135685674485757e+01,3.919082511253218382e+00
2.014630116633241030e+01,1.245887792159113161e+01,3.921300949119645551e+00
2.030834745079803128e+01,1.249512555262563218e+01,3.922593368984735207e+00
2.047067287359297083e+01,1.253010189857919876e+01,3.923005943191198774e+00
2.063326659057524992e+01,1.256380904583801872e+01,3.922585354395971002e+00
2.079611788089517432e+01,1.259624901556390064e+01,3.921398153018167410e+00
2.095921610536676738e+01,1.262742375546881135e+01,3.919491805057400136e+00
2.112255073782008097e+01,1.265733514648906954e+01,3.916934295409152167e+00
2.128611136864850195e+01,1.268598500301221854e+01,3.913779033914356109e+00
2.144988768583516148e+01,1.271337506909203263e+01,3.910099139849517513e+00
2.161386945278211513e+01,1.273950701490136872e+01,3.905961343813308506e+00
2.177959543989492985e+01,1.276461101419124233e+01,3.901367301873800209e+00
2.194551009279859599e+01,1.278843625684268659e+01,3.896484616189853867e+00
2.212695479334139392e+01,1.281300273546811574e+01,3.890828088993846468e+00
2.230859910979113181e+01,1.283604691960471555e+01,3.884873814609525855e+00
2.248065458148693097e+01,1.285645259261436912e+01,3.879144109359180526e+00
2.265286592157334056e+01,1.287549811089031060e+01,3.873369944705701950e+00
2.281804660908169069e+01,1.289247579963634216e+01,3.867871142672450357e+00
2.298335072017336245e+01,1.290820642920571970e+01,3.862482006571340332e+00
2.314876867370444913e+01,1.292269098132192440e+01,3.857249035542298365e+00
2.331429094034215055e+01,1.293593036170138078e+01,3.852231451907837112e+00
2.347990803085006917e+01,1.294792539907990481e+01,3.847495430982041498e+00
2.364561049996403952e+01,1.295867684556784916e+01,3.843086152221520280e+00
2.381138893709918136e+01,1.296818537596978160e+01,3.839064199475567207e+00
2.397723396215018710e+01,1.297645158760510853e+01,3.835463999305490645e+00
2.414313622379684787e+01,1.298347600026140825e+01,3.832338658494096162e+00
2.430908639468231769e+01,1.298925905597429420e+01,3.829713221695658198e+00
2.447526417041483526e+01,1.299380558305625222e+01,3.827613843254003445e+00
2.464147131341411168e+01,1.299710857698119071e+01,3.826103776835948267e+00
2.482072982692434593e+01,1.299927715752591872e+01,3.825115165432366293e+00
2.499999999999978328e+01,1.299999999999999467e+01,3.824763183414452428e+00
2.517927017307521709e+01,1.299927715752592583e+01,3.825114483219145711e+00
2.535852868658543713e+01,1.299710857698119781e+01,3.826102222097016003e+00
2.552473582958475617e+01,1.299380558305625932e+01,3.827608587812437069e+00
2.569091360531724533e+01,1.298925905597430841e+01,3.829703112296462653e+00
2.585686377620278620e+01,1.298347600026142068e+01,3.832317781346852303e+00
2.602276603784936526e+01,1.297645158760512629e+01,3.835431604529315308e+00
2.618861106290038521e+01,1.296818537596980470e+01,3.839017362256182953e+00
2.635438950003552705e+01,1.295867684556787403e+01,3.843024494784671230e+00
2.652009196914950451e+01,1.294792539907993500e+01,3.847420213309325820e+00
2.668570905965740181e+01,1.293593036170141275e+01,3.852142645274684973e+00
2.685123132629511034e+01,1.292269098132195460e+01,3.857150330326329701e+00
2.701664927982620767e+01,1.290820642920575700e+01,3.862373361623555379e+00
2.718195339091787943e+01,1.289247579963638302e+01,3.867757746922686035e+00
2.734713407842621891e+01,1.287549811089035501e+01,3.873252125335015172e+00
2.751934541851264626e+01,1.285645259261441531e+01,3.879023180911964186e+00
2.769140089020844897e+01,1.283604691960476529e+01,3.884749937978674517e+00
2.787304520665821173e+01,1.281300273546816726e+01,3.890701390890579425e+00
2.805448990720103808e+01,1.278843625684273277e+01,3.896353286957952466e+00
2.822040456010470066e+01,1.276461101419128852e+01,3.901235263479525983e+00
2.838613054721751539e+01,1.273950701490142201e+01,3.905827447535662689e+00
2.855011231416446904e+01,1.271337506909208948e+01,3.909961361935540225e+00
2.871388863135110725e+01,1.268598500301227894e+01,3.913636630680743078e+00
2.887744926217953179e+01,1.265733514648913172e+01,3.916781418189223984e+00
2.904078389463285959e+01,1.262742375546887708e+01,3.919327910586915209e+00
2.920388211910445619e+01,1.259624901556396637e+01,3.921220814954749390e+00
2.936673340942438770e+01,1.256380904583808800e+01,3.922393045512723830e+00
2.952932712640665969e+01,1.253010189857927514e+01,3.922796774235456585e+00
2.969165254920159214e+01,1.249512555262571034e+01,3.922367478704185118e+00
2.985369883366722021e+01,1.245887792159121332e+01,3.921063367770568853e+00
3.001545500128006339e+01,1.242135685674493750e+01,3.918834234555378160e+00
3.018024867614226281e+01,1.238174359230189303e+01,3.915562867687157667e+00
3.034471659711620717e+01,1.234079890073328478e+01,3.911249613047182105e+00
3.052172418161389800e+01,1.229514279268104637e+01,3.905399434757349297e+00
3.069832339752801431e+01,1.224793177474055916e+01,3.898138252114860425e+00
3.086109879691360902e+01,1.220293104374639448e+01,3.890199106839903109e+00
3.102349989910122119e+01,1.215659771811945689e+01,3.881091149250538219e+00
3.118280194112522352e+01,1.210973903388779860e+01,3.870915505175312799e+00
3.134171775623875789e+01,1.206158678342240975e+01,3.859531664334774792e+00
3.150023502904931405e+01,1.201213827152055558e+01,3.846906303371830482e+00
3.165834122878026946e+01,1.196139076661493661e+01,3.833019137878329374e+00
3.181602364254458593e+01,1.190934149179720869e+01,3.817858703777609719e+00
3.197326941378561571e+01,1.185598761206308183e+01,3.801404676935595361e+00
3.213006547556204140e+01,1.180132625634290733e+01,3.783652943448557071e+00
3.228639855449172558e+01,1.174535451741073544e+01,3.764586150566656908e+00
3.244225519109849643e+01,1.168806944527319125e+01,3.744204640504321890e+00
3.259762168506213698e+01,1.162946806786389864e+01,3.722500495864252024e+00
3.275436569394357633e+01,1.156880998681618422e+01,3.699182562991757184e+00
3.291057866361414597e+01,1.150679713973583596e+01,3.674523015314391294e+00
3.307792027570200588e+01,1.143860964390953505e+01,3.646523019010622590e+00
3.324461199856969529e+01,1.136884850751972031e+01,3.616893516869871483e+00
3.339923247245290128e+01,1.130246919537042416e+01,3.587888733768644034e+00
3.355325704441800383e+01,1.123471867552040671e+01,3.557560526581756033e+00
3.370465334470273433e+01,1.116651301235248184e+01,3.526306822478165071e+00
3.385543806088091401e+01,1.109696576732988937e+01,3.493759623034680573e+00
3.400559523545680207e+01,1.102607384830863246e+01,3.459924712034248895e+00
3.415510866612148533e+01,1.095383415795656568e+01,3.424808335638518386e+00
3.430396188152968051e+01,1.088024360620733866e+01,3.388428680450797703e+00
3.445213804809570490e+01,1.080529915939400354e+01,3.350792259421880637e+00
3.459962002693980310e+01,1.072899781712212786e+01,3.311918637394929643e+00
3.474639045139781501e+01,1.065133657411275436e+01,3.271817933164317349e+00
3.489243161447808461e+01,1.057231248028293713e+01,3.230510411899802037e+00
3.503772545883647638e+01,1.049192265137785363e+01,3.188013822093402450e+00
3.518451660704593564e+01,1.040886965903313488e+01,3.143650944567352390e+00
3.533049822565961051e+01,1.032440188758820199e+01,3.098105906766579487e+00
3.548310618978124609e+01,1.023405298420350107e+01,3.048977959477185973e+00
3.563477330685917366e+01,1.014213347543277166e+01,2.998557560130981958e+00
3.577610730025975272e+01,1.005451600847725224e+01,2.950145396623860439e+00
3.591657263883926277e+01,9.965512618871391837e+00,2.900697881352445329e+00
3.605594903125776085e+01,9.875251734705761564e+00,2.850293684128639260e+00
3.619441774198572404e+01,9.783604484621911013e+00,2.798894924994467015e+00
3.633195744022062712e+01,9.690568874435530944e+00,2.746536938461822341e+00
3.646854643044814992e+01,9.596143045232421898e+00,2.693252533248893688e+00
3.660416268323487543e+01,9.500325258163901054e+00,2.639085884876565036e+00
3.673878361466785947e+01,9.403114059922890178e+00,2.584074097260400382e+00
3.687238625321158025e+01,9.304508180427999875e+00,2.528270152133971660e+00
3.700494732935302267e+01,9.204506474083681056e+00,2.471724037346842540e+00
3.713644301207030196e+01,9.103108127613950273e+00,2.414498977360226561e+00
3.726684922386971266e+01,9.000312434039647869e+00,2.356662446058906735e+00
3.740118555591247684e+01,8.892006997563337123e+00,2.296012113004467725e+00
3.753429070076192176e+01,8.782192006378950921e+00,2.234881327277197460e+00
3.766350701705689374e+01,8.673112952500131811e+00,2.174628375524981116e+00
3.779148615784431087e+01,8.562584990440482713e+00,2.114169748381667713e+00
3.791592558867562701e+01,8.452642015611028015e+00,2.054745938793692162e+00
3.803911843384187819e+01,8.341304028961859629e+00,1.995447782955864779e+00
3.816103766525288421e+01,8.228572424919741835e+00,1.936484087604377180e+00
3.828165540107517018e+01,8.114449378159946491e+00,1.878101594472253444e+00
3.840094362360902380e+01,7.998937210864285774e+00,1.820595465683955139e+00
3.851887371978043717e+01,7.882038847104260171e+00,1.764323399530711267e+00
3.863541661703393970e+01,7.763757721054281191e+00,1.709707983596158387e+00
3.875054306906994128e+01,7.644097511834418768e+00,1.657262376385690406e+00
3.886422337764312118e+01,7.523062445330628734e+00,1.607583003022076351e+00
3.897642727360280901e+01,7.400657464598037194e+00,1.561388631821804873e+00
3.908834014705278292e+01,7.275511266653858833e+00,1.519079620564279365e+00
3.919868050365600709e+01,7.148976445819166692e+00,1.482188675476387107e+00
3.930876967169721325e+01,7.019446461163973083e+00,1.451490781175440503e+00
3.941717940704046441e+01,6.888507683552883343e+00,1.428824442508974446e+00
3.952142023656136161e+01,6.759254038131815356e+00,1.415703740156344370e+00
3.962399346654039078e+01,6.628673102099182479e+00,1.412823334284629695e+00
3.972486642639292143e+01,6.496774332574069000e+00,1.421450059284989687e+00
3.982400617449167868e+01,6.363567941828907948e+00,1.442769837423902635e+00
3.992137951123695672e+01,6.229064940185993215e+00,1.477747952619434813e+00
4.001695301249823444e+01,6.093277155091277208e+00,1.527207126820368632e+00
4.011069305922997330e+01,5.956217257275612020e+00,1.591677906195088532e+00
4.020256585563795682e+01,5.817898807210889700e+00,1.671599750099781234e+00
4.029253748859263595e+01,5.678336243256550731e+00,1.767184395034596900e+00
4.038057392260167688e+01,5.537544970292048951e+00,1.878661621903571444e+00
4.046721304168910649e+01,5.394582442668907518e+00,2.007077634368764851e+00
4.055182151185690742e+01,5.250408866960747822e+00,2.152071573367935198e+00
4.063481574276277541e+01,5.104234859098517596e+00,2.314881520736463028e+00
4.071568634306892420e+01,4.956875364819568475e+00,2.495414833262935783e+00
4.079345504351520191e+01,4.810162773127354185e+00,2.691802256746916644e+00
4.086908337391389523e+01,4.662335498671916767e+00,2.907086957412443162e+00
4.094253783011402703e+01,4.513416138243153242e+00,3.142441593990398907e+00
4.101378520260403349e+01,4.363428348369390086e+00,3.399392093653582858e+00
4.108279260559190504e+01,4.212396912349426259e+00,3.679644409149975814e+00
4.114952754908610899e+01,4.060347723225016914e+00,3.985457191679475208e+00
4.121395799658943560e+01,3.907307796385897536e+00,4.319352362521891919e+00
4.127605242605343250e+01,3.753305276786024880e+00,4.684520710298432533e+00
4.133577989497484850e+01,3.598369436899873541e+00,5.084575567695969411e+00
4.139311011024941678e+01,3.442530660814454357e+00,5.524072317804892940e+00
4.144854305150340679e+01,3.284269902276959474e+00,6.013289322318195573e+00
4.150147136606077680e+01,3.125154017302302023e+00,6.555237743553321117e+00
4.155139763823380150e+01,2.966747033905149600e+00,7.151838846342172040e+00
4.159881155379141404e+01,2.807570028454090760e+00,7.818251752645745789e+00
4.164367681336449323e+01,2.647696485518265863e+00,8.566622329609417719e+00
4.168597984728252470e+01,2.487125976191189469e+00,9.413551055648749610e+00
4.172569677633203611e+01,2.325896323492655515e+00,1.037904228667220430e+01
4.176280489016370012e+01,2.164046338317372253e+00,1.149160980584097125e+01
4.179728272225420227e+01,2.001615733271481457e+00,1.278478018202488720e+01
4.182911010970503440e+01,1.838645076872515771e+00,1.431676306570778046e+01
4.185826824788680511e+01,1.675175758280897043e+00,1.613344759665484318e+01
4.188473974331466820e+01,1.511249949315509378e+00,1.840984236785178041e+01
4.190850866906507832e+01,1.346910530493279134e+00,2.108048140184749286e+01
4.192956061241762455e+01,1.182201032838149590e+00,2.504562588661936218e+01
4.194875090302505782e+01,1.008670778691007630e+00,2.902954571805808470e+01
4.196491035710403850e+01,8.348321034744718983e-01,3.958837181100042102e+01
4.197946260693996123e+01,6.388153475265642145e-01,4.375530413797562801e+01
4.199014668635418701e+01,4.425497542931046691e-01,9.566408025566795459e+01
4.199753598637256857e+01,2.213297047621008706e-01,1.107241162277432096e+02
4.199999999999997868e+01,-4.274210568013811913e-17,7.736541516236411553e+02
