x,y,stress
7.999999999999995559e+00,6.257580279615785847e-16,9.823602785806150450e+02
8.002903758606427331e+00,2.033035354687775242e-01,1.463996237679855312e+02
8.011608543920635483e+00,4.064414049972742693e-01,1.215200683560035486e+02
8.024185126598558426e+00,5.865470935535371799e-01,5.692805975408808905e+01
8.041298536481180648e+00,7.662784852952440051e-01,5.052143187021129478e+01
8.061099246473085955e+00,9.317739763391172936e-01,3.700068960396763629e+01
8.084712414354255472e+00,1.096768694143195111e+00,3.154734626643938356e+01
8.112045055374638380e+00,1.260848168947260151e+00,2.628239998584609083e+01
8.143102128913762172e+00,1.424263658253411391e+00,2.265855294743376902e+01
8.177840312529747635e+00,1.586936459503959451e+00,1.953337706524299477e+01
8.216212017038397875e+00,1.748790757792573425e+00,1.727741057331058627e+01
8.258165714064180207e+00,1.909753832769659265e+00,1.532322901929369330e+01
8.303646275536829435e+00,2.069756224233073372e+00,1.369820252239863123e+01
8.352595326613498017e+00,2.228731880268081778e+00,1.231040972386059096e+01
8.404951605164480810e+00,2.386618274324482147e+00,1.111502904630750521e+01
8.460651316016743806e+00,2.543356471146447362e+00,1.007681935375759608e+01
8.519628480198180753e+00,2.698891162087798890e+00,9.163038634563411833e+00
8.581815277018344901e+00,2.853170675213307028e+00,8.327706467256483336e+00
8.647142398289755505e+00,3.006147012200902413e+00,7.622114746151908093e+00
8.715539348788325924e+00,3.157775758530353638e+00,6.982709297894747813e+00
8.786934756462231988e+00,3.308016039751051629e+00,6.411990014817617656e+00
8.861256667104013829e+00,3.456830458092857494e+00,5.882142095693802197e+00
8.938432794550614346e+00,3.604184960577248020e+00,5.422531939393779865e+00
9.018390788478637177e+00,3.750048769341975063e+00,5.001946968617684952e+00
9.101058452192843262e+00,3.894394239683349745e+00,4.622618519671036985e+00
9.186363973028031538e+00,4.037196768212184317e+00,4.279167545924059901e+00
9.274236057580537818e+00,4.178434567095592023e+00,3.968556346944353219e+00
9.364608103053791766e+00,4.318094602425331274e+00,3.687812692174597728e+00
9.457406676681364033e+00,4.456154302358468655e+00,3.434620653798175827e+00
9.552558907290254808e+00,4.592593784384744637e+00,3.206773233154347924e+00
9.650001195878090243e+00,4.727407368027522594e+00,3.003025963686779765e+00
9.749667183155450445e+00,4.860585503780223249e+00,2.821712167857302056e+00
9.851491798675146683e+00,4.992120647012745493e+00,2.661646913000784931e+00
9.955411327484158690e+00,5.122007119244460505e+00,2.521662628691535790e+00
1.006136347839072620e+01,5.250240990977126820e+00,2.400697871561059404e+00
1.016928742785319706e+01,5.376819951606565340e+00,2.297678534084139468e+00
1.027912380578547946e+01,5.501743131456119151e+00,2.211624170432652914e+00
1.039081474295839946e+01,5.625011016114719098e+00,2.141436012708615166e+00
1.050430393932915507e+01,5.746625392083362982e+00,2.086067996259050705e+00
1.061955493906050485e+01,5.866607981641604574e+00,2.044335584521727700e+00
1.073649665459306490e+01,5.984943377549071464e+00,2.015087394737367976e+00
1.085588532646306703e+01,6.102420653159275510e+00,1.996991693079102959e+00
1.097688389805097309e+01,6.218239158668808386e+00,1.989091328981191342e+00
1.109859426621766509e+01,6.331625775465668404e+00,1.990094056650034915e+00
1.122179608944165174e+01,6.443390094211817853e+00,1.998784624044088298e+00
1.134644344392399162e+01,6.553539839000269041e+00,2.014076462042264204e+00
1.147249197837708223e+01,6.662083418870333951e+00,2.034993548030809674e+00
1.159989846722591622e+01,6.769029500205068217e+00,2.060620757289491678e+00
1.172862138292858702e+01,6.874387462333969800e+00,2.090169360538587817e+00
1.185862084437337849e+01,6.978167292054659576e+00,2.122917789575306191e+00
1.198985725733103536e+01,7.080378482753146407e+00,2.158255153890213052e+00
1.212229264953395180e+01,7.181031111416747770e+00,2.195628866256026601e+00
1.225589049352825199e+01,7.280135654876512596e+00,2.234583129120498945e+00
1.239304134829149717e+01,7.379438332554236091e+00,2.275429131727872534e+00
1.253132377588416801e+01,7.477159152676780884e+00,2.317138964288167458e+00
1.266957166633208232e+01,7.572538482312007879e+00,2.359046456536849856e+00
1.280886540151357522e+01,7.666383885074432136e+00,2.401243130164577355e+00
1.294781978139220513e+01,7.757826540181885555e+00,2.443064041707342593e+00
1.308773855782964368e+01,7.847786655402708256e+00,2.484857171136940046e+00
1.322859263959757392e+01,7.936275223744952534e+00,2.526000171401260985e+00
1.337035383655376641e+01,8.023303201847824084e+00,2.567905954576870542e+00
1.351299490306695539e+01,8.108881538179744553e+00,2.609043958507410110e+00
1.365648939162390718e+01,8.193021086290693589e+00,2.648496950271834738e+00
1.380081168562829674e+01,8.275732630048034721e+00,2.687706958180342109e+00
1.394593704400387502e+01,8.357026911268979674e+00,2.726156330599984745e+00
1.409184143778275455e+01,8.436914540101216886e+00,2.763788657640380730e+00
1.423850163622007692e+01,8.515406048410564921e+00,2.800611386076447662e+00
1.438901056901110920e+01,8.594122740013080630e+00,2.837201367828268594e+00
1.454026076604202089e+01,8.671405595218150353e+00,2.873042148643858429e+00
1.469479516935109054e+01,8.748530902119417973e+00,2.908578502862618098e+00
1.485004977388598846e+01,8.824196006054865649e+00,2.942594641077470818e+00
1.500024024257719013e+01,8.895701185682822754e+00,2.974429753857991354e+00
1.515105888875916662e+01,8.965871747075034648e+00,3.005397252284306209e+00
1.530248700776706627e+01,9.034717209987091380e+00,3.035615134177366059e+00
1.545450645526972444e+01,9.102246939504158973e+00,3.064203107825160366e+00
1.560709960662004825e+01,9.168470133503472397e+00,3.091908443991199462e+00
1.576024933712892562e+01,9.233395820311690372e+00,3.118654490005984492e+00
1.591393900745692314e+01,9.297032858592663374e+00,3.144667047533263204e+00
1.606815244855975067e+01,9.359389936913757424e+00,3.169073863025220206e+00
1.622287397715798107e+01,9.420475585133356589e+00,3.192589545798686590e+00
1.637808826213155911e+01,9.480298127258786067e+00,3.215126058256872366e+00
1.653409864035902643e+01,9.538983974975451474e+00,3.237201422268576323e+00
1.669057428156827427e+01,9.596417791829487953e+00,3.257512219545268373e+00
1.685871298899623127e+01,9.656568652455389312e+00,3.278394784484549351e+00
1.702735246889177745e+01,9.715300929703989397e+00,3.298057675388441190e+00
1.718808386641870456e+01,9.769816154809941366e+00,3.315725892852402268e+00
1.734923893140847895e+01,9.823065938983972956e+00,3.332391386893493124e+00
1.750758174932425248e+01,9.874034299868627684e+00,3.347767238176772686e+00
1.766630627039997847e+01,9.923801260255569190e+00,3.362211947017308855e+00
1.782540042471493180e+01,9.972373540156000971e+00,3.375737194411160047e+00
1.798485248428415773e+01,1.001975770402030008e+01,3.388365386516795308e+00
1.814465096651318987e+01,1.006596013519394006e+01,3.400120268591320993e+00
1.830478465620359430e+01,1.011098704731714548e+01,3.411021413387334889e+00
1.846524261519363819e+01,1.015484449076324402e+01,3.421092659528773616e+00
1.862601409722891077e+01,1.019753833329622950e+01,3.430357741024026019e+00
1.878708861433305088e+01,1.023907428263484576e+01,3.438844334306182748e+00
1.894845590254302437e+01,1.027945788063720300e+01,3.446582938189857614e+00
1.911176486428588817e+01,1.031909090530809614e+01,3.453652693463099776e+00
1.927535222570388029e+01,1.035755868803499880e+01,3.460037459677236082e+00
1.945295368754697307e+01,1.039794089645568143e+01,3.466170250144241294e+00
1.963085809443433760e+01,1.043696686290562425e+01,3.471488324800671599e+00
1.979753293305886430e+01,1.047224948924859866e+01,3.475827037010645437e+00
1.996445246862943179e+01,1.050635572811671281e+01,3.479568092128978662e+00
2.012765581412365279e+01,1.053852574967999978e+01,3.482673813253131190e+00
2.029107457015893701e+01,1.056958301168820391e+01,3.485269384730053766e+00
2.045470013311355828e+01,1.059953157931026446e+01,3.487382530847881412e+00
2.061852405806513744e+01,1.062837536810762984e+01,3.489043651144529079e+00
2.078253803585193893e+01,1.065611814197354867e+01,3.490288986715424091e+00
2.094673386889092370e+01,1.068276351149953385e+01,3.491147793842122926e+00
2.111110349927550800e+01,1.070831494095862269e+01,3.491654520845900223e+00
2.127563896919733111e+01,1.073277574399408962e+01,3.491839870039965987e+00
2.144033241975593995e+01,1.075614908593284724e+01,3.491737517815913794e+00
2.160517613713150809e+01,1.077843799208932474e+01,3.491383776248702553e+00
2.177145308124367773e+01,1.079980690907742868e+01,3.490790111396489870e+00
2.193786717845971879e+01,1.082008008537296995e+01,3.490029573724810597e+00
2.211964417451312670e+01,1.084095936531337401e+01,3.489002287113553979e+00
2.230156566584061295e+01,1.086053977729276632e+01,3.487774305769446581e+00
2.247450998528122668e+01,1.087794026949748805e+01,3.486513233940144119e+00
2.264756774436949627e+01,1.089417379613324144e+01,3.485174673181775873e+00
2.281328315549675878e+01,1.090861863675722176e+01,3.483855838847580433e+00
2.297908794136441202e+01,1.092199863337355481e+01,3.482531463995266918e+00
2.314497509988801838e+01,1.093431549540232695e+01,3.481215650880375545e+00
2.331093766514537080e+01,1.094557079368977881e+01,3.479928377269847051e+00
2.347696873006622553e+01,1.095576596319498819e+01,3.478696443892777879e+00
2.364306142585571635e+01,1.096490230233464125e+01,3.477533459568557195e+00
2.380920892558270907e+01,1.097298097399231587e+01,3.476457426746331958e+00
2.397540443663759646e+01,1.098000300573446530e+01,3.475484280774808532e+00
2.414164119632611261e+01,1.098596929019919877e+01,3.474635322023158501e+00
2.430791246913314296e+01,1.099088058548103142e+01,3.473921972387421953e+00
2.447439402589316160e+01,1.099474116847650862e+01,3.473379088245162727e+00
2.464089672351853721e+01,1.099754556216461054e+01,3.472999393918504207e+00
2.482044416757211636e+01,1.099938641322155952e+01,3.472747332983840973e+00
2.500000000000006750e+01,1.099999999999999467e+01,3.472655691032394909e+00
2.517955583242800088e+01,1.099938641322156307e+01,3.472750032954925015e+00
2.535910327648155871e+01,1.099754556216460699e+01,3.473004069003212457e+00
2.552560597410699117e+01,1.099474116847650151e+01,3.473395878213569876e+00
2.569208753086696717e+01,1.099088058548102786e+01,3.473958552309191816e+00
2.585835880367399753e+01,1.098596929019919699e+01,3.474658738548131787e+00
2.602459556336251367e+01,1.098000300573445998e+01,3.475490100974691465e+00
2.619079107441742238e+01,1.097298097399230521e+01,3.476445590131228780e+00
2.635693857414443642e+01,1.096490230233463414e+01,3.477504406673000314e+00
2.652303126993392368e+01,1.095576596319498108e+01,3.478658415007535698e+00
2.668906233485478197e+01,1.094557079368976638e+01,3.479881818413108174e+00
2.685502490011214149e+01,1.093431549540231096e+01,3.481161835294193541e+00
2.702091205863575496e+01,1.092199863337353882e+01,3.482470495811365918e+00
2.718671684450339754e+01,1.090861863675720933e+01,3.483787422523529465e+00
2.735243225563066005e+01,1.089417379613322368e+01,3.485098308319024785e+00
2.752549001471896517e+01,1.087794026949746318e+01,3.486425523822839878e+00
2.769843433415961087e+01,1.086053977729274145e+01,3.487675324416842138e+00
2.788035582548711488e+01,1.084095936531334914e+01,3.488891040504861429e+00
2.806213282154054411e+01,1.082008008537293442e+01,3.489904367404731644e+00
2.822854691875659228e+01,1.079980690907738783e+01,3.490655273212523113e+00
2.839482386286876547e+01,1.077843799208928566e+01,3.491238571400002044e+00
2.855966758024431584e+01,1.075614908593280994e+01,3.491584957974002812e+00
2.872436103080291403e+01,1.073277574399404877e+01,3.491679339854900643e+00
2.888889650072474069e+01,1.070831494095857828e+01,3.491489155361856334e+00
2.905326613110933209e+01,1.068276351149948944e+01,3.490977194316670751e+00
2.921746196414831331e+01,1.065611814197350249e+01,3.490115614526309695e+00
2.938147594193512901e+01,1.062837536810758188e+01,3.488866767143580461e+00
2.954529986688671173e+01,1.059953157931021295e+01,3.487203982429470273e+00
2.970892542984132589e+01,1.056958301168814884e+01,3.485088698099961135e+00
2.987234418587661366e+01,1.053852574967994471e+01,3.482493312901175031e+00
3.003554753137083466e+01,1.050635572811665241e+01,3.479387969730858288e+00
3.020246706694139505e+01,1.047224948924853827e+01,3.475646472543409082e+00
3.036914190556591109e+01,1.043696686290556563e+01,3.471308877699855966e+00
3.054704631245324364e+01,1.039794089645562813e+01,3.465989056730744089e+00
3.072464777429630090e+01,1.035755868803494906e+01,3.459851731100934913e+00
3.088823513571427881e+01,1.031909090530804818e+01,3.453468460026408504e+00
3.105154409745712840e+01,1.027945788063716037e+01,3.446398032711384563e+00
3.121291138566709478e+01,1.023907428263480313e+01,3.438659534267197948e+00
3.137398590277123844e+01,1.019753833329618509e+01,3.430171274675742676e+00
3.153475738480650037e+01,1.015484449076319784e+01,3.420903445073355531e+00
3.169521534379654426e+01,1.011098704731710107e+01,3.410828140326418900e+00
3.185534903348693803e+01,1.006596013519389565e+01,3.399924034494883784e+00
3.201514751571595951e+01,1.001975770402025212e+01,3.388164224150859383e+00
3.217459957528519965e+01,9.972373540155949456e+00,3.375529765667327542e+00
3.233369372960014942e+01,9.923801260255519452e+00,3.361996139839233511e+00
3.249241825067586831e+01,9.874034299868579723e+00,3.347546402318626324e+00
3.265076106859163474e+01,9.823065938983921441e+00,3.332163350165404658e+00
3.281191613358139136e+01,9.769816154809895181e+00,3.315488089338465727e+00
3.297264753110830071e+01,9.715300929703952093e+00,3.297808018772104610e+00
3.314128701100384689e+01,9.656568652455352009e+00,3.278119538397316735e+00
3.330942571843178968e+01,9.596417791829448873e+00,3.257240076825469011e+00
3.346590135964103752e+01,9.538983974975410618e+00,3.236687854734776604e+00
3.362191173786850840e+01,9.480298127258746987e+00,3.215132080658385849e+00
3.377712602284208998e+01,9.420475585133317509e+00,3.192582551489241194e+00
3.393184755144031328e+01,9.359389936913714791e+00,3.168993614681818283e+00
3.408606099254314614e+01,9.297032858592615412e+00,3.144361515078400338e+00
3.423975066287116675e+01,9.233395820311642410e+00,3.118677567401246797e+00
3.439290039338003879e+01,9.168470133503422659e+00,3.091944377649784137e+00
3.454549354473035550e+01,9.102246939504109235e+00,3.064156827215223089e+00
3.469751299223301544e+01,9.034717209987036313e+00,3.035321483326562486e+00
3.484894111124092575e+01,8.965871747074981357e+00,3.005439787437605759e+00
3.499975975742290046e+01,8.895701185682769463e+00,2.974520991952231963e+00
3.514995022611409325e+01,8.824196006054807029e+00,2.942582278703847809e+00
3.530520483064901072e+01,8.748530902119350472e+00,2.908363299469750363e+00
3.545973923395809635e+01,8.671405595218075746e+00,2.873060148851572571e+00
3.561098943098900094e+01,8.594122740013013129e+00,2.837326176351287810e+00
3.576149836377999947e+01,8.515406048410504525e+00,2.800613812389494583e+00
3.590815856221732361e+01,8.436914540101151161e+00,2.763741699586743650e+00
3.605406295599621558e+01,8.357026911268915725e+00,2.726013038815524592e+00
3.619918831437177431e+01,8.275732630047979654e+00,2.687474064580020361e+00
3.634351060837614256e+01,8.193021086290642074e+00,2.648178966179713267e+00
3.648700509693309613e+01,8.108881538179691262e+00,2.608200861527681269e+00
3.662964616344628865e+01,8.023303201847772570e+00,2.567616027412249924e+00
3.677140736040248470e+01,7.936275223744900131e+00,2.526524361087283399e+00
3.691226144217041849e+01,7.847786655402646083e+00,2.485031613827600960e+00
3.705218021860785171e+01,7.757826540181825159e+00,2.443272598749708813e+00
3.719113459848648517e+01,7.666383885074375293e+00,2.401397764204780128e+00
3.733042833366798163e+01,7.572538482311943930e+00,2.359190009183734116e+00
3.746867622411589593e+01,7.477159152676708942e+00,2.317265072976048224e+00
3.760695865170857388e+01,7.379438332554159707e+00,2.275549125571951770e+00
3.774410950647183682e+01,7.280135654876430884e+00,2.234695418504511810e+00
3.787770735046612458e+01,7.181031111416670498e+00,2.195741776660717459e+00
3.801014274266903215e+01,7.080378482753066471e+00,2.158365978055136303e+00
3.814137915562668724e+01,6.978167292054579640e+00,2.123029051397491873e+00
3.827137861707148403e+01,6.874387462333894305e+00,2.090278668168024989e+00
3.840010153277414418e+01,6.769029500204995387e+00,2.060727526353621109e+00
3.852750802162297816e+01,6.662083418870254015e+00,2.035095947450190845e+00
3.865355655607606877e+01,6.553539839000184664e+00,2.014168837895521147e+00
3.877820391055841753e+01,6.443390094211731700e+00,1.998865486384205914e+00
3.890140573378240418e+01,6.331625775465573369e+00,1.990159504440387694e+00
3.902311610194909974e+01,6.218239158668702693e+00,1.989140976479634615e+00
3.914411467353700402e+01,6.102420653159172481e+00,1.997017849475358764e+00
3.926350334540700970e+01,5.984943377548973764e+00,2.015093260960211907e+00
3.938044506093956443e+01,5.866607981641504210e+00,2.044326491039070159e+00
3.949569606067090888e+01,5.746625392083255512e+00,2.086050742340474162e+00
3.960918525704166626e+01,5.625011016114609852e+00,2.141409433489316338e+00
3.972087619421458982e+01,5.501743131456009905e+00,2.211601549377273379e+00
3.983071257214685801e+01,5.376819951606468528e+00,2.297669990795271122e+00
3.993863652160931821e+01,5.250240990977030897e+00,2.400720450173194465e+00
4.004458867251588572e+01,5.122007119244365470e+00,2.521702215026762506e+00
4.014850820132490128e+01,4.992120647012652235e+00,2.661714533769742097e+00
4.025033281684459752e+01,4.860585503780129990e+00,2.821746116166462759e+00
4.034999880412194528e+01,4.727407368027427559e+00,3.003032569508805594e+00
4.044744109270978072e+01,4.592593784384654043e+00,3.206766323916236505e+00
4.054259332331866261e+01,4.456154302358391384e+00,3.434521612697259307e+00
4.063539189694623843e+01,4.318094602425246897e+00,3.687929404717863235e+00
4.072576394241949060e+01,4.178434567095496988e+00,3.969110422709817954e+00
4.081363602697198445e+01,4.037196768212099940e+00,4.280316471358155184e+00
4.089894154780717628e+01,3.894394239683273362e+00,4.624523534715273776e+00
4.098160921152138059e+01,3.750048769341895571e+00,5.004984649442973499e+00
4.106156720544939276e+01,3.604184960577163199e+00,5.425875600856032932e+00
4.113874333289599861e+01,3.456830458092766456e+00,5.891850033510301898e+00
4.121306524353779110e+01,3.308016039750952153e+00,6.408921236040899139e+00
4.128446065121168118e+01,3.157775758530264376e+00,6.983925743728721436e+00
4.135285760171024805e+01,3.006147012200811375e+00,7.625757780267209185e+00
4.141818472298166398e+01,2.853170675213215990e+00,8.344603404635453359e+00
4.148037151980182813e+01,2.698891162087705187e+00,9.154204255652556910e+00
4.153934868398325619e+01,2.543356471146361653e+00,1.007069852793087428e+01
4.159504839483551564e+01,2.386618274324404876e+00,1.111618840847673795e+01
4.164740467338648955e+01,2.228731880268011167e+00,1.231758157691724165e+01
4.169635372446315813e+01,2.069756224233009423e+00,1.371363769829386747e+01
4.174183428593580913e+01,1.909753832769588877e+00,1.535085365132413315e+01
4.178378798296158436e+01,1.748790757792497930e+00,1.730904156220104539e+01
4.182215968747023283e+01,1.586936459503876407e+00,1.965827190138548630e+01
4.185689787108622539e+01,1.424263658253319242e+00,2.263370331742037322e+01
4.188795494462534919e+01,1.260848168947180659e+00,2.619693278896425426e+01
4.191528758564572144e+01,1.096768694143131828e+00,3.151473481902174711e+01
4.193890075352688029e+01,9.317739763390805452e-01,3.686922898188416298e+01
4.195870146351879271e+01,7.662784852952316816e-01,5.055428496677670580e+01
4.197581487340141138e+01,5.865470935535241903e-01,5.658143865535595296e+01
4.198839145607932721e+01,4.064414049972576159e-01,1.219071136053017881e+02
4.199709624139353537e+01,2.033035354687696694e-01,1.457949749159469377e+02
4.199999999999997868e+01,-3.938312622325279846e-17,9.825984127047528318e+02
