x,y,stress
6.999999999999997335e+00,5.076925639060864879e-16,9.188107517059788734e+02
7.003771369939681080e+00,1.842247910824666435e-01,1.273760578179004028e+02
7.015065018120587581e+00,3.681418536278980858e-01,1.116968660333887300e+02
7.031765148126379650e+00,5.344474501563026836e-01,4.844912407990999981e+01
7.054531995138330736e+00,7.000318004359119550e-01,4.428548395632384427e+01
7.082958072634681912e+00,8.630771363315947742e-01,3.105256124476176538e+01
7.117121211623778976e+00,1.025017834020937713e+00,2.627349046772309293e+01
7.156886508853227191e+00,1.185675012604223921e+00,2.144820639210272617e+01
7.202102799794876553e+00,1.344884312025646400e+00,1.828211416037602177e+01
7.252605457532826705e+00,1.502496834772583778e+00,1.551909400905784331e+01
7.308219205812136465e+00,1.658379655748762893e+00,1.356133817862346902e+01
7.368760848287110754e+00,1.812415927367852841e+00,1.189240113835323953e+01
7.434041839094743587e+00,1.964504637900235107e+00,1.051353899403869896e+01
7.503870646503621344e+00,2.114560098798476062e+00,9.295397466226864580e+00
7.578054857017036738e+00,2.262511184220559191e+00,8.325752247002817796e+00
7.656403013519786249e+00,2.408300415778442893e+00,7.470314365396554024e+00
7.738726178594217409e+00,2.551882935326950097e+00,6.732899176111899919e+00
7.824839220739089996e+00,2.693225399337098924e+00,6.088753505142881828e+00
7.914561853859567009e+00,2.832304863287562480e+00,5.524297873579312679e+00
8.007719445429847482e+00,2.969107675496851062e+00,5.027314094413190659e+00
8.104143596002119310e+00,3.103628375606683143e+00,4.588460397109269451e+00
8.203672527042423113e+00,3.235868639993389806e+00,4.199805353228025062e+00
8.306151464156405595e+00,3.365836488241549240e+00,3.855095953852688329e+00
8.411432713041330445e+00,3.493545311214840687e+00,3.548862611673636369e+00
8.519375508144991116e+00,3.619012861211916121e+00,3.276831774442257927e+00
8.629846125331718909e+00,3.742260751193160928e+00,3.035126961782122823e+00
8.742717783546014587e+00,3.863313828003398509e+00,2.820711115005178016e+00
8.857870370849090236e+00,3.982199487584983100e+00,2.630751041705229998e+00
8.975190223177170523e+00,4.098947170208573354e+00,2.463016864484024016e+00
9.094569847331934298e+00,4.213587890936818958e+00,2.315369172935461517e+00
9.215907816425051635e+00,4.326154006170154886e+00,2.186094580003683507e+00
9.339108369712182167e+00,4.436678750607852884e+00,2.073508278748471323e+00
9.464081037194551627e+00,4.545195869848245529e+00,1.976215409273166745e+00
9.590740553853851935e+00,4.651739548850401640e+00,1.892816431444295233e+00
9.719006384365941997e+00,4.756344029791979899e+00,1.822106307265321412e+00
9.848888729499661210e+00,4.859110702302367635e+00,1.762828607650112955e+00
9.980231697891754905e+00,4.960004036061475219e+00,1.713960660751554288e+00
1.011287929762842452e+01,5.058992913441858086e+00,1.674432583500777838e+00
1.024685414798049621e+01,5.156178029050193068e+00,1.643238505188783005e+00
1.038209640976380044e+01,5.251592487678371945e+00,1.619413062106646040e+00
1.051854880833458061e+01,5.345268266967811321e+00,1.602100875447891593e+00
1.065615748661486606e+01,5.437236935043508801e+00,1.590478206421397811e+00
1.079487174990521048e+01,5.527529543077064567e+00,1.583803523627406173e+00
1.093464352027429420e+01,5.616176348242595040e+00,1.581392727498455608e+00
1.107542738278606365e+01,5.703206936188092158e+00,1.582639829201710979e+00
1.121718031565671403e+01,5.788650135154119525e+00,1.586989093460606570e+00
1.135986156961074478e+01,5.872534027143184510e+00,1.594035575375781111e+00
1.150343253350630945e+01,5.954885948160218767e+00,1.603014177112341176e+00
1.164785659568202902e+01,6.035732484763720151e+00,1.614670135952307684e+00
1.179636913485622074e+01,6.116864637561929108e+00,1.627129831919476688e+00
1.194570198816040651e+01,6.196476890501586787e+00,1.641115616786668951e+00
1.209251702649522109e+01,6.272895728622552625e+00,1.655761891168845867e+00
1.224005508750352611e+01,6.347909219381908663e+00,1.671210132944522142e+00
1.238828797003884929e+01,6.421540307304260509e+00,1.687180175482975164e+00
1.253718877140060073e+01,6.493811212999203164e+00,1.703567342562211318e+00
1.268673188495709248e+01,6.564743489411213773e+00,1.720224484679296006e+00
1.283689296443501959e+01,6.634358055633371443e+00,1.737050730610832705e+00
1.298764882690719524e+01,6.702675199021207675e+00,1.753927417850904780e+00
1.313897726291713752e+01,6.769714536640437430e+00,1.770825169038535263e+00
1.329085706887723184e+01,6.835495077507878214e+00,1.787517277181947639e+00
1.344326809887656360e+01,6.900035285517673422e+00,1.804458009459677159e+00
1.359623805982380063e+01,6.963372272322311929e+00,1.821106420508401991e+00
1.374970178572291069e+01,7.025503364347526869e+00,1.837211908466045429e+00
1.391243889238203835e+01,7.089886964628518307e+00,1.854032453167045791e+00
1.407568802091355487e+01,7.152961061399474296e+00,1.870495572781736504e+00
1.423223417022929205e+01,7.212059675211068388e+00,1.885878829692876346e+00
1.438921499686155592e+01,7.269993837981780338e+00,1.900892745893411506e+00
1.454490385007343711e+01,7.326168242945809261e+00,1.915363530573420681e+00
1.470098883088789066e+01,7.381232433315319419e+00,1.929436322405391868e+00
1.485745634252390523e+01,7.435200201679027288e+00,1.943104600971104157e+00
1.501429325169996609e+01,7.488084880945111266e+00,1.956358393386495642e+00
1.517148702104604219e+01,7.539899412832600234e+00,1.969179662002645603e+00
1.532902548793326858e+01,7.590656295521416297e+00,1.981569442748644994e+00
1.548689693264063472e+01,7.640367629077114309e+00,1.993653426883049917e+00
1.564509019793865718e+01,7.689045171464668371e+00,2.005150535947149315e+00
1.580359445206164359e+01,7.736700281739117280e+00,2.016235514755825076e+00
1.596239929076370245e+01,7.783343969985065058e+00,2.026900114184160273e+00
1.612422415861776059e+01,7.829760584039836324e+00,2.037592290183683819e+00
1.628633939524478436e+01,7.875152678918943217e+00,2.047499693967936185e+00
1.646108759802625698e+01,7.922862093199320555e+00,2.057787669230656036e+00
1.663614874330713889e+01,7.969410143729538376e+00,2.067550753669316510e+00
1.679866329651918377e+01,8.011524141449900327e+00,2.076177012249753151e+00
1.696142807942343822e+01,8.052660452883225517e+00,2.084400848644849980e+00
1.712213239412817600e+01,8.092267945149171027e+00,2.092113209475599422e+00
1.728306380820837163e+01,8.130942377913772390e+00,2.099444064445884273e+00
1.744421473555316737e+01,8.168691894017792166e+00,2.106394650918067324e+00
1.760557773930532122e+01,8.205524349950811924e+00,2.112978854151929653e+00
1.776714560229104123e+01,8.241447343481937082e+00,2.119203129137708252e+00
1.792891140216239876e+01,8.276468238952089607e+00,2.125080939607830288e+00
1.809086840926370954e+01,8.310594152373969479e+00,2.130641148226112502e+00
1.825301001532271883e+01,8.343831945615040269e+00,2.135870303118623692e+00
1.841532981871974073e+01,8.376188253074282386e+00,2.140782699062444117e+00
1.857782161016848121e+01,8.407669485790648878e+00,2.145390437397483474e+00
1.874267152113278811e+01,8.438688291250558748e+00,2.149747207248899006e+00
1.890768572957255600e+01,8.468820856978052092e+00,2.153823196675403562e+00
1.908907314805607314e+01,8.500896184387972454e+00,2.157965270589072837e+00
1.927064376951338431e+01,8.531917679868106674e+00,2.161762124666095630e+00
1.944261646353024986e+01,8.560307941724040859e+00,2.165078214142223789e+00
1.961474027941707732e+01,8.587767139103547720e+00,2.168126677215134190e+00
1.977832112609056736e+01,8.612985396158633122e+00,2.170792280693254028e+00
1.994202772953564562e+01,8.637373971746468371e+00,2.173245349934227466e+00
2.010585514284692366e+01,8.660937393221384895e+00,2.175492412321883062e+00
2.026979851819861622e+01,8.683680008233315206e+00,2.177542911405013104e+00
2.043385310434264568e+01,8.705605988776405013e+00,2.179410515387273151e+00
2.059801425391939844e+01,8.726719336201075095e+00,2.181102912569943264e+00
2.076227740638671904e+01,8.747023882721185473e+00,2.182632835536737037e+00
2.092663808103125334e+01,8.766523294286837853e+00,2.184008156036229220e+00
2.109109188298795345e+01,8.785221074804507424e+00,2.185240027338341662e+00
2.125563448729318594e+01,8.803120567549491682e+00,2.186337863881854915e+00
2.142027046515434918e+01,8.820225853930178772e+00,2.187306068236467560e+00
2.158498682196570684e+01,8.836538985850905803e+00,2.188167851236916484e+00
2.176058682493215812e+01,8.853053177875930047e+00,2.188960079277742388e+00
2.193626851009443257e+01,8.868674497321466177e+00,2.189644161359062924e+00
2.212252425713697690e+01,8.884257613177853230e+00,2.190261383300015741e+00
2.230886063510507711e+01,8.898844994137057540e+00,2.190759686298848763e+00
2.247758013825778534e+01,8.911192373093065555e+00,2.191138332856485960e+00
2.264635702405189477e+01,8.922728909108606388e+00,2.191461277681287179e+00
2.281153668404477486e+01,8.933233293644551765e+00,2.191722696185914643e+00
2.297676364957264639e+01,8.942965317364103939e+00,2.191938596754779311e+00
2.314203421075621492e+01,8.951926651928056700e+00,2.192115734032268559e+00
2.330734468319885622e+01,8.960118832617462559e+00,2.192256906197272759e+00
2.347269141562382799e+01,8.967543260114368309e+00,2.192370001392352385e+00
2.363807078567241149e+01,8.974201201432366659e+00,2.192456956002503787e+00
2.380347919310651150e+01,8.980093790694372302e+00,2.192525049393069025e+00
2.396891306252929965e+01,8.985222030191810205e+00,2.192575509065148420e+00
2.413436883658811283e+01,8.989586790961665130e+00,2.192613147252377992e+00
2.429984297304644514e+01,8.993188813452201558e+00,2.192640884856351668e+00
2.446659143943204739e+01,8.996047400212944467e+00,2.192658080862757153e+00
2.463335136903546996e+01,8.998132706031450212e+00,2.192678976916810463e+00
2.481667330687667672e+01,8.999533200721970161e+00,2.192694063093575618e+00
2.500000000000010303e+01,8.999999999999994671e+00,2.192692771355772674e+00
2.518332669312350802e+01,8.999533200721966608e+00,2.192692209021481986e+00
2.536664863096468636e+01,8.998132706031448436e+00,2.192675438691459089e+00
2.553340856056814800e+01,8.996047400212942691e+00,2.192653291904612445e+00
2.570015702695366144e+01,8.993188813452198005e+00,2.192634840423985043e+00
2.586563116341200086e+01,8.989586790961661578e+00,2.192605823504470752e+00
2.603108693747081759e+01,8.985222030191806653e+00,2.192567107488418543e+00
2.619652080689360218e+01,8.980093790694368749e+00,2.192515274063196795e+00
2.636192921432771286e+01,8.974201201432363106e+00,2.192445726381353488e+00
2.652730858437628214e+01,8.967543260114361203e+00,2.192355749232798967e+00
2.669265531680124681e+01,8.960118832617457230e+00,2.192239598781932308e+00
2.685796578924387035e+01,8.951926651928049594e+00,2.192092888980897936e+00
2.702323635042742467e+01,8.942965317364100386e+00,2.191909640022973615e+00
2.718846331595529975e+01,8.933233293644542883e+00,2.191684161908744155e+00
2.735364297594818339e+01,8.922728909108599282e+00,2.191412692277197483e+00
2.752241986174230703e+01,8.911192373093056673e+00,2.191077487979312455e+00
2.769113936489502947e+01,8.898844994137046882e+00,2.190686030549868324e+00
2.787747574286311547e+01,8.884257613177844348e+00,2.190175205681604620e+00
2.806373148990564559e+01,8.868674497321457295e+00,2.189545057561868457e+00
2.823941317506791648e+01,8.853053177875922941e+00,2.188852327596232605e+00
2.841501317803438553e+01,8.836538985850895145e+00,2.188051570477508534e+00
2.857972953484573964e+01,8.820225853930166338e+00,2.187187156454835524e+00
2.874436551270691353e+01,8.803120567549479247e+00,2.186217578802250205e+00
2.890890811701214602e+01,8.785221074804493213e+00,2.185122877097351868e+00
2.907336191896885680e+01,8.766523294286821866e+00,2.183894879007328260e+00
2.923772259361339465e+01,8.747023882721165933e+00,2.182524037192495214e+00
2.940198574608072946e+01,8.726719336201055555e+00,2.180998919062948627e+00
2.956614689565747511e+01,8.705605988776385473e+00,2.179309654399713914e+00
2.973020148180149036e+01,8.683680008233295666e+00,2.177445094656019986e+00
2.989414485715317582e+01,8.660937393221365355e+00,2.175395229906715855e+00
3.005797227046446096e+01,8.637373971746448831e+00,2.173148646748551904e+00
3.022167887390951790e+01,8.612985396158618911e+00,2.170694547627742388e+00
3.038525972058299729e+01,8.587767139103531733e+00,2.168027396815735308e+00
3.055738353646982475e+01,8.560307941724024872e+00,2.164974307782019380e+00
3.072935623048668674e+01,8.531917679868092463e+00,2.161653524353397415e+00
3.091092685194396950e+01,8.500896184387961796e+00,2.157850500729423970e+00
3.109231427042746532e+01,8.468820856978043210e+00,2.153701603331592107e+00
3.125732847886720833e+01,8.438688291250553419e+00,2.149621120299693988e+00
3.142217838983150102e+01,8.407669485790648878e+00,2.145260315141706453e+00
3.158467018128023085e+01,8.376188253074284162e+00,2.140653217070214165e+00
3.174698998467724920e+01,8.343831945615042045e+00,2.135741537406747881e+00
3.190913159073625494e+01,8.310594152373967702e+00,2.130512152560219086e+00
3.207108859783757282e+01,8.276468238952089607e+00,2.124954187525356364e+00
3.223285439770894101e+01,8.241447343481935306e+00,2.119058669653787863e+00
3.239442226069466813e+01,8.205524349950808372e+00,2.112814462559998052e+00
3.255578526444682552e+01,8.168691894017785060e+00,2.106214851920515496e+00
3.271693619179162482e+01,8.130942377913767061e+00,2.099247881525738713e+00
3.287786760587182044e+01,8.092267945149163921e+00,2.091906864751729600e+00
3.303857192057655823e+01,8.052660452883218412e+00,2.084182945352829996e+00
3.320133670348081267e+01,8.011524141449891445e+00,2.075950489501963592e+00
3.336385125669286111e+01,7.969410143729528606e+00,2.067314102310317647e+00
3.353891240197371815e+01,7.922862093199317002e+00,2.057537832720710114e+00
3.371366060475516946e+01,7.875152678918947657e+00,2.047247386109462219e+00
3.387577584138218612e+01,7.829760584039842541e+00,2.037232637673072055e+00
3.403760070923625847e+01,7.783343969985069499e+00,2.026790719464825585e+00
3.419640554793831910e+01,7.736700281739119944e+00,2.016091338970009694e+00
3.435490980206130729e+01,7.689045171464670148e+00,2.004966568839460894e+00
3.451310306735932443e+01,7.640367629077114309e+00,1.993412050517016976e+00
3.467097451206669945e+01,7.590656295521417185e+00,1.981426922003165281e+00
3.482851297895392406e+01,7.539899412832600234e+00,1.969013254863160478e+00
3.498570674830000371e+01,7.488084880945113042e+00,1.956172220269221551e+00
3.514254365747604680e+01,7.435200201679030840e+00,1.942909511680309897e+00
3.529901116911206316e+01,7.381232433315326524e+00,1.929230223243762588e+00
3.545509614992651137e+01,7.326168242945815479e+00,1.915144239838015627e+00
3.561078500313839612e+01,7.269993837981787443e+00,1.900661763657686576e+00
3.576776582977064578e+01,7.212059675211077270e+00,1.885633181302798445e+00
3.592431197908638296e+01,7.152961061399487619e+00,1.870233057269922394e+00
3.608756110761790836e+01,7.089886964628528077e+00,1.853759821579642919e+00
3.625029821427704491e+01,7.025503364347532198e+00,1.836924469351187028e+00
3.640376194017613187e+01,6.963372272322322587e+00,1.820699155952358206e+00
3.655673190112336357e+01,6.900035285517693850e+00,1.804233973789386436e+00
3.670914293112269178e+01,6.835495077507896866e+00,1.787570514325036219e+00
3.686102273708278432e+01,6.769714536640458746e+00,1.770756902800902699e+00
3.701235117309273193e+01,6.702675199021228103e+00,1.753854166933523029e+00
3.716310703556491291e+01,6.634358055633392759e+00,1.736933551505870588e+00
3.731326811504282404e+01,6.564743489411238642e+00,1.720079566470847920e+00
3.746281122859931401e+01,6.493811212999230698e+00,1.703389195574699144e+00
3.761171202996105478e+01,6.421540307304289819e+00,1.686976720592475720e+00
3.775994491249637974e+01,6.347909219381941526e+00,1.670975948755483609e+00
3.790748297350468476e+01,6.272895728622584599e+00,1.655542807881142497e+00
3.805429801183949934e+01,6.196476890501621426e+00,1.640855006586461995e+00
3.820363086514368689e+01,6.116864637561960194e+00,1.626829748914035312e+00
3.835214340431789282e+01,6.035732484763746797e+00,1.614073010559476051e+00
3.849656746649361594e+01,5.954885948160244524e+00,1.603100677241484640e+00
3.864013843038917884e+01,5.872534027143214708e+00,1.593948893032254288e+00
3.878281968434319538e+01,5.788650135154157716e+00,1.586986859787142823e+00
3.892457261721384043e+01,5.703206936188133902e+00,1.582649364205542586e+00
3.906535647972561520e+01,5.616176348242635008e+00,1.581413065675161711e+00
3.920512825009470959e+01,5.527529543077100982e+00,1.583833860045062547e+00
3.934384251338504868e+01,5.437236935043547881e+00,1.590508060368741372e+00
3.948145119166532879e+01,5.345268266967853954e+00,1.602131884823505992e+00
3.961790359023610364e+01,5.251592487678421683e+00,1.619434881476897292e+00
3.975314585201940787e+01,5.156178029050241918e+00,1.643250461188191514e+00
3.988712070237147600e+01,5.058992913441903383e+00,1.674428120349760629e+00
4.001976830210816161e+01,4.960004036061515187e+00,1.713940293087118594e+00
4.015111127050025885e+01,4.859110702302412044e+00,1.762791860099573560e+00
4.028099361563398162e+01,4.756344029792019867e+00,1.822053649083430704e+00
4.040925944614606635e+01,4.651739548850446049e+00,1.892743938484238608e+00
4.053591896280536844e+01,4.545195869848290826e+00,1.976129684367586847e+00
4.066089163028774323e+01,4.436678750607891963e+00,2.073420001911679300e+00
4.078409218357489152e+01,4.326154006170183308e+00,2.186015089348715801e+00
4.090543015266801063e+01,4.213587890936846492e+00,2.315309925986035466e+00
4.102480977682278507e+01,4.098947170208592894e+00,2.463001877295211806e+00
4.114212962915085825e+01,3.982199487585005748e+00,2.630823042630925368e+00
4.125728221645393745e+01,3.863313828003422046e+00,2.820910838751847560e+00
4.137015387466822602e+01,3.742260751193184021e+00,3.035508388440182337e+00
4.148062449185497513e+01,3.619012861211927667e+00,3.277461910536193290e+00
4.158856728695862870e+01,3.493545311214862004e+00,3.549819900471025580e+00
4.169384853584355000e+01,3.365836488241567892e+00,3.856497062030242784e+00
4.179632747295753603e+01,3.235868639993414675e+00,4.201784408240504476e+00
4.189585640399784694e+01,3.103628375606700018e+00,4.591225311959369115e+00
4.199228055457010811e+01,2.969107675496872822e+00,5.031041626003697864e+00
4.208543814614039746e+01,2.832304863287581131e+00,5.529394479880261670e+00
4.217516077926086382e+01,2.693225399337126014e+00,6.095710665605368561e+00
4.226127382140574440e+01,2.551882935326975854e+00,6.742479130815494770e+00
4.234359698648017201e+01,2.408300415778475756e+00,7.484753885381848271e+00
4.242194514298292063e+01,2.262511184220589389e+00,8.342847443836399535e+00
4.249612935349632892e+01,2.114560098798507148e+00,9.340853886797741978e+00
4.256595816090521822e+01,1.964504637900262640e+00,1.051568933961329400e+01
4.263123915171285461e+01,1.812415927367885038e+00,1.190759620538374719e+01
4.269178079418782801e+01,1.658379655748794645e+00,1.359059142083895111e+01
4.274739454246714132e+01,1.502496834772613754e+00,1.562795150357080409e+01
4.279789720020509236e+01,1.344884312025678152e+00,1.824658940459064027e+01
4.284311349114673817e+01,1.185675012604257450e+00,2.140587733184543140e+01
4.288287878837617484e+01,1.025017834020969909e+00,2.625672365114980167e+01
4.291704192736526835e+01,8.630771363316440681e-01,3.109590634276629473e+01
4.294546800486163818e+01,7.000318004359810109e-01,4.422553447006261251e+01
4.296823485187358926e+01,5.344474501563595270e-01,4.869175459695996722e+01
4.298493498187938400e+01,3.681418536279457698e-01,1.113380949364346435e+02
4.299622863006029405e+01,1.842247910824909019e-01,1.279187930390796453e+02
4.299999999999997868e+01,-3.566868167373734924e-17,9.186624362307478577e+02
