x,y,stress
5.999999999999997335e+00,4.489365674041609738e-16,1.209998442771266582e+03
6.004523530667707831e+00,1.745585408854040677e-01,1.522920166214241817e+02
6.018052277550001605e+00,3.486510704379431891e-01,1.422625977125788381e+02
6.038963435036824201e+00,5.120755453493746057e-01,5.690985671078189512e+01
6.067616423289973859e+00,6.743223430768333637e-01,5.339192883873063522e+01
6.103792650420807320e+00,8.350597691372727560e-01,3.633505198870688702e+01
6.147229036148825543e+00,9.939898713269406105e-01,3.060873728897567148e+01
6.197627442364486150e+00,1.150852167762801637e+00,2.466580013494566970e+01
6.254664274633587873e+00,1.305425357888180038e+00,2.082340194901341235e+01
6.317999663890795148e+00,1.457527276761056090e+00,1.736046411904956344e+01
6.387285765499889578e+00,1.607013372696849851e+00,1.504112698927659508e+01
6.462173896056357059e+00,1.753774097143952826e+00,1.304320816616658441e+01
6.542320373351270923e+00,1.897731565510843987e+00,1.141993417258850307e+01
6.627391091220698804e+00,2.038835880332922290e+00,1.005802741106630549e+01
6.717064931738170763e+00,2.177061387294906503e+00,8.911168315567548959e+00
6.811036073273659674e+00,2.312402931360284963e+00,7.934296938910981645e+00
6.909015423026201752e+00,2.444872371907310882e+00,7.097533607940611056e+00
7.010731378093955080e+00,2.574495472575224930e+00,6.376287845714159630e+00
7.115929999677972795e+00,2.701309098004494924e+00,5.751681928459884574e+00
7.224374727138653363e+00,2.825358729540885960e+00,5.208258505432592500e+00
7.335845969871557237e+00,2.946696536949162670e+00,4.734208824358013601e+00
7.450140277383320075e+00,3.065379515329902826e+00,4.319389354474879816e+00
7.567069392535599626e+00,3.181467956734166602e+00,3.955971454007788601e+00
7.686459460748037209e+00,3.295024409732009385e+00,3.636985207334820558e+00
7.808149910417935935e+00,3.406112556485820786e+00,3.357099273705994147e+00
7.931992568466053939e+00,3.514796514481600020e+00,3.111420849234888486e+00
8.057850764264104626e+00,3.621140250446763353e+00,2.896144109065345251e+00
8.185598316153219756e+00,3.725206995647513342e+00,2.707699476066844024e+00
8.315118798232829178e+00,3.827058971519330388e+00,2.543295439703520344e+00
8.446304665882900409e+00,3.926757041049437458e+00,2.400281665944835385e+00
8.579056497699637518e+00,4.024360491042419774e+00,2.276475459899599318e+00
8.713282226185105728e+00,4.119926829484497510e+00,2.169834700648021197e+00
8.848896876990069771e+00,4.213511950090504499e+00,2.078580121434602468e+00
8.985852258881438459e+00,4.305190005825617838e+00,2.001109177000533368e+00
9.124045142561126198e+00,4.394992010030597029e+00,1.935906607178868866e+00
9.263417601056497475e+00,4.482974366827327195e+00,1.881584705867459739e+00
9.403896700636783734e+00,4.569178920898727014e+00,1.836938265568873518e+00
9.545382401064605560e+00,4.653627802287714665e+00,1.800549792612916145e+00
9.687860808998982165e+00,4.736390966033094507e+00,1.771686466480361988e+00
9.831280705012769516e+00,4.817511086225654715e+00,1.749381203595117062e+00
9.975594888896193169e+00,4.897029476569792372e+00,1.732817656770818227e+00
1.012075906282002968e+01,4.974985656665595890e+00,1.721218676353262422e+00
1.026673165258062603e+01,5.051417464705879823e+00,1.713979215066802952e+00
1.041347374353005151e+01,5.126361210550970604e+00,1.710260264883563863e+00
1.056094900319513918e+01,5.199851799493395710e+00,1.710330677944417621e+00
1.070912326881355447e+01,5.271922676771389149e+00,1.711897047710041475e+00
1.085796449379962958e+01,5.342605947874047523e+00,1.716451071888925872e+00
1.101176135885018503e+01,5.413911367351608384e+00,1.722917389451004588e+00
1.116620145056767655e+01,5.483812777878261713e+00,1.731630888197379647e+00
1.131707307462389345e+01,5.550513611608806741e+00,1.740677235531597589e+00
1.146850110298818315e+01,5.615941498068250937e+00,1.751130921961061349e+00
1.162029006807471632e+01,5.680050909022995143e+00,1.762394980722224558e+00
1.177258812045318237e+01,5.742941421585127770e+00,1.774423064276776429e+00
1.192537403380539196e+01,5.804637074132252827e+00,1.786927881645858696e+00
1.207862789174478557e+01,5.865161034966978271e+00,1.799889802991263998e+00
1.223233079763544495e+01,5.924535555950950716e+00,1.813041078919866989e+00
1.238646474800471964e+01,5.982781994142670534e+00,1.826778095999816554e+00
1.254101266239607071e+01,6.039920889158121753e+00,1.840419758819376694e+00
1.269595841155074822e+01,6.095972031398620317e+00,1.853975549016537050e+00
1.285128664262450116e+01,6.150954451680698654e+00,1.867625311394819576e+00
1.300698272190882498e+01,6.204886453525709555e+00,1.881235503669507203e+00
1.316902296457052657e+01,6.259793628234104013e+00,1.895264369043624164e+00
1.333142998883933217e+01,6.313606273815902448e+00,1.909146013190130775e+00
1.349683607358274173e+01,6.367190411683340656e+00,1.923061230290027845e+00
1.366259229901232430e+01,6.419681463560123369e+00,1.936748314285812844e+00
1.381998731827455273e+01,6.468433525732764089e+00,1.949489514465303497e+00
1.397767384630065912e+01,6.516234334429923614e+00,1.961988358105144048e+00
1.413564147483967126e+01,6.563097894790458575e+00,1.974222873986880566e+00
1.429388022268641478e+01,6.609037704517541023e+00,1.986184903839703253e+00
1.445238047995715469e+01,6.654066766716257852e+00,1.997865510903658937e+00
1.461113316326652622e+01,6.698197660236677287e+00,2.009247813422216034e+00
1.477012955875366806e+01,6.741442518135039919e+00,2.020317025428099100e+00
1.492936119589246857e+01,6.783813017822533098e+00,2.031113241609213915e+00
1.508882002734172545e+01,6.825320452366131718e+00,2.041792970365665649e+00
1.524849826066058434e+01,6.865975706047865224e+00,2.051871894357791160e+00
1.540838840097870310e+01,6.905789285906736019e+00,2.061720750062114860e+00
1.556848330467698460e+01,6.944771352869709702e+00,2.071250534432051094e+00
1.573815602400613400e+01,6.985138112066832328e+00,2.080987626365355059e+00
1.590804253625480058e+01,7.024595454003078387e+00,2.090377277197916328e+00
1.608551330360953102e+01,7.064805542420967477e+00,2.099800899649147290e+00
1.626320027146386593e+01,7.104049243714565698e+00,2.108835888464800856e+00
1.642564315703751632e+01,7.139051416827534524e+00,2.116767603811912757e+00
1.658825384798305791e+01,7.173265560463778279e+00,2.124399077833704741e+00
1.674965602294418332e+01,7.206421565535288565e+00,2.131669223952794123e+00
1.691121232013038522e+01,7.238818273279937543e+00,2.138648197418206554e+00
1.707291760289870552e+01,7.270463019477942268e+00,2.145342541714939877e+00
1.723476687764974713e+01,7.301362884873479508e+00,2.151755324714759610e+00
1.739675531314471613e+01,7.331524708839997295e+00,2.157895559863404422e+00
1.755887823558180472e+01,7.360955097454664475e+00,2.163766184739262410e+00
1.772113111367944427e+01,7.389660429318276158e+00,2.169373995295522661e+00
1.788350953903440299e+01,7.417646860372506090e+00,2.174724466807491208e+00
1.804600922974270460e+01,7.444920332523091488e+00,2.179824785971858692e+00
1.820862603966196147e+01,7.471486582524010878e+00,2.184684289280539815e+00
1.837438541612873522e+01,7.497825873004345887e+00,2.189384478196728878e+00
1.854025797331344450e+01,7.523442754674538158e+00,2.193857505533096219e+00
1.872439290948781121e+01,7.551021717536370303e+00,2.198541031751247044e+00
1.890865680560295203e+01,7.577725493178214755e+00,2.202936557946055807e+00
1.908675587390461814e+01,7.602694304806312253e+00,2.206936692640285358e+00
1.926496584379061616e+01,7.626858889988601398e+00,2.210691903737751485e+00
1.942887582092323484e+01,7.648367164905632620e+00,2.213945388462576158e+00
1.959287239174054918e+01,7.669204913481167729e+00,2.217018022771309216e+00
1.975641363360120906e+01,7.689311091828949785e+00,2.219900720384566650e+00
1.992003445520496285e+01,7.708759058128509700e+00,2.222611700896834908e+00
2.008373175268387811e+01,7.727552535698984038e+00,2.225159294125161669e+00
2.024750247016660865e+01,7.745695096511357569e+00,2.227548844055992738e+00
2.041134362537760794e+01,7.763190167861689694e+00,2.229788303051885467e+00
2.057525229007603329e+01,7.780041033621544422e+00,2.231883094060029826e+00
2.073922559008308397e+01,7.796250837609930429e+00,2.233842142162864253e+00
2.090326071378132511e+01,7.811822587518173933e+00,2.235669611119285527e+00
2.106735489835509156e+01,7.826759156430328268e+00,2.237372112390196843e+00
2.123150542291679344e+01,7.841063285039788333e+00,2.238958729228075040e+00
2.140054722168077106e+01,7.855130853260416046e+00,2.240469251562770214e+00
2.156964302759909557e+01,7.868533649375964778e+00,2.241874684395054107e+00
2.175837238079450131e+01,7.882706346608622461e+00,2.243308272937228232e+00
2.194716159468283223e+01,7.896058024703741296e+00,2.244602118373889343e+00
2.212926142186231004e+01,7.908158247824911946e+00,2.245739540582654570e+00
2.231141002376918436e+01,7.919500629934867142e+00,2.246766662077174459e+00
2.247717512763309955e+01,7.929164005365024970e+00,2.247614633750036894e+00
2.264297540630941086e+01,7.938203820806922550e+00,2.248392705427777472e+00
2.280753599647396967e+01,7.946559474683021485e+00,2.249092986633613123e+00
2.297212647233767058e+01,7.954304163025626373e+00,2.249726638628925190e+00
2.313674450310648112e+01,7.961439243521557074e+00,2.250298202989498453e+00
2.330138777652724258e+01,7.967965963663338869e+00,2.250809215543510433e+00
2.346605399844204953e+01,7.973885461854123946e+00,2.251264326369804891e+00
2.363074089524240051e+01,7.979198768477036907e+00,2.251664633699470119e+00
2.379544620628628238e+01,7.983906806511199328e+00,2.252013431778110419e+00
2.396016768568093269e+01,7.988010392402877358e+00,2.252312255281963438e+00
2.412490310116669789e+01,7.991510236714786330e+00,2.252562611494292710e+00
2.428965022608540991e+01,7.994406944566757822e+00,2.252768842919754988e+00
2.445766729001153550e+01,7.996740335708757641e+00,2.252930624007253524e+00
2.462569188458477143e+01,7.998447422027882503e+00,2.253055494690242799e+00
2.481284433220144336e+01,7.999611877078226740e+00,2.253141657444604817e+00
2.499999999999998579e+01,7.999999999999993783e+00,2.253164106703692049e+00
2.518715566779853887e+01,7.999611877078227629e+00,2.253138411534896690e+00
2.537430811541518239e+01,7.998447422027883391e+00,2.253048927781629907e+00
2.554233270998848582e+01,7.996740335708757641e+00,2.252920900983330199e+00
2.571034977391455101e+01,7.994406944566758710e+00,2.252756114167059120e+00
2.587509689883325592e+01,7.991510236714785442e+00,2.252547469254652768e+00
2.603983231431900336e+01,7.988010392402877358e+00,2.252294743103391284e+00
2.620455379371366789e+01,7.983906806511199328e+00,2.251994403674395517e+00
2.636925910475755686e+01,7.979198768477036019e+00,2.251644148130421019e+00
2.653394600155790783e+01,7.973885461854123058e+00,2.251241950369013978e+00
2.669861222347270768e+01,7.967965963663338869e+00,2.250784719392090683e+00
2.686325549689348335e+01,7.961439243521557074e+00,2.250270966643639792e+00
2.702787352766229745e+01,7.954304163025625485e+00,2.249696314647730233e+00
2.719246400352598059e+01,7.946559474683021485e+00,2.249057478637359164e+00
2.735702459369053230e+01,7.938203820806923439e+00,2.248351480918314937e+00
2.752282487236684361e+01,7.929164005365026746e+00,2.247567145975657876e+00
2.768858997623076235e+01,7.919500629934868030e+00,2.246713054588156400e+00
2.787073857813760824e+01,7.908158247824917275e+00,2.245681108838663231e+00
2.805283840531703987e+01,7.896058024703747513e+00,2.244539067568309232e+00
2.824162761920537434e+01,7.882706346608627790e+00,2.243245043735479172e+00
2.843035697240077653e+01,7.868533649375970995e+00,2.241811078388149081e+00
2.859945277831912946e+01,7.855130853260424040e+00,2.240409450275529402e+00
2.876849457708313551e+01,7.841063285039792774e+00,2.238903696169542545e+00
2.893264510164483383e+01,7.826759156430331821e+00,2.237322547270860440e+00
2.909673928621859673e+01,7.811822587518179262e+00,2.235625769816666164e+00
2.926077440991683076e+01,7.796250837609936646e+00,2.233801592053113350e+00
2.942474770992387434e+01,7.780041033621550639e+00,2.231845688574174869e+00
2.958865637462229969e+01,7.763190167861697688e+00,2.229751125082360730e+00
2.975249752983329543e+01,7.745695096511365563e+00,2.227511597381492070e+00
2.991626824731601886e+01,7.727552535698992031e+00,2.225119866460175899e+00
3.007996554479492346e+01,7.708759058128520358e+00,2.222569718443824893e+00
3.024358636639869857e+01,7.689311091828958666e+00,2.219855327413759127e+00
3.040712760825936201e+01,7.669204913481176611e+00,2.216969105665718587e+00
3.057112417907668700e+01,7.648367164905639726e+00,2.213893738666673716e+00
3.073503415620929857e+01,7.626858889988608503e+00,2.210637801424011339e+00
3.091324412609531080e+01,7.602694304806318470e+00,2.206880156148212979e+00
3.109134319439698757e+01,7.577725493178220972e+00,2.202877963853266507e+00
3.127560709051212129e+01,7.551021717536376521e+00,2.198481458202846461e+00
3.145974202668647379e+01,7.523442754674546151e+00,2.193796487177102517e+00
3.162561458387119728e+01,7.497825873004352992e+00,2.189323914383549674e+00
3.179137396033797103e+01,7.471486582524017983e+00,2.184624182062298914e+00
3.195399077025721368e+01,7.444920332523099482e+00,2.179765906038580781e+00
3.211649046096550819e+01,7.417646860372516748e+00,2.174666702470265278e+00
3.227886888632046691e+01,7.389660429318285928e+00,2.169316816271794401e+00
3.244112176441812068e+01,7.360955097454672469e+00,2.163709615629653360e+00
3.260324468685521992e+01,7.331524708840002624e+00,2.157839043744883778e+00
3.276523312235019603e+01,7.301362884873484838e+00,2.151698185702104027e+00
3.292708239710124474e+01,7.270463019477945821e+00,2.145282825865018062e+00
3.308878767986957570e+01,7.238818273279939319e+00,2.138585426720924332e+00
3.325034397705579181e+01,7.206421565535285900e+00,2.131601311280310274e+00
3.341174615201693854e+01,7.173265560463772950e+00,2.124325111728231796e+00
3.357435684296249434e+01,7.139051416827526531e+00,2.116687448053771181e+00
3.373679972853614828e+01,7.104049243714555040e+00,2.108749887861276040e+00
3.391448669639047608e+01,7.064805542420956819e+00,2.099709211583388413e+00
3.409195746374521008e+01,7.024595454003070394e+00,2.090277865149305470e+00
3.426184397599389087e+01,6.985138112066821670e+00,2.080883531193573610e+00
3.443151669532306158e+01,6.944771352869691938e+00,2.071138904170931383e+00
3.459161159902134131e+01,6.905789285906718256e+00,2.061602109354214729e+00
3.475150173933945297e+01,6.865975706047847460e+00,2.051757859908940329e+00
3.491117997265831718e+01,6.825320452366113066e+00,2.041598626352939316e+00
3.507063880410757406e+01,6.783813017822515334e+00,2.031126590804767318e+00
3.522987044124637634e+01,6.741442518135020379e+00,2.020345273006054043e+00
3.538886683673351286e+01,6.698197660236658635e+00,2.009257367372242253e+00
3.554761952004287906e+01,6.654066766716240089e+00,1.997869817410232285e+00
3.570611977731361719e+01,6.609037704517523260e+00,1.986188055010028375e+00
3.586435852516036249e+01,6.563097894790439923e+00,1.974221872118090415e+00
3.602232615369936752e+01,6.516234334429907626e+00,1.961981245728189105e+00
3.618001268172547213e+01,6.468433525732748990e+00,1.949480744913234975e+00
3.633740770098770412e+01,6.419681463560105605e+00,1.936738341966176113e+00
3.650316392641730090e+01,6.367190411683316675e+00,1.923055867208637526e+00
3.666857001116073178e+01,6.313606273815873138e+00,1.909144920796951972e+00
3.683097703542951962e+01,6.259793628234080920e+00,1.895270736907565201e+00
3.699301727809120166e+01,6.204886453525691792e+00,1.881249549853113656e+00
3.714871335737552016e+01,6.150954451680680890e+00,1.867641748320185702e+00
3.730404158844927309e+01,6.095972031398600777e+00,1.853984861009129403e+00
3.745898733760396482e+01,6.039920889158098660e+00,1.840327307826260528e+00
3.761353525199532299e+01,5.982781994142645665e+00,1.826730728162608175e+00
3.776766920236459413e+01,5.924535555950926735e+00,1.813266302360898807e+00
3.792137210825525528e+01,5.865161034966952514e+00,1.800015044097577510e+00
3.807462596619465245e+01,5.804637074132223518e+00,1.787071676513145357e+00
3.822741187954687092e+01,5.742941421585096684e+00,1.774547783946415658e+00
3.837970993192533342e+01,5.680050909022962280e+00,1.762570609422020151e+00
3.853149889701186481e+01,5.615941498068218074e+00,1.751290219118436964e+00
3.868292692537614386e+01,5.550513611608777431e+00,1.740866281948875605e+00
3.883379854943236609e+01,5.483812777878232403e+00,1.731511384865705772e+00
3.898823864114985582e+01,5.413911367351576409e+00,1.723261242524732673e+00
3.914203550620042193e+01,5.342605947874009331e+00,1.716692149104587006e+00
3.929087673118650059e+01,5.271922676771350957e+00,1.712220347963979261e+00
3.943905099680491588e+01,5.199851799493356630e+00,1.710000452303424012e+00
3.958652625647000178e+01,5.126361210550931524e+00,1.710442862364281336e+00
3.973326834741941838e+01,5.051417464705844296e+00,1.714019925976637548e+00
3.987924093718000762e+01,4.974985656665559475e+00,1.721253907751357781e+00
4.002440511110385302e+01,4.897029476569750628e+00,1.732759211411211808e+00
4.016871929498726246e+01,4.817511086225620964e+00,1.749204186254340376e+00
4.031213919100105159e+01,4.736390966033058980e+00,1.771361856564406700e+00
4.045461759893542109e+01,4.653627802287680026e+00,1.800060334375496840e+00
4.059610329936325002e+01,4.569178920898688823e+00,1.836257896332214257e+00
4.073658239894353272e+01,4.482974366827289892e+00,1.880981301083200830e+00
4.087595485743891999e+01,4.394992010030551732e+00,1.935379307475948663e+00
4.101414774111859884e+01,4.305190005825577870e+00,2.000650706797456824e+00
4.115110312300996753e+01,4.213511950090458313e+00,2.078193116973491961e+00
4.128671777381492092e+01,4.119926829484457542e+00,2.169421316549160483e+00
4.142094350230040334e+01,4.024360491042371812e+00,2.276029884223071065e+00
4.155369533411712979e+01,3.926757041049392605e+00,2.399746234981797510e+00
4.168488120176721878e+01,3.827058971519271768e+00,2.542653959453724966e+00
4.181440168384681755e+01,3.725206995647462271e+00,2.706930244508539030e+00
4.194214923573593978e+01,3.621140250446702069e+00,2.895230950117158031e+00
4.206800743153397804e+01,3.514796514481550727e+00,3.110374496495604824e+00
4.219185008958210403e+01,3.406112556485762166e+00,3.355911111648692380e+00
4.231354053925198855e+01,3.295024409731961423e+00,3.635700934907822202e+00
4.243293060746444212e+01,3.181467956734099989e+00,3.954608834939227879e+00
4.254985972261669502e+01,3.065379515329859750e+00,4.318021412668576531e+00
4.266415403012846497e+01,2.946696536949111156e+00,4.732877412888723434e+00
4.277562527286135463e+01,2.825358729540853542e+00,5.207018679404519013e+00
4.288407000032204763e+01,2.701309098004444298e+00,5.750614880379765204e+00
4.298926862190604226e+01,2.574495472575189847e+00,6.375388931463598752e+00
4.309098457697381690e+01,2.444872371907247377e+00,7.096898777337448116e+00
4.318896392672634477e+01,2.312402931360243663e+00,7.933568075541271192e+00
4.328293506826184256e+01,2.177061387294844330e+00,8.910507005663257374e+00
4.337260890877930564e+01,2.038835880332870332e+00,1.005813417788982633e+01
4.345767962664874773e+01,1.897731565510758722e+00,1.142092244927872358e+01
4.353782610394366515e+01,1.753774097143876221e+00,1.305173880705070388e+01
4.361271423450013884e+01,1.607013372696743492e+00,1.504572042682390354e+01
4.368200033610921906e+01,1.457527276760958612e+00,1.747702793141861122e+01
4.374533572536643788e+01,1.305425357888059246e+00,2.064315662090090342e+01
4.380237255763552895e+01,1.150852167762673739e+00,2.446438794091298519e+01
4.385277096385119222e+01,9.939898713267915076e-01,3.047270681199691467e+01
4.389620734957919268e+01,8.350597691371601794e-01,3.623164564833081869e+01
4.393238357671001637e+01,6.743223430767516513e-01,5.322455985800302614e+01
4.396103656496315892e+01,5.120755453493199827e-01,5.687754897013605415e+01
4.398194772244998063e+01,3.486510704379133241e-01,1.422294796070457323e+02
4.399547646933226730e+01,1.745585408853868037e-01,1.505158671205257974e+02
4.399999999999997868e+01,-3.401623553578146695e-17,1.208433312812433996e+03
