x,y,stress
8.999999999999994671e+00,3.396434524598567982e-13,7.926524235124369397e+02
9.002152582060295671e+00,2.296403990374585036e-01,1.228208785299410124e+02
9.008609040275324276e+00,4.592001110724363011e-01,9.984598927460480411e+01
9.017951059913396961e+00,6.629888780784694013e-01,4.807127965057789254e+01
9.030681876500572969e+00,8.665940411062139637e-01,4.247124568597398309e+01
9.044826189408343708e+00,1.047235982663888620e+00,3.160467468495060572e+01
9.061633957126721484e+00,1.227649598100387207e+00,2.721905776770105945e+01
9.079377795842738408e+00,1.392814388837937623e+00,2.314197851208514223e+01
9.099349508219106042e+00,1.557724617496921926e+00,2.034254769289771758e+01
9.121447374504885630e+00,1.721675961498600804e+00,1.796191727114160130e+01
9.145742026111161493e+00,1.885316206782933435e+00,1.604539774159749754e+01
9.172226082298173822e+00,2.048616406930929390e+00,1.442218064758396245e+01
9.200891531267588519e+00,2.211547846207523538e+00,1.304433427236092591e+01
9.231729741687694002e+00,2.374082059384879262e+00,1.185510279044627602e+01
9.264731470414968584e+00,2.536190828507347561e+00,1.081809122851763938e+01
9.299886876105382782e+00,2.697846209677900120e+00,9.907862729985833283e+00
9.337185538257129380e+00,2.859020575613235859e+00,9.095163861631267110e+00
9.376616464681239549e+00,3.019686600326397130e+00,8.341185700065301134e+00
9.418168105035798376e+00,3.179817273289727186e+00,7.705011697737289111e+00
9.462912389095226473e+00,3.343245335706785948e+00,7.102107870426225489e+00
9.509855158518485396e+00,3.506055535396634504e+00,6.558904954050283287e+00
9.558051286190394791e+00,3.665218223558683874e+00,6.071494560079876202e+00
9.608337631730980988e+00,3.823732934579775034e+00,5.625735616344381462e+00
9.660421844212439879e+00,3.980754007804652161e+00,5.218903450475084860e+00
9.714545770112623657e+00,4.137083740984730973e+00,4.844802434323013607e+00
9.770694376055404362e+00,4.292697761191369032e+00,4.500325044158779875e+00
9.828852197118077783e+00,4.447572095418411031e+00,4.182896666889696746e+00
9.889003353311009548e+00,4.601683178543134467e+00,3.890259483421501852e+00
9.951131585807878821e+00,4.755007908057651278e+00,3.620059402062688392e+00
1.001522026061569903e+01,4.907523611673898500e+00,3.364613526483317685e+00
1.008125237289975829e+01,5.059208023349698102e+00,3.137424604023137498e+00
1.014921057825452166e+01,5.210039323264604505e+00,2.926635163556561725e+00
1.021907722024521981e+01,5.359996162497737693e+00,2.734472071368791557e+00
1.029263309992855113e+01,5.512733249696021076e+00,2.555808340355745667e+00
1.036815448096949233e+01,5.664508113373189602e+00,2.395428007138434179e+00
1.044457479026394608e+01,5.813293294286320467e+00,2.254784695180782172e+00
1.052286964416313531e+01,5.961100643370681240e+00,2.131609714782943144e+00
1.060213271351222275e+01,6.106310084701283003e+00,2.026938579361861947e+00
1.068319104385349227e+01,6.250525083376700763e+00,1.939312046063280892e+00
1.076602517471290099e+01,6.393727484053183474e+00,1.868639647644482871e+00
1.085061545975252351e+01,6.535899588376880232e+00,1.814685579264580184e+00
1.093694208606975771e+01,6.677024158638571905e+00,1.776984935384726461e+00
1.102498506981696202e+01,6.817084383367398637e+00,1.754870113660607300e+00
1.111472428387531686e+01,6.956063896963296855e+00,1.747387143224102823e+00
1.120613948822539285e+01,7.093946800027335797e+00,1.753421407681115429e+00
1.129921032992993801e+01,7.230717632098076386e+00,1.771674643037295160e+00
1.139391634014066845e+01,7.366361343767084513e+00,1.800781819941879691e+00
1.149186501173873687e+01,7.503107864210638134e+00,1.840090926205395938e+00
1.159146120569489291e+01,7.638659161911958151e+00,1.887837475407026400e+00
1.169385442220316484e+01,7.774535761121661004e+00,1.943366681709010724e+00
1.179788840446700959e+01,7.909160256404813794e+00,2.005029324711876448e+00
1.190059819286672216e+01,8.038848975510656913e+00,2.069832970100931480e+00
1.200481712230507014e+01,8.167328086639590978e+00,2.138552698583102707e+00
1.211052434046785464e+01,8.294585436346119778e+00,2.210474608999665413e+00
1.221769907128182275e+01,8.420609357976299947e+00,2.284981026037500751e+00
1.232632053009949402e+01,8.545388546257807860e+00,2.361543576451317072e+00
1.243636789736050829e+01,8.668912012803634326e+00,2.439717803382575489e+00
1.254782040908075658e+01,8.791169173824394889e+00,2.519130436479415369e+00
1.266065732064758720e+01,8.912149791361098750e+00,2.599454241866419935e+00
1.277485793061759978e+01,9.031843983743208071e+00,2.680421669550940411e+00
1.289040159462698476e+01,9.150242224055448403e+00,2.761794033554253236e+00
1.300774707296945287e+01,9.267810233015737253e+00,2.843711400543984080e+00
1.312640504100835948e+01,9.384053457478916727e+00,2.925663714200416710e+00
1.325215209748190581e+01,9.504452421518166716e+00,3.011398789258426856e+00
1.337929433742283258e+01,9.623377132083426488e+00,3.096842202767843055e+00
1.350146928309782091e+01,9.735089380905803225e+00,3.177729224520729367e+00
1.362486418982800629e+01,9.845452614426712046e+00,3.258128241924274082e+00
1.374937238985961763e+01,9.954384665594133708e+00,3.337873446683173650e+00
1.387505871900905952e+01,1.006195525950246505e+01,3.416950978481844814e+00
1.400190331939740318e+01,1.016815771231583021e+01,3.495272364911186536e+00
1.412988632144672074e+01,1.027298550975378255e+01,3.572766004914804672e+00
1.425898798011187729e+01,1.037643241515533177e+01,3.649348422835554828e+00
1.438918874535773362e+01,1.047849251249277103e+01,3.724967442605781276e+00
1.452046918782527385e+01,1.057916013316196668e+01,3.799567686317352866e+00
1.465280990266115424e+01,1.067842977497972967e+01,3.873074189776181342e+00
1.478619158704425907e+01,1.077629615715399858e+01,3.945461531606984540e+00
1.492059518769487525e+01,1.087275431759813671e+01,4.016678114237880237e+00
1.506184555685849347e+01,1.097185406716108247e+01,4.089669493517539500e+00
1.520416554068784620e+01,1.106941149565003890e+01,4.161221343071098921e+00
1.534538630260612280e+01,1.116399995755793384e+01,4.230255240814862816e+00
1.548760419183637538e+01,1.125708247438912402e+01,4.297805945966365115e+00
1.562696432771914878e+01,1.134623004020868819e+01,4.362034567048280742e+00
1.576723176133777571e+01,1.143394312310003968e+01,4.424798095450793056e+00
1.590838826682660923e+01,1.152021810270424140e+01,4.485843080642564651e+00
1.605041579289797227e+01,1.160505155597627436e+01,4.545759361263384868e+00
1.619329640384128055e+01,1.168844021398709998e+01,4.604630363447584251e+00
1.633701228137714168e+01,1.177038095812594420e+01,4.660310976258181803e+00
1.648154574014160190e+01,1.185087082382577250e+01,4.714863973170185574e+00
1.662687923276083524e+01,1.192990699764945184e+01,4.767526116317652551e+00
1.677299533091762029e+01,1.200748680158155679e+01,4.818451703391842145e+00
1.691987674751648996e+01,1.208360769998004258e+01,4.867513912013464505e+00
1.706822122370497041e+01,1.215862437399881024e+01,4.914875257666663444e+00
1.721730381153736644e+01,1.223216326551285071e+01,4.960304343835080232e+00
1.737693732273017488e+01,1.230888706858685033e+01,5.006487256155879528e+00
1.753736866101668568e+01,1.238392830788077958e+01,5.050276814173726869e+00
1.768914406579915877e+01,1.245304800161807535e+01,5.089340842870830883e+00
1.784159180527872834e+01,1.252067191548242420e+01,5.126307081459386517e+00
1.799346345399166580e+01,1.258627342325945797e+01,5.160796178054773975e+00
1.814596386202581257e+01,1.265039972339550545e+01,5.193101558252830152e+00
1.829907685956911578e+01,1.271304929014613982e+01,5.223292138709701327e+00
1.845278639044934010e+01,1.277422068537525135e+01,5.251051813112400879e+00
1.860707650956594961e+01,1.283391255438311873e+01,5.278880545291569248e+00
1.876193138565499297e+01,1.289212362390154532e+01,5.301819515955902951e+00
1.891733529366195299e+01,1.294885269618702495e+01,5.323359372203166906e+00
1.907327261552213926e+01,1.300409864655294534e+01,5.342531438130706967e+00
1.922972783995351165e+01,1.305786042051792428e+01,5.359512788370832226e+00
1.938668555091387091e+01,1.311013702724939378e+01,5.374327273124484883e+00
1.954744255918217988e+01,1.316197841462680351e+01,5.387176249868888434e+00
1.970869122663907902e+01,1.321226970103377596e+01,5.397828751381712920e+00
1.987849763657360569e+01,1.326340151479431029e+01,5.406626773103178962e+00
2.004880975580466185e+01,1.331282279134684288e+01,5.412957176024127293e+00
2.020839425463975303e+01,1.335745648778151740e+01,5.416843099181720689e+00
2.036838934591362360e+01,1.340059522622661348e+01,5.418823357118649930e+00
2.052851445334559344e+01,1.344217071924267692e+01,5.418935454572646471e+00
2.068901934574829227e+01,1.348225502983846802e+01,5.417252922955514194e+00
2.084988943962741814e+01,1.352084763805596346e+01,5.413891913863990268e+00
2.101111020799901752e+01,1.355794805705324180e+01,5.408927296705640764e+00
2.117266719375957607e+01,1.359355583535098511e+01,5.402478404557853331e+00
2.133454603638147873e+01,1.362767056097919749e+01,5.394646615130645806e+00
2.149673243455898941e+01,1.366029185145393221e+01,5.385577450180203840e+00
2.165921214298976594e+01,1.369141935222807582e+01,5.375390547236036376e+00
2.182197098538444635e+01,1.372105273813452797e+01,5.364221593187980197e+00
2.198499484003218996e+01,1.374919170941456947e+01,5.352260570262708406e+00
2.215448458599136572e+01,1.377681989985993738e+01,5.339103009684448509e+00
2.232422906637887294e+01,1.380283725680873275e+01,5.325390133063788056e+00
2.249845781920150856e+01,1.382783201619936264e+01,5.310962704149734925e+00
2.267292103470723319e+01,1.385113401888051143e+01,5.296260830037504697e+00
2.283710866465740352e+01,1.387149344907991555e+01,5.282478765439377888e+00
2.300147488481258051e+01,1.389035691295532082e+01,5.268919443287392035e+00
2.316599538199964314e+01,1.390772319499836129e+01,5.255708168923368007e+00
2.333066692844685264e+01,1.392359341398772798e+01,5.242994213503830103e+00
2.349547581623885861e+01,1.393796744846350144e+01,5.230956937194832790e+00
2.366040836720527807e+01,1.395084519091157738e+01,5.219719558793485703e+00
2.382545093017852622e+01,1.396222654703490917e+01,5.209444553940300260e+00
2.399058987788082220e+01,1.397211143507330000e+01,5.200231461615375750e+00
2.415581160410670591e+01,1.398049978522523773e+01,5.192214662801736047e+00
2.432110252069562151e+01,1.398739153913327904e+01,5.185475352625547707e+00
2.448644905455498488e+01,1.399278664945307682e+01,5.180104110910898285e+00
2.465183764486571150e+01,1.399668507950458540e+01,5.176206339595164074e+00
2.482591093189446596e+01,1.399917126834094638e+01,5.173715872795229487e+00
2.500000000000007105e+01,1.399999999999999467e+01,5.172846550159754031e+00
2.517408906810568681e+01,1.399917126834094638e+01,5.173712405624512733e+00
2.534816235513444127e+01,1.399668507950458363e+01,5.176198355936063145e+00
2.551355094544517854e+01,1.399278664945306794e+01,5.180088777434542102e+00
2.567889747930454192e+01,1.398739153913327371e+01,5.185451725879096863e+00
2.584418839589348593e+01,1.398049978522522885e+01,5.192174771723507831e+00
2.600941012211932701e+01,1.397211143507329112e+01,5.200172879882028809e+00
2.617454906982168694e+01,1.396222654703488963e+01,5.209355685850797002e+00
2.633959163279488891e+01,1.395084519091156317e+01,5.219598686328441595e+00
2.650452418376130126e+01,1.393796744846348901e+01,5.230794208506964971e+00
2.666933307155329302e+01,1.392359341398771022e+01,5.242785560864231975e+00
2.683400461800051673e+01,1.390772319499834353e+01,5.255447278715365655e+00
2.699852511518757936e+01,1.389035691295530128e+01,5.268605739842531221e+00
2.716289133534275990e+01,1.387149344907989246e+01,5.282117073107874816e+00
2.732707896529292668e+01,1.385113401888048479e+01,5.295851552387448535e+00
2.750154218079864421e+01,1.382783201619933600e+01,5.310518547586378091e+00
2.767577093362127982e+01,1.380283725680870610e+01,5.324909789239068658e+00
2.784551541400880481e+01,1.377681989985990896e+01,5.338612584901915703e+00
2.801500515996800189e+01,1.374919170941453039e+01,5.351755676232119896e+00
2.817802901461578102e+01,1.372105273813448356e+01,5.363721410098024833e+00
2.834078785701047209e+01,1.369141935222802609e+01,5.374897786410643086e+00
2.850326756544124862e+01,1.366029185145388070e+01,5.385098476842027360e+00
2.866545396361874509e+01,1.362767056097914420e+01,5.394178583043507835e+00
2.882733280624064420e+01,1.359355583535092826e+01,5.402021113990838508e+00
2.898888979200119920e+01,1.355794805705318851e+01,5.408480544662562117e+00
2.915011056037278436e+01,1.352084763805591194e+01,5.413455601383304838e+00
2.931098065425188892e+01,1.348225502983841650e+01,5.416820083473858460e+00
2.947148554665459486e+01,1.344217071924262363e+01,5.418496299784477443e+00
2.963161065408656114e+01,1.340059522622655841e+01,5.418374558662380380e+00
2.979160574536041750e+01,1.335745648778146411e+01,5.416376218130693587e+00
2.995119024419549802e+01,1.331282279134678781e+01,5.412470112998632565e+00
3.012150236342654352e+01,1.326340151479426055e+01,5.406110901506388622e+00
3.029130877336105243e+01,1.321226970103372977e+01,5.397273280642198579e+00
3.045255744081796578e+01,1.316197841462675377e+01,5.386604074441957657e+00
3.061331444908628185e+01,1.311013702724933339e+01,5.373722723777553334e+00
3.077027216004665533e+01,1.305786042051785500e+01,5.358894501990350889e+00
3.092672738447804193e+01,1.300409864655287251e+01,5.341887860300350788e+00
3.108266470633821754e+01,1.294885269618695744e+01,5.322674845186170067e+00
3.123806861434516335e+01,1.289212362390147604e+01,5.301239888280750989e+00
3.139292349043422448e+01,1.283391255438304412e+01,5.277597492195953421e+00
3.154721360955084464e+01,1.277422068537517141e+01,5.251734248533336036e+00
3.170092314043106896e+01,1.271304929014605456e+01,5.223674016311946389e+00
3.185403613797436151e+01,1.265039972339542018e+01,5.193416535826506752e+00
3.200653654600850473e+01,1.258627342325936382e+01,5.160991942164302237e+00
3.215840819472145284e+01,1.252067191548233183e+01,5.126415133532904456e+00
3.231085593420102242e+01,1.245304800161798120e+01,5.089404680687420246e+00
3.246263133898348485e+01,1.238392830788068011e+01,5.050287824621020327e+00
3.262306267727000630e+01,1.230888706858674908e+01,5.006486454776374551e+00
3.278269618846281475e+01,1.223216326551274769e+01,4.960282062051123653e+00
3.293177877629520367e+01,1.215862437399870899e+01,4.914829873034003427e+00
3.308012325248366636e+01,1.208360769997994133e+01,4.867445707706976599e+00
3.322700466908253958e+01,1.200748680158145021e+01,4.818368708395048827e+00
3.337312076723932108e+01,1.192990699764934881e+01,4.767424052012966484e+00
3.351845425985856508e+01,1.185087082382566059e+01,4.714657372464102991e+00
3.366298771862301464e+01,1.177038095812583229e+01,4.660103225940964045e+00
3.380670359615887577e+01,1.168844021398698096e+01,4.603816008139262728e+00
3.394958420710219826e+01,1.160505155597615534e+01,4.545831257080601873e+00
3.409161173317355775e+01,1.152021810270412416e+01,4.486201467910308160e+00
3.423276823866238772e+01,1.143394312309991356e+01,4.424967779471598028e+00
3.437303567228101286e+01,1.134623004020856030e+01,4.362181231074062637e+00
3.451239580816379515e+01,1.125708247438899967e+01,4.297896490747096898e+00
3.465461369739404773e+01,1.116399995755780772e+01,4.230341686702483450e+00
3.479583445931232433e+01,1.106941149564990035e+01,4.161293648016858526e+00
3.493815444314168417e+01,1.097185406716094036e+01,4.089756045713206944e+00
3.507940481230530594e+01,1.087275431759798927e+01,4.016784277537788661e+00
3.521380841295592035e+01,1.077629615715384759e+01,3.945542696410317074e+00
3.534719009733902340e+01,1.067842977497957335e+01,3.873124561733038984e+00
3.547953081217490023e+01,1.057916013316180681e+01,3.799573249391043017e+00
3.561081125464244934e+01,1.047849251249260583e+01,3.724941871983137975e+00
3.574101201988830923e+01,1.037643241515516479e+01,3.649293719442031847e+00
3.587011367855346577e+01,1.027298550975360314e+01,3.572685238946074371e+00
3.599809668060279222e+01,1.016815771231564725e+01,3.495183512852135799e+00
3.612494128099113055e+01,1.006195525950228209e+01,3.416856678290920879e+00
3.625062761014057600e+01,9.954384665593943637e+00,3.337778551698394658e+00
3.637513581017218200e+01,9.845452614426514870e+00,3.258029729593081125e+00
3.649853071690236561e+01,9.735089380905602496e+00,3.177637279437997453e+00
3.662070566257735038e+01,9.623377132083232866e+00,3.096756957612784245e+00
3.674784790251826649e+01,9.504452421517974869e+00,3.011313161090583446e+00
3.687359495899180217e+01,9.384053457478723104e+00,2.925573215486114709e+00
3.699225292703071943e+01,9.267810233015541854e+00,2.843618655802917949e+00
3.710959840537318399e+01,9.150242224055245899e+00,2.761699520592675317e+00
3.722514206938256365e+01,9.031843983743005566e+00,2.680319991644994460e+00
3.733934267935256912e+01,8.912149791360898021e+00,2.599344671287725728e+00
3.745217959091939264e+01,8.791169173824192384e+00,2.519012064319655408e+00
3.756363210263964447e+01,8.668912012803433598e+00,2.439593310296766404e+00
3.767367946990064809e+01,8.545388546257612461e+00,2.361408328551338531e+00
3.778230092871831403e+01,8.420609357976102771e+00,2.284836511089812561e+00
3.788947565953227326e+01,8.294585436345924379e+00,2.210322894625984080e+00
3.799518287769506486e+01,8.167328086639393803e+00,2.138398074101702573e+00
3.809940180713340396e+01,8.038848975510465067e+00,2.069677167414580410e+00
3.820211159553310409e+01,7.909160256404622835e+00,2.004875887075432850e+00
3.830614557779695417e+01,7.774535761121460276e+00,1.943230682058240344e+00
3.840853879430523676e+01,7.638659161911752982e+00,1.887727098412979920e+00
3.850813498826138925e+01,7.503107864210428524e+00,1.840014906807938111e+00
3.860608365985945056e+01,7.366361343766858916e+00,1.800756803502853831e+00
3.870078967007019344e+01,7.230717632097849012e+00,1.771705136531761759e+00
3.879386051177473860e+01,7.093946800027103983e+00,1.753525957697321447e+00
3.888527571612480216e+01,6.956063896963065929e+00,1.747575818788133173e+00
3.897501493018314989e+01,6.817084383367157052e+00,1.755165360506740324e+00
3.906305791393037197e+01,6.677024158638325879e+00,1.777391864621415962e+00
3.914938454024760262e+01,6.535899588376632430e+00,1.815227572582213345e+00
3.923397482528721270e+01,6.393727484052941890e+00,1.869322611977051185e+00
3.931680895614660898e+01,6.250525083376458291e+00,1.940164389709994053e+00
3.939786728648788028e+01,6.106310084701033425e+00,2.027945987071919198e+00
3.947713035583697661e+01,5.961100643370420116e+00,2.132797215427089554e+00
3.955542520973616405e+01,5.813293294286057566e+00,2.256147452411708887e+00
3.963184551903060537e+01,5.664508113372916931e+00,2.396995269188904043e+00
3.970736690007156255e+01,5.512733249695738635e+00,2.557571496726445570e+00
3.978092277975489566e+01,5.359996162497441041e+00,2.736472059743594087e+00
3.985078942174558847e+01,5.210039323264310518e+00,2.928975956503649503e+00
3.991874762710033764e+01,5.059208023349407668e+00,3.139660636068085431e+00
3.998477973938439334e+01,4.907523611673601849e+00,3.369275546072330041e+00
4.004886841419222065e+01,4.755007908057353738e+00,3.618843954613629066e+00
4.011099664668908105e+01,4.601683178542846697e+00,3.889546314897727619e+00
4.017114780288199682e+01,4.447572095418129479e+00,4.182984206378165482e+00
4.022930562394467557e+01,4.292697761191090144e+00,4.500932618874252000e+00
4.028545422988744917e+01,4.137083740984454749e+00,4.845745353205734851e+00
4.033957815578762762e+01,3.980754007804371497e+00,5.220033587653487572e+00
4.039166236826908118e+01,3.823732934579489928e+00,5.627120259973352745e+00
4.044194871380966561e+01,3.665218223558389887e+00,6.073192728302458931e+00
4.049014484148158033e+01,3.506055535396331635e+00,6.561017999201053996e+00
4.053708761090483392e+01,3.343245335706464871e+00,7.106710975925937923e+00
4.058183189496425314e+01,3.179817273289389234e+00,7.709487109051151421e+00
4.062338353531881552e+01,3.019686600326049408e+00,8.361434807753648002e+00
4.066281446174292569e+01,2.859020575612879700e+00,9.086443258629667952e+00
4.070011312389466696e+01,2.697846209677546181e+00,9.897774477315504527e+00
4.073526852958507050e+01,2.536190828506994954e+00,1.081234090991008046e+01
4.076827025831234863e+01,2.374082059384538645e+00,1.185105405809047774e+01
4.079910846873244878e+01,2.211547846207193135e+00,1.304291593809567651e+01
4.082777391770185460e+01,2.048616406930597211e+00,1.442264515804972724e+01
4.085425797388885627e+01,1.885316206782593484e+00,1.604846268336418902e+01
4.087855262549513213e+01,1.721675961498272622e+00,1.796933545870088267e+01
4.090065049178090817e+01,1.557724617496593966e+00,2.035177920712961708e+01
4.092062220415727580e+01,1.392814388837591899e+00,2.316669943262663978e+01
4.093836604287328385e+01,1.227649598100026163e+00,2.722699115411099768e+01
4.095517381059165984e+01,1.047235982663538012e+00,3.167768341767098406e+01
4.096931812349942703e+01,8.665940411058654647e-01,4.243422737721794391e+01
4.098204894008659238e+01,6.629888780781695301e-01,4.828500144915629022e+01
4.099139095972464730e+01,4.592001110721873891e-01,9.958870105080366386e+01
4.099784741793967413e+01,2.296403990371473913e-01,1.230976174973781951e+02
4.099999999999997868e+01,-4.429511824383168096e-17,7.924266617551719492e+02
