x,y,stress
4.999999999999997335e+00,7.443816617314815248e-16,9.177389837675293620e+02
5.002883029781032498e+00,2.207253758369067953e-01,1.117702723810134273e+02
5.011526750790612716e+00,4.413002973976240528e-01,1.091139100948517182e+02
5.024028812963131863e+00,6.370580777286541929e-01,4.434607688182101271e+01
5.041048898707363612e+00,8.324749068581812628e-01,4.239021371393841520e+01
5.059943671455745751e+00,1.005748428842321962e+00,2.979343672896967377e+01
5.082364889376358441e+00,1.178601035559596832e+00,2.578047782318800074e+01
5.106869689604885743e+00,1.342114870889454581e+00,2.129606268851392414e+01
5.134500493871748894e+00,1.505129615573930879e+00,1.840172673616974919e+01
5.165229996061303730e+00,1.667588762670750846e+00,1.587720331378787542e+01
5.199028236651209056e+00,1.829437352967999031e+00,1.387855884824066521e+01
5.235862751369301016e+00,1.990622088771362153e+00,1.218647879159088099e+01
5.275698724921668692e+00,2.151091424417173492e+00,1.076177606036495504e+01
5.318499156838112363e+00,2.310795669647392359e+00,9.538164959116446795e+00
5.364225033722267888e+00,2.469687079902750604e+00,8.482218464677467651e+00
5.412835497614843838e+00,2.627719906044488241e+00,7.561874372202894712e+00
5.464288016380071333e+00,2.784850436973784316e+00,6.754653017895403622e+00
5.518538898150443295e+00,2.941037994473094663e+00,6.042789379719941678e+00
5.575542483272227123e+00,3.096242109623219996e+00,5.412003307287958087e+00
5.636162766756343423e+00,3.252716359118748901e+00,4.842522178345299189e+00
5.699520868426103171e+00,3.408102255762734067e+00,4.334929910242779627e+00
5.764576361595293186e+00,3.560106279746493740e+00,3.870138852824997144e+00
5.832191685283352633e+00,3.710989095018070394e+00,3.469651220299942107e+00
5.902317267438474069e+00,3.860721729044069406e+00,3.103805712242330817e+00
5.974903184035523118e+00,4.009277304950713550e+00,2.774286737573832706e+00
6.049899263250130055e+00,4.156630928206285880e+00,2.475622118870497879e+00
6.127255175482009264e+00,4.302759571274687111e+00,2.204862250954720437e+00
6.206920602620514593e+00,4.447642123384208723e+00,1.958917071644906693e+00
6.288845324400896608e+00,4.591259285120254496e+00,1.735453410100928018e+00
6.372979320274102299e+00,4.733593508346428003e+00,1.532316866022776392e+00
6.459272876647967898e+00,4.874628954500108691e+00,1.348627280197560063e+00
6.548024581155217128e+00,5.014892304690304670e+00,1.182497417739680756e+00
6.638853504018723761e+00,5.153819600712746585e+00,1.034045443913925277e+00
6.734408754955680365e+00,5.295333281119869007e+00,8.999158139843247417e-01
6.832057967385591013e+00,5.435410313082653211e+00,7.853605052990886293e-01
6.928558082759981751e+00,5.569668932795212690e+00,6.944036881193698107e-01
7.026926490623144339e+00,5.702564825998164721e+00,6.250987747414262774e-01
7.127117539803241364e+00,5.834092102314311745e+00,5.794567395915208863e-01
7.229086364345749693e+00,5.964246018074274680e+00,5.583557744421319136e-01
7.332788908069823641e+00,6.093022900705220124e+00,5.605256962478447624e-01
7.438181909560246829e+00,6.220420035165069805e+00,5.825706335265827818e-01
7.545222922197123872e+00,6.346435606060899737e+00,6.199302021610277880e-01
7.653870451440997869e+00,6.471068778938064980e+00,6.681982037897901128e-01
7.764083866408332035e+00,6.594319517783707951e+00,7.237809181740586517e-01
7.875823346805280956e+00,6.716188464743334308e+00,7.840450739600935970e-01
7.989125859136882113e+00,6.836756760860327908e+00,8.472110555828680223e-01
8.103879427670532820e+00,6.955944853737801026e+00,9.120011468243639507e-01
8.227276974871065462e+00,7.080996369238999222e+00,9.816343177164033040e-01
8.352225229560142239e+00,7.204498523070040683e+00,1.051533467336390970e+00
8.472896310979129098e+00,7.320940611910402573e+00,1.118138118340053389e+00
8.594905754765681749e+00,7.435979625113561475e+00,1.184366795095205038e+00
8.716481823428745557e+00,7.548037667013733909e+00,1.249164269144336981e+00
8.839292347205807587e+00,7.658741453266873833e+00,1.313365637988125778e+00
8.963305642619696201e+00,7.768096510868409688e+00,1.376918208137766664e+00
9.088490550380496913e+00,7.876108418638469111e+00,1.439788311445825419e+00
9.214816869636116792e+00,7.982783178254304168e+00,1.501961641423671168e+00
9.342255176441573994e+00,8.088127034396721982e+00,1.563428080460156133e+00
9.470776901148257210e+00,8.192146522873159142e+00,1.624192544920335601e+00
9.600354086578390067e+00,8.294848261160215230e+00,1.684253843306606546e+00
9.730959472291159429e+00,8.396239013745715241e+00,1.743620213150331777e+00
9.862566753635958250e+00,8.496325880388896579e+00,1.802296295323566167e+00
9.996897939904851427e+00,8.596404906859072881e+00,1.861041120097736590e+00
1.013220510422849685e+01,8.695160444810486666e+00,1.919101732833538243e+00
1.028006397120398852e+01,8.800805173260833669e+00,1.981288469890362780e+00
1.042901024521383668e+01,8.904911219186846694e+00,2.042634377419682234e+00
1.056884194765520846e+01,9.000603237885398400e+00,2.099117267993715341e+00
1.070956853752062976e+01,9.094974312241674852e+00,2.154901078203968812e+00
1.084773185309776977e+01,9.185797293157493826e+00,2.208649152622328860e+00
1.098670398044836105e+01,9.275377803486318129e+00,2.261723777258140000e+00
1.112646438684958916e+01,9.363723434192641193e+00,2.314116554472849252e+00
1.126699310143554200e+01,9.450841779644919782e+00,2.365825082427178927e+00
1.140827069055479015e+01,9.536740421917199839e+00,2.416843063924448032e+00
1.155027821553131595e+01,9.621426905940932528e+00,2.467163074215218188e+00
1.169299723862801166e+01,9.704908744933367970e+00,2.516781568242383305e+00
1.183640983139148517e+01,9.787193426172070332e+00,2.565687860014608468e+00
1.198049852586758313e+01,9.868288383845470690e+00,2.613872647738578969e+00
1.212524631080485094e+01,9.948200999149534596e+00,2.661327022254021291e+00
1.227149463864536472e+01,1.002739878582031707e+01,2.708308562731244873e+00
1.241837665488569087e+01,1.010541506152555336e+01,2.754549252914824997e+00
1.257998243964515162e+01,1.018952828671188193e+01,2.804307648986656076e+00
1.274230896470509045e+01,1.027224205951034897e+01,2.853104904570278322e+00
1.290452735839712695e+01,1.035316648740663403e+01,2.900711669919319835e+00
1.306742062905759383e+01,1.043272374250739176e+01,2.947345519446870732e+00
1.321721925657072028e+01,1.050441183193209049e+01,2.989176900417305660e+00
1.336755481057936557e+01,1.057496702082990758e+01,3.030262931062400522e+00
1.351775248748602287e+01,1.064409468418650029e+01,3.070751848489917446e+00
1.366845597354479303e+01,1.071211260513416619e+01,3.109690287349147209e+00
1.381965259485994757e+01,1.077902727419824735e+01,3.147976442921749385e+00
1.397132992500995741e+01,1.084484505971802726e+01,3.185424575374241840e+00
1.412347579705122058e+01,1.090957221817050815e+01,3.222211529478693048e+00
1.427607846477197029e+01,1.097321496499089299e+01,3.257679963553682168e+00
1.442912642123271993e+01,1.103577939829247256e+01,3.292349855872423348e+00
1.458260837280368172e+01,1.109727149290195669e+01,3.326171177158939507e+00
1.473651333273889819e+01,1.115769714164073534e+01,3.359479086376227830e+00
1.489083052794381956e+01,1.121706212059409680e+01,3.391182464078564163e+00
1.504992683185408531e+01,1.127700441465991510e+01,3.423010953515673638e+00
1.520943671634561234e+01,1.133583732345125128e+01,3.453811811379391195e+00
1.538771158683273299e+01,1.140011634119288608e+01,3.486894900370632655e+00
1.556647201713170858e+01,1.146303242117879684e+01,3.518639672290048814e+00
1.573867590784143111e+01,1.152220801909735037e+01,3.547923417121239709e+00
1.591130232544300149e+01,1.158013947499174634e+01,3.575955112513781842e+00
1.606930493826497752e+01,1.163196177410725518e+01,3.600490141936152799e+00
1.622764069752500404e+01,1.168275709896205861e+01,3.624000584945001879e+00
1.638540103082651456e+01,1.173225124362894789e+01,3.646341056166365391e+00
1.654347341503755686e+01,1.178073954829578440e+01,3.667644806845391514e+00
1.670184953637894054e+01,1.182822663285211462e+01,3.687908594700799014e+00
1.686052110989172803e+01,1.187471697496138390e+01,3.707132695944054035e+00
1.701948002335016596e+01,1.192021495742500115e+01,3.725320535359117446e+00
1.717871842685308792e+01,1.196472489440839126e+01,3.742473297257932430e+00
1.733822858694503921e+01,1.200825099042131860e+01,3.758595702705656461e+00
1.749800286972115870e+01,1.205079733883630055e+01,3.773692068003180022e+00
1.765803381062989885e+01,1.209236794305923901e+01,3.787773480943825266e+00
1.781831406119821537e+01,1.213296670397582488e+01,3.800860376662966722e+00
1.798288808321601451e+01,1.217358448842189134e+01,3.813221554216503328e+00
1.814770893700092103e+01,1.221318878454377099e+01,3.824592836746490754e+00
1.833223589111880258e+01,1.225626531434283706e+01,3.836051948757124741e+00
1.851705162025984208e+01,1.229808554934979625e+01,3.846224200509889002e+00
1.870227567250323020e+01,1.233868256154506682e+01,3.855195078657342123e+00
1.888776885653665261e+01,1.237803160299125516e+01,3.862915789446952353e+00
1.905388705208041600e+01,1.241217065998011826e+01,3.868855335436239606e+00
1.922020584679027877e+01,1.244531865234497658e+01,3.873910215717649486e+00
1.938254548176808001e+01,1.247668531705392958e+01,3.877984085147553106e+00
1.954506318798511444e+01,1.250711590252727312e+01,3.881259183716263550e+00
1.970775287369767526e+01,1.253661321289071573e+01,3.883757008266251809e+00
1.987060853532015869e+01,1.256517996301184326e+01,3.885522776138386813e+00
2.003362424396439323e+01,1.259281877724628096e+01,3.886636006331777082e+00
2.019679415333942174e+01,1.261953219195231135e+01,3.887074604280088330e+00
2.036011249130032397e+01,1.264532265505881803e+01,3.886890479841207835e+00
2.052357354946296653e+01,1.267019252550701580e+01,3.886122074518383318e+00
2.068717170319502685e+01,1.269414407728076988e+01,3.884803909771936237e+00
2.085090136689598594e+01,1.271717949370445311e+01,3.882993523103156264e+00
2.101565572661224124e+01,1.273941964142986372e+01,3.880705499233065403e+00
2.118053192846197064e+01,1.276073774874857314e+01,3.878053397027705351e+00
2.136112610882871365e+01,1.278301635568671735e+01,3.874698263815340216e+00
2.154185256735268084e+01,1.280419516803560853e+01,3.870986544607508240e+00
2.173793645781429973e+01,1.282591722884756358e+01,3.866617884692887586e+00
2.193415867724784007e+01,1.284635203766483258e+01,3.861896679914820218e+00
2.211263455593283922e+01,1.286381236394529282e+01,3.857466303375159278e+00
2.229121092003809324e+01,1.288021312233682458e+01,3.852931131265726616e+00
2.245625980517638354e+01,1.289442381455926956e+01,3.848712856198770460e+00
2.262138382531609082e+01,1.290773307757861943e+01,3.844522927147838498e+00
2.278626139937426487e+01,1.292011920203996844e+01,3.840390028655329857e+00
2.295120381373755336e+01,1.293160966175802251e+01,3.836350974673529812e+00
2.311620612117111051e+01,1.294220549067397386e+01,3.832449882824346510e+00
2.328126338854685073e+01,1.295190764075084822e+01,3.828724257864903446e+00
2.344637071601871270e+01,1.296071698364952240e+01,3.825211592022049079e+00
2.361152322189374075e+01,1.296863431013414392e+01,3.821946771004172128e+00
2.377671604663604654e+01,1.297566033063786861e+01,3.818964760320961993e+00
2.394194434921158532e+01,1.298179567534206846e+01,3.816293559772295119e+00
2.410720329884862068e+01,1.298704089414903606e+01,3.813955204640082197e+00
2.427248808916194989e+01,1.299139645735884940e+01,3.811990375230262185e+00
2.444383102956829745e+01,1.299497251410132215e+01,3.810341507913267201e+00
2.461519124033732098e+01,1.299759351331278445e+01,3.809150445010483388e+00
2.480759185763012908e+01,1.299939839656442153e+01,3.808326884652337707e+00
2.499999999999993605e+01,1.299999999999999112e+01,3.808023634878857422e+00
2.519240814236977144e+01,1.299939839656442153e+01,3.808308866077077859e+00
2.538480875966258310e+01,1.299759351331278445e+01,3.809113990120530424e+00
2.555616897043163860e+01,1.299497251410132392e+01,3.810287100826364348e+00
2.572751191083794708e+01,1.299139645735884940e+01,3.811917290454002405e+00
2.589279670115136511e+01,1.298704089414903784e+01,3.813866726063743329e+00
2.605805565078832586e+01,1.298179567534207024e+01,3.816189957882802908e+00
2.622328395336386464e+01,1.297566033063787039e+01,3.818849773478954379e+00
2.638847677810615622e+01,1.296863431013414925e+01,3.821820271019301440e+00
2.655362928398119848e+01,1.296071698364952773e+01,3.825078580902342651e+00
2.671873661145306045e+01,1.295190764075085355e+01,3.828585176927561839e+00
2.688379387882879712e+01,1.294220549067397918e+01,3.832308286807802666e+00
2.704879618626235072e+01,1.293160966175802784e+01,3.836207090665542552e+00
2.721373860062564276e+01,1.292011920203997555e+01,3.840249086638542142e+00
2.737861617468382036e+01,1.290773307757862298e+01,3.844385838817640622e+00
2.754374019482352054e+01,1.289442381455927489e+01,3.848582292022542539e+00
2.770878907996180018e+01,1.288021312233683346e+01,3.852808368030840036e+00
2.788736544406706486e+01,1.286381236394529992e+01,3.857348541923650842e+00
2.806584132275206400e+01,1.284635203766483968e+01,3.861785662356628901e+00
2.826206354218559724e+01,1.282591722884757246e+01,3.866507551605620652e+00
2.845814743264719837e+01,1.280419516803561741e+01,3.870875640690033759e+00
2.863887389117118687e+01,1.278301635568672445e+01,3.874587176843558467e+00
2.881946807153794055e+01,1.276073774874858202e+01,3.877940243102993456e+00
2.898434427338766284e+01,1.273941964142987260e+01,3.880591556008587961e+00
2.914909863310391813e+01,1.271717949370446199e+01,3.882876420670257289e+00
2.931282829680487723e+01,1.269414407728078231e+01,3.884686583106201407e+00
2.947642645053692334e+01,1.267019252550702824e+01,3.886005178114164682e+00
2.963988750869956945e+01,1.264532265505883046e+01,3.886784129951276867e+00
2.980320584666047168e+01,1.261953219195232734e+01,3.886978887408148342e+00
2.996637575603550374e+01,1.259281877724629339e+01,3.886553757910504281e+00
3.012939146467973117e+01,1.256517996301185924e+01,3.885464000143085350e+00
3.029224712630222172e+01,1.253661321289073172e+01,3.883673868078963309e+00
3.045493681201477898e+01,1.250711590252728556e+01,3.881144962215213656e+00
3.061745451823183473e+01,1.247668531705394201e+01,3.877847098139494353e+00
3.077979415320964662e+01,1.244531865234498724e+01,3.873751536833009990e+00
3.094611294791950939e+01,1.241217065998012536e+01,3.868687402681036502e+00
3.111223114346326923e+01,1.237803160299126759e+01,3.862742336570461621e+00
3.129772432749670585e+01,1.233868256154507570e+01,3.855021313162201313e+00
3.148294837974009752e+01,1.229808554934980513e+01,3.846050385265821880e+00
3.166776410888112991e+01,1.225626531434284594e+01,3.835882150085007325e+00
3.185229106299899726e+01,1.221318878454378520e+01,3.824423557160895548e+00
3.201711191678391089e+01,1.217358448842190199e+01,3.813056867851346343e+00
3.218168593880172068e+01,1.213296670397583377e+01,3.800699700092709854e+00
3.234196618937004786e+01,1.209236794305924612e+01,3.787613152618470647e+00
3.250199713027878801e+01,1.205079733883630233e+01,3.773528867516431795e+00
3.266177141305490750e+01,1.200825099042131860e+01,3.758424510223014270e+00
3.282128157314686234e+01,1.196472489440839659e+01,3.742292517406163199e+00
3.298051997664980206e+01,1.192021495742500115e+01,3.725130303462977466e+00
3.313947889010825065e+01,1.187471697496137324e+01,3.706930389902291179e+00
3.329815046362104169e+01,1.182822663285210929e+01,3.687695178513087146e+00
3.345652658496241827e+01,1.178073954829578263e+01,3.667419639652427676e+00
3.361459896917346413e+01,1.173225124362894967e+01,3.646108160383144003e+00
3.377235930247497464e+01,1.168275709896205861e+01,3.623760252339696564e+00
3.393069506173500116e+01,1.163196177410725163e+01,3.600241991806718111e+00
3.408869767455697541e+01,1.158013947499174279e+01,3.575706995551388268e+00
3.426132409215853869e+01,1.152220801909735037e+01,3.547669017285563164e+00
3.443352798286824168e+01,1.146303242117880394e+01,3.518380554865675247e+00
3.461228841316720661e+01,1.140011634119289852e+01,3.486630090561324113e+00
3.479056328365432904e+01,1.133583732345126371e+01,3.453527811557959293e+00
3.495007316814583476e+01,1.127700441465993642e+01,3.422711706722772806e+00
3.510916947205608807e+01,1.121706212059412167e+01,3.390900115676931836e+00
3.526348666726099879e+01,1.115769714164076376e+01,3.358973577436181301e+00
3.541739162719621703e+01,1.109727149290198511e+01,3.326106146815920095e+00
3.557087357876717704e+01,1.103577939829250454e+01,3.292299999591435711e+00
3.572392153522791602e+01,1.097321496499092319e+01,3.257564968702694852e+00
3.587652420294867284e+01,1.090957221817054013e+01,3.221917014577124760e+00
3.602867007498993956e+01,1.084484505971806279e+01,3.185364193621838869e+00
3.618034740513994763e+01,1.077902727419827933e+01,3.147922589991881015e+00
3.633154402645511283e+01,1.071211260513419639e+01,3.109601475333104492e+00
3.648224751251388653e+01,1.064409468418652871e+01,3.070415562141877164e+00
3.663244518942054384e+01,1.057496702082993778e+01,3.030377116880345056e+00
3.678278074342917847e+01,1.050441183193212424e+01,2.989314048265305335e+00
3.693257937094229959e+01,1.043272374250742729e+01,2.947433219835996709e+00
3.709547264160276114e+01,1.035316648740667844e+01,2.900790554493291928e+00
3.725769103529479054e+01,1.027224205951039515e+01,2.853163710912429263e+00
3.742001756035472937e+01,1.018952828671192634e+01,2.804359625264925882e+00
3.758162334511419544e+01,1.010541506152559776e+01,2.754597542239500374e+00
3.772850536135452160e+01,1.002739878582036148e+01,2.708342872283702185e+00
3.787475368919503893e+01,9.948200999149582557e+00,2.661352853460327239e+00
3.801950147413231207e+01,9.868288383845513323e+00,2.613891897567842015e+00
3.816359016860841535e+01,9.787193426172111188e+00,2.565701563764011262e+00
3.830700276137189064e+01,9.704908744933407050e+00,2.516791951382966630e+00
3.844972178446857924e+01,9.621426905940976937e+00,2.467169788794769225e+00
3.859172930944510682e+01,9.536740421917247801e+00,2.416846821623198416e+00
3.873300689856436207e+01,9.450841779644964191e+00,2.365824839631336385e+00
3.887353561315031669e+01,9.363723434192682049e+00,2.314114180863553027e+00
3.901329601955155368e+01,9.275377803486351880e+00,2.261718174643171597e+00
3.915226814690215207e+01,9.185797293157525800e+00,2.208642286360004814e+00
3.929043146247929030e+01,9.094974312241708603e+00,2.154891458166921403e+00
3.943115805234469207e+01,9.000603237885448138e+00,2.099110900695104753e+00
3.957098975478604785e+01,8.904911219186907090e+00,2.042628184245795175e+00
3.971993602879591378e+01,8.800805173260883407e+00,1.981288179661706561e+00
3.986779489577142499e+01,8.695160444810525746e+00,1.919107058098154850e+00
4.000310206009506686e+01,8.596404906859117290e+00,1.861046435257578846e+00
4.013743324636395471e+01,8.496325880388942764e+00,1.802302513331093259e+00
4.026904052770875353e+01,8.396239013745763202e+00,1.743625706060617953e+00
4.039964591342152289e+01,8.294848261160266745e+00,1.684257619414539775e+00
4.052922309885165220e+01,8.192146522873207104e+00,1.624195171526521264e+00
4.065774482355833896e+01,8.088127034396769943e+00,1.563430114479914090e+00
4.078518313036379794e+01,7.982783178254349465e+00,1.501962076476821339e+00
4.091150944961943026e+01,7.876108418638509079e+00,1.439787199265923912e+00
4.103669435738022742e+01,7.768096510868454985e+00,1.376916526645648009e+00
4.116070765279410892e+01,7.658741453266922683e+00,1.313364125779416192e+00
4.128351817657117095e+01,7.548037667013787200e+00,1.249161673049281163e+00
4.140509424523423121e+01,7.435979625113619207e+00,1.184362521375024180e+00
4.152710368902077676e+01,7.320940611910467410e+00,1.118132097878950182e+00
4.164777477043976006e+01,7.204498523070108185e+00,1.051526033632390833e+00
4.177272302512884750e+01,7.080996369239060506e+00,9.816245897179457502e-01
4.189612057232938014e+01,6.955944853737861422e+00,9.119897399016487771e-01
4.201087414086303085e+01,6.836756760860385640e+00,8.471952881043670613e-01
4.212417665319464533e+01,6.716188464743390263e+00,7.840288474986503164e-01
4.223591613359160135e+01,6.594319517783755913e+00,7.237690470567198497e-01
4.234612954855893463e+01,6.471068778938114718e+00,6.681999674196841266e-01
4.245477707780280952e+01,6.346435606060948587e+00,6.199571041501094060e-01
4.256181809043969366e+01,6.220420035165119543e+00,5.826496324127482529e-01
4.266721109193012040e+01,6.093022900705253875e+00,5.606856160865468786e-01
4.277091363565420323e+01,5.964246018074298661e+00,5.586359589298544037e-01
4.287288246019671334e+01,5.834092102314333950e+00,5.798771299540221857e-01
4.297307350937681036e+01,5.702564825998183373e+00,6.256873991652455169e-01
4.307144191723998006e+01,5.569668932795226901e+00,6.951441748068024618e-01
4.316794203261437701e+01,5.435410313082662981e+00,7.862601697756268493e-01
4.326559124504429832e+01,5.295333281119862789e+00,9.009021492055513392e-01
4.336114649598126647e+01,5.153819600712726157e+00,1.035118008937811362e+00
4.345197541884477488e+01,5.014892304690270919e+00,1.183484171024492548e+00
4.354072712335203477e+01,4.874628954500058953e+00,1.349479416794305608e+00
4.362702067972590214e+01,4.733593508346378265e+00,1.532946360915929285e+00
4.371115467559911139e+01,4.591259285120204758e+00,1.735625282354337218e+00
4.379307939737949340e+01,4.447642123384154544e+00,1.958996978160263858e+00
4.387274482451800139e+01,4.302759571274629380e+00,2.205087155411213473e+00
4.395010073674988149e+01,4.156630928206221043e+00,2.476181501924639594e+00
4.402509681596448843e+01,4.009277304950639831e+00,2.775240321414601752e+00
4.409768273256155169e+01,3.860721729043969930e+00,3.105512440332066415e+00
4.416780831471668023e+01,3.710989095017951378e+00,3.471052688710953404e+00
4.423542363840473257e+01,3.560106279746376057e+00,3.876301429866820136e+00
4.430047913157392969e+01,3.408102255762611943e+00,4.326831995811832421e+00
4.436383723324368589e+01,3.252716359118618783e+00,4.836707893062032859e+00
4.442445751672780574e+01,3.096242109623084993e+00,5.408214702932593099e+00
4.448146110184958246e+01,2.941037994472948114e+00,6.040794147667112313e+00
4.453571198361996153e+01,2.784850436973626664e+00,6.753856654013434380e+00
4.458716450238518547e+01,2.627719906044331921e+00,7.561510148705433920e+00
4.463577496627775787e+01,2.469687079902594284e+00,8.482002192248836892e+00
4.468150084316190629e+01,2.310795669647225381e+00,9.537470291130528466e+00
4.472430127507835351e+01,2.151091424416992304e+00,1.075941577887484080e+01
4.476413724863072474e+01,1.990622088771164755e+00,1.218303922915898596e+01
4.480097176334881226e+01,1.829437352967780095e+00,1.387505031361229868e+01
4.483477000393870782e+01,1.667588762670558777e+00,1.587543465147706989e+01
4.486549950612825910e+01,1.505129615573767010e+00,1.840107700159877524e+01
4.489313031039511515e+01,1.342114870889282052e+00,2.130081595754881008e+01
4.491763511062364245e+01,1.178601035559412979e+00,2.577851474198005022e+01
4.494005632854424448e+01,1.005748428842197173e+00,2.981360125786127568e+01
4.495895110129261951e+01,8.324749068581170919e-01,4.237298098951342951e+01
4.497597118703684771e+01,6.370580777285959062e-01,4.440124972677263315e+01
4.498847324920937041e+01,4.413002973975738152e-01,1.090806410382595146e+02
4.499711697021894707e+01,2.207253758368813712e-01,1.116548597659068349e+02
4.499999999999997868e+01,-4.250850944224393626e-17,9.175284675977658253e+02
