x,y,stress
9.999999999999994671e+00,3.396437692126426208e-13,8.446249148832371247e+02
1.000200384045094282e+01,2.288307947202948001e-01,1.175075259605735880e+02
1.000801450972510231e+01,4.575914123119778076e-01,1.045557693923738469e+02
1.001671614387653264e+01,6.607610353682175086e-01,4.759040490930712508e+01
1.002857696143065169e+01,8.637707289379296105e-01,4.351854559151579593e+01
1.004176308454049682e+01,1.043977612942186273e+00,3.204830454961526698e+01
1.005743674298133428e+01,1.223985200998398915e+00,2.782767193010269580e+01
1.007398142788643014e+01,1.388745298853152343e+00,2.367102759550077806e+01
1.009260812621668713e+01,1.553283023800519080e+00,2.087682749064031995e+01
1.011321858073286961e+01,1.716861269348826546e+00,1.847808351955687911e+01
1.013588446993897918e+01,1.880167396523569456e+00,1.655343794612232244e+01
1.016060084971910982e+01,2.043175785436889935e+00,1.491975960959222114e+01
1.018736234079125857e+01,2.205860933553819958e+00,1.353264575475460951e+01
1.021616313349623617e+01,2.368197468214022550e+00,1.233166300770156454e+01
1.024699699117990015e+01,2.530160149048173768e+00,1.128598831561365579e+01
1.027985725595369537e+01,2.691723882653495270e+00,1.036518622723094296e+01
1.031473685424898790e+01,2.852863732890364545e+00,9.548554580098000955e+00
1.035162830109426402e+01,3.013554923900221283e+00,8.819208497020657234e+00
1.039052370754198407e+01,3.173772856243322504e+00,8.163282362304494555e+00
1.043235636492306107e+01,3.337075731564917547e+00,7.557675566723094818e+00
1.047626609121954111e+01,3.499832412495968992e+00,7.008888857636722314e+00
1.052144914642054907e+01,3.659281517421162366e+00,6.516895353144233738e+00
1.056862067513650061e+01,3.818153709293356624e+00,6.066952803548641526e+00
1.061751184980565732e+01,3.975609405957409415e+00,5.656355353279050036e+00
1.066835092320293477e+01,4.132447006556888347e+00,5.278668408645002863e+00
1.072112733311533894e+01,4.288643344735424634e+00,4.930969022852777606e+00
1.077583016679279559e+01,4.444175484579715452e+00,4.610410180987716267e+00
1.083244816924257314e+01,4.599020728647550627e+00,4.314736806127352331e+00
1.089096975019930547e+01,4.753156621493636713e+00,4.041976595898612246e+00
1.095138299321463116e+01,4.906560958347531809e+00,3.780594338302840640e+00
1.101367566186645597e+01,5.059211785632030889e+00,3.551668254307802197e+00
1.107783519915908244e+01,5.211087386039869429e+00,3.338073101632915041e+00
1.114384876544298209e+01,5.362166353736143698e+00,3.143445220126235284e+00
1.121324778000695943e+01,5.515791790448524523e+00,2.962572553587600854e+00
1.128455691549024742e+01,5.668539970802774164e+00,2.799769581371506444e+00
1.135672333484726160e+01,5.818268684933459056e+00,2.656492725649726161e+00
1.143071816441498001e+01,5.967102304925886003e+00,2.530161429880249724e+00
1.150590789034671957e+01,6.113830483127346227e+00,2.421419484667734157e+00
1.158286776647438820e+01,6.259637999865236502e+00,2.328998455836676307e+00
1.166158305290576180e+01,6.404505405732230372e+00,2.252681250534693369e+00
1.174203875807987352e+01,6.548413509891043205e+00,2.192168366144978453e+00
1.182421967782514827e+01,6.691343438852203285e+00,2.146998142547907662e+00
1.190811037806021488e+01,6.833276591920946608e+00,2.116607551449594116e+00
1.199369522346880501e+01,6.974194678402015235e+00,2.100211001278420309e+00
1.208095837082632151e+01,7.114079693178346986e+00,2.096943419036916723e+00
1.216988377431401602e+01,7.252913914508602566e+00,2.105762336533643087e+00
1.226045522603580018e+01,7.390679955073651719e+00,2.125588261309413252e+00
1.235444397244204318e+01,7.529976508673105862e+00,2.155926423182569884e+00
1.245010806230106759e+01,7.668127866843108542e+00,2.195384205101248210e+00
1.254707711158134309e+01,7.804626394611330120e+00,2.242484939462842330e+00
1.264567420625590977e+01,7.939953624179649339e+00,2.296517483957963623e+00
1.274433468999973584e+01,8.072047486539709382e+00,2.354768993858655790e+00
1.284453925066071101e+01,8.202973904727562271e+00,2.419420486147086269e+00
1.294627058187789004e+01,8.332717575778755048e+00,2.487856891360311629e+00
1.304951124735749879e+01,8.461263483349982906e+00,2.558634459264271133e+00
1.315424370120886088e+01,8.588596913243984332e+00,2.632620296618226163e+00
1.326045027779239049e+01,8.714703430839373155e+00,2.708849383304374747e+00
1.336811319573063983e+01,8.839568877632540733e+00,2.786977291283770697e+00
1.347721460972829455e+01,8.963179421648506562e+00,2.866588653659986274e+00
1.358773656495152871e+01,9.085521494151478805e+00,2.947347491811940223e+00
1.369966102727277679e+01,9.206581815656932122e+00,3.028958167441179850e+00
1.381421296855752345e+01,9.327646130007247294e+00,3.112053106255790347e+00
1.393016086821791966e+01,9.447374161440574625e+00,3.195524236505279614e+00
1.404959560904785576e+01,9.567856873749439828e+00,3.280637510522514955e+00
1.417043716817518728e+01,9.686928534846549255e+00,3.365728413521212214e+00
1.428920498925488225e+01,9.801283037690820876e+00,3.448236332386933167e+00
1.440926418551156729e+01,9.914280995258318185e+00,3.530415645645601508e+00
1.453059611425802622e+01,1.002591090377180549e+01,3.612132721785409117e+00
1.465318243455960356e+01,1.013616183954565209e+01,3.693269685439764860e+00
1.477700473185495511e+01,1.024502309058877536e+01,3.773723932020218719e+00
1.490204430150264514e+01,1.035248397018098920e+01,3.853384494501330693e+00
1.502828245929902273e+01,1.045853409327444616e+01,3.932169165850060821e+00
1.515570065980867120e+01,1.056316346095427328e+01,4.009972998189526017e+00
1.528428029093937823e+01,1.066636227583483709e+01,4.086721537428597451e+00
1.541400266378233397e+01,1.076812093248202196e+01,4.162323272263861895e+00
1.554519861618260990e+01,1.086869495086030923e+01,4.236898715313895281e+00
1.567750580344321421e+01,1.096780257201603348e+01,4.310174787902335325e+00
1.581626111146207059e+01,1.106930736472554067e+01,4.384912930339122106e+00
1.595617673863845809e+01,1.116920670020573247e+01,4.458040671479803763e+00
1.609142840140967579e+01,1.126349482103170097e+01,4.526653208063283529e+00
1.622770907268798979e+01,1.135628944286400177e+01,4.593710260405171830e+00
1.636499872259922839e+01,1.144758170990232138e+01,4.659173528463367298e+00
1.650328004153500672e+01,1.153736480401248343e+01,4.722918586077885728e+00
1.664253437438178196e+01,1.162563118287548214e+01,4.784888749004261754e+00
1.678274310909829481e+01,1.171237352945450461e+01,4.845025548226791656e+00
1.692388762317218109e+01,1.179758471323917668e+01,4.903262617714874594e+00
1.706594934135847552e+01,1.188125782129850627e+01,4.959560686111408323e+00
1.720890970614335913e+01,1.196338613501167814e+01,5.013849761943669492e+00
1.735275016214260901e+01,1.204396311736639547e+01,5.066091163623373639e+00
1.749745219412924513e+01,1.212298243070982373e+01,5.116211865700114991e+00
1.764299730189889459e+01,1.220043791833830049e+01,5.164209228876488034e+00
1.779559205158621538e+01,1.227950690253483046e+01,5.211881840057652759e+00
1.794906194527154497e+01,1.235686357535454682e+01,5.257074257206142853e+00
1.809832929063600915e+01,1.243005685483080214e+01,5.298400198277510853e+00
1.824837716185811232e+01,1.250163641805703563e+01,5.337369261185799907e+00
1.839793641152568782e+01,1.257102492935478111e+01,5.373615066103326399e+00
1.854822651803180023e+01,1.263881592761405237e+01,5.407508569299601220e+00
1.869922920211477191e+01,1.270500449448401348e+01,5.440532803175068821e+00
1.885092621451019568e+01,1.276958587161053948e+01,5.468948780556832645e+00
1.900329934234293816e+01,1.283255546033883832e+01,5.495529145292249673e+00
1.915633040360346939e+01,1.289390881636020225e+01,5.519694937231973242e+00
1.931000125349958552e+01,1.295364164942824026e+01,5.542996291185765756e+00
1.946429377760023982e+01,1.301174981782572537e+01,5.561628893395982765e+00
1.961918990355739467e+01,1.306822933009334164e+01,5.578606600879199462e+00
1.977467158073948994e+01,1.312307633488601510e+01,5.593057982479909818e+00
1.993369602903114313e+01,1.317728391478710037e+01,5.605338192769238503e+00
2.009329080314001459e+01,1.322978863559389495e+01,5.615189679265805367e+00
2.025613324538181104e+01,1.328142608307270933e+01,5.622754413532960349e+00
2.041952579367579190e+01,1.333129554175419251e+01,5.627861390251393203e+00
2.057771935895410920e+01,1.337774487732663964e+01,5.630602083931445456e+00
2.073638894126836263e+01,1.342254118431011811e+01,5.631272539304243985e+00
2.089551673468214688e+01,1.346568157394463583e+01,5.629951981409075046e+00
2.105508495344189512e+01,1.350716328043689352e+01,5.626731582743851767e+00
2.121507584038329597e+01,1.354698366177113122e+01,5.621749711574833164e+00
2.137547168097185235e+01,1.358514020130562727e+01,5.615101617436819126e+00
2.153625478752727318e+01,1.362163050188145519e+01,5.606959639343748414e+00
2.169740748984505885e+01,1.365645228235051079e+01,5.597436362358720885e+00
2.185891214587088172e+01,1.368960337874580269e+01,5.586703175188429960e+00
2.202075114635973918e+01,1.372108174364369582e+01,5.574912121903029316e+00
2.218311489309520823e+01,1.375092255906596428e+01,5.562219512484343653e+00
2.234577857650756627e+01,1.377908258395463648e+01,5.548879138648121767e+00
2.251723442960845034e+01,1.380689546309793414e+01,5.534272239942358951e+00
2.268898235574742372e+01,1.383284379853475166e+01,5.519193779069809125e+00
2.285280004781150609e+01,1.385582081350698935e+01,5.504769148541094559e+00
2.301684643120175267e+01,1.387710376072315732e+01,5.490456098374598248e+00
2.318055810650355753e+01,1.389662912195347744e+01,5.476455806253814451e+00
2.334446199271106437e+01,1.391446920865049641e+01,5.462905222821487605e+00
2.350854066212957605e+01,1.393062296007083489e+01,5.450009644038771306e+00
2.367277669726454192e+01,1.394508941809767855e+01,5.437918314783619422e+00
2.383715269249070801e+01,1.395786772689327293e+01,5.426823971509423750e+00
2.400165125850292469e+01,1.396895713261830885e+01,5.416848954482247791e+00
2.416625501450060298e+01,1.397835698223575029e+01,5.408174640605523109e+00
2.433094658584240477e+01,1.398606672302192244e+01,5.400877583658030723e+00
2.449570860655725113e+01,1.399208590236922056e+01,5.395096214223048747e+00
2.466052371563679557e+01,1.399641416729640930e+01,5.390903870288015654e+00
2.483025238878456165e+01,1.399910352791735590e+01,5.388304472238039544e+00
2.500000000000012434e+01,1.399999999999999467e+01,5.387422271951255226e+00
2.516974761121567994e+01,1.399910352791735590e+01,5.388350580291551672e+00
2.533947628436344246e+01,1.399641416729640220e+01,5.390995866585961416e+00
2.550429139344300467e+01,1.399208590236921168e+01,5.395210429786489570e+00
2.566905341415784747e+01,1.398606672302191178e+01,5.401010906361610076e+00
2.583374498549965992e+01,1.397835698223573786e+01,5.408297582025652694e+00
2.599834874149731334e+01,1.396895713261829286e+01,5.416958378609517233e+00
2.616284730750955845e+01,1.395786772689324806e+01,5.426889313703608053e+00
2.632722330273571387e+01,1.394508941809765545e+01,5.437937613873810250e+00
2.649145933787069751e+01,1.393062296007081002e+01,5.449977760190841458e+00
2.665553800728915590e+01,1.391446920865046977e+01,5.462819776631279822e+00
2.681944189349671248e+01,1.389662912195344013e+01,5.476314315059005899e+00
2.698315356879846405e+01,1.387710376072312712e+01,5.490258807456362966e+00
2.714719995218871773e+01,1.385582081350695560e+01,5.504522958960363255e+00
2.731101764425278944e+01,1.383284379853471435e+01,5.518898961123798408e+00
2.748276557039179480e+01,1.380689546309789328e+01,5.533932173365166740e+00
2.765422142349268597e+01,1.377908258395459029e+01,5.548493662594251141e+00
2.781688510690504046e+01,1.375092255906591632e+01,5.561815166025311008e+00
2.797924885364050240e+01,1.372108174364364253e+01,5.574486774715494697e+00
2.814108785412937053e+01,1.368960337874574407e+01,5.586270617539853767e+00
2.830259251015521116e+01,1.365645228235044861e+01,5.596996513034270038e+00
2.846374521247298972e+01,1.362163050188139479e+01,5.606515117615566091e+00
2.862452831902840344e+01,1.358514020130555977e+01,5.614647417472548696e+00
2.878492415961697404e+01,1.354698366177105484e+01,5.621275410781930049e+00
2.894491504655838199e+01,1.350716328043681713e+01,5.626234143686954070e+00
2.910448326531813024e+01,1.346568157394455767e+01,5.629422373582795736e+00
2.926361105873190738e+01,1.342254118431003462e+01,5.630703041129145880e+00
2.942228064104615726e+01,1.337774487732655793e+01,5.629994365812367896e+00
2.958047420632446389e+01,1.333129554175410902e+01,5.627214905735921313e+00
2.974386675461843765e+01,1.328142608307262584e+01,5.622079767418556528e+00
2.990670919686021634e+01,1.322978863559380791e+01,5.614473324883335614e+00
3.006630397096910201e+01,1.317728391478700622e+01,5.604600563858089579e+00
3.022532841926076586e+01,1.312307633488591918e+01,5.592278564444244537e+00
3.038081009644285757e+01,1.306822933009324217e+01,5.577767978356065193e+00
3.053570622240000532e+01,1.301174981782562234e+01,5.560852609190002127e+00
3.068999874650066673e+01,1.295364164942813545e+01,5.541504937255685270e+00
3.084366959639677575e+01,1.289390881636009745e+01,5.519699146156563430e+00
3.099670065765731053e+01,1.283255546033873173e+01,5.495447740208150300e+00
3.114907378549004946e+01,1.276958587161042580e+01,5.468735000398273982e+00
3.130077079788547323e+01,1.270500449448389269e+01,5.439586463028619256e+00
3.145177348196844491e+01,1.263881592761393335e+01,5.408000618396488157e+00
3.160206358847455022e+01,1.257102492935466387e+01,5.374012175154434523e+00
3.175162283814211861e+01,1.250163641805691306e+01,5.337636953480028090e+00
3.190167070936423244e+01,1.243005685483067602e+01,5.298578126729500681e+00
3.205093805472868951e+01,1.235686357535441715e+01,5.257167041533544527e+00
3.220440794841400134e+01,1.227950690253470256e+01,5.211947119173487408e+00
3.235700269810130436e+01,1.220043791833817259e+01,5.164237162854877106e+00
3.250254780587095382e+01,1.212298243070969228e+01,5.116216020738728609e+00
3.264724983785759349e+01,1.204396311736626757e+01,5.066072756295010748e+00
3.279109029385683982e+01,1.196338613501154846e+01,5.013829341663347705e+00
3.293405065864171632e+01,1.188125782129837127e+01,4.959533418278071260e+00
3.307611237682802852e+01,1.179758471323903457e+01,4.903247202341384003e+00
3.321725689090191480e+01,1.171237352945435894e+01,4.845016421810102614e+00
3.335746562561842410e+01,1.162563118287533648e+01,4.784907289408284470e+00
3.349671995846518513e+01,1.153736480401233067e+01,4.722966382349610193e+00
3.363500127740096701e+01,1.144758170990215973e+01,4.659263228951585845e+00
3.377229092731221272e+01,1.135628944286384545e+01,4.593851367088315207e+00
3.390857159859052672e+01,1.126349482103154642e+01,4.526795290285785534e+00
3.404382326136173731e+01,1.116920670020557615e+01,4.458169574521541279e+00
3.418373888853810882e+01,1.106930736472539145e+01,4.385026092315147395e+00
3.432249419655694567e+01,1.096780257201589670e+01,4.310280254806834854e+00
3.445480138381753932e+01,1.086869495086017778e+01,4.236994040311966359e+00
3.458599733621780103e+01,1.076812093248189051e+01,4.162415236536713969e+00
3.471571970906074966e+01,1.066636227583470564e+01,4.086809601703708772e+00
3.484429934019146202e+01,1.056316346095414538e+01,4.010058904309475203e+00
3.497171754070111405e+01,1.045853409327430938e+01,3.932248574739769520e+00
3.509795569849748631e+01,1.035248397018084177e+01,3.853457161917061224e+00
3.522299526814518345e+01,1.024502309058862437e+01,3.773779050323494477e+00
3.534681756544053854e+01,1.013616183954550110e+01,3.693308396897524659e+00
3.546940388574211056e+01,1.002591090377165806e+01,3.612150637522576702e+00
3.559073581448855350e+01,9.914280995258168971e+00,3.530410917130797355e+00
3.571079501074525098e+01,9.801283037690668110e+00,3.448208808301307382e+00
3.582956283182494417e+01,9.686928534846394712e+00,3.365676476202305700e+00
3.595040439095226503e+01,9.567856873749288837e+00,3.280576062222719802e+00
3.606983913178219581e+01,9.447374161440420082e+00,3.195449223041545217e+00
3.618578703144260800e+01,9.327646130007073211e+00,3.111970319144886421e+00
3.630033897272736709e+01,9.206581815656749157e+00,3.028866909540815389e+00
3.641226343504860807e+01,9.085521494151295840e+00,2.947251823870788545e+00
3.652278539027183513e+01,8.963179421648321821e+00,2.866487285903331461e+00
3.663188680426948451e+01,8.839568877632355992e+00,2.786861750998473664e+00
3.673954972220774096e+01,8.714703430839186638e+00,2.708719727101545072e+00
3.684575629879126524e+01,8.588596913243799591e+00,2.632443935936364721e+00
3.695048875264261312e+01,8.461263483349796388e+00,2.558480677016313987e+00
3.705372941812222365e+01,8.332717575778572083e+00,2.487326560670379383e+00
3.715546074933940446e+01,8.202973904727377530e+00,2.419577338217644424e+00
3.725566531000037429e+01,8.072047486539528194e+00,2.355889319353822842e+00
3.735432579374419504e+01,7.939953624179466374e+00,2.297010555582097435e+00
3.745292288841876172e+01,7.804626394611152485e+00,2.243004214166774535e+00
3.754989193769903011e+01,7.668127866842931795e+00,2.195822387340894188e+00
3.764555602755805097e+01,7.529976508672924673e+00,2.156374057838384761e+00
3.773954477396429041e+01,7.390679955073455432e+00,2.126036464478328281e+00
3.783011622568608345e+01,7.252913914508406279e+00,2.106223453786436828e+00
3.791904162917377619e+01,7.114079693178146258e+00,2.097419802238242870e+00
3.800630477653128736e+01,6.974194678401814507e+00,2.100726768887843043e+00
3.809188962193987038e+01,6.833276591920741438e+00,2.117177249995437549e+00
3.817578032217493700e+01,6.691343438851996339e+00,2.147634917717326175e+00
3.825796124192022063e+01,6.548413509890833595e+00,2.192889588755226882e+00
3.833841694709432346e+01,6.404505405732020762e+00,2.253499952882191071e+00
3.841713223352568463e+01,6.259637999865027780e+00,2.329944005467147861e+00
3.849409210965335859e+01,6.113830483127132176e+00,2.422486508179519937e+00
3.856928183558510170e+01,5.967102304925672840e+00,2.531378934011069504e+00
3.864327666515281834e+01,5.818268684933237900e+00,2.657852512022279790e+00
3.871544308450982896e+01,5.668539970802542349e+00,2.801306147796980728e+00
3.878675221999312583e+01,5.515791790448283827e+00,2.964286982230238898e+00
3.885615123455710318e+01,5.362166353735896784e+00,3.145382752455038400e+00
3.892216480084099572e+01,5.211087386039618963e+00,3.340380867137069387e+00
3.898632433813361331e+01,5.059211785631775982e+00,3.553628704287229656e+00
3.904861700678544167e+01,4.906560958347276902e+00,3.785921541896961173e+00
3.910903024980076736e+01,4.753156621493377365e+00,4.038310798969233950e+00
3.916755183075749613e+01,4.599020728647291278e+00,4.311992075442682371e+00
3.922416983320727013e+01,4.444175484579456992e+00,4.608574658068671503e+00
3.927887266688472323e+01,4.288643344735161733e+00,4.929828565283417952e+00
3.933164907679712741e+01,4.132447006556631663e+00,5.278100171360821768e+00
3.938248815019439775e+01,3.975609405957154951e+00,5.655989749444237269e+00
3.943137932486354202e+01,3.818153709293104381e+00,6.066812337149916523e+00
3.947855085357948468e+01,3.659281517420919005e+00,6.516745373935547647e+00
3.952373390878049264e+01,3.499832412495738510e+00,7.008561911153047497e+00
3.956764363507696913e+01,3.337075731564694614e+00,7.557505124662188933e+00
3.960947629245803370e+01,3.173772856243101792e+00,8.163446754150104567e+00
3.964837169890575552e+01,3.013554923900003235e+00,8.819599078075434306e+00
3.968526314575102987e+01,2.852863732890152715e+00,9.548987712177808618e+00
3.972014274404632062e+01,2.691723882653277666e+00,1.036499929177123036e+01
3.975300300882010873e+01,2.530160149047950391e+00,1.128450979014767697e+01
3.978383686650376916e+01,2.368197468213806278e+00,1.232879772416487363e+01
3.981263765920875386e+01,2.205860933553616565e+00,1.352698543969241740e+01
3.983939915028089018e+01,2.043175785436687431e+00,1.491370983186775057e+01
3.986411553006102082e+01,1.880167396523369394e+00,1.654867583524715968e+01
3.988678141926713039e+01,1.716861269348626484e+00,1.847764939404850182e+01
3.990739187378331110e+01,1.553283023800320573e+00,2.087864877730229907e+01
3.992601857211356275e+01,1.388745298852954058e+00,2.368876528382164182e+01
3.994256325701864796e+01,1.223985200998199296e+00,2.782666895990338674e+01
3.995823691545949430e+01,1.043977612941946020e+00,3.211104828670443112e+01
3.997142303856933410e+01,8.637707289377088982e-01,4.347033385386678361e+01
3.998328385612344960e+01,6.607610353679681525e-01,4.774203638166328290e+01
3.999198549027487104e+01,4.575914123117453824e-01,1.044278773640234164e+02
3.999799615954903231e+01,2.288307947200054204e-01,1.171637368482909807e+02
3.999999999999997868e+01,-4.419386360282598402e-17,8.440909031795947612e+02
