x,y,stress
9.999999999999994449e-01,8.621880863778092355e-16,8.080375125390083895e+02
1.003054049664274361e+00,2.392901748089912572e-01,1.114271981157445452e+02
1.012210578850569975e+00,4.784246146989608595e-01,8.056654526360813406e+01
1.025456534395920771e+00,6.906930441199046200e-01,2.989476184821733540e+01
1.043490178510409594e+00,9.026084536793561597e-01,2.073285440718457195e+01
1.063508870867848843e+00,1.090511710623506936e+00,1.105034328906723218e+01
1.087264296021650312e+00,1.277979232470012771e+00,7.465744138997744805e+00
1.111685028939312092e+00,1.445414063106915226e+00,5.028541556224014997e+00
1.139059198524676519e+00,1.612391477512214122e+00,3.455534331771038303e+00
1.168622381988405623e+00,1.774982485359891893e+00,2.465245777292783380e+00
1.200955705983019373e+00,1.937045379265835532e+00,1.780652914246259266e+00
1.236032973395832402e+00,2.098536614233189823e+00,1.313614986229963311e+00
1.273826173483548319e+00,2.259413947963549330e+00,9.820149999260130436e-01
1.314305594986368009e+00,2.419636510045371836e+00,7.425833425144701128e-01
1.357439939339296631e+00,2.579164849239242940e+00,5.680142968192057884e-01
1.403196440497242792e+00,2.737960989598231976e+00,4.389409918734399896e-01
1.451540986853117277e+00,2.895988477223523816e+00,3.431860771953390010e-01
1.502438238380487734e+00,3.053212400161289253e+00,2.719388216300760996e-01
1.555851749279457685e+00,3.209599419991738145e+00,2.192962369224920050e-01
1.612092937494409073e+00,3.366064748175035870e+00,1.807123249414812616e-01
1.670804304795544981e+00,3.521620067018494726e+00,1.538736800204010269e-01
1.736198109876279538e+00,3.686733056741474002e+00,1.332382866975929392e-01
1.804315359207769198e+00,3.850741306721995549e+00,1.237310261179486448e-01
1.870737453049229559e+00,4.003768441370866071e+00,1.200231439206842637e-01
1.939476641886510366e+00,4.155768884273165931e+00,1.210267068709639099e-01
2.009814647132041276e+00,4.305310013553376614e+00,1.255352051927628998e-01
2.082343807720109741e+00,4.453800810668939292e+00,1.328006362044490407e-01
2.157022724642926992e+00,4.601222205053931980e+00,1.422394260638885355e-01
2.233809951191427334e+00,4.747556553339832952e+00,1.534605717936372293e-01
2.312664082410885502e+00,4.892787619390934317e+00,1.662078853982813242e-01
2.393543804148186016e+00,5.036900486388290688e+00,1.803169690044151841e-01
2.476407973310691180e+00,5.179881537287807980e+00,1.957063169007257075e-01
2.561215707388682095e+00,5.321718452984504744e+00,2.123498957964498612e-01
2.647926422288252812e+00,5.462400126967440706e+00,2.302582766321015495e-01
2.736499857086860832e+00,5.601916573067128091e+00,2.494947852969951196e-01
2.828573205740364305e+00,5.742788749365434597e+00,2.704946283409818686e-01
2.922495381246938084e+00,5.882435116014121945e+00,2.930543986305271797e-01
3.026527978533126717e+00,6.032675586759411956e+00,3.193603829651359693e-01
3.132640195688376039e+00,6.181454596865994411e+00,3.477211307338771706e-01
3.232869042799900061e+00,6.318128984446421015e+00,3.760253221613789054e-01
3.334802731198421188e+00,6.453536678875456012e+00,4.062934942800819349e-01
3.435797017938805098e+00,6.584343104706297467e+00,4.378135334853908711e-01
3.538338759386830290e+00,6.713940045519399824e+00,4.713496978777346191e-01
3.642392681802994137e+00,6.842326040264970821e+00,5.069647773990686446e-01
3.747924165988378409e+00,6.969500316821814145e+00,5.446892788741949376e-01
3.854899191143578818e+00,7.095462672747379962e+00,5.845440911488628544e-01
3.963284508735524625e+00,7.220213632454276720e+00,6.265403787297826321e-01
4.073047529061878613e+00,7.343754262740698202e+00,6.706773665371451587e-01
4.184156249456148835e+00,7.466086056110251334e+00,7.169360556053842037e-01
4.296579415786127676e+00,7.587211076489105643e+00,7.652937120283569428e-01
4.410286379662704981e+00,7.707131768097593039e+00,8.157106330109012982e-01
4.525867650074563819e+00,7.826485095637822020e+00,8.684245646894970250e-01
4.642686518915156491e+00,7.944627406128219604e+00,9.231286312177209297e-01
4.771887771912010301e+00,8.072510154256663739e+00,9.851392031254408987e-01
4.902498675547783513e+00,8.198952879828077300e+00,1.049374323526892416e+00
5.037426414235594230e+00,8.326718474870073550e+00,1.117219022019108943e+00
5.173751521295156586e+00,8.452992056733101833e+00,1.187175946876324550e+00
5.297949390352365562e+00,8.565674634453127823e+00,1.252082232295488762e+00
5.423229189575903497e+00,8.677153115278482431e+00,1.318544708081069050e+00
5.547719938714604559e+00,8.785837334199571913e+00,1.385507779754100000e+00
5.673212560875797728e+00,8.893363204934736643e+00,1.453846304459598393e+00
5.799683907031554675e+00,8.999736583169756443e+00,1.523494480984895372e+00
5.927111027189757131e+00,9.104963151843454838e+00,1.594378481739762821e+00
6.055470996278811135e+00,9.209048302382388584e+00,1.666430670208330467e+00
6.184742872117070966e+00,9.311998711584475785e+00,1.739580224095937711e+00
6.314907121775437560e+00,9.413821789082795988e+00,1.813768512893293217e+00
6.445941592319854863e+00,9.514522547064107272e+00,1.888928047907424634e+00
6.577825271995643597e+00,9.614106625546337881e+00,1.964995867237325111e+00
6.710539506099746809e+00,9.712581137894312988e+00,2.041915916483767468e+00
6.845733108116117904e+00,9.811158220726458268e+00,2.120598246108903240e+00
6.981739204496676621e+00,9.908611270341046051e+00,2.200015717308539287e+00
7.133178373984780940e+00,1.001515814013615113e+01,2.288667422278749530e+00
7.285564758406494867e+00,1.012034584527063963e+01,2.378079272031392133e+00
7.447007910673068665e+00,1.022963809675763436e+01,2.472946659797770508e+00
7.609447001671934885e+00,1.033744457384518611e+01,2.568476909928674168e+00
7.755666249311507165e+00,1.043268888920453996e+01,2.654495968958839214e+00
7.902643598163529681e+00,1.052675913276681641e+01,2.740934653289529344e+00
8.042516564881081464e+00,1.061476999330685267e+01,2.823125039959988314e+00
8.183038319211336287e+00,1.070174123950757838e+01,2.905597533392300313e+00
8.324194317274292487e+00,1.078767932991101830e+01,2.988301538399520840e+00
8.465970334587309409e+00,1.087259066384172357e+01,3.071195206195732386e+00
8.608352486341010135e+00,1.095648159673855737e+01,3.154241093309930299e+00
8.751327279978626805e+00,1.103935847245891289e+01,3.237393102853571847e+00
8.894881556341665885e+00,1.112122758925849553e+01,3.320615146112192662e+00
9.039002412062281167e+00,1.120209515834688219e+01,3.403861376864980137e+00
9.183677243336168416e+00,1.128196733275187036e+01,3.487094696128759885e+00
9.328893831770168177e+00,1.136085025606146459e+01,3.570270062382578935e+00
9.474640279499604745e+00,1.143875002644970174e+01,3.653348450759460242e+00
9.620904834060196364e+00,1.151567260636304191e+01,3.736293449670326616e+00
9.776668044888578990e+00,1.159623733736783180e+01,3.824108797874397059e+00
9.932988527207731622e+00,1.167571540364915705e+01,3.911682940716094237e+00
1.010964210749947156e+01,1.176390868678910273e+01,4.009916107230722560e+00
1.028696766260353890e+01,1.185074297906052365e+01,4.107672760922312705e+00
1.046458293879970292e+01,1.193605440947731289e+01,4.204718225760517569e+00
1.064283302989522362e+01,1.202003140257786207e+01,4.301147280759137992e+00
1.080166978304315961e+01,1.209350644215745874e+01,4.386233830551552693e+00
1.096098303662052231e+01,1.216594251611631172e+01,4.470768601364418338e+00
1.111184898205407912e+01,1.223339533598002760e+01,4.549995024801678944e+00
1.126312096414612363e+01,1.229993258293131575e+01,4.628619721742379234e+00
1.141479009997560112e+01,1.236555940360853434e+01,4.706510265583206731e+00
1.156684777135353848e+01,1.243028090117175566e+01,4.783789899525664246e+00
1.171928546951763117e+01,1.249410207044948962e+01,4.860617558721657794e+00
1.187209495458812292e+01,1.255702786787033887e+01,4.936024403542758066e+00
1.202526813752204937e+01,1.261906316316457932e+01,5.010731762150562041e+00
1.217879706817078223e+01,1.268021273759419110e+01,5.084616615034510900e+00
1.233267402363437881e+01,1.274048132137056832e+01,5.157845935524951742e+00
1.248689135603102329e+01,1.279987353551156382e+01,5.229485831228351422e+00
1.264144162079296763e+01,1.285839394477232567e+01,5.300243572406378334e+00
1.279631752130509526e+01,1.291604703761218431e+01,5.369873935933949127e+00
1.296053474490283541e+01,1.297610900202915651e+01,5.442225296575476712e+00
1.312510023879960563e+01,1.303521006467678589e+01,5.513207032001730568e+00
1.331078838172101975e+01,1.310060726978505841e+01,5.591280682794852908e+00
1.349689639132744112e+01,1.316479988466141826e+01,5.667369342786562569e+00
1.369342582357685245e+01,1.323113899919548153e+01,5.745278936954809623e+00
1.389039644772121740e+01,1.329615647164379943e+01,5.820677901231901430e+00
1.406708209852033598e+01,1.335324320038231960e+01,5.886061843714903929e+00
1.424410275270174253e+01,1.340928250092720120e+01,5.949305827751165232e+00
1.440410448010617017e+01,1.345895087460812078e+01,6.004498569508719186e+00
1.456436593942062174e+01,1.350777469635651684e+01,6.057852934940449963e+00
1.472269982593211424e+01,1.355511177120011901e+01,6.108605970430768473e+00
1.488127497147691258e+01,1.360163426240604068e+01,6.157436696661202191e+00
1.504008586038044726e+01,1.364734564295216757e+01,6.204288654874765996e+00
1.519912702102919688e+01,1.369224930232656590e+01,6.249108616189094967e+00
1.535839309889147941e+01,1.373634856930258863e+01,6.291850787207730278e+00
1.551787883732268902e+01,1.377964670742214182e+01,6.332462343953427109e+00
1.567757906235775422e+01,1.382214691205251533e+01,6.370896163863313255e+00
1.583748869094442568e+01,1.386385231387822792e+01,6.407108847406337127e+00
1.599760271535262568e+01,1.390476597600302711e+01,6.441058200372578035e+00
1.615791621958052460e+01,1.394489089936988968e+01,6.472720575751641725e+00
1.632058188192322490e+01,1.398475315314973066e+01,6.502390092608690608e+00
1.648344248438721849e+01,1.402381133670597890e+01,6.529726863426670747e+00
1.666410075785471179e+01,1.406614930183676648e+01,6.557037162997582769e+00
1.684498579125066087e+01,1.410750774265326868e+01,6.581405648950409137e+00
1.704878822192977239e+01,1.415287944504741802e+01,6.605081416292104102e+00
1.725286064444841472e+01,1.419702092162603257e+01,6.624717549816844908e+00
1.745393063565311209e+01,1.423926181412221936e+01,6.640246723302253962e+00
1.765524525117990606e+01,1.428032105402839846e+01,6.651832609155666987e+00
1.783424019739771182e+01,1.431580047168447933e+01,6.658985922610727748e+00
1.801341608986373899e+01,1.435035448803531466e+01,6.663135262117322988e+00
1.817690330241444130e+01,1.438104969785809395e+01,6.664364693793645600e+00
1.834053216472408465e+01,1.441098062447365713e+01,6.663189664870389883e+00
1.850322986079603638e+01,1.443996161047024529e+01,6.659638510332256622e+00
1.866605939950105508e+01,1.446819243619741613e+01,6.653752262672569806e+00
1.882901687562327453e+01,1.449567509960214196e+01,6.645580039939318340e+00
1.899209844608904518e+01,1.452241154483457564e+01,6.635178841787729098e+00
1.915530030886273138e+01,1.454840365921340251e+01,6.622609837169473934e+00
1.931861869525512532e+01,1.457365327276866473e+01,6.607947872105556009e+00
1.948204988237428381e+01,1.459816216091346597e+01,6.591275665165191811e+00
1.964559018764336429e+01,1.462193204414683123e+01,6.572682200188630475e+00
1.980923596620458227e+01,1.464496458825331437e+01,6.552264600011172391e+00
1.997298361092956753e+01,1.466726140486889207e+01,6.530152076665507899e+00
2.014063698466437202e+01,1.468931625851426581e+01,6.505820827801183093e+00
2.030838948293358825e+01,1.471060404569172420e+01,6.480042076796209471e+00
2.049581093141129529e+01,1.473346903145826303e+01,6.449458557100083311e+00
2.068334610903893989e+01,1.475538168751979917e+01,6.417381469180707398e+00
2.089432263614567375e+01,1.477888344405960375e+01,6.379621807539510137e+00
2.110542923941487103e+01,1.480118658924105723e+01,6.340355728952761005e+00
2.131160786476884894e+01,1.482180303135548449e+01,6.301066419867890289e+00
2.151789704936794934e+01,1.484128215065896583e+01,6.260987729983888528e+00
2.170119862003727818e+01,1.485763047666337933e+01,6.225153583681542813e+00
2.188457773337457013e+01,1.487308475197066926e+01,6.189285503187174520e+00
2.205091918503158865e+01,1.488632607602402658e+01,6.156965995031518979e+00
2.221731736638350796e+01,1.489883433675172064e+01,6.125055581659390569e+00
2.238216379734407369e+01,1.491050035859879408e+01,6.094003820006341776e+00
2.254705942566923582e+01,1.492144904547541984e+01,6.063695859186091219e+00
2.271200107026657733e+01,1.493168114825322945e+01,6.034318749469212761e+00
2.287698556563558938e+01,1.494119736813441612e+01,6.006052476079838165e+00
2.304200976092046105e+01,1.494999835680996370e+01,5.979086265661560873e+00
2.320707051732702553e+01,1.495808471652644123e+01,5.953584463036529328e+00
2.337216470830249193e+01,1.496545700029821369e+01,5.929726770016994664e+00
2.353728921917827321e+01,1.497211571205561320e+01,5.907658388339124045e+00
2.370244094439628313e+01,1.497806130668207381e+01,5.887535845150989822e+00
2.386761678834960776e+01,1.498329419019171382e+01,5.869501445072447865e+00
2.403580814977900104e+01,1.498789008661407784e+01,5.853383159406601699e+00
2.420401805934443118e+01,1.499174789611028658e+01,5.839720671219883918e+00
2.439120663069289563e+01,1.499517332022894145e+01,5.827393451047303330e+00
2.457840968536684301e+01,1.499768551944202244e+01,5.818298579503998980e+00
2.478920166600258668e+01,1.499942139590286061e+01,5.811943067098178872e+00
2.500000000000029488e+01,1.499999999999999289e+01,5.809751723146580282e+00
2.521079833399796399e+01,1.499942139590285528e+01,5.811840725511041583e+00
2.542159031463367924e+01,1.499768551944201533e+01,5.818083389311741627e+00
2.560879336930761596e+01,1.499517332022893612e+01,5.827209801635468089e+00
2.579598194065602712e+01,1.499174789611027592e+01,5.839577219767779326e+00
2.596419185022148923e+01,1.498789008661406363e+01,5.853284041589438935e+00
2.613238321165082567e+01,1.498329419019170139e+01,5.869449449666135799e+00
2.629755905560423201e+01,1.497806130668205427e+01,5.887497427908856551e+00
2.646271078082215666e+01,1.497211571205559721e+01,5.907631777926095396e+00
2.662783529169808006e+01,1.496545700029819059e+01,5.929697384498670232e+00
2.679292948267341146e+01,1.495808471652641991e+01,5.953551465021793554e+00
2.695799023907996883e+01,1.494999835680993883e+01,5.979038657473941143e+00
2.712301443436483339e+01,1.494119736813439125e+01,6.005988495922312431e+00
2.728799892973385610e+01,1.493168114825320281e+01,6.034235327313878017e+00
2.745294057433120472e+01,1.492144904547538964e+01,6.063591595903466747e+00
2.761783620265635264e+01,1.491050035859876566e+01,6.093879565972590839e+00
2.778268263361691837e+01,1.489883433675169044e+01,6.124910104323933346e+00
2.794908081496885188e+01,1.488632607602398572e+01,6.156806155424775717e+00
2.811542226662588817e+01,1.487308475197062840e+01,6.189115757665708983e+00
2.829880137996320855e+01,1.485763047666333136e+01,6.224976803825570393e+00
2.848210295063255870e+01,1.484128215065891609e+01,6.260811514282978330e+00
2.868839213523168752e+01,1.482180303135542765e+01,6.300886322881133594e+00
2.889457076058571161e+01,1.480118658924099506e+01,6.340177027480092598e+00
2.910567736385487336e+01,1.477888344405954335e+01,6.379442985890175777e+00
2.931665389096158947e+01,1.475538168751973522e+01,6.417199359695533012e+00
2.950418906858920209e+01,1.473346903145820264e+01,6.449284477591049836e+00
2.969161051706687360e+01,1.471060404569166202e+01,6.479869987695317413e+00
2.985936301533606851e+01,1.468931625851420364e+01,6.505655708021020445e+00
3.002701638907086235e+01,1.466726140486882990e+01,6.529987593920846045e+00
3.019076403379585116e+01,1.464496458825325220e+01,6.552096276438413192e+00
3.035440981235706914e+01,1.462193204414676728e+01,6.572505724536729765e+00
3.051795011762613541e+01,1.459816216091340024e+01,6.591078729465082553e+00
3.068138130474529390e+01,1.457365327276859901e+01,6.607726559461750249e+00
3.084469969113770205e+01,1.454840365921333145e+01,6.622367474852103086e+00
3.100790155391138470e+01,1.452241154483450103e+01,6.634914096370266634e+00
3.117098312437714824e+01,1.449567509960206735e+01,6.645299047799694492e+00
3.133394060049936414e+01,1.446819243619733619e+01,6.653454443133375307e+00
3.149677013920438640e+01,1.443996161047016535e+01,6.659335721206943504e+00
3.165946783527634523e+01,1.441098062447357542e+01,6.662885512157593837e+00
3.182309669758599568e+01,1.438104969785800691e+01,6.664061390724669742e+00
3.198658391013669444e+01,1.435035448803522584e+01,6.662848526582701325e+00
3.216575980260275003e+01,1.431580047168438519e+01,6.658693388311324846e+00
3.234475474882058421e+01,1.428032105402829188e+01,6.651559992977355229e+00
3.254606936434741016e+01,1.423926181412210212e+01,6.639971602897359659e+00
3.274713935555213595e+01,1.419702092162590823e+01,6.624460915755535417e+00
3.295121177807074986e+01,1.415287944504729190e+01,6.604838488556147524e+00
3.315501420874984007e+01,1.410750774265314966e+01,6.581194074594669097e+00
3.333589924214575717e+01,1.406614930183665102e+01,6.556855721894621958e+00
3.351655751561322205e+01,1.402381133670586699e+01,6.529530320789419306e+00
3.367941811807719432e+01,1.398475315314962408e+01,6.502194865563060588e+00
3.384208378041988396e+01,1.394489089936978132e+01,6.472510336901136974e+00
3.400239728464777755e+01,1.390476597600291520e+01,6.440841579882015999e+00
3.416251130905599354e+01,1.386385231387811245e+01,6.406884642852896938e+00
3.432242093764265434e+01,1.382214691205240342e+01,6.370666438019368272e+00
3.448212116267772132e+01,1.377964670742202458e+01,6.332227080997647306e+00
3.464160690110892915e+01,1.373634856930247139e+01,6.291612845094389783e+00
3.480087297897122056e+01,1.369224930232644333e+01,6.248867256915028534e+00
3.495991413961995420e+01,1.364734564295204144e+01,6.204044335510781494e+00
3.511872502852349243e+01,1.360163426240591278e+01,6.157190242041090222e+00
3.527730017406829433e+01,1.355511177119999111e+01,6.108359645885837352e+00
3.543563406057979392e+01,1.350777469635638006e+01,6.057609763059397245e+00
3.559589551989427747e+01,1.345895087460797690e+01,6.004250680828574716e+00
3.575589724729872643e+01,1.340928250092704488e+01,5.949068892462661573e+00
3.593291790148018805e+01,1.335324320038214374e+01,5.885816152834648207e+00
3.610960355227937413e+01,1.329615647164359693e+01,5.820440129864409506e+00
3.630657417642373019e+01,1.323113899919527370e+01,5.745036820094041374e+00
3.650310360867315040e+01,1.316479988466120865e+01,5.667121113678267541e+00
3.668921161827953625e+01,1.310060726978485413e+01,5.591041359518308163e+00
3.687489976120091484e+01,1.303521006467659049e+01,5.512969609742899735e+00
3.703946525509767440e+01,1.297610900202896467e+01,5.442009891552917367e+00
3.720368247869539147e+01,1.291604703761199424e+01,5.369677621239022258e+00
3.735855837920750844e+01,1.285839394477213382e+01,5.300051983428638813e+00
3.751310864396945277e+01,1.279987353551137197e+01,5.229303002498030928e+00
3.766732597636609370e+01,1.274048132137037648e+01,5.157465408881398261e+00
3.782120293182968140e+01,1.268021273759399570e+01,5.084593505945400160e+00
3.797473186247840715e+01,1.261906316316438215e+01,5.010744097871327796e+00
3.812790504541234071e+01,1.255702786787013636e+01,4.935969328402584289e+00
3.828071453048283246e+01,1.249410207044928178e+01,4.860325739855746008e+00
3.843315222864692515e+01,1.243028090117154960e+01,4.783862537683399196e+00
3.858520990002487139e+01,1.236555940360831762e+01,4.706632417209668517e+00
3.873687903585435777e+01,1.229993258293109548e+01,4.628684954495065895e+00
3.888815101794640583e+01,1.223339533597980378e+01,4.550066735677462226e+00
3.903901696337995730e+01,1.216594251611608257e+01,4.470839993706110960e+00
3.919833021695733066e+01,1.209350644215721893e+01,4.386317227592875234e+00
3.935716697010527554e+01,1.202003140257761338e+01,4.301220213069270493e+00
3.953541706120076071e+01,1.193605440947707308e+01,4.204794422655068864e+00
3.971303233739690342e+01,1.185074297906029805e+01,4.107744389269675445e+00
3.989035789250093700e+01,1.176390868678888957e+01,4.009982131979355380e+00
4.006701147279263608e+01,1.167571540364895455e+01,3.911751470856357216e+00
4.022333195511174608e+01,1.159623733736764706e+01,3.824163707071190466e+00
4.037909516594009318e+01,1.151567260636287671e+01,3.736344414603521180e+00
4.052535972050068125e+01,1.143875002644953653e+01,3.653389436043596561e+00
4.067110616823011782e+01,1.136085025606129939e+01,3.570306700904153807e+00
4.081632275666409271e+01,1.128196733275170693e+01,3.487129003198630173e+00
4.096099758793797463e+01,1.120209515834672587e+01,3.403893634270811042e+00
4.110511844365858281e+01,1.112122758925834098e+01,3.320643684087113190e+00
4.124867272002163787e+01,1.103935847245874946e+01,3.237416744983196981e+00
4.139164751365924388e+01,1.095648159673839395e+01,3.154255055244111094e+00
4.153402966541293750e+01,1.087259066384155837e+01,3.071199131664208437e+00
4.167580568272594377e+01,1.078767932991085665e+01,2.988290344409442412e+00
4.181696168078889286e+01,1.070174123950742029e+01,2.905571707203250309e+00
4.195748343511913703e+01,1.061476999330669102e+01,2.823084060634764469e+00
4.209735640183669858e+01,1.052675913276665653e+01,2.740878413067659558e+00
4.224433375068874597e+01,1.043268888920436233e+01,2.654432729402428137e+00
4.239055299832833867e+01,1.033744457384499071e+01,2.568404019446836273e+00
4.255299208932717647e+01,1.022963809675744074e+01,2.472879148381411873e+00
4.271443524159376182e+01,1.012034584527044601e+01,2.378013441772416581e+00
4.286682162601542956e+01,1.001515814013598948e+01,2.288606150755096103e+00
4.301826079550348680e+01,9.908611270340912824e+00,2.199960969459691995e+00
4.315426689188404197e+01,9.811158220726325041e+00,2.120555921357309970e+00
4.328946049390040685e+01,9.712581137894183314e+00,2.041901290391144208e+00
4.342217472800449940e+01,9.614106625546213536e+00,1.964997870955934367e+00
4.355405840768027304e+01,9.514522547063988256e+00,1.888936013556857363e+00
4.368509287822468679e+01,9.413821789082676972e+00,1.813778509110176573e+00
4.381525712788306492e+01,9.311998711584353217e+00,1.739587950088494761e+00
4.394452900372131410e+01,9.209048302382266016e+00,1.666428659197884299e+00
4.407288897281035389e+01,9.104963151843344704e+00,1.594366762917587499e+00
4.420031609296855635e+01,8.999736583169640980e+00,1.523473060687530412e+00
4.432678743912431685e+01,8.893363204934619404e+00,1.453815281028449924e+00
4.445228006128549936e+01,8.785837334199458226e+00,1.385465466762402675e+00
4.457677081042419331e+01,8.677153115278374074e+00,1.318490886282709385e+00
4.470205060964773480e+01,8.565674634453005254e+00,1.252024386025067493e+00
4.482624847870496154e+01,8.452992056732973936e+00,1.187115831730958027e+00
4.496257358576452390e+01,8.326718474869942099e+00,1.117165676814818820e+00
4.509750132445233106e+01,8.198952879827947626e+00,1.049328161272796711e+00
4.522811222808810072e+01,8.072510154256528736e+00,9.851072310254165298e-01
4.535731348108495808e+01,7.944627406128079272e+00,9.231127619736451129e-01
4.547413234992554010e+01,7.826485095637686129e+00,8.684219710029700279e-01
4.558971362033739894e+01,7.707131768097461588e+00,8.157234474575907335e-01
4.570342058421396558e+01,7.587211076488976857e+00,7.653093190710121840e-01
4.581584375054394798e+01,7.466086056110119884e+00,7.169502417879455303e-01
4.592695247093821109e+01,7.343754262740570304e+00,6.706760491442830263e-01
4.603671549126455886e+01,7.220213632454154151e+00,6.265172394316590454e-01
4.614510080885649046e+01,7.095462672747251176e+00,5.844885462756388428e-01
4.625207583401170552e+01,6.969500316821687136e+00,5.445967372471014478e-01
4.635760731819708980e+01,6.842326040264839371e+00,5.068395462833300558e-01
4.646166124061326030e+01,6.713940045519261268e+00,4.711907140299682051e-01
4.656420298206126773e+01,6.584343104706157135e+00,4.376246192135258561e-01
4.666519726880166274e+01,6.453536678875313903e+00,4.060765718329417684e-01
4.676713095720019453e+01,6.318128984446263807e+00,3.757921881340990922e-01
4.686735980431171811e+01,6.181454596865828321e+00,3.474767278401590942e-01
4.697347202146696787e+01,6.032675586759238762e+00,3.191110758045043738e-01
4.707750461875316006e+01,5.882435116013938980e+00,2.927995107925753238e-01
4.717142679425973739e+01,5.742788749365244527e+00,2.702421487555101143e-01
4.726350014291323021e+01,5.601916573066927363e+00,2.492434687534667848e-01
4.735207357771184178e+01,5.462400126967224878e+00,2.300120924132216527e-01
4.743878429261143737e+01,5.321718452984271153e+00,2.121056814755638009e-01
4.752359202668942117e+01,5.179881537287581494e+00,1.954661910868088492e-01
4.760645619585191923e+01,5.036900486388067755e+00,1.800780042214069065e-01
4.768733591758921619e+01,4.892787619390713161e+00,1.659690332668278534e-01
4.776619004880866726e+01,4.747556553339605578e+00,1.532171448073401665e-01
4.784297727535716405e+01,4.601222205053716152e+00,1.419887929059600040e-01
4.791765619227997064e+01,4.453800810668738563e+00,1.325400674883963348e-01
4.799018535286803200e+01,4.305310013553170556e+00,1.252964008670895690e-01
4.806052335811357068e+01,4.155768884272945662e+00,1.208121936446229089e-01
4.812926254695085504e+01,4.003768441370632480e+00,1.199204122542363443e-01
4.819568464079230097e+01,3.850741306721745971e+00,1.236649784143535324e-01
4.826380189012376576e+01,3.686733056741263503e+00,1.340549563730274174e-01
4.832919569520450409e+01,3.521620067018312206e+00,1.530259622000496589e-01
4.838790706250563289e+01,3.366064748174857346e+00,1.801680349626872124e-01
4.844414825072057340e+01,3.209599419991559177e+00,2.187063487550242324e-01
4.849756176161954357e+01,3.053212400161111617e+00,2.712823917003807650e-01
4.854845901314691758e+01,2.895988477223349733e+00,3.425230192617794711e-01
4.859680355950277431e+01,2.737960989598064110e+00,4.381268819808629700e-01
4.864256006066072047e+01,2.579164849239083956e+00,5.671459418464263047e-01
4.868569440501365619e+01,2.419636510045184874e+00,7.416862263329844218e-01
4.872617382651647944e+01,2.259413947963334390e+00,9.815545705399671972e-01
4.876396702660417759e+01,2.098536614232997533e+00,1.315527695166610833e+00
4.879904429401698707e+01,1.937045379265663447e+00,1.789135583114996653e+00
4.883137761801160082e+01,1.774982485359736240e+00,2.479957339849238274e+00
4.886094080147532281e+01,1.612391477512063798e+00,3.482261476199877137e+00
4.888831497106068724e+01,1.445414063106755798e+00,5.055064073340020059e+00
4.891273570397833481e+01,1.277979232469847570e+00,7.502504688837523084e+00
4.893649112913212917e+01,1.090511710623357278e+00,1.108789035287827573e+01
4.895650982148958263e+01,9.026084536792090551e-01,2.074843742314737938e+01
4.897454346560405725e+01,6.906930441197837167e-01,2.984541100842261940e+01
4.898778942114940094e+01,4.784246146988671011e-01,8.060673267626748384e+01
4.899694595033570721e+01,2.392901748089448222e-01,1.113890670983076490e+02
4.899999999999997868e+01,-4.634179493081784957e-17,8.080484411635230799e+02
