x,y,stress
-1.332898027964916737e-18,-7.081778912640918532e-17,2.147932466049537388e-07
6.059865907349849118e-03,1.761327712704177928e-01,3.700424724366794358e-07
2.413488695228946032e-02,3.514412809222286493e-01,8.261246249079924064e-07
5.173452360939728711e-02,5.143993500001422525e-01,2.020524140383748144e-06
8.924533624053049286e-02,6.753669618772822902e-01,4.354633085297277481e-06
1.361648299566836917e-01,8.338257283271499620e-01,4.471216820540761176e-05
1.919285407779332819e-01,9.893947971113798978e-01,2.760003841025973170e-04
2.559244928496828830e-01,1.141764632118127620e+00,1.192108501820925192e-03
3.275251655136520168e-01,1.290714577071056635e+00,3.194892868587529116e-03
4.061095640771659743e-01,1.436103286788355637e+00,6.222686827782056285e-03
4.910795093862244665e-01,1.577856900292506026e+00,1.001842707623285152e-02
5.818704746050253895e-01,1.715956563919347921e+00,1.528478862055638286e-02
6.779578986678128638e-01,1.850426611717665315e+00,2.279905170056611974e-02
7.788600519964742341e-01,1.981324121139427019e+00,3.342579296621882995e-02
8.841383146243332325e-01,2.108729957485162121e+00,4.661958838330624438e-02
9.933958025783227175e-01,2.232741494802653826e+00,6.288607237712173781e-02
1.106274989897865213e+00,2.353466865392809027e+00,8.175070198517543629e-02
1.222454683461236202e+00,2.471020413700062424e+00,1.027852637872852248e-01
1.341646806676880077e+00,2.585519289432921308e+00,1.255951151382304898e-01
1.463593208389549760e+00,2.697080952956167010e+00,1.497824123544629626e-01
1.588062525702681471e+00,2.805821307716922952e+00,1.750357715948172022e-01
1.714847243287148659e+00,2.911853378226056499e+00,2.010465041647853945e-01
1.843761294591447664e+00,3.015286646980250396e+00,2.275630615938431800e-01
1.974637483820883999e+00,3.116226329111837501e+00,2.543746050759126964e-01
2.107325230654636616e+00,3.214772970377499650e+00,2.813001617779711805e-01
2.241803176412516141e+00,3.311102909832082108e+00,3.082163101643728420e-01
2.377837043709723375e+00,3.405223179401683176e+00,3.349667440594335521e-01
2.515199012945332768e+00,3.497143605319724902e+00,3.614430440624082919e-01
2.653902953170890644e+00,3.587026533164537234e+00,3.875917709153764990e-01
2.793857696426189197e+00,3.674949494200864919e+00,4.133587871563581539e-01
2.934980239035920757e+00,3.760985783262454252e+00,4.387001254468296252e-01
3.077192862542874163e+00,3.845203503938269929e+00,4.635862649857119266e-01
3.220428519875417894e+00,3.927669442933750421e+00,4.879933597087046104e-01
3.364627860100855017e+00,4.008447685886765477e+00,5.119111921743734195e-01
3.509729091594811390e+00,4.087594579140081841e+00,5.353285864602097543e-01
3.655677480021162662e+00,4.165164746694170361e+00,5.582426876415038652e-01
3.802425510278441667e+00,4.241211428480906598e+00,5.806574466620556541e-01
3.954332952842458226e+00,4.317983512070783902e+00,6.032193604182825020e-01
4.106995046745393729e+00,4.393243907181081376e+00,6.252579934128903449e-01
4.261658852796138319e+00,4.467653919198348866e+00,6.469646548886008874e-01
4.417007608434102117e+00,4.540623243451828550e+00,6.681587697519816293e-01
4.567220890886539486e+00,4.609572374822339391e+00,6.880960968731121286e-01
4.718004775148440189e+00,4.677264646905033629e+00,7.075867696197964962e-01
4.869330952184533601e+00,4.743735991977419353e+00,7.266422851054457066e-01
5.021172940550155950e+00,4.809020530133770066e+00,7.452483027649493552e-01
5.173506156847527571e+00,4.873150780478020749e+00,7.636681076764731957e-01
5.326307470498469421e+00,4.936157635132276233e+00,7.814262632826922683e-01
5.479555196822825103e+00,4.998070510892977047e+00,7.988738138375233166e-01
5.633229249616701573e+00,5.058917545077682654e+00,8.158850108794251099e-01
5.787310652546040934e+00,5.118725521759753150e+00,8.327354474045236543e-01
5.941781634789850663e+00,5.177520026516764240e+00,8.490447930165269108e-01
6.096844761019066361e+00,5.235406568159259422e+00,8.650989201136428663e-01
6.252265977842790257e+00,5.292324709343481537e+00,8.808184766296672796e-01
6.420469833527331360e+00,5.352721590034055232e+00,8.974315100670258172e-01
6.589056181624918018e+00,5.412042491165745872e+00,9.136853535745547150e-01
6.764962016681901780e+00,5.472686644609507489e+00,9.302401436258825873e-01
6.941246877938362481e+00,5.532220079973889426e+00,9.464224001011595222e-01
7.100819900087081749e+00,5.585071317296694815e+00,9.607450389001006563e-01
7.260677274350022969e+00,5.637056177978749361e+00,9.747926340568399128e-01
7.418123716146310720e+00,5.687342871424275081e+00,9.883415886263188233e-01
7.575824711003023459e+00,5.736825518265884050e+00,1.001634636036327741e+00
7.733770927101605963e+00,5.785519765834793660e+00,1.014682285923946825e+00
7.891953503233117395e+00,5.833440656645177746e+00,1.027485225436095995e+00
8.050364013239535765e+00,5.880602656822732754e+00,1.040058138528017651e+00
8.208994420034747108e+00,5.927019679166767752e+00,1.052364319114390323e+00
8.367837080111010906e+00,5.972705118828653958e+00,1.064518140875132968e+00
8.526884692689424838e+00,6.017671870431113845e+00,1.076408252352389905e+00
8.686130313210430387e+00,6.061932361736370289e+00,1.088095297230469383e+00
8.845567280639995644e+00,6.105498561133618551e+00,1.099573635423041651e+00
9.006882926476258433e+00,6.148833151282484089e+00,1.110963748136224449e+00
9.168381248526445759e+00,6.191481923198859150e+00,1.122157285244256064e+00
9.346910842608428638e+00,6.237790787022983174e+00,1.134281515585827016e+00
9.525648158313140712e+00,6.283291347069581256e+00,1.146171688276408362e+00
9.719166712212654602e+00,6.331603598201566818e+00,1.158776812483635066e+00
9.912910769191075389e+00,6.379003466581655069e+00,1.171101102173619735e+00
1.008887636962594136e+01,6.421231918328544452e+00,1.182060533149788428e+00
1.026501466106446969e+01,6.462734189418804398e+00,1.192806056126090031e+00
1.042668441259768741e+01,6.500163968216001287e+00,1.202475343949545916e+00
1.058849030972353233e+01,6.537000763116039614e+00,1.211972817984681594e+00
1.074978005128942549e+01,6.573108708725968974e+00,1.221260441563742916e+00
1.091119691623945265e+01,6.608644057074245737e+00,1.230380304731978347e+00
1.107273718477751245e+01,6.643614248939639033e+00,1.239334058597894916e+00
1.123439723451025962e+01,6.678026481190432406e+00,1.248124466750474282e+00
1.139617355473344595e+01,6.711887720993219730e+00,1.256754010967120028e+00
1.155806283375265586e+01,6.745204733912128603e+00,1.265224460472431867e+00
1.172006186902266656e+01,6.777984074008376325e+00,1.273538295174211132e+00
1.188216751100404345e+01,6.810232081872226395e+00,1.281696533389045545e+00
1.204437673361376682e+01,6.841954907759760118e+00,1.289701094271562543e+00
1.220668663697710521e+01,6.873158519866914951e+00,1.297555284897944583e+00
1.237382148801525084e+01,6.904734078673111064e+00,1.305477160658979896e+00
1.254105701615645785e+01,6.935772008066177996e+00,1.313246906721379004e+00
1.272845146162021202e+01,6.969898957556508456e+00,1.321755238100787988e+00
1.291596467949220184e+01,7.003367165454521981e+00,1.330071815761184828e+00
1.312184553465471382e+01,7.039341398265430705e+00,1.338973599633159317e+00
1.332786010805245880e+01,7.074541808138770094e+00,1.347638342707866421e+00
1.351739552797148747e+01,7.106232402672215009e+00,1.355410706394290177e+00
1.370703667781136659e+01,7.137284041632298681e+00,1.362991539491851478e+00
1.387607439396837350e+01,7.164415383059171916e+00,1.369590216741846556e+00
1.404519111896750694e+01,7.191049814020010977e+00,1.376043698892165823e+00
1.420853370561193252e+01,7.216296261534000500e+00,1.382137332848027977e+00
1.437194594686636684e+01,7.241087862004697229e+00,1.388097376051768306e+00
1.453542593935276450e+01,7.265428509611323804e+00,1.393924930430316511e+00
1.469897188617312622e+01,7.289321995037010282e+00,1.399620743566826198e+00
1.486258201885858909e+01,7.312771997237747179e+00,1.405187084621529747e+00
1.502625460096676058e+01,7.335782087687920061e+00,1.410624330861546705e+00
1.518998795189241946e+01,7.358355737138341013e+00,1.415934374933110140e+00
1.535378042693344014e+01,7.380496315959677034e+00,1.421117978327976816e+00
1.551763043056215174e+01,7.402207099000709611e+00,1.426176468624002380e+00
1.568153639829944090e+01,7.423491266043709125e+00,1.431111508887373596e+00
1.584583045507531196e+01,7.444393919328822662e+00,1.435931788960155719e+00
1.601017768092994231e+01,7.464874338819552868e+00,1.440634935868233102e+00
1.618823145533651342e+01,7.486582670070808021e+00,1.445587764343699178e+00
1.636634407614820574e+01,7.507802774699555926e+00,1.450407150549847923e+00
1.656696414953568208e+01,7.531116252568791580e+00,1.455663753536657223e+00
1.676765414099283902e+01,7.553819995323371117e+00,1.460749895933098230e+00
1.698161044897274508e+01,7.577350191882172403e+00,1.465985542158499522e+00
1.719564064382590374e+01,7.600198566094509722e+00,1.471024490919177197e+00
1.738819196446625881e+01,7.620169469982331023e+00,1.475402249303288338e+00
1.758079889322394607e+01,7.639596755429606034e+00,1.479630622800079953e+00
1.775219008849147784e+01,7.656425494460960657e+00,1.483272548886781728e+00
1.792362248648765188e+01,7.672829194222472005e+00,1.486802444143553004e+00
1.808819068592097423e+01,7.688174929161988302e+00,1.490085628136605278e+00
1.825279454860945805e+01,7.703133283560960720e+00,1.493267803361552959e+00
1.841743298790194316e+01,7.717706181294981427e+00,1.496349936169319328e+00
1.858210493098469485e+01,7.731895484499925253e+00,1.499333037136908020e+00
1.874680931997680844e+01,7.745702995022035076e+00,1.502218575332809225e+00
1.891154512810267363e+01,7.759130456999792536e+00,1.505008086498123010e+00
1.907631132977626720e+01,7.772179555563424991e+00,1.507703247407827130e+00
1.924110693485489065e+01,7.784851920750738508e+00,1.510305320577116417e+00
1.940593096678077600e+01,7.797149126772010774e+00,1.512815761223892164e+00
1.957078244982463389e+01,7.809072692169641172e+00,1.515236272275960250e+00
1.973580819865281200e+01,7.820634267825823827e+00,1.517569664175640654e+00
1.990085954959567260e+01,7.831824417510004466e+00,1.519818828934271115e+00
2.007853883477647372e+01,7.843455369154444412e+00,1.522140174143957969e+00
2.025624556211480609e+01,7.854659234397359135e+00,1.524367183957154426e+00
2.045637216984467699e+01,7.866765388953851357e+00,1.526754382113599373e+00
2.065653056008274291e+01,7.878334188024092910e+00,1.529022290046434973e+00
2.087648733643139565e+01,7.890428142711332526e+00,1.531376412901406248e+00
2.109647856198527904e+01,7.901878389801693103e+00,1.533582723752408228e+00
2.129910385371533010e+01,7.911855967720599736e+00,1.535495193682478332e+00
2.150175511407194051e+01,7.921291419353989838e+00,1.537291058187221005e+00
2.168175241831267641e+01,7.929217960040601199e+00,1.538791565091739422e+00
2.186176794338756579e+01,7.936719319393004568e+00,1.540205624552588359e+00
2.202740901102826854e+01,7.943246387213341642e+00,1.541430242383925009e+00
2.219306380884050967e+01,7.949415172451420375e+00,1.542585047880287608e+00
2.235824433434658687e+01,7.955209827849034632e+00,1.543665024375596939e+00
2.252343692496983607e+01,7.960649688206646424e+00,1.544675016154226421e+00
2.268864080150390450e+01,7.965735380385537745e+00,1.545615981687144203e+00
2.285385518426065232e+01,7.970467488975732984e+00,1.546488422722746225e+00
2.301907930176135508e+01,7.974846556917467133e+00,1.547292974660388287e+00
2.318431238663062643e+01,7.978873085683415134e+00,1.548030328528227084e+00
2.334955367527573600e+01,7.982547535564721741e+00,1.548701522964315291e+00
2.351480240944120226e+01,7.985870325968269512e+00,1.549306886401053740e+00
2.368005783209441262e+01,7.988841835570066330e+00,1.549846859327913107e+00
2.384531919247014287e+01,7.991462402628861206e+00,1.550323235350467010e+00
2.401593131920080992e+01,7.993799893939205425e+00,1.550746723317456777e+00
2.418654815325087526e+01,7.995763973500292998e+00,1.551105650725811858e+00
2.437785533332555588e+01,7.997522406833612152e+00,1.551425615837494165e+00
2.456916624862169485e+01,7.998811958368320596e+00,1.551662296067388036e+00
2.478458230523945005e+01,7.999703003874492957e+00,1.551827632354977116e+00
2.499999999999986855e+01,7.999999999999994671e+00,1.551880831793361448e+00
2.521541769476029060e+01,7.999703003874492957e+00,1.551829973461746892e+00
2.543083375137804936e+01,7.998811958368321484e+00,1.551667028013630878e+00
2.562214466667425938e+01,7.997522406833613928e+00,1.551432332050166174e+00
2.581345184674890803e+01,7.995763973500295663e+00,1.551114332337635959e+00
2.598406868079907284e+01,7.993799893939205425e+00,1.550756589000799712e+00
2.615468080752964752e+01,7.991462402628863870e+00,1.550334126259875100e+00
2.631994216790538488e+01,7.988841835570068994e+00,1.549857739656650635e+00
2.648519759055859524e+01,7.985870325968272176e+00,1.549317648918872692e+00
2.665044632472404729e+01,7.982547535564724406e+00,1.548711488255944513e+00
2.681568761336916040e+01,7.978873085683419575e+00,1.548039409491633656e+00
2.698092069823843531e+01,7.974846556917471574e+00,1.547300513330832406e+00
2.714614481573914517e+01,7.970467488975737425e+00,1.546494454158765519e+00
2.731135919849588589e+01,7.965735380385542186e+00,1.545620353767578559e+00
2.747656307502995432e+01,7.960649688206651753e+00,1.544677638020638177e+00
2.764175566565321063e+01,7.955209827849041737e+00,1.543665333406704754e+00
2.780693619115929138e+01,7.949415172451427480e+00,1.542582993490508647e+00
2.797259098897152185e+01,7.943246387213346971e+00,1.541425607913159856e+00
2.813823205661222104e+01,7.936719319393011673e+00,1.540198147097065373e+00
2.831824758168709977e+01,7.929217960040609192e+00,1.538780814582973333e+00
2.849824488592783212e+01,7.921291419353997831e+00,1.537277075258162151e+00
2.870089614628442121e+01,7.911855967720611282e+00,1.535478905635880853e+00
2.890352143801445450e+01,7.901878389801704650e+00,1.533564251493918507e+00
2.912351266356834145e+01,7.890428142711344961e+00,1.531356952707022767e+00
2.934346943991700485e+01,7.878334188024107121e+00,1.529001677002381987e+00
2.954362783015508143e+01,7.866765388953863791e+00,1.526733943848444630e+00
2.974375443788496653e+01,7.854659234397370682e+00,1.524347149480561381e+00
2.992146116522330956e+01,7.843455369154456847e+00,1.522120892483394217e+00
3.009914045040412844e+01,7.831824417510016900e+00,1.519800674156075226e+00
3.026419180134698550e+01,7.820634267825836261e+00,1.517552366773735395e+00
3.042921755017516006e+01,7.809072692169653607e+00,1.515219916569302328e+00
3.059406903321901794e+01,7.797149126772022321e+00,1.512799970126083915e+00
3.075889306514490684e+01,7.784851920750752718e+00,1.510290110824279219e+00
3.092368867022351964e+01,7.772179555563440978e+00,1.507688313845737094e+00
3.108845487189710255e+01,7.759130456999807635e+00,1.504993399300702750e+00
3.125319068002298906e+01,7.745702995022048398e+00,1.502204192286777262e+00
3.141789506901512397e+01,7.731895484499939464e+00,1.499319013577046666e+00
3.158256701209785433e+01,7.717706181294997414e+00,1.496336355220973635e+00
3.174720545139032168e+01,7.703133283560977596e+00,1.493254797226268638e+00
3.191180931407880905e+01,7.688174929162005178e+00,1.490073217880407475e+00
3.207637751351213495e+01,7.672829194222488880e+00,1.486790933762429878e+00
3.224780991150831255e+01,7.656425494460979309e+00,1.483261595204168781e+00
3.241920110677583722e+01,7.639596755429622910e+00,1.479620693997576897e+00
3.261180803553350671e+01,7.620169469982349675e+00,1.475391964807929890e+00
3.280435935617385468e+01,7.600198566094531927e+00,1.471014339149230743e+00
3.301838955102702755e+01,7.577350191882193720e+00,1.465974614837667556e+00
3.323234585900695492e+01,7.553819995323388881e+00,1.460738109247056382e+00
3.343303585046412252e+01,7.531116252568808456e+00,1.455650786795977147e+00
3.363365592385161307e+01,7.507802774699573689e+00,1.450392454404711318e+00
3.381176854466331605e+01,7.486582670070825785e+00,1.445572217030995477e+00
3.398982231906989426e+01,7.464874338819567967e+00,1.440618237358020970e+00
3.415416954492453527e+01,7.444393919328835985e+00,1.435914836929202965e+00
3.431846360170042232e+01,7.423491266043723336e+00,1.431094545772731763e+00
3.448236956943771503e+01,7.402207099000723822e+00,1.426160289921313939e+00
3.464621957306642486e+01,7.380496315959690357e+00,1.421102871530395939e+00
3.481001204810743843e+01,7.358355737138354336e+00,1.415920319060791632e+00
3.497374539903309909e+01,7.335782087687935160e+00,1.410611385383564675e+00
3.513741798114126880e+01,7.312771997237764054e+00,1.405174615678195238e+00
3.530102811382672456e+01,7.289321995037027158e+00,1.399608599376137352e+00
3.546457406064708806e+01,7.265428509611338903e+00,1.393912483159880811e+00
3.562805405313349638e+01,7.241087862004714104e+00,1.388084411576746557e+00
3.579146629438792360e+01,7.216296261534019152e+00,1.382123246794412008e+00
3.595480888103234207e+01,7.191049814020028741e+00,1.376028393021317742e+00
3.612392560603142044e+01,7.164415383059196785e+00,1.369573048841524754e+00
3.629296332218839893e+01,7.137284041632333320e+00,1.362973028909741258e+00
3.648260447202823542e+01,7.106232402672256754e+00,1.355390197994341905e+00
3.667213989194723922e+01,7.074541808138815391e+00,1.347616305318747543e+00
3.687815446534499131e+01,7.039341398265473337e+00,1.338949668998487219e+00
3.708403532050751750e+01,7.003367165454566390e+00,1.330045725434920056e+00
3.727154853837949844e+01,6.969898957556556418e+00,1.321728553176328314e+00
3.745894298384322951e+01,6.935772008066228622e+00,1.313219049220256673e+00
3.762617851198442764e+01,6.904734078673163467e+00,1.305449800062315369e+00
3.779331336302257682e+01,6.873158519866970906e+00,1.297528280495576114e+00
3.795562326638590633e+01,6.841954907759819626e+00,1.289675553679007880e+00
3.811783248899561016e+01,6.810232081872287679e+00,1.281672441355383274e+00
3.827993813097698705e+01,6.777984074008438498e+00,1.273515754698606228e+00
3.844193716624700130e+01,6.745204733912192552e+00,1.265203501541670938e+00
3.860382644526622897e+01,6.711887720993282791e+00,1.256734463772333221e+00
3.876560276548941886e+01,6.678026481190493691e+00,1.248106298364985101e+00
3.892726281522216425e+01,6.643614248939698541e+00,1.239317509186953936e+00
3.908880308376024004e+01,6.608644057074307909e+00,1.230365447726095018e+00
3.925021994871026010e+01,6.573108708726032035e+00,1.221247516027671454e+00
3.941150969027614792e+01,6.537000763116102675e+00,1.211961941219575456e+00
3.957331558740201416e+01,6.500163968216060795e+00,1.202466578144133269e+00
3.973498533893525320e+01,6.462734189418863018e+00,1.192800407057126089e+00
3.991112363037373001e+01,6.421231918328618171e+00,1.182058478925881451e+00
4.008708923080854447e+01,6.379003466581737669e+00,1.171104087222677670e+00
4.028083328778698302e+01,6.331603598201647642e+00,1.158783375359042633e+00
4.047435184168651290e+01,6.283291347069662969e+00,1.146185365859812233e+00
4.065308915739127116e+01,6.237790787023056005e+00,1.134292958587820532e+00
4.083161875147329312e+01,6.191481923198917769e+00,1.122162885301591473e+00
4.099311707352349288e+01,6.148833151282539156e+00,1.110962725785925809e+00
4.115443271935976810e+01,6.105498561133674507e+00,1.099564827192317074e+00
4.131386968678932448e+01,6.061932361736430686e+00,1.088079868403273309e+00
4.147311530731033002e+01,6.017671870431171577e+00,1.076387773214166232e+00
4.163216291988876350e+01,5.972705118828707249e+00,1.064482648419022182e+00
4.179100557996504506e+01,5.927019679166821042e+00,1.052359604309657248e+00
4.194963598676024930e+01,5.880602656822789598e+00,1.040013746222772761e+00
4.210804649676666145e+01,5.833440656645231925e+00,1.027439058922469561e+00
4.226622907289818443e+01,5.785519765834845174e+00,1.014630242611280764e+00
4.242417528899678558e+01,5.736825518265935564e+00,1.001580492472312844e+00
4.258187628385348944e+01,5.687342871424331037e+00,9.882841143429661468e-01
4.273932272564976387e+01,5.637056177978802651e+00,9.747343938471577651e-01
4.289918009991270509e+01,5.585071317296748994e+00,9.606857042138244873e-01
4.305875312206144656e+01,5.532220079973947158e+00,9.463642043169572249e-01
4.323503798331781667e+01,5.472686644609597195e+00,9.301814324271496792e-01
4.341094381837471161e+01,5.412042491165861335e+00,9.136251793262708532e-01
4.357953016647231692e+01,5.352721590034165366e+00,8.973713888500421954e-01
4.374773402215689799e+01,5.292324709343584566e+00,8.807567115728094365e-01
4.390315523898060945e+01,5.235406568159372220e+00,8.650348439907836751e-01
4.405821836520978962e+01,5.177520026516885920e+00,8.489909136118785060e-01
4.421268934745361179e+01,5.118725521759868613e+00,8.326292041732241689e-01
4.436677075038299023e+01,5.058917545077795452e+00,8.159178065430515714e-01
4.452044480317686492e+01,4.998070510893090734e+00,7.988449497587442050e-01
4.467369252950121705e+01,4.936157635132387256e+00,7.813981718528817400e-01
4.482649384315215713e+01,4.873150780478133548e+00,7.635659704177917284e-01
4.497882705944956427e+01,4.809020530133878424e+00,7.453349626690795038e-01
4.513066904781518218e+01,4.743735991977530375e+00,7.266934991608655636e-01
4.528199522485127915e+01,4.677264646905139323e+00,7.076278985222277385e-01
4.543277910911319140e+01,4.609572374822445973e+00,6.881267343460121255e-01
4.558299239156566074e+01,4.540623243451929802e+00,6.681803094891206607e-01
4.573834114720361299e+01,4.467653919198455448e+00,6.469847388512929287e-01
4.589300495325436202e+01,4.393243907181181740e+00,6.252745636626988457e-01
4.604566704715730197e+01,4.317983512070886931e+00,6.032359006719448802e-01
4.619757448972134739e+01,4.241211428481004297e+00,5.806736058903280151e-01
4.634432251997861130e+01,4.165164746694275166e+00,5.582585855896999849e-01
4.649027090840497323e+01,4.087594579140181317e+00,5.353450824381063011e-01
4.663537213989891228e+01,4.008447685886870282e+00,5.119302277232897769e-01
4.677957148012439603e+01,3.927669442933846788e+00,4.880144214014510706e-01
4.692280713745692111e+01,3.845203503938377398e+00,4.636091481818707671e-01
4.706501976096387807e+01,3.760985783262552395e+00,4.387249982941253679e-01
4.720614230357359276e+01,3.674949494200973721e+00,4.133861736376207019e-01
4.734609704682893749e+01,3.587026533164630937e+00,3.876211333325064179e-01
4.748480098705448427e+01,3.497143605319830151e+00,3.614736540587916158e-01
4.762216295629011853e+01,3.405223179401762668e+00,3.349960012163574752e-01
4.775819682358730489e+01,3.311102909832186914e+00,3.082432080053845724e-01
4.789267476934521284e+01,3.214772970377591133e+00,2.813185058371258096e-01
4.802536251617893726e+01,3.116226329111955629e+00,2.543758562095922993e-01
4.815623870540841267e+01,3.015286646980334329e+00,2.275443676429523832e-01
4.828515275671265528e+01,2.911853378226189726e+00,2.010071774303453518e-01
4.841193747429716154e+01,2.805821307717037083e+00,1.749699416255284246e-01
4.853640679161026128e+01,2.697080952956316224e+00,1.497006546040433872e-01
4.865835319332298781e+01,2.585519289433008350e+00,1.254870689726188260e-01
4.877754531653857839e+01,2.471020413700206309e+00,1.026941418975583081e-01
4.889372501010203820e+01,2.353466865392889851e+00,8.169086180953691323e-02
4.900660419742150253e+01,2.232741494802829241e+00,6.293014088485510138e-02
4.911586168537552766e+01,2.108729957485282469e+00,4.678061425360066639e-02
4.922113994800334780e+01,1.981324121139610872e+00,3.368427668061789448e-02
4.932204210133210864e+01,1.850426611717739034e+00,2.305273049121558254e-02
4.941812952539483916e+01,1.715956563919509570e+00,1.518034609578066199e-02
4.950892049061369704e+01,1.577856900292568865e+00,1.010278134652353547e-02
4.959389043592270241e+01,1.436103286788520172e+00,6.196717577562658313e-03
4.967247483448627321e+01,1.290714577071155222e+00,3.197382342991236890e-03
4.974407550715022808e+01,1.141764632118276612e+00,1.189770922566228423e-03
4.980807145922199908e+01,9.893947971114648299e-01,2.735610077820170203e-04
4.986383517004324517e+01,8.338257283272600962e-01,4.576345226180763003e-05
4.991075466375942682e+01,6.753669618773615602e-01,4.382676492143832382e-06
4.994826547639056713e+01,5.143993500002227437e-01,2.121364445002274087e-06
4.997586511304766788e+01,3.514412809222998701e-01,8.144776426096111946e-07
4.999394013409261817e+01,1.761327712704537918e-01,3.888047246508838049e-07
4.999999999999997868e+01,-7.047378328481616750e-17,3.485586062730481824e-07
