x,y,stress
5.999999999999997335e+00,3.405897668639913817e-13,8.063101854221263238e+02
6.002440406608666734e+00,2.404067219530422461e-01,1.070631508951962729e+02
6.009759485106503263e+00,4.807144007357708193e-01,9.860095938948931860e+01
6.020339964219261653e+00,6.938862583958955721e-01,4.273898252916339402e+01
6.034753087676691941e+00,9.068333227841663957e-01,3.957080012826675386e+01
6.050749115598311079e+00,1.095603726863404459e+00,2.839395620732344128e+01
6.069748303537672030e+00,1.284095561540550934e+00,2.454698676650022193e+01
6.089327767885984066e+00,1.452819437842458372e+00,2.062161515222888397e+01
6.111304785181922661e+00,1.621247803856115999e+00,1.803718859327065616e+01
6.135154994909029824e+00,1.785960297200140712e+00,1.580805247452301110e+01
6.161288266234919320e+00,1.950326024115092816e+00,1.401646153589993915e+01
6.189693993824779916e+00,2.114314286502316786e+00,1.248271877265945129e+01
6.220360733249880703e+00,2.277894814315503780e+00,1.117506189417593276e+01
6.253276218348528204e+00,2.441037752873466804e+00,1.003797756061395319e+01
6.288427376039120276e+00,2.603713646649608471e+00,9.045605381102081566e+00
6.325800359695198161e+00,2.765893509816077511e+00,8.170656356763034367e+00
6.365380582361191308e+00,2.927548874500982112e+00,7.394485383662159350e+00
6.407152734422854934e+00,3.088651767185714547e+00,6.701786963033405264e+00
6.451100813725986427e+00,3.249174738573778143e+00,6.079979901045120982e+00
6.497687949080916958e+00,3.410713515550876984e+00,5.514027168565392323e+00
6.546460641152664017e+00,3.571605920206704976e+00,5.001813411449869129e+00
6.599935035135914063e+00,3.739606868244157667e+00,4.515660659929342735e+00
6.655770638299092212e+00,3.906837905368271358e+00,4.075300622210243695e+00
6.710658436042877817e+00,4.064063391161842453e+00,3.697062521238691613e+00
6.767613011052092453e+00,4.220552061859801363e+00,3.347535290371596250e+00
6.826578055740657902e+00,4.376186926634120233e+00,3.013251484509058109e+00
6.887566786391300155e+00,4.531039974542917292e+00,2.722894485213189331e+00
6.950558267867173790e+00,4.685089202220343196e+00,2.450917601361276787e+00
7.015531191785545850e+00,4.838313269031208286e+00,2.199772503509368260e+00
7.082463895123112252e+00,4.990691469293889959e+00,1.959862323493670067e+00
7.151334384345769735e+00,5.142203721954145657e+00,1.746085706712491747e+00
7.222120378538748220e+00,5.292830601994126027e+00,1.545624505572151142e+00
7.294799324718810318e+00,5.442553309410559592e+00,1.360862786733240570e+00
7.369348433620949379e+00,5.591353683886569392e+00,1.190591530020147282e+00
7.445744710582339110e+00,5.739214207228386933e+00,1.034898159492449565e+00
7.527828796805370537e+00,5.893262862098898047e+00,8.881677283627580355e-01
7.611892327468706476e+00,6.046240356263969495e+00,7.602976493514331802e-01
7.697294730045104671e+00,6.197061189555637561e+00,6.552671114373340711e-01
7.784595407853419857e+00,6.346791250698004205e+00,5.772660121454639137e-01
7.870186669150577963e+00,6.489526279572371159e+00,5.329848625328250655e-01
7.957479872599564352e+00,6.631226856590764385e+00,5.217521696877319703e-01
8.046451234649348194e+00,6.771879786386283406e+00,5.419556654637969206e-01
8.137076993070900599e+00,6.911472501872775176e+00,5.874712386839189282e-01
8.229333399530636584e+00,7.049993005944908298e+00,6.508895008444376407e-01
8.323196676886693623e+00,7.187429769859338791e+00,7.259644056494529707e-01
8.418643093359476026e+00,7.323771810525526504e+00,8.082480950187264090e-01
8.515649019427149469e+00,7.459008732420895349e+00,8.948716561250753543e-01
8.614190890572595904e+00,7.593130636151536272e+00,9.840490348284849365e-01
8.714245209485762089e+00,7.726128090583546104e+00,1.074655719370336548e+00
8.815968512039516369e+00,7.858223118470418100e+00,1.166153418387748442e+00
8.919162737178746525e+00,7.989172279263463849e+00,1.257950620214842052e+00
9.031972240681968245e+00,8.128975930240834202e+00,1.356851620637909095e+00
9.146433536547570853e+00,8.267430480631954737e+00,1.455596253346247870e+00
9.258166624930405320e+00,8.399446533688552208e+00,1.550429745398425041e+00
9.371378772304058913e+00,8.530196431259946976e+00,1.644956632411802566e+00
9.481694906003946599e+00,8.654814133937190235e+00,1.735630374872726200e+00
9.593335038208380183e+00,8.778247135379631416e+00,1.826004782132243376e+00
9.706276996241719246e+00,8.900489926129175444e+00,1.916079851111466725e+00
9.820498979710080789e+00,9.021537552891087941e+00,2.005879672120963519e+00
9.935979374562968758e+00,9.141385388769903031e+00,2.095416088050495063e+00
1.005269664330753621e+01,9.260029006804584739e+00,2.184706202124321539e+00
1.017062954139244724e+01,9.377464389714312176e+00,2.273771107969970284e+00
1.028975702258412461e+01,9.493687813695554922e+00,2.362616527261156563e+00
1.041005828026170832e+01,9.608695873747187477e+00,2.451266748502488824e+00
1.053151272688338125e+01,9.722485447967466499e+00,2.539713108008240017e+00
1.065437702609533055e+01,9.835305536741250521e+00,2.628166995912928794e+00
1.077835900958787008e+01,9.946896214977215323e+00,2.716437670825967654e+00
1.091398395416580058e+01,1.006645979057538121e+01,2.811873399612998981e+00
1.105087334674455768e+01,1.018457360464906181e+01,2.907052501752840801e+00
1.118688248541028507e+01,1.029946365475927550e+01,3.000548020333743793e+00
1.132407023300249094e+01,1.041294376525034870e+01,3.093773547897027854e+00
1.145338565342103898e+01,1.051777007619631199e+01,3.180709223365793203e+00
1.158369261738918432e+01,1.062136125059456582e+01,3.267397700953653228e+00
1.171494479992809090e+01,1.072369478520428210e+01,3.353789195656202704e+00
1.184715159601385182e+01,1.082479203307241811e+01,3.439895177722072539e+00
1.198029509917670943e+01,1.092465241451955649e+01,3.525699847387627539e+00
1.211435766397571534e+01,1.102327553329145360e+01,3.611184242911858355e+00
1.224932185814486196e+01,1.112066113312365978e+01,3.696354391846407683e+00
1.238517050665620189e+01,1.121680912306960387e+01,3.781113496574746602e+00
1.252188664932954865e+01,1.131171954002760138e+01,3.865448248097775430e+00
1.265945357095784551e+01,1.140539256385277689e+01,3.949318756225518090e+00
1.279785478382332542e+01,1.149782849879381352e+01,4.032691282220268292e+00
1.293707401648415711e+01,1.158902776057233019e+01,4.115562792192227981e+00
1.308464404436381479e+01,1.168379157633911625e+01,4.202261345848384622e+00
1.323308608202897219e+01,1.177718353646114657e+01,4.288316503789209477e+00
1.339256717555693044e+01,1.187541376749437205e+01,4.379438603497698423e+00
1.355300026588977147e+01,1.197208136693929781e+01,4.469623280531338949e+00
1.369948657353562105e+01,1.205850686115598691e+01,4.550707698005231450e+00
1.384672419470392235e+01,1.214364609716414201e+01,4.630962287159629653e+00
1.399151422068052675e+01,1.222571414683764246e+01,4.708611217086615675e+00
1.413699420036706123e+01,1.230655283687312540e+01,4.785350641942451411e+00
1.428314984310246949e+01,1.238616337867279249e+01,4.861105468873263113e+00
1.442996710741805444e+01,1.246454706942683544e+01,4.935824362677160515e+00
1.457743215147266014e+01,1.254170526060462976e+01,5.009441897102463237e+00
1.472553126114218713e+01,1.261763931832416930e+01,5.081892405860044093e+00
1.487425091924004938e+01,1.269235065833626130e+01,5.153112010396280418e+00
1.502357783569485150e+01,1.276584075762477077e+01,5.223022546998847382e+00
1.517349889578027877e+01,1.283811112509596519e+01,5.291561927426658762e+00
1.532400112952968385e+01,1.290916328529118040e+01,5.358649650717221213e+00
1.547648379800469520e+01,1.297964460167012923e+01,5.424817669571777579e+00
1.562953255030019406e+01,1.304888809319139042e+01,5.489413944285596259e+00
1.579895719756788885e+01,1.312381719279322922e+01,5.558682069007496729e+00
1.596903783808571298e+01,1.319724511111687271e+01,5.625722482375497435e+00
1.613950987498178691e+01,1.326907092685012479e+01,5.690336055517562386e+00
1.631060301794909506e+01,1.333940443128424569e+01,5.752574406305169141e+00
1.646640658982837024e+01,1.340194731888944091e+01,5.807733447786531222e+00
1.662269657391749078e+01,1.346326459199653769e+01,5.859485617244264866e+00
1.677809896164566794e+01,1.352284178672847759e+01,5.908989906847929241e+00
1.693395651209616304e+01,1.358121788968569810e+01,5.956209786371943871e+00
1.709025807671749320e+01,1.363839456814369377e+01,6.002152364094797576e+00
1.724699261325733346e+01,1.369437347345010636e+01,6.044250024746170347e+00
1.740414920209184402e+01,1.374915624684750881e+01,6.084379013244199719e+00
1.756171709843087569e+01,1.380274453640502941e+01,6.121887926565585225e+00
1.771968566554383173e+01,1.385513997227091565e+01,6.156812877950121887e+00
1.787804437647601574e+01,1.390634416708505938e+01,6.189081450251688210e+00
1.803678283557779238e+01,1.395635872236689856e+01,6.218628996211458926e+00
1.819589074974999576e+01,1.400518521852747078e+01,6.245448564572578576e+00
1.835900684978361141e+01,1.405390022316290555e+01,6.269927154216454745e+00
1.852248807269544173e+01,1.410137552740386013e+01,6.291553931904048547e+00
1.870513043578999302e+01,1.415283502458497722e+01,6.312038944041113986e+00
1.888819862485728507e+01,1.420275848991314582e+01,6.328685591231846708e+00
1.906637760269099147e+01,1.424977311190170859e+01,6.341326387684103061e+00
1.924493152108084359e+01,1.429534308367433226e+01,6.350357024895941116e+00
1.940768958897712082e+01,1.433554794182297520e+01,6.355580028939171733e+00
1.957073765949459343e+01,1.437456007743496755e+01,6.357987600101763448e+00
1.973287757667412379e+01,1.441211015574139509e+01,6.357577881704767897e+00
1.989528463594153962e+01,1.444848746856669308e+01,6.354438281353662177e+00
2.005794967612212076e+01,1.448369330320374537e+01,6.348639604356138832e+00
2.022086359270350187e+01,1.451772890941496108e+01,6.340261321865667377e+00
2.038401734664759957e+01,1.455059550164872562e+01,6.329390130516708624e+00
2.054740201262275434e+01,1.458229426826935615e+01,6.316144466132526780e+00
2.071100871929790799e+01,1.461282635881828185e+01,6.300660959102320824e+00
2.087482865303095636e+01,1.464219288497589133e+01,6.283105163330262144e+00
2.103885307217753464e+01,1.467039492305725545e+01,6.263749279415261384e+00
2.120307329101681049e+01,1.469743351090399663e+01,6.242607740812049499e+00
2.137165302079876383e+01,1.472395085546308202e+01,6.219210856383535990e+00
2.154042030694393262e+01,1.474924707014521807e+01,6.194471820635870429e+00
2.172915928445961953e+01,1.477606249284250062e+01,6.165235767263760991e+00
2.191810815529413148e+01,1.480135663262167967e+01,6.134650867165879262e+00
2.210281518926772648e+01,1.482459045309346735e+01,6.104009187470252229e+00
2.228769865904357061e+01,1.484637581553614538e+01,6.072771150183067235e+00
2.245501149609185987e+01,1.486482793480954534e+01,6.044435537762240962e+00
2.262245053526742922e+01,1.488209740565705452e+01,6.016301937966025193e+00
2.278811932811149177e+01,1.489801027596708316e+01,5.988883050345386927e+00
2.295389499157514024e+01,1.491276825772999892e+01,5.962118711555669748e+00
2.311976937259594678e+01,1.492637191709146727e+01,5.936266557174147529e+00
2.328573434192636427e+01,1.493882177657115662e+01,5.911569932161635954e+00
2.345178180288938208e+01,1.495011831572711536e+01,5.888289984285164813e+00
2.361790367846308314e+01,1.496026197012659686e+01,5.866643572235426873e+00
2.378409191395391886e+01,1.496925313156732429e+01,5.846870894963957177e+00
2.395033847951185280e+01,1.497709214810133105e+01,5.829156983850443119e+00
2.411663535869596231e+01,1.498377932336329366e+01,5.813702995430962694e+00
2.428297455325547460e+01,1.498931491678023065e+01,5.800677601211178924e+00
2.445251398886561134e+01,1.499377140212944681e+01,5.790012034720803058e+00
2.462208063064257502e+01,1.499703246858317840e+01,5.782199986032776629e+00
2.481103448971676428e+01,1.499925812644476864e+01,5.776838391795297234e+00
2.499999999999997513e+01,1.499999999999999467e+01,5.774994452721184501e+00
2.518896551028321440e+01,1.499925812644476686e+01,5.776844156848017775e+00
2.537791936935742143e+01,1.499703246858317662e+01,5.782211943399535592e+00
2.554748601113440998e+01,1.499377140212944326e+01,5.790028434972643190e+00
2.571702544674455027e+01,1.498931491678022887e+01,5.800695118775638370e+00
2.588336464130409453e+01,1.498377932336329188e+01,5.813697903680358436e+00
2.604966152048817207e+01,1.497709214810132750e+01,5.829126545096679379e+00
2.621590808604618061e+01,1.496925313156732074e+01,5.846794501125139654e+00
2.638209632153693818e+01,1.496026197012659509e+01,5.866518227317538248e+00
2.654821819711062858e+01,1.495011831572711358e+01,5.888104383594155777e+00
2.671426565807365705e+01,1.493882177657115307e+01,5.911322618480024715e+00
2.688023062740407099e+01,1.492637191709146194e+01,5.935968195608507081e+00
2.704610500842489174e+01,1.491276825772999537e+01,5.961768768346638936e+00
2.721188067188853665e+01,1.489801027596707605e+01,5.988509060759660052e+00
2.737754946473259565e+01,1.488209740565704919e+01,6.015907106738794141e+00
2.754498850390815079e+01,1.486482793480953823e+01,6.044035654633424848e+00
2.771230134095644004e+01,1.484637581553614361e+01,6.072373919220787286e+00
2.789718481073225576e+01,1.482459045309346557e+01,6.103603792038974518e+00
2.808189184470582589e+01,1.480135663262168322e+01,6.134240293684301015e+00
2.827084071554036271e+01,1.477606249284250239e+01,6.164822192305192239e+00
2.845957969305606738e+01,1.474924707014521630e+01,6.194049628687999132e+00
2.862834697920123261e+01,1.472395085546307847e+01,6.218845596819021715e+00
2.879692670898321083e+01,1.469743351090399130e+01,6.242299216470676981e+00
2.896114692782249733e+01,1.467039492305724657e+01,6.263507056950724738e+00
2.912517134696906851e+01,1.464219288497588245e+01,6.282974945718655668e+00
2.928899128070210978e+01,1.461282635881827474e+01,6.300489658120796754e+00
2.945259798737726697e+01,1.458229426826934727e+01,6.315902286487279582e+00
2.961598265335242175e+01,1.455059550164871851e+01,6.329081253307592192e+00
2.977913640729651945e+01,1.451772890941495220e+01,6.339888869653098169e+00
2.994205032387788634e+01,1.448369330320374182e+01,6.348229471915422195e+00
3.010471536405845328e+01,1.444848746856668775e+01,6.353989293791510562e+00
3.026712242332586911e+01,1.441211015574138798e+01,6.357105482583233602e+00
3.042926234050540302e+01,1.437456007743496222e+01,6.357492495418044065e+00
3.059231041102286142e+01,1.433554794182297520e+01,6.355071309955063974e+00
3.075506847891913509e+01,1.429534308367433049e+01,6.349845468558700468e+00
3.093362239730896945e+01,1.424977311190171569e+01,6.340800856091983739e+00
3.111180137514265454e+01,1.420275848991315648e+01,6.328149343181840969e+00
3.129486956420996790e+01,1.415283502458497900e+01,6.311497260829007416e+00
3.147751192730454406e+01,1.410137552740385658e+01,6.290986426883628191e+00
3.164099315021638503e+01,1.405390022316289844e+01,6.269359756408803719e+00
3.180410925025001490e+01,1.400518521852746368e+01,6.244871238503835187e+00
3.196321716442220406e+01,1.395635872236688968e+01,6.218058708578507066e+00
3.212195562352397360e+01,1.390634416708505228e+01,6.188509594924291868e+00
3.228031433445615761e+01,1.385513997227091210e+01,6.156241761913867627e+00
3.243828290156911009e+01,1.380274453640502585e+01,6.121307704048240872e+00
3.259585079790814177e+01,1.374915624684750171e+01,6.083772187973051970e+00
3.275300738674264522e+01,1.369437347345010103e+01,6.043685216854429498e+00
3.290974192328248193e+01,1.363839456814369377e+01,6.001121444895508361e+00
3.306604348790381920e+01,1.358121788968569277e+01,5.956143454936468906e+00
3.322190103835431785e+01,1.352284178672847403e+01,5.908830686667104537e+00
3.337730342608249856e+01,1.346326459199653058e+01,5.859254063736727858e+00
3.353359341017160489e+01,1.340194731888943558e+01,5.807020685963732554e+00
3.368939698205087296e+01,1.333940443128424391e+01,5.752686601961959134e+00
3.386049012501816691e+01,1.326907092685012834e+01,5.690464745758111675e+00
3.403096216191423196e+01,1.319724511111688336e+01,5.625783539082975793e+00
3.420104280243207029e+01,1.312381719279322922e+01,5.558749129894486884e+00
3.437046744969979528e+01,1.304888809319138332e+01,5.489487962109939723e+00
3.452351620199529947e+01,1.297964460167011858e+01,5.424853015585539673e+00
3.467599887047030194e+01,1.290916328529117330e+01,5.358645001735147240e+00
3.482650110421971590e+01,1.283811112509595453e+01,5.291513407145171932e+00
3.497642216430515560e+01,1.276584075762475479e+01,5.222941852299866738e+00
3.512574908075995950e+01,1.269235065833624354e+01,5.153004035521621340e+00
3.527446873885781997e+01,1.261763931832415153e+01,5.081762931933589300e+00
3.542256784852734341e+01,1.254170526060461555e+01,5.009297355480728520e+00
3.557003289258194911e+01,1.246454706942681945e+01,4.935665528635620802e+00
3.571685015689752873e+01,1.238616337867277828e+01,4.860937796702365254e+00
3.586300579963293700e+01,1.230655283687310941e+01,4.785172223106218148e+00
3.600848577931946437e+01,1.222571414683763535e+01,4.708431583233394058e+00
3.615327580529606877e+01,1.214364609716413312e+01,4.630778636428702022e+00
3.630051342646434165e+01,1.205850686115598691e+01,4.550528954218154176e+00
3.644699973411017169e+01,1.197208136693931380e+01,4.469454675584459302e+00
3.660743282444301627e+01,1.187541376749437916e+01,4.379288142399123451e+00
3.676691391797098873e+01,1.177718353646115190e+01,4.288189948565616305e+00
3.691535595563616567e+01,1.168379157633910914e+01,4.202143068852532082e+00
3.706292598351586065e+01,1.158902776057230000e+01,4.115437985371827700e+00
3.720214521617669590e+01,1.149782849879378155e+01,4.032565513900786769e+00
3.734054642904217758e+01,1.140539256385274136e+01,3.949187688155298748e+00
3.747811335067047622e+01,1.131171954002756408e+01,3.865327671057976477e+00
3.761482949334383363e+01,1.121680912306955769e+01,3.781016174411785169e+00
3.775067814185517534e+01,1.112066113312361537e+01,3.696288715131812008e+00
3.788564233602432552e+01,1.102327553329140386e+01,3.611172868762486665e+00
3.801970490082333498e+01,1.092465241451950497e+01,3.525699900572194512e+00
3.815284840398619082e+01,1.082479203307236126e+01,3.439891390628746937e+00
3.828505520007195173e+01,1.072369478520421993e+01,3.353772498975978067e+00
3.841630738261086009e+01,1.062136125059450542e+01,3.267366184933600870e+00
3.854661434657902674e+01,1.051777007619623916e+01,3.180668909108169018e+00
3.867592976699757656e+01,1.041294376525027410e+01,3.093726886941868148e+00
3.881311751458977000e+01,1.029946365475921155e+01,3.000497886649556190e+00
3.894912665325547607e+01,1.018457360464900852e+01,2.907001019998009639e+00
3.908601604583420652e+01,1.006645979057535101e+01,2.811817791397192234e+00
3.922164099041210505e+01,9.946896214977204664e+00,2.716381594098530083e+00
3.934562297390465346e+01,9.835305536741234533e+00,2.628098972158246838e+00
3.946848727311660809e+01,9.722485447967452288e+00,2.539632294494872600e+00
3.958994171973828458e+01,9.608695873747175042e+00,2.451166231351041169e+00
3.971024297741585940e+01,9.493687813695547817e+00,2.362492827731346168e+00
3.982937045860753500e+01,9.377464389714305071e+00,2.273613658293244466e+00
3.994730335669244425e+01,9.260029006804575857e+00,2.184514137465733530e+00
4.006402062543701703e+01,9.141385388769892373e+00,2.095184384846220382e+00
4.017950102028990500e+01,9.021537552891071954e+00,2.005604101631120795e+00
4.029372300375826654e+01,8.900489926129159457e+00,1.915768335683895929e+00
4.040666496179161271e+01,8.778247135379613653e+00,1.825657552843192644e+00
4.051830509399604807e+01,8.654814133937170695e+00,1.735257785703392175e+00
4.062862122769593753e+01,8.530196431259923884e+00,1.644554047829168697e+00
4.074183337506960356e+01,8.399446533688504246e+00,1.550016916756939978e+00
4.085356646345245935e+01,8.267430480631887235e+00,1.455169562694657692e+00
4.096802775931808327e+01,8.128975930240736503e+00,1.356423183085420536e+00
4.108083726282132631e+01,7.989172279263340393e+00,1.257517832021823212e+00
4.118403148796056001e+01,7.858223118470286650e+00,1.165707683564188191e+00
4.128575479051432495e+01,7.726128090583402219e+00,1.074202567056868896e+00
4.138580910942747693e+01,7.593130636151394164e+00,9.835943284023299649e-01
4.148435098057292691e+01,7.459008732420756793e+00,8.944181463729115045e-01
4.158135690664059325e+01,7.323771810525373738e+00,8.078080758830138430e-01
4.167680332311338987e+01,7.187429769859176254e+00,7.255768805139304334e-01
4.177066660046944691e+01,7.049993005944743096e+00,6.506010688550033505e-01
4.186292300692917934e+01,6.911472501872609087e+00,5.873219166359312515e-01
4.195354876535072464e+01,6.771879786386125311e+00,5.419977799715939293e-01
4.204252012740051470e+01,6.631226856590605401e+00,5.220821219810330982e-01
4.212981333084949398e+01,6.489526279572215728e+00,5.336095937132602218e-01
4.221540459214664764e+01,6.346791250697847886e+00,5.781929741888982566e-01
4.230270526995494151e+01,6.197061189555499894e+00,6.564479480275499101e-01
4.238810767253134060e+01,6.046240356263853144e+00,7.617082166233136720e-01
4.247217120319465522e+01,5.893262862098800348e+00,8.897621074868100610e-01
4.255425528941767510e+01,5.739214207228313214e+00,1.036692530745833896e+00
4.263065156637906483e+01,5.591353683886496562e+00,1.192584154767000637e+00
4.270520067528119768e+01,5.442553309410487650e+00,1.363057385656468945e+00
4.277787962146125977e+01,5.292830601994061190e+00,1.548222886386172670e+00
4.284866561565423382e+01,5.142203721954076379e+00,1.748579714432770382e+00
4.291753610487688064e+01,4.990691469293807359e+00,1.964958941468966991e+00
4.298446880821446570e+01,4.838313269031117692e+00,2.198632849136080036e+00
4.304944173213284841e+01,4.685089202220231286e+00,2.451055964561774658e+00
4.311243321360872471e+01,4.531039974542788507e+00,2.724110580081375410e+00
4.317342194425935276e+01,4.376186926633984342e+00,3.019826168559142321e+00
4.323238698894792975e+01,4.220552061859661030e+00,3.340794991122492785e+00
4.328934156395715149e+01,4.064063391161691463e+00,3.690048559329360600e+00
4.334422936170093976e+01,3.906837905368103936e+00,4.070650188693599070e+00
4.340006496486413567e+01,3.739606868243939175e+00,4.511803033402038032e+00
4.345353935884740082e+01,3.571605920206435858e+00,4.998723261815555041e+00
4.350231205091913722e+01,3.410713515550608310e+00,5.511359590986954160e+00
4.354889918627406331e+01,3.249174738573507693e+00,6.077712749853338536e+00
4.359284726557719836e+01,3.088651767185425889e+00,6.699792752702388832e+00
4.363461941763886642e+01,2.927548874500678355e+00,7.392726162049870986e+00
4.367419964030485602e+01,2.765893509815752438e+00,8.168697155405888921e+00
4.371157262396092591e+01,2.603713646649262525e+00,9.043349995267506714e+00
4.374672378165150377e+01,2.441037752873138178e+00,1.003561190842865791e+01
4.377963926675015927e+01,2.277894814315191141e+00,1.117208563063618065e+01
4.381030600617525295e+01,2.114314286502002815e+00,1.248287145974540735e+01
4.383871173376510910e+01,1.950326024114777290e+00,1.402261991299808130e+01
4.386484500509097728e+01,1.785960297199832292e+00,1.582598999951061813e+01
4.388869521481809244e+01,1.621247803855815350e+00,1.806415302254179522e+01
4.391067223211403103e+01,1.452819437842129080e+00,2.067991519621648777e+01
4.393025169646232797e+01,1.284095561540187003e+00,2.458974688543866804e+01
4.394925088440168537e+01,1.095603726863017213e+00,2.853727241429629657e+01
4.396524691232331605e+01,9.068333227837556132e-01,3.956505213341866067e+01
4.397966003578073213e+01,6.938862583955327512e-01,4.305123714949933600e+01
4.399024051489347897e+01,4.807144007354535731e-01,9.816050312269774736e+01
4.399755959339131550e+01,2.404067219527095123e-01,1.085642684683421351e+02
4.399999999999997868e+01,-4.643497571656261801e-17,8.068426089002961135e+02
