x,y,stress
1.999999999999998890e+00,2.674103046287799404e-16,1.187448148964551137e+03
2.012525910595643897e+00,1.649934106726139160e-01,1.158139776581177642e+02
2.049058524915841506e+00,3.263973455564337933e-01,1.261560364971292643e+02
2.106887475926166875e+00,4.814812015566681258e-01,3.606230529122477435e+01
2.182556309293469443e+00,6.287181809901799534e-01,3.478872144251027976e+01
2.272664218881990994e+00,7.676163080752720358e-01,2.019082668120352864e+01
2.374281575245587916e+00,8.983514034232670253e-01,1.577394921493029756e+01
2.485053148205428997e+00,1.021442331102790479e+00,1.152905306815732622e+01
2.603146267336070796e+00,1.137539190576418058e+00,8.897209912418224675e+00
2.727151456004096364e+00,1.247307454260820903e+00,6.941098940520441296e+00
2.855984784163259516e+00,1.351373139804969092e+00,5.534815726632225541e+00
2.988807392154073650e+00,1.450301448039244656e+00,4.481106276871003935e+00
3.124963850128330112e+00,1.544592271613988599e+00,3.687134596293293765e+00
3.263936444442349316e+00,1.634683465841384686e+00,3.077323405177483373e+00
3.405311864679661848e+00,1.720957282106748698e+00,2.606782428003479257e+00
3.548756442507284614e+00,1.803747278753575545e+00,2.240387086592783739e+00
3.693997556238520108e+00,1.883344818760763983e+00,1.953157017397163076e+00
3.840810168493233423e+00,1.960005180086763943e+00,1.727647193442647167e+00
3.989007845728179458e+00,2.033953387952467828e+00,1.549900050781692684e+00
4.138433941007932937e+00,2.105388055488193189e+00,1.409502469527577517e+00
4.288955544060564229e+00,2.174485115425490722e+00,1.301640052837180761e+00
4.440460211848344052e+00,2.241401588783832555e+00,1.205746331651147418e+00
4.592850133524201794e+00,2.306277230895397157e+00,1.140219350042383173e+00
4.746040781814098608e+00,2.369237472228967967e+00,1.086721941397437607e+00
4.899959827437865734e+00,2.430395747736119993e+00,1.049634740160628299e+00
5.054543677000290280e+00,2.489854385582439544e+00,1.016632148507206734e+00
5.209736170278108425e+00,2.547706051019392071e+00,9.935356223718311286e-01
5.365487825008453449e+00,2.604035072769389281e+00,9.761368261800084101e-01
5.521754830401591541e+00,2.658918412163731482e+00,9.638904094474789463e-01
5.679736622179462735e+00,2.712843350788803676e+00,9.554270565209345145e-01
5.838166532075891091e+00,2.765437321609654386e+00,9.501164751291687471e-01
5.996039278276263040e+00,2.816450769666945408e+00,9.472767516768666463e-01
6.154294704739130317e+00,2.866264504217446163e+00,9.463728253810361757e-01
6.312634129934736826e+00,2.914846593465369118e+00,9.470008374926768280e-01
6.471306360070591346e+00,2.962330546768783268e+00,9.488387908178405050e-01
6.630290505129919687e+00,3.008759840623408177e+00,9.516361104385778757e-01
6.789567373625897240e+00,3.054174864051290239e+00,9.551886582827741057e-01
6.949119599534989256e+00,3.098613300191892517e+00,9.593351977620760973e-01
7.108931073620918362e+00,3.142110267248408029e+00,9.639469295595610721e-01
7.268987003776820721e+00,3.184698604974375957e+00,9.689194161919502113e-01
7.429273950682177663e+00,3.226409116838197644e+00,9.741697406917410040e-01
7.589779414936093538e+00,3.267270667877810286e+00,9.796278429172232682e-01
7.750491877689262843e+00,3.307310382026359630e+00,9.852424087775665251e-01
7.917601389336552664e+00,3.348049524632997542e+00,9.911881571530246626e-01
8.084911544576590003e+00,3.387956698789614585e+00,9.972156564108247689e-01
8.256807711203519418e+00,3.428072090832196661e+00,1.003449673706527712e+00
8.428894058057661454e+00,3.467363689824092710e+00,1.009704791277960423e+00
8.590550082731120085e+00,3.503508593897875389e+00,1.015576380865592654e+00
8.752357786989323429e+00,3.538968339133202523e+00,1.021431511649325330e+00
8.914288318993518700e+00,3.573756209636241188e+00,1.027257491948362356e+00
9.076357133730404314e+00,3.607894082450921136e+00,1.033044465177069604e+00
9.238558181630965649e+00,3.641398128618228203e+00,1.038783968426356452e+00
9.400885754716773235e+00,3.674283714016521873e+00,1.044470538767426904e+00
9.563334472728849178e+00,3.706565455557305988e+00,1.050098695386836090e+00
9.725899310596263447e+00,3.738257280065659494e+00,1.055662153473414744e+00
9.888575532488166786e+00,3.769372459859554159e+00,1.061158845791670746e+00
1.005135862111785094e+01,3.799923644427208203e+00,1.066585504089552661e+00
1.021424431761959895e+01,3.829922909716863444e+00,1.071938720056178518e+00
1.037722861509175587e+01,3.859381794628052642e+00,1.077219850567139758e+00
1.054871985975289839e+01,3.889789007282622446e+00,1.082689901867069260e+00
1.072031173912144553e+01,3.919623110644134378e+00,1.088078617202602905e+00
1.090841805678120835e+01,3.951665189059524685e+00,1.093885101213826205e+00
1.109663548176138015e+01,3.983048052665009386e+00,1.099584418621101456e+00
1.126951601397548153e+01,4.011289653442509540e+00,1.104727966699964981e+00
1.144248284857436282e+01,4.038997802198281306e+00,1.109784455451351182e+00
1.160609943130249100e+01,4.064714149017757627e+00,1.114485964040629495e+00
1.176978766077443161e+01,4.089970451239639537e+00,1.119110586841752575e+00
1.193354506335592191e+01,4.114774404765110916e+00,1.123658546555612814e+00
1.209736924613946130e+01,4.139133401245351784e+00,1.128129564685395714e+00
1.226125789900886787e+01,4.163054544680692359e+00,1.132524943460235356e+00
1.242520888473657514e+01,4.186544679322179441e+00,1.136843967877227968e+00
1.258922013416056984e+01,4.209610387936937315e+00,1.141088558763335481e+00
1.275328964009558774e+01,4.232258004277812624e+00,1.145256787403152510e+00
1.291741551014030165e+01,4.254493632642851075e+00,1.149352818787736652e+00
1.308159588966867659e+01,4.276323148705762023e+00,1.153370239924601748e+00
1.324582899352410159e+01,4.297752214791013436e+00,1.157321513924995937e+00
1.341011315305894591e+01,4.318786295906736683e+00,1.161161736731120220e+00
1.358454311133282921e+01,4.340686224653541814e+00,1.165207306581914182e+00
1.375902688898843351e+01,4.362153152793578847e+00,1.169157941124357780e+00
1.395502174885419322e+01,4.385750121921407008e+00,1.173500479560807497e+00
1.415107977427687480e+01,4.408816405257669047e+00,1.177740431857502879e+00
1.434068000740099436e+01,4.430618768288908882e+00,1.181751546301757827e+00
1.453033507586176576e+01,4.451938875718287392e+00,1.185667808717109084e+00
1.469971833606202516e+01,4.470572746593783009e+00,1.189088725420387460e+00
1.486914243513596467e+01,4.488831577589841970e+00,1.192439101255661438e+00
1.503385208767444148e+01,4.506222833423080942e+00,1.195626214782776531e+00
1.519859796769429572e+01,4.523267499859906948e+00,1.198747101084646660e+00
1.536337895464175496e+01,4.539969181774590190e+00,1.201801754700312586e+00
1.552819399918110221e+01,4.556331367801951693e+00,1.204791126391819178e+00
1.569304208699114689e+01,4.572357430979073989e+00,1.207715791143445516e+00
1.585792219638688927e+01,4.588050629006118264e+00,1.210576367843523737e+00
1.602283334065574394e+01,4.603414112588923857e+00,1.213373596400008525e+00
1.618777459195558421e+01,4.618450931380333913e+00,1.216107936445819382e+00
1.635274505029255110e+01,4.633164034587698765e+00,1.218780054887391051e+00
1.651774381148724657e+01,4.647556271667865779e+00,1.221390698175420342e+00
1.668352028974821977e+01,4.661693659041237225e+00,1.223951034772406077e+00
1.684932360571434273e+01,4.675512740983391424e+00,1.226452315941374049e+00
1.703044619233649470e+01,4.690245539271452380e+00,1.229113195024778227e+00
1.721159875836931974e+01,4.704605022400307313e+00,1.231704199339097139e+00
1.741510234262274537e+01,4.720292273354880663e+00,1.234528769756681355e+00
1.761864106268203756e+01,4.735516872430855173e+00,1.237262085820555191e+00
1.781569299741881807e+01,4.749817093745702934e+00,1.239825949916762315e+00
1.801277538600095696e+01,4.763691302924833337e+00,1.242306647648260709e+00
1.818779209384839746e+01,4.775656129483963674e+00,1.244442629019004931e+00
1.836283110355154946e+01,4.787290144753867160e+00,1.246516633853248734e+00
1.852811150200131252e+01,4.797972650336565614e+00,1.248417600920848525e+00
1.869341045567293236e+01,4.808364091090135517e+00,1.250264295699729411e+00
1.885872734754811120e+01,4.818466222722759262e+00,1.252056270439624308e+00
1.902406156412098071e+01,4.828280738221278234e+00,1.253794222596083419e+00
1.918941250551560884e+01,4.837809270062622069e+00,1.255478538458880466e+00
1.935477959118733438e+01,4.847053391997406813e+00,1.257109787366920584e+00
1.952016225623981782e+01,4.856014620199447407e+00,1.258688440866128744e+00
1.968555993085277578e+01,4.864694413510023629e+00,1.260214981226231323e+00
1.985097205421814692e+01,4.873094175546054174e+00,1.261689846820255756e+00
2.001639809406484005e+01,4.881215256869153585e+00,1.263113592237123495e+00
2.018183751270544946e+01,4.889058954404426949e+00,1.264486354501648924e+00
2.034728979263229220e+01,4.896626513815056647e+00,1.265810017269786591e+00
2.052266241227767551e+01,4.904347094345307134e+00,1.267157343400489244e+00
2.069804829913615052e+01,4.911760180434868950e+00,1.268450899660849229e+00
2.089559174842356981e+01,4.919742609072853767e+00,1.269840451374122159e+00
2.109315044202244493e+01,4.927338411833719789e+00,1.271160095704127135e+00
2.130344406626109333e+01,4.935000350629720423e+00,1.272489702618067264e+00
2.151375306266504595e+01,4.942228065939684001e+00,1.273738472500304253e+00
2.170274097929323176e+01,4.948353695747860215e+00,1.274796086664610417e+00
2.189173985342547368e+01,4.954131378512121486e+00,1.275792191265451070e+00
2.206103897243386669e+01,4.959012094045235131e+00,1.276632282070287117e+00
2.223034586347144526e+01,4.963615328060102527e+00,1.277424945367759967e+00
2.239591700880743375e+01,4.967849145368925967e+00,1.278152830051690447e+00
2.256149469496743265e+01,4.971818937579873143e+00,1.278834874398547594e+00
2.272707847822988825e+01,4.975525296221491978e+00,1.279470757974164208e+00
2.289266793704064540e+01,4.978968772415926836e+00,1.280060907667361469e+00
2.305826265075890191e+01,4.982149876755012308e+00,1.280605478386994678e+00
2.322386218853451822e+01,4.985069079515043633e+00,1.281104722889651271e+00
2.338946612653678159e+01,4.987726811375719826e+00,1.281558734915156927e+00
2.355507404873407040e+01,4.990123463717651475e+00,1.281967759689784492e+00
2.372068553803694613e+01,4.992259388763578443e+00,1.282332018238648397e+00
2.388630018121746446e+01,4.994134899916637949e+00,1.282651829287996259e+00
2.405316241728573345e+01,4.995761429311772694e+00,1.282928635250839555e+00
2.422002701648062484e+01,4.997124135818494572e+00,1.283161900448769099e+00
2.440343858730209448e+01,4.998317838398447677e+00,1.283365559611451712e+00
2.458685195343110763e+01,4.999193265218540461e+00,1.283515924315516532e+00
2.479342558286752407e+01,4.999798327739001458e+00,1.283620212659163373e+00
2.500000000000025224e+01,4.999999999999997335e+00,1.283653566305282157e+00
2.520657441713297331e+01,4.999798327739000570e+00,1.283619483531212468e+00
2.541314804656934356e+01,4.999193265218538684e+00,1.283514495136512945e+00
2.559656141269839580e+01,4.998317838398445900e+00,1.283363660022240227e+00
2.577997298351975886e+01,4.997124135818491908e+00,1.283159486452363218e+00
2.594683758271465024e+01,4.995761429311769142e+00,1.282925675149803713e+00
2.611369981878290858e+01,4.994134899916634396e+00,1.282648276327909898e+00
2.627931446196343401e+01,4.992259388763573114e+00,1.282327536426579595e+00
2.644492595126630619e+01,4.990123463717644370e+00,1.281962279956170514e+00
2.661053387346360211e+01,4.987726811375714497e+00,1.281551922779245123e+00
2.677613781146585836e+01,4.985069079515036528e+00,1.281096563374045871e+00
2.694173734924147823e+01,4.982149876755005202e+00,1.280595789604713763e+00
2.710733206295972764e+01,4.978968772415917954e+00,1.280049646548534925e+00
2.727292152177049545e+01,4.975525296221483984e+00,1.279457983089159034e+00
2.743850530503294749e+01,4.971818937579864262e+00,1.278820591058669853e+00
2.760408299119293574e+01,4.967849145368917085e+00,1.278137231805628993e+00
2.776965413652891357e+01,4.963615328060091869e+00,1.277408045080465682e+00
2.793896102756650990e+01,4.959012094045222696e+00,1.276614331490920184e+00
2.810826014657492422e+01,4.954131378512109052e+00,1.275773263358875198e+00
2.829725902070718746e+01,4.948353695747847780e+00,1.274776208680743483e+00
2.848624693733539814e+01,4.942228065939668902e+00,1.273717689919324991e+00
2.869655593373941826e+01,4.935000350629701771e+00,1.272468076065841780e+00
2.890684955797811995e+01,4.927338411833698473e+00,1.271137600420749969e+00
2.910440825157698441e+01,4.919742609072831563e+00,1.269817201159071596e+00
2.930195170086438594e+01,4.911760180434845857e+00,1.268426879317342992e+00
2.947733758772282542e+01,4.904347094345283153e+00,1.267132879282094615e+00
2.965271020736818031e+01,4.896626513815033555e+00,1.265785126040166908e+00
2.981816248729501240e+01,4.889058954404404744e+00,1.264461174147119671e+00
2.998360190593561825e+01,4.881215256869130492e+00,1.263088169558134410e+00
3.014902794578231138e+01,4.873094175546030193e+00,1.261664391890809256e+00
3.031444006914768252e+01,4.864694413509998761e+00,1.260189549812362086e+00
3.047983774376064048e+01,4.856014620199421650e+00,1.258663220999867383e+00
3.064522040881312037e+01,4.847053391997379279e+00,1.257084846408133894e+00
3.081058749448484591e+01,4.837809270062593647e+00,1.255453948048897095e+00
3.097593843587948115e+01,4.828280738221249813e+00,1.253770001241092835e+00
3.114127265245234710e+01,4.818466222722730841e+00,1.252031981528845650e+00
3.130658954432752239e+01,4.808364091090106207e+00,1.250239863925034944e+00
3.147188849799914578e+01,4.797972650336535416e+00,1.248392448812734257e+00
3.163716889644890173e+01,4.787290144753836962e+00,1.246490610513484754e+00
3.181220790615205729e+01,4.775656129483931700e+00,1.244415203628402411e+00
3.198722461399950134e+01,4.763691302924799587e+00,1.242277669455131850e+00
3.218430700258165444e+01,4.749817093745666519e+00,1.239795219878089494e+00
3.238135893731845272e+01,4.735516872430816981e+00,1.237229522263583403e+00
3.258489765737765964e+01,4.720292273354847801e+00,1.234494198878195004e+00
3.278840124163101422e+01,4.704605022400279779e+00,1.231667482258989699e+00
3.296955380766382149e+01,4.690245539271423958e+00,1.229074398900121823e+00
3.315067639428595214e+01,4.675512740983363891e+00,1.226411334091931149e+00
3.331647971025205379e+01,4.661693659041211468e+00,1.223908163379117564e+00
3.348225618851300567e+01,4.647556271667841798e+00,1.221345986148151264e+00
3.364725494970769404e+01,4.633164034587673896e+00,1.218734135566933663e+00
3.381222540804466092e+01,4.618450931380308155e+00,1.216060953351945084e+00
3.397716665934449765e+01,4.603414112588898988e+00,1.213326302266969581e+00
3.414207780361335409e+01,4.588050629006092507e+00,1.210528856902146178e+00
3.430695791300908581e+01,4.572357430979047344e+00,1.207667979143933090e+00
3.447180600081912161e+01,4.556331367801926824e+00,1.204743009088363070e+00
3.463662104535847419e+01,4.539969181774566209e+00,1.201753237923053774e+00
3.480140203230592988e+01,4.523267499859882079e+00,1.198698103020304107e+00
3.496614791232580188e+01,4.506222833423052521e+00,1.195576707874825839e+00
3.513085756486429290e+01,4.488831577589811772e+00,1.192389124579185333e+00
3.530028166393824307e+01,4.470572746593751035e+00,1.189039621538101166e+00
3.546966492413852023e+01,4.451938875718253641e+00,1.185619686999462852e+00
3.565931999259930762e+01,4.430618768288871578e+00,1.181704622785630487e+00
3.584892022572344672e+01,4.408816405257628190e+00,1.177696161614345982e+00
3.604497825114609810e+01,4.385750121921368816e+00,1.173454539301982624e+00
3.624097311101181162e+01,4.362153152793544209e+00,1.169110339647472907e+00
3.641545688866738573e+01,4.340686224653511616e+00,1.165155934969817952e+00
3.658988684694122639e+01,4.318786295906711814e+00,1.161123359744496542e+00
3.675417100647607782e+01,4.297752214790987679e+00,1.157248408893691627e+00
3.691840411033150815e+01,4.276323148705731825e+00,1.153302608804872120e+00
3.708258448985989730e+01,4.254493632642820877e+00,1.149283086812579624e+00
3.724671035990461831e+01,4.232258004277780650e+00,1.145190009405155029e+00
3.741077986583963622e+01,4.209610387936905340e+00,1.141022606582383414e+00
3.757479111526362914e+01,4.186544679322146578e+00,1.136780419512991802e+00
3.773874210099132398e+01,4.163054544680660385e+00,1.132462720971968206e+00
3.790263075386071989e+01,4.139133401245320698e+00,1.128069214247068741e+00
3.806645493664425572e+01,4.114774404765081606e+00,1.123599074647588125e+00
3.823021233922575135e+01,4.089970451239608451e+00,1.119052086527013490e+00
3.839390056869769552e+01,4.064714149017723877e+00,1.114427441518446971e+00
3.855751715142582725e+01,4.038997802198245779e+00,1.109725907638355658e+00
3.873048398602471565e+01,4.011289653442474012e+00,1.104669268052428377e+00
3.890336451823880992e+01,3.983048052664971639e+00,1.099525590171710476e+00
3.909158194321897639e+01,3.951665189059487826e+00,1.093825680872423378e+00
3.927968826087872145e+01,3.919623110644100183e+00,1.088019501546806822e+00
3.945128014024727037e+01,3.889789007282588695e+00,1.082630055923955892e+00
3.962277138490840400e+01,3.859381794628017115e+00,1.077158315913998132e+00
3.978575568238055382e+01,3.829922909716827917e+00,1.071876089695321665e+00
3.994864137888230005e+01,3.799923644427174896e+00,1.066521736443559298e+00
4.011142446751198776e+01,3.769372459859520408e+00,1.061095003924126479e+00
4.027410068940388044e+01,3.738257280065624411e+00,1.055598514933377752e+00
4.043666552727129471e+01,3.706565455557270017e+00,1.050034982313883258e+00
4.059911424528338131e+01,3.674283714016485014e+00,1.044407887984028616e+00
4.076144181836917824e+01,3.641398128618193120e+00,1.038721810485494279e+00
4.092364286626973069e+01,3.607894082450886497e+00,1.032981887209234007e+00
4.108571168100662163e+01,3.573756209636205661e+00,1.027195154798877130e+00
4.124764221301082756e+01,3.538968339133164775e+00,1.021369333371381805e+00
4.140944991726902202e+01,3.503508593897838086e+00,1.015514581766378432e+00
4.157110594194247710e+01,3.467363689824053186e+00,1.009643328397815010e+00
4.174319228879659960e+01,3.428072090832161578e+00,1.003388680807397071e+00
4.191508845542350770e+01,3.387956698789585719e+00,9.971550520485650271e-01
4.208239861066353882e+01,3.348049524632970897e+00,9.911278454198643173e-01
4.224950812231082864e+01,3.307310382026329432e+00,9.851825387922182875e-01
4.241022058506399617e+01,3.267270667877779644e+00,9.795685787725062488e-01
4.257072604931793336e+01,3.226409116838161673e+00,9.741116290097543429e-01
4.273101299622327787e+01,3.184698604974343539e+00,9.688647673040218233e-01
4.289106892637918378e+01,3.142110267248370725e+00,9.638965493101303572e-01
4.305088040046511111e+01,3.098613300191857434e+00,9.592900641697832409e-01
4.321043262637422089e+01,3.054174864051252047e+00,9.551495311492614881e-01
4.336970949487018601e+01,3.008759840623372650e+00,9.516030844584366655e-01
4.352869363992950724e+01,2.962330546768741524e+00,9.488127771571959190e-01
4.368736587006537064e+01,2.914846593465329150e+00,9.469791410872968607e-01
4.384570529526100557e+01,2.866264504217397757e+00,9.463547123444397968e-01
4.400396072172384976e+01,2.816450769666902776e+00,9.472567915143561557e-01
4.416183346792423237e+01,2.765437321609602872e+00,9.500894594826364559e-01
4.432026337782063763e+01,2.712843350788761487e+00,9.553956205993683337e-01
4.447824516959853725e+01,2.658918412163679079e+00,9.638222410671818396e-01
4.463451217499162027e+01,2.604035072769353309e+00,9.760516739312650181e-01
4.479026382972198661e+01,2.547706051019339668e+00,9.931538808208530966e-01
4.494545632299975324e+01,2.489854385582413787e+00,1.016376098173524589e+00
4.510004017256221687e+01,2.430395747736077805e+00,1.047315859710277852e+00
4.525395921818589073e+01,2.369237472228962194e+00,1.087914672191833354e+00
4.540714986647586215e+01,2.306277230895360297e+00,1.140664128906306418e+00
4.555953978815161776e+01,2.241401588783840548e+00,1.208637681874320302e+00
4.571104445593952192e+01,2.174485115425441872e+00,1.295669130310746375e+00
4.586156605899197558e+01,2.105388055488224275e+00,1.406736174992754052e+00
4.601099215427191069e+01,2.033953387952413205e+00,1.547849595775903087e+00
4.615918983150660182e+01,1.960005180086839216e+00,1.726865968928858353e+00
4.630600244376157093e+01,1.883344818760702255e+00,1.954298676147840030e+00
4.645124355749239697e+01,1.803747278753742966e+00,2.242227970898760248e+00
4.659468813532041764e+01,1.720957282106687636e+00,2.609158680938006736e+00
4.673606355555707381e+01,1.634683465841731520e+00,3.077878639734169308e+00
4.687503614987173250e+01,1.544592271613931755e+00,3.684620329729325405e+00
4.701119260784495424e+01,1.450301448039925889e+00,4.475439696701670300e+00
4.714401521583679511e+01,1.351373139804898926e+00,5.525520759501004520e+00
4.727284854399432845e+01,1.247307454262120974e+00,6.930071350295882837e+00
4.739685373266400603e+01,1.137539190576328352e+00,8.883967994622436137e+00
4.751494685179230970e+01,1.021442331105119061e+00,1.151614400669769900e+01
4.762571842475449557e+01,8.983514034231400158e-01,1.576957130633802784e+01
4.772733578111562025e+01,7.676163080785837201e-01,2.018593109685146558e+01
4.781744369070654699e+01,6.287181809901060126e-01,3.484902785607767584e+01
4.789311252407285480e+01,4.814812015588198491e-01,3.630827353141796010e+01
4.795094147508412874e+01,3.263973455563985437e-01,1.259964209007167852e+02
4.798747408940430859e+01,1.649934106726755612e-01,1.165996743178597512e+02
4.799999999999997868e+01,-3.174607707405354536e-17,1.188013583951420742e+03
