x,y,stress
9.999999999999994671e+00,2.667089212244421846e-16,1.268531380709938048e+03
1.000830561172995026e+01,1.663661853704481719e-01,1.426067443186180128e+02
1.003292696429260111e+01,3.311133984672348096e-01,1.423773250647491864e+02
1.007303235820995368e+01,4.927966699194245015e-01,5.207610001619428175e+01
1.012739543412753562e+01,6.502677591397493240e-01,4.747464634076578704e+01
1.019457116874151659e+01,8.027229439393710475e-01,3.179711813202088777e+01
1.027305578377904816e+01,9.496849800689164400e-01,2.638025272537415944e+01
1.036140272832127351e+01,1.090946068409348158e+00,2.125516722311166617e+01
1.045829058885771801e+01,1.226498512111074746e+00,1.780840041895135784e+01
1.056255243547247780e+01,1.356470412566643580e+00,1.513183856057328036e+01
1.067317970677800965e+01,1.481073945401435221e+00,1.306942166195382349e+01
1.078931194657636361e+01,1.600567435778914360e+00,1.143048364123114524e+01
1.091022018774009794e+01,1.715229328432448908e+00,1.010982480244718751e+01
1.103528865140048332e+01,1.825341275557835319e+00,9.028642997864444908e+00
1.116399719875602514e+01,1.931177720228687944e+00,8.133678673508565993e+00
1.129590569068259143e+01,2.032999949754997093e+00,7.384855189473380044e+00
1.143064063283386034e+01,2.131053113804445953e+00,6.753101231291384288e+00
1.156788380814452388e+01,2.225564962193595786e+00,6.216166056592935085e+00
1.170736296774356511e+01,2.316745819479580693e+00,5.757276769267298810e+00
1.184884344400735046e+01,2.404788769651360347e+00,5.363312650834144435e+00
1.199212388941131380e+01,2.489871908610209683e+00,5.022643081255528053e+00
1.213703044447421320e+01,2.572158933520779733e+00,4.698241319462691301e+00
1.228340909097546074e+01,2.651798460008154557e+00,4.446659137317999111e+00
1.243112566051541101e+01,2.728927299187273725e+00,4.217668544341285575e+00
1.258006323285449390e+01,2.803671614550132141e+00,4.019181328158503597e+00
1.273011803603117720e+01,2.876147048285888186e+00,3.843939657450896163e+00
1.288119832541113219e+01,2.946460135521985269e+00,3.689628960996786944e+00
1.303322241768719358e+01,3.014709020332287270e+00,3.553143434058217753e+00
1.318611736190990413e+01,3.080984276591446136e+00,3.432406930624256614e+00
1.333981778802875162e+01,3.145369626462036106e+00,3.325372208873029312e+00
1.349426501163337377e+01,3.207942614779692558e+00,3.230611791473435801e+00
1.364940617195447992e+01,3.268775165626262247e+00,3.146863986071148922e+00
1.380519331025057461e+01,3.327934013420698278e+00,3.072808705082036518e+00
1.396158288506530987e+01,3.385481216356380774e+00,3.004197400501577686e+00
1.411853552531464651e+01,3.441474665930301047e+00,2.945483119714896514e+00
1.427601535226138019e+01,3.495968364894155300e+00,2.892377062626988682e+00
1.443398932235550092e+01,3.549012669585450919e+00,2.845172295088382874e+00
1.459242714381218242e+01,3.600654681877582419e+00,2.802857703673994116e+00
1.475130124511693985e+01,3.650938598218552489e+00,2.765060201190464806e+00
1.491058619180305200e+01,3.699905839747288372e+00,2.731027797456919259e+00
1.507025840019814389e+01,3.747595255051557217e+00,2.701150671869394948e+00
1.523029618331473856e+01,3.794043391865808079e+00,2.672545896399322274e+00
1.539067935449756419e+01,3.839284608302273583e+00,2.648011605515778299e+00
1.555138918323125985e+01,3.883351267959169295e+00,2.625657814358180353e+00
1.571240835232156385e+01,3.926273910549765045e+00,2.605631759155243365e+00
1.587373827313447627e+01,3.968085837063695998e+00,2.587391487168632320e+00
1.603534633836624934e+01,4.008809531338540566e+00,2.570917094354315591e+00
1.619720081679102464e+01,4.048466466043317169e+00,2.555845211563399388e+00
1.635930609647050815e+01,4.087085471546092919e+00,2.542513500391949677e+00
1.652164980203182765e+01,4.124689589945097268e+00,2.529874693823606968e+00
1.668422034625010042e+01,4.161300661388872335e+00,2.518488533432266419e+00
1.684700684166009665e+01,4.196939394898549835e+00,2.508022863641816702e+00
1.700999900317575353e+01,4.231625430687198097e+00,2.498438928570742679e+00
1.717318713000100416e+01,4.265377413261053796e+00,2.489606644616453313e+00
1.733656211025409988e+01,4.298213061649468258e+00,2.481455078195712538e+00
1.750011530790468584e+01,4.330149209711348313e+00,2.473905518814731863e+00
1.766383855378348500e+01,4.361201863338009410e+00,2.466894571387907131e+00
1.782970124938139378e+01,4.391744981298907113e+00,2.460287006213575545e+00
1.799572257624147653e+01,4.421413773029650329e+00,2.454118545548901409e+00
1.815991454351060241e+01,4.449884279992534886e+00,2.448408873256881613e+00
1.832424769898688055e+01,4.477528227040722619e+00,2.443040867413655004e+00
1.848871576292532737e+01,4.504358106742881063e+00,2.437979305199447833e+00
1.865331268555878808e+01,4.530385808107429746e+00,2.433192990149646295e+00
1.881803270207912604e+01,4.555622659325466728e+00,2.428654717090312332e+00
1.898287034609400337e+01,4.580079459864873748e+00,2.424340393740389565e+00
1.914782041710887839e+01,4.603766503027617141e+00,2.420229267107017801e+00
1.931287783829833415e+01,4.626693582028838847e+00,2.416302860390587615e+00
1.947803773845422270e+01,4.648870027365838986e+00,2.412545984502488583e+00
1.964329554176312698e+01,4.670304740795890197e+00,2.408944696581231781e+00
1.980865286678870163e+01,4.691006939317195368e+00,2.405487144850937842e+00
1.997409937898808252e+01,4.710983890485344716e+00,2.402165197004817454e+00
2.014511776094103013e+01,4.730869293444088797e+00,2.398864188402051845e+00
2.031622256688804384e+01,4.749996829906205420e+00,2.395686721704382016e+00
2.048191484054450484e+01,4.767795979181667754e+00,2.392727286821895394e+00
2.064768043206530379e+01,4.784898865511655330e+00,2.389876401761557467e+00
2.081351235714521053e+01,4.801311409005575292e+00,2.387129673453290302e+00
2.097941056157394613e+01,4.817039899814186121e+00,2.384484183032173910e+00
2.114537168599138184e+01,4.832089961460694916e+00,2.381938041676428863e+00
2.131139247632985700e+01,4.846466920876185469e+00,2.379489858857286144e+00
2.147746977166742610e+01,4.860175817470016035e+00,2.377139298908776510e+00
2.164360048794619829e+01,4.873221411340014519e+00,2.374885828542091737e+00
2.180978161856490516e+01,4.885608192308342090e+00,2.372729953207397546e+00
2.197601024590848340e+01,4.897340388949783296e+00,2.370672024165974001e+00
2.214228352097541475e+01,4.908421974587387382e+00,2.368712687091558688e+00
2.230859864660002145e+01,4.918856673330552098e+00,2.366855900976919891e+00
2.248249842588300496e+01,4.929076832929697005e+00,2.365022805599486411e+00
2.265643789881573156e+01,4.938597604335021707e+00,2.363296877146256136e+00
2.282384335961117117e+01,4.947101758454039100e+00,2.361745046324605912e+00
2.299128018059684209e+01,4.954964342142543110e+00,2.360301265963364870e+00
2.315776743601580989e+01,4.962147599356508287e+00,2.358972903746024752e+00
2.332428064895410813e+01,4.968701648614835875e+00,2.357753188490167684e+00
2.349081735985047104e+01,4.974628604324492720e+00,2.356643354016633385e+00
2.365737514665726593e+01,4.979930371034721581e+00,2.355644857551105975e+00
2.382395161454224208e+01,4.984608646123272813e+00,2.354758760147396934e+00
2.399054438954880197e+01,4.988664922385195766e+00,2.353986574241532459e+00
2.415715112069305093e+01,4.992100490515555045e+00,2.353329842557628115e+00
2.432376947658544708e+01,4.994916441067327462e+00,2.352789354512035302e+00
2.449039714021895264e+01,4.997113666077679817e+00,2.352365967103384303e+00
2.465703180736525724e+01,4.998692860459073906e+00,2.352062015420002261e+00
2.482851465808166580e+01,4.999673242406357687e+00,2.351874453495043316e+00
2.500000000000001776e+01,4.999999999999997335e+00,2.351810650685633330e+00
2.517148534191839460e+01,4.999673242406357687e+00,2.351874856794353708e+00
2.534296819263477119e+01,4.998692860459072129e+00,2.352062662393052062e+00
2.550960285978107578e+01,4.997113666077678040e+00,2.352365156027875770e+00
2.567623052341458489e+01,4.994916441067326573e+00,2.352786876321807608e+00
2.584284887930698460e+01,4.992100490515553268e+00,2.353323687854388613e+00
2.600945561045123000e+01,4.988664922385193989e+00,2.353976455622818875e+00
2.617604838545779344e+01,4.984608646123271036e+00,2.354744484489577960e+00
2.634262485334277315e+01,4.979930371034719805e+00,2.355626312062047312e+00
2.650918264014956449e+01,4.974628604324490944e+00,2.356622048929148949e+00
2.667571935104591319e+01,4.968701648614834099e+00,2.357729243886840909e+00
2.684223256398422208e+01,4.962147599356504735e+00,2.358948715227424220e+00
2.700871981940319699e+01,4.954964342142539557e+00,2.360277030317933900e+00
2.717615664038886791e+01,4.947101758454036435e+00,2.361721524303752595e+00
2.734356210118430042e+01,4.938597604335018154e+00,2.363274160251264355e+00
2.751750157411702702e+01,4.929076832929692564e+00,2.365001693471548094e+00
2.769140135340001763e+01,4.918856673330549434e+00,2.366836274669458895e+00
2.785771647902461368e+01,4.908421974587384717e+00,2.368694272960145231e+00
2.802398975409154147e+01,4.897340388949779744e+00,2.370654784121207559e+00
2.819021838143513392e+01,4.885608192308337649e+00,2.372713471114027417e+00
2.835639951205383724e+01,4.873221411340010079e+00,2.374870051404013083e+00
2.852253022833260232e+01,4.860175817470012483e+00,2.377123386924187898e+00
2.868860752367016786e+01,4.846466920876180140e+00,2.379473644754788175e+00
2.885462831400865369e+01,4.832089961460688698e+00,2.381921147383541104e+00
2.902058943842609295e+01,4.817039899814179904e+00,2.384466512303493158e+00
2.918648764285482144e+01,4.801311409005570852e+00,2.387111125652470633e+00
2.935231956793472463e+01,4.784898865511650001e+00,2.389856816443031384e+00
2.951808515945552713e+01,4.767795979181659760e+00,2.392707047179382318e+00
2.968377743311199168e+01,4.749996829906199203e+00,2.395665789079509445e+00
2.985488223905898408e+01,4.730869293444085244e+00,2.398842533725074944e+00
3.002590062101190682e+01,4.710983890485341163e+00,2.402142616524054919e+00
3.019134713321130548e+01,4.691006939317191815e+00,2.405464048155513623e+00
3.035670445823688723e+01,4.670304740795885756e+00,2.408921047769424284e+00
3.052196226154579506e+01,4.648870027365833657e+00,2.412521621107042158e+00
3.068712216170168361e+01,4.626693582028831742e+00,2.416277734140711786e+00
3.085217958289116069e+01,4.603766503027608259e+00,2.420203424694216565e+00
3.101712965390605348e+01,4.580079459864863090e+00,2.424313858809653777e+00
3.118196729792092725e+01,4.555622659325456070e+00,2.428627778872121556e+00
3.134668731444126166e+01,4.530385808107417311e+00,2.433165517881285655e+00
3.151128423707472237e+01,4.504358106742867740e+00,2.437951347492489429e+00
3.167575230101317274e+01,4.477528227040711073e+00,2.443012173811882626e+00
3.184008545648944377e+01,4.449884279992522451e+00,2.448379326390198951e+00
3.200427742375855900e+01,4.421413773029636118e+00,2.454087621481260584e+00
3.217029875061865596e+01,4.391744981298891126e+00,2.460253654471916018e+00
3.233616144621656474e+01,4.361201863337995199e+00,2.466857745700241189e+00
3.249988469209536390e+01,4.330149209711332325e+00,2.473864228998207349e+00
3.266343788974594986e+01,4.298213061649450495e+00,2.481407722616925327e+00
3.282681286999905979e+01,4.265377413261034256e+00,2.489553348507673736e+00
3.299000099682432108e+01,4.231625430687175005e+00,2.498374536422016234e+00
3.315299315833996729e+01,4.196939394898529407e+00,2.507953523377107974e+00
3.331577965374995642e+01,4.161300661388849242e+00,2.518383647782998835e+00
3.347835019796823985e+01,4.124689589945071511e+00,2.529769024324156401e+00
3.364069390352956646e+01,4.087085471546067161e+00,2.542227900731854007e+00
3.380279918320905352e+01,4.048466466043290524e+00,2.555890817898898160e+00
3.396465366163382527e+01,4.008809531338513032e+00,2.570909212689273193e+00
3.412626172686559300e+01,3.968085837063670240e+00,2.587451784405363497e+00
3.428759164767848944e+01,3.926273910549744173e+00,2.605708215322183552e+00
3.444861081676879877e+01,3.883351267959146647e+00,2.625888058352923160e+00
3.460932064550249265e+01,3.839284608302247381e+00,2.648236457562115120e+00
3.476970381668532184e+01,3.794043391865783654e+00,2.673024445465219223e+00
3.492974159980192184e+01,3.747595255051530128e+00,2.700560691043664807e+00
3.508941380819700129e+01,3.699905839747264391e+00,2.731188983740833631e+00
3.524869875488310811e+01,3.650938598218527176e+00,2.765306681355639729e+00
3.540757285618786199e+01,3.600654681877558883e+00,2.803351351907517941e+00
3.556601067764454882e+01,3.549012669585426050e+00,2.845835256095886834e+00
3.572398464773865356e+01,3.495968364894133540e+00,2.893319042565877908e+00
3.588146447468539435e+01,3.441474665930273069e+00,2.946467565315408432e+00
3.603841711493470967e+01,3.385481216356359457e+00,3.006001344701795919e+00
3.619480668974944848e+01,3.327934013420678294e+00,3.072788447014536573e+00
3.635059382804553962e+01,3.268775165626244483e+00,3.147775546979019623e+00
3.650573498836665465e+01,3.207942614779664581e+00,3.232098509571568634e+00
3.666018221197126792e+01,3.145369626462017454e+00,3.326995649294369528e+00
3.681388263809012784e+01,3.080984276591419491e+00,3.433981106160991281e+00
3.696677758231280819e+01,3.014709020332273948e+00,3.554724454622848473e+00
3.711880167458889446e+01,2.946460135521957735e+00,3.691259790747893899e+00
3.726988196396881392e+01,2.876147048285875751e+00,3.845841219355803364e+00
3.741993676714555050e+01,2.803671614550097058e+00,4.021279817115828159e+00
3.756887433948457300e+01,2.728927299187266176e+00,4.220735606232217663e+00
3.771659090902456768e+01,2.651798460008119473e+00,4.448164563319906506e+00
3.786296955552575128e+01,2.572158933520785951e+00,4.708059014976740286e+00
3.800787611058872528e+01,2.489871908610172824e+00,5.006202977425506795e+00
3.815115655599257849e+01,2.404788769651386104e+00,5.349288903988125732e+00
3.829263703225645799e+01,2.316745819479539836e+00,5.746042018343327840e+00
3.843211619185535710e+01,2.225564962193651297e+00,6.206760493542363477e+00
3.856935936716617874e+01,2.131053113804401100e+00,6.745252644333887382e+00
3.870409430931722738e+01,2.032999949755112112e+00,7.378309898214015838e+00
3.883600280124397841e+01,1.931177720228658412e+00,8.128890178019718249e+00
3.896471134859925911e+01,1.825341275558034715e+00,9.025969691547981455e+00
3.908977981225991982e+01,1.715229328432408717e+00,1.011030749040377508e+01
3.921068805342329711e+01,1.600567435779218117e+00,1.143579071170047889e+01
3.932682029322199924e+01,1.481073945401390812e+00,1.308145600701359079e+01
3.943744756452713318e+01,1.356470412567062800e+00,1.515161454808568386e+01
3.954170941114228555e+01,1.226498512111031447e+00,1.783961179069613934e+01
3.963859727167837832e+01,1.090946068409828218e+00,2.128197472447153871e+01
3.972694421622092875e+01,9.496849800688879073e-01,2.644029908550617236e+01
3.980542883125828268e+01,8.027229439397244315e-01,3.179180179063111211e+01
3.987260456587245017e+01,6.502677591397195700e-01,4.729338312968427971e+01
3.992696764178999302e+01,4.927966699195273081e-01,5.187232306240491653e+01
3.996707303570736514e+01,3.311133984672385844e-01,1.426933846847720702e+02
3.999169438827001954e+01,1.663661853704532512e-01,1.424522848883454174e+02
3.999999999999997868e+01,-3.247424665457644904e-17,1.269110469712988788e+03
