x,y,stress
-4.524927677950604815e-17,5.285713126139268248e+00,5.841134542956131354e-02
-3.760210141962548268e-17,5.507318852399945008e+00,4.860116935559782164e-02
-8.552402102618489974e-19,-8.720666352723933778e-17,1.115968693453301028e-08
3.920975673835863130e-03,2.125231695166232004e-01,9.279152658401362639e-10
1.566629876330692325e-02,4.247578298386275319e-01,8.838814381988711427e-10
3.263305367790889089e-02,6.129334561588192232e-01,1.206805600504401437e-09
5.568167302148192832e-02,8.004614480564139489e-01,1.642818480981056980e-08
8.144147282595066983e-02,9.678210525533328390e-01,9.927038193249695090e-08
1.119536067403429647e-01,1.134379921318443118e+00,2.595145500296306554e-07
1.463098230308829129e-01,1.296363023576929674e+00,5.981063425468953644e-07
1.850495569598144263e-01,1.457354188582690169e+00,5.667381516620886602e-06
2.280806798586317574e-01,1.617251940933175147e+00,2.846369053773558944e-05
2.753042071846747429e-01,1.775962245181839982e+00,9.567556231006367311e-05
3.266153768602781948e-01,1.933398722813342907e+00,2.348017024716444426e-04
3.819047156544710941e-01,2.089482760190130239e+00,5.009542460868963727e-04
4.410590870837685085e-01,2.244143545486534830e+00,1.039715028562589660e-03
5.039626680230885336e-01,2.397317942827497550e+00,2.062372626569165292e-03
5.704978750217289951e-01,2.548950319891928995e+00,3.752570291522243189e-03
6.405462218722238754e-01,2.698992308221990211e+00,6.220087261231263195e-03
7.144669973648799521e-01,2.848341467175747876e+00,9.514207615166955789e-03
7.917052636420999212e-01,2.996002429344328366e+00,1.360193755386091344e-02
8.717902347962395160e-01,3.141323814646538093e+00,1.830102968051250736e-02
9.549301821676468016e-01,3.284919460468209262e+00,2.388948011208453029e-02
1.040832482570542838e+00,3.426483685537099699e+00,2.996785435471106124e-02
1.129553247310247421e+00,3.566298953949530226e+00,3.633332192783431114e-02
1.220984594551633329e+00,3.704357087330042209e+00,4.339486608001121015e-02
1.315021611883913311e+00,3.840653906957872898e+00,5.121593653411769809e-02
1.411562565139816927e+00,3.975188889290748762e+00,5.991680187722445150e-02
1.510509055037803305e+00,4.107964825769877315e+00,6.969221617140008984e-02
1.611766064901767548e+00,4.238987412896655371e+00,8.073270226310261255e-02
1.715241991374379937e+00,4.368264901323320792e+00,9.321194118045275645e-02
1.820848678377262830e+00,4.495807813924672658e+00,1.072397919698817731e-01
1.928501413122062358e+00,4.621628669743038209e+00,1.229233516940736737e-01
2.042017937934057503e+00,4.750085908756027209e+00,1.409216063758587378e-01
2.157553695196155363e+00,4.876730239158209912e+00,1.607605066623324086e-01
2.273255315482322292e+00,4.999726544593193545e+00,1.820894508253453059e-01
2.390760339415200164e+00,5.121001246430537890e+00,2.050757945902244306e-01
2.507668963668363560e+00,5.238272450416977755e+00,2.291713816519020674e-01
2.626177085763439667e+00,5.353927147975494627e+00,2.547120882291014632e-01
2.746222337400992419e+00,5.467985469341300586e+00,2.816079199759802254e-01
2.867745298567120127e+00,5.580468147193374584e+00,3.097754559504015681e-01
2.990689138568144667e+00,5.691396158876943723e+00,3.391149159295868687e-01
3.114999529872191975e+00,5.800790654638839250e+00,3.695445746391233799e-01
3.240624674632984981e+00,5.908672988720563346e+00,4.009703074728880323e-01
3.367514973981696524e+00,6.015064447238384737e+00,4.332890326419612248e-01
3.495623045742868751e+00,6.119986292863985433e+00,4.664193507668250582e-01
3.624903789752567551e+00,6.223459838820700973e+00,5.002796308944815751e-01
3.756510753312428452e+00,6.326432132711164336e+00,5.351100513380008250e-01
3.889225630567702208e+00,6.427972569362817801e+00,5.705350562446311891e-01
4.035550350725348956e+00,6.537378866798039923e+00,6.098527531246740185e-01
4.183100808465956000e+00,6.645126449858341111e+00,6.497026138751004209e-01
4.324332154853693488e+00,6.745951475501063221e+00,6.879827182860022150e-01
4.466586839100244788e+00,6.845327507815595958e+00,7.266107027286399234e-01
4.603254848145592604e+00,6.938827723272422254e+00,7.637469076755963870e-01
4.740789727978815371e+00,7.031048112841271625e+00,8.011046545258858620e-01
4.879161877357117483e+00,7.122007553706269256e+00,8.386286046421241869e-01
5.018342866602687025e+00,7.211724505141078545e+00,8.762736244485147541e-01
5.158305302298355599e+00,7.300216963278892912e+00,9.140042952799343201e-01
5.299023387905465121e+00,7.387502848056564098e+00,9.517877540045356355e-01
5.440472246340626761e+00,7.473599600059005255e+00,9.895919617378095001e-01
5.582627944373924400e+00,7.558524236202553759e+00,1.027388084912833399e+00
5.725467542761719208e+00,7.642293414089880166e+00,1.065147905018567043e+00
5.868969125193815195e+00,7.724923477066018229e+00,1.102844137279520575e+00
6.013163955968619412e+00,7.806459705996124043e+00,1.140468922969001042e+00
6.157979935616686440e+00,7.886887579231362189e+00,1.177988194528199806e+00
6.313793062577679471e+00,7.971840090922392541e+00,1.218037890576043614e+00
6.470273923258486271e+00,8.055556315390090205e+00,1.257914384688342047e+00
6.642170628819383360e+00,8.145730121934656509e+00,1.301307287070661234e+00
6.814812502329384181e+00,8.234468980293723206e+00,1.344420809273836115e+00
6.973589545431631898e+00,8.314516246832269530e+00,1.383666258542353145e+00
7.132950546375213641e+00,8.393394575291075910e+00,1.422656023327164565e+00
7.281945279417578298e+00,8.465852095684764933e+00,1.458730983125246183e+00
7.431416499884227811e+00,8.537321530983559725e+00,1.494559947369198616e+00
7.581270809451395642e+00,8.607778228335714488e+00,1.530100418782761373e+00
7.731573909816916945e+00,8.677272409505215833e+00,1.565365869796922382e+00
7.882313066320495665e+00,8.745815945178579298e+00,1.600336216325426664e+00
8.033475766701494436e+00,8.813420310729657814e+00,1.635005962497981136e+00
8.185049960553865134e+00,8.880096715204306435e+00,1.669333734278881431e+00
8.337024215151933149e+00,8.945856182262140521e+00,1.703395926871763555e+00
8.489387513728528845e+00,9.010709472378511720e+00,1.737264422497728500e+00
8.642129001363716867e+00,9.074666990733641470e+00,1.770532611468046857e+00
8.795238241008419777e+00,9.137738912631952815e+00,1.803537325945994141e+00
8.948705268174999006e+00,9.199935216312818298e+00,1.836183199213642370e+00
9.109634100248156230e+00,9.264077988131880659e+00,1.869940889645690385e+00
9.270933219380385282e+00,9.327283847496559588e+00,1.903299669764857427e+00
9.452836297347026573e+00,9.397288197399841891e+00,1.940301614392001106e+00
9.635180780961965397e+00,9.466134634389621993e+00,1.976747775355509829e+00
9.822721687148538550e+00,9.535586577787590556e+00,2.013558207581774173e+00
1.001069869864508100e+01,9.603849386207320649e+00,2.049740499485101175e+00
1.017824080986078705e+01,9.663574945070493527e+00,2.081415294662444904e+00
1.034610778512446494e+01,9.722381254445240373e+00,2.112588819309064725e+00
1.050275893647700620e+01,9.776340437823447971e+00,2.141173633500792928e+00
1.065967714328422566e+01,9.829518011587937920e+00,2.169312938615298947e+00
1.081676771616015209e+01,9.881892350395286684e+00,2.196980772869868925e+00
1.097411163032406023e+01,9.933500618296450924e+00,2.224186024086955538e+00
1.113170249700640646e+01,9.984349890428193319e+00,2.250922793497180940e+00
1.128953406763116440e+01,1.003444705753925348e+01,2.277185383996542356e+00
1.144760029230809373e+01,1.008379885173956225e+01,2.302968945190549288e+00
1.160589529801277209e+01,1.013241184551336893e+01,2.328266915721024954e+00
1.176441337327197623e+01,1.018029245293697294e+01,2.353073755312207194e+00
1.192314896639638100e+01,1.022744693494686885e+01,2.377384952772267024e+00
1.208209668078680465e+01,1.027388140342733713e+01,2.401194209698408244e+00
1.224125125965086269e+01,1.031960182205588872e+01,2.424507609909982708e+00
1.240793258625445006e+01,1.036666478344250919e+01,2.448331920590526067e+00
1.257482893593788553e+01,1.041295945330788086e+01,2.471615512196898568e+00
1.276284488899743863e+01,1.046413249225401998e+01,2.497103220430682669e+00
1.295111834394160155e+01,1.051434988352318989e+01,2.521873528169271683e+00
1.315551750078747517e+01,1.056772336828871239e+01,2.547894698607185759e+00
1.336020142314690595e+01,1.061999418674052009e+01,2.573018715003946966e+00
1.354644388480122252e+01,1.066654669767139652e+01,2.595115273182023063e+00
1.373290769686161283e+01,1.071220454387898968e+01,2.616478661710212705e+00
1.389930077287434784e+01,1.075215510604793145e+01,2.634923112982948901e+00
1.406586039108014141e+01,1.079140555114644862e+01,2.652794185855427145e+00
1.422719162100325185e+01,1.082872552771643804e+01,2.669540099486419571e+00
1.438867109232357500e+01,1.086539877807255650e+01,2.685745001044088198e+00
1.455029513740768365e+01,1.090142950134513988e+01,2.701406911892824336e+00
1.471206018577411179e+01,1.093682179725401404e+01,2.716526830092137690e+00
1.487396274497904791e+01,1.097157966452813227e+01,2.731106716709304827e+00
1.503599938717026241e+01,1.100570700081764386e+01,2.745148726373747294e+00
1.519816674741663576e+01,1.103920760518263222e+01,2.758653782407871180e+00
1.536046156598741952e+01,1.107208518928238306e+01,2.771626034369824243e+00
1.552288065584161814e+01,1.110434337270726246e+01,2.784069957128183503e+00
1.568542085459734636e+01,1.113598567596350541e+01,2.795991388054908988e+00
1.584856120195326490e+01,1.116710656750705866e+01,2.807421519325393966e+00
1.601181723863608397e+01,1.119761475839264975e+01,2.818353292123080500e+00
1.618941678966556452e+01,1.123008828340032039e+01,2.829632702012767620e+00
1.636714577847839180e+01,1.126184576208029675e+01,2.840337031513655575e+00
1.656745883695363375e+01,1.129675945979752605e+01,2.851655009313653899e+00
1.676792627682111103e+01,1.133077554691647215e+01,2.862237701844199123e+00
1.698144714634284824e+01,1.136599874426650381e+01,2.872705884000041010e+00
1.719513128887528097e+01,1.140021750767261466e+01,2.882334710020604707e+00
1.738727588307750338e+01,1.143011363994784979e+01,2.890341132968905935e+00
1.757954353776946377e+01,1.145920785593616742e+01,2.897721209430177414e+00
1.775058891660687621e+01,1.148440539917901759e+01,2.903791871970307525e+00
1.792172561862146551e+01,1.150897504222484535e+01,2.909404503458902447e+00
1.808571961422049057e+01,1.153192109938618692e+01,2.914361340928105726e+00
1.824979252156546394e+01,1.155429593913705233e+01,2.918919826583825650e+00
1.841394202171849770e+01,1.157610179666138528e+01,2.923089453912561364e+00
1.857816582358284663e+01,1.159734083981161135e+01,2.926882706419189351e+00
1.874246167909799254e+01,1.161801517226702352e+01,2.930312693154330184e+00
1.890682736141909714e+01,1.163812683184290186e+01,2.933393624595276972e+00
1.907126066614045357e+01,1.165767779189011755e+01,2.936139164949294056e+00
1.923575944801189763e+01,1.167666996664164891e+01,2.938564305477806116e+00
1.940032159185086513e+01,1.169510520848405832e+01,2.940683168907599843e+00
1.956494497915716479e+01,1.171298530531232807e+01,2.942512757103936227e+00
1.972975579466962870e+01,1.173032526378225171e+01,2.944063831415856924e+00
1.989462381448551653e+01,1.174711261862290179e+01,2.945371428132907088e+00
2.007200774709559354e+01,1.176455316612850588e+01,2.946488311979855279e+00
2.024945300898868084e+01,1.178135826961979582e+01,2.947363019550143459e+00
2.044936722419938846e+01,1.179952614322676752e+01,2.948031306607401092e+00
2.064935262505240843e+01,1.181689291875430392e+01,2.948426530416989433e+00
2.086948048374506115e+01,1.183507927663996462e+01,2.948561981321738301e+00
2.108968585660969808e+01,1.185230170626449286e+01,2.948390709532785259e+00
2.129283693395081301e+01,1.186733329089548583e+01,2.948039545078995793e+00
2.149604669282313196e+01,1.188154958350748736e+01,2.947504783290197938e+00
2.167652701967568873e+01,1.189349078703228990e+01,2.946916684684704801e+00
2.185704854339747882e+01,1.190479212985206381e+01,2.946235079358394238e+00
2.202291098953510229e+01,1.191461082922460513e+01,2.945542478547390708e+00
2.218880440675851773e+01,1.192389156773654335e+01,2.944806969544459641e+00
2.235416645277906511e+01,1.193260657774436595e+01,2.944034681860539848e+00
2.251955571177330384e+01,1.194078892155136629e+01,2.943237780358626487e+00
2.268497043158980375e+01,1.194843935489642561e+01,2.942428083994348409e+00
2.285040886521429826e+01,1.195555858303696617e+01,2.941618168669350997e+00
2.301586927224149548e+01,1.196214726120648386e+01,2.940818781346500543e+00
2.318134993204957084e+01,1.196820599541765517e+01,2.940041338310736663e+00
2.334684912883135510e+01,1.197373534208202805e+01,2.939296533412491641e+00
2.351236514979393633e+01,1.197873580825977236e+01,2.938593434820472972e+00
2.367789629183658562e+01,1.198320785212506223e+01,2.937940498541494527e+00
2.384344085628999110e+01,1.198715188300422874e+01,2.937350949339777362e+00
2.401429614957049097e+01,1.199066889612896603e+01,2.936806636412034877e+00
2.418516208048949423e+01,1.199362428224259602e+01,2.936353791499398458e+00
2.437676764223144232e+01,1.199627060219400398e+01,2.935934600611382006e+00
2.456838164872133490e+01,1.199821144045946930e+01,2.935631710449224663e+00
2.478418897138394428e+01,1.199955287742935894e+01,2.935426735661586406e+00
2.499999999999990763e+01,1.199999999999999467e+01,2.935349356179361102e+00
2.521581102861588874e+01,1.199955287742936072e+01,2.935434288953719939e+00
2.543161835127848747e+01,1.199821144045946752e+01,2.935647064556874852e+00
2.562323235776842978e+01,1.199627060219400221e+01,2.935956783604965370e+00
2.581483791951035300e+01,1.199362428224259780e+01,2.936382708205484970e+00
2.598570385042942732e+01,1.199066889612897135e+01,2.936839690246860979e+00
2.615655914370984902e+01,1.198715188300423229e+01,2.937387691610071183e+00
2.632210370816338951e+01,1.198320785212506223e+01,2.937977322120842505e+00
2.648763485020591801e+01,1.197873580825977591e+01,2.938629824319751727e+00
2.665315087116849924e+01,1.197373534208203161e+01,2.939329441377421581e+00
2.681865006795028350e+01,1.196820599541765517e+01,2.940070484297762299e+00
2.698413072775835531e+01,1.196214726120648386e+01,2.940842275449165211e+00
2.714959113478556318e+01,1.195555858303696972e+01,2.941635969664163852e+00
2.731502956841005769e+01,1.194843935489643094e+01,2.942439902707326915e+00
2.748044428822653629e+01,1.194078892155137162e+01,2.943243362923568363e+00
2.764583354722078923e+01,1.193260657774437306e+01,2.944034163768270318e+00
2.781119559324133661e+01,1.192389156773654868e+01,2.944800373824294049e+00
2.797708901046473784e+01,1.191461082922461578e+01,2.945530230515337244e+00
2.814295145660236130e+01,1.190479212985206914e+01,2.946217049984319658e+00
2.832347298032415139e+01,1.189349078703229701e+01,2.946893717843433347e+00
2.850395330717670461e+01,1.188154958350749624e+01,2.947477633616649051e+00
2.870716306604900936e+01,1.186733329089550004e+01,2.948009065760457403e+00
2.891031414339011363e+01,1.185230170626450530e+01,2.948357248359960714e+00
2.913051951625476121e+01,1.183507927663997705e+01,2.948527411358225603e+00
2.935064737494741394e+01,1.181689291875431813e+01,2.948390735048073363e+00
2.955063277580044456e+01,1.179952614322677995e+01,2.947995826922742868e+00
2.975054699101114863e+01,1.178135826961981003e+01,2.947327436086203623e+00
2.992799225290425369e+01,1.176455316612852009e+01,2.946453002908850927e+00
3.010537618551433425e+01,1.174711261862291600e+01,2.945336258734278623e+00
3.027024420533022564e+01,1.173032526378226414e+01,2.944026900705617678e+00
3.043505502084268244e+01,1.171298530531234228e+01,2.942473333058050144e+00
3.059967840814898565e+01,1.169510520848406721e+01,2.940640804614422787e+00
3.076424055198796026e+01,1.167666996664166312e+01,2.938518731711389886e+00
3.092873933385940433e+01,1.165767779189013353e+01,2.936090199966961301e+00
3.109317263858075364e+01,1.163812683184291608e+01,2.933341083383035119e+00
3.125753832090186179e+01,1.161801517226703773e+01,2.930258121993536413e+00
3.142183417641700771e+01,1.159734083981162733e+01,2.926826147291923252e+00
3.158605797828135664e+01,1.157610179666140127e+01,2.923032327524191398e+00
3.175020747843438329e+01,1.155429593913706832e+01,2.918862390284938435e+00
3.191428038577935666e+01,1.153192109938620113e+01,2.914304833673369011e+00
3.207827438137838527e+01,1.150897504222486134e+01,2.909350301000044769e+00
3.224941108339297102e+01,1.148440539917903713e+01,2.903739425323537127e+00
3.242045646223036215e+01,1.145920785593618518e+01,2.897673320708515021e+00
3.261272411692232964e+01,1.143011363994787111e+01,2.890292491433307909e+00
3.280486871112454850e+01,1.140021750767263775e+01,2.882288595188224001e+00
3.301855285365700610e+01,1.136599874426652157e+01,2.872658814987964160e+00
3.323207372317875752e+01,1.133077554691648636e+01,2.862190062602211871e+00
3.343254116304624546e+01,1.129675945979753848e+01,2.851607375901396235e+00
3.363285422152149096e+01,1.126184576208031096e+01,2.840288348057451007e+00
3.381058321033432179e+01,1.123008828340033816e+01,2.829585577820658226e+00
3.398818276136381655e+01,1.119761475839266218e+01,2.818305719228170414e+00
3.415143879804664806e+01,1.116710656750706931e+01,2.807372260490278659e+00
3.431457914540257548e+01,1.113598567596351607e+01,2.795939468139578832e+00
3.447711934415828949e+01,1.110434337270727490e+01,2.784012874395747961e+00
3.463953843401247923e+01,1.107208518928239194e+01,2.771562331311746341e+00
3.480183325258327187e+01,1.103920760518264643e+01,2.758583300216251644e+00
3.496400061282963634e+01,1.100570700081765985e+01,2.745071448241748868e+00
3.512603725502084728e+01,1.097157966452815003e+01,2.731024508476496582e+00
3.528793981422576564e+01,1.093682179725403181e+01,2.716439153208172197e+00
3.544970486259219911e+01,1.090142950134515409e+01,2.701315982269758553e+00
3.561132890767630954e+01,1.086539877807257604e+01,2.685651332700377480e+00
3.577280837899663624e+01,1.082872552771645935e+01,2.669445100905774915e+00
3.593413960891973602e+01,1.079140555114646816e+01,2.652699622852556782e+00
3.610069922712553137e+01,1.075215510604794922e+01,2.634827323517852538e+00
3.626709230313827703e+01,1.071220454387901100e+01,2.616387201267814433e+00
3.645355611519865846e+01,1.066654669767142138e+01,2.595021385164808070e+00
3.663979857685298214e+01,1.061999418674054141e+01,2.572927569591297203e+00
3.684448249921239693e+01,1.056772336828873904e+01,2.547802026449523360e+00
3.704888165605825634e+01,1.051434988352321831e+01,2.521778798280669864e+00
3.723715511100242281e+01,1.046413249225405018e+01,2.497011113219026690e+00
3.742517106406197058e+01,1.041295945330790751e+01,2.471522247501299674e+00
3.759206741374543270e+01,1.036666478344253051e+01,2.448242824252646610e+00
3.775874874034904849e+01,1.031960182205590648e+01,2.424420048007169814e+00
3.791790331921310298e+01,1.027388140342735667e+01,2.401109597291237741e+00
3.807685103360351775e+01,1.022744693494688661e+01,2.377301397104726099e+00
3.823558662672792252e+01,1.018029245293699248e+01,2.352990573990247469e+00
3.839410470198712488e+01,1.013241184551339202e+01,2.328183207407013011e+00
3.855239970769181213e+01,1.008379885173958534e+01,2.302884602500699263e+00
3.871046593236874145e+01,1.003444705753927124e+01,2.277099546435457977e+00
3.886829750299349229e+01,9.984349890428216412e+00,2.250835273495312094e+00
3.902588836967584740e+01,9.933500618296475793e+00,2.224096199757105374e+00
3.918323228383973600e+01,9.881892350395313329e+00,2.196889648096354453e+00
3.934032285671565177e+01,9.829518011587969895e+00,2.169220577199512334e+00
3.949724106352287833e+01,9.776340437823479945e+00,2.141079783133611691e+00
3.965389221487541249e+01,9.722381254445272347e+00,2.112496819569693152e+00
3.982175919013909748e+01,9.663574945070525501e+00,2.081322415056710451e+00
3.998930130135480709e+01,9.603849386207349070e+00,2.049652373954142348e+00
4.017727831285137796e+01,9.535586577787611873e+00,2.013470467931506303e+00
4.036481921903798309e+01,9.466134634389629099e+00,1.976661114111711859e+00
4.054716370265290948e+01,9.397288197399856102e+00,1.940219372386085661e+00
4.072906678061953301e+01,9.327283847496575575e+00,1.903218979391270604e+00
4.089036589975177804e+01,9.264077988131891317e+00,1.869866728770344766e+00
4.105129473182496014e+01,9.199935216312823627e+00,1.836113469455065594e+00
4.120476175899153048e+01,9.137738912631961696e+00,1.803468037404074353e+00
4.135787099863620853e+01,9.074666990733655680e+00,1.770469226216055736e+00
4.151061248627140543e+01,9.010709472378529483e+00,1.737118166541227859e+00
4.166297578484797981e+01,8.945856182262163614e+00,1.703423817220740988e+00
4.181495003944602473e+01,8.880096715204341962e+00,1.669395880795005116e+00
4.196652423329838655e+01,8.813420310729693341e+00,1.635043310149724816e+00
4.211768693367939420e+01,8.745815945178609496e+00,1.600377608032473642e+00
4.226842609018299868e+01,8.677272409505242479e+00,1.565408744093014226e+00
4.241872919054851110e+01,8.607778228335746462e+00,1.530148519960825571e+00
4.256858350011567182e+01,8.537321530983586371e+00,1.494607818303292035e+00
4.271805472058234443e+01,8.465852095684789802e+00,1.458778139997676915e+00
4.286704945362470909e+01,8.393394575291099002e+00,1.422698586330671366e+00
4.302641045456832813e+01,8.314516246832281965e+00,1.383710566399919184e+00
4.318518749767059006e+01,8.234468980293714324e+00,1.344461844727450339e+00
4.335782937118059976e+01,8.145730121934652956e+00,1.301350055242051162e+00
4.352972607674147554e+01,8.055556315390100863e+00,1.257959311366506849e+00
4.368620693742230543e+01,7.971840090922390765e+00,1.218076660259598043e+00
4.384202006438329846e+01,7.886887579231347978e+00,1.178025163775582751e+00
4.398683604403139924e+01,7.806459705996101839e+00,1.140495779466849546e+00
4.413103087480620701e+01,7.724923477065989807e+00,1.102863502093099024e+00
4.427453245723830122e+01,7.642293414089857073e+00,1.065157905964315033e+00
4.441737205562607471e+01,7.558524236202530666e+00,1.027388899210785800e+00
4.455952775365937413e+01,7.473599600058990156e+00,9.895849989208147512e-01
4.470097661209452866e+01,7.387502848056553439e+00,9.517720833628404709e-01
4.484169469770164795e+01,7.300216963278875149e+00,9.139823104068430792e-01
4.498165713339732719e+01,7.211724505141045682e+00,8.762465356667096250e-01
4.512083812264291538e+01,7.122007553706232841e+00,8.386027498174036809e-01
4.525921027202122815e+01,7.031048112841228104e+00,8.010865246704067522e-01
4.539674515185443937e+01,6.938827723272383174e+00,7.637396995265596233e-01
4.553341316089976942e+01,6.845327507815558654e+00,7.266077834465887175e-01
4.567566784514630029e+01,6.745951475501038352e+00,6.879838242924283254e-01
4.581689919153404134e+01,6.645126449858325124e+00,6.497036406673840636e-01
4.596444964927463417e+01,6.537378866798037258e+00,6.098519958986944323e-01
4.611077436943224939e+01,6.427972569362824018e+00,5.705329969825468917e-01
4.624348924668752403e+01,6.326432132711168776e+00,5.351045253791325562e-01
4.637509621024741335e+01,6.223459838820702750e+00,5.002704177160611776e-01
4.650437695425709705e+01,6.119986292863995203e+00,4.664081195624565912e-01
4.663248502601825152e+01,6.015064447238390066e+00,4.332783018280744747e-01
4.675937532536698171e+01,5.908672988720575781e+00,4.009621871305181773e-01
4.688500047012775696e+01,5.800790654638858790e+00,3.695453574160081911e-01
4.700931086143180693e+01,5.691396158876962375e+00,3.391169393069691229e-01
4.713225470143284923e+01,5.580468147193382578e+00,3.097705524478196470e-01
4.725377766259898493e+01,5.467985469341302363e+00,2.815979980538877436e-01
4.737382291423654124e+01,5.353927147975493739e+00,2.546951992757965355e-01
4.749233103633161335e+01,5.238272450416983084e+00,2.291578601634427226e-01
4.760923966058475543e+01,5.121001246430540554e+00,2.050718384723076160e-01
4.772674468451764795e+01,4.999726544593198874e+00,1.821012850364187585e-01
4.784244630480382199e+01,4.876730239158210800e+00,1.608017841058667075e-01
4.795798206206590919e+01,4.750085908756036090e+00,1.409565316416271363e-01
4.807149858687788679e+01,4.621628669743052420e+00,1.229323405425128690e-01
4.817915132162267611e+01,4.495807813924703744e+00,1.072292630845414069e-01
4.828475800862555900e+01,4.368264901323366978e+00,9.317958556196659359e-02
4.838823393509817095e+01,4.238987412896711326e+00,8.068682030145764295e-02
4.848949094496211387e+01,4.107964825769942152e+00,6.962735657853592885e-02
4.858843743486011846e+01,3.975188889290808270e+00,5.983692158427945940e-02
4.868497838811602918e+01,3.840653906957928410e+00,5.111452784555275963e-02
4.877901540544829828e+01,3.704357087330107934e+00,4.328620094306236815e-02
4.887044675268968064e+01,3.566298953949595063e+00,3.619235346306481221e-02
4.895916751742937834e+01,3.426483685537171642e+00,2.971264595378405801e-02
4.904506981783229236e+01,3.284919460468287422e+00,2.378705095493241495e-02
4.912820976520369953e+01,3.141323814646600265e+00,1.841165139494431099e-02
4.920829473635784268e+01,2.996002429344364337e+00,1.364567388492277100e-02
4.928553300263506287e+01,2.848341467175782959e+00,9.555314648865713412e-03
4.935945377812773671e+01,2.698992308222024405e+00,6.242508300766095100e-03
4.942950212497823514e+01,2.548950319891956529e+00,3.763609753067004380e-03
4.949603733197687205e+01,2.397317942827506876e+00,2.068742944166737565e-03
4.955894091291619219e+01,2.244143545486530833e+00,1.041723045548784187e-03
4.961809528434551453e+01,2.089482760190107147e+00,5.010875670629615780e-04
4.967338462313971803e+01,1.933398722813310266e+00,2.330955091384034786e-04
4.972469579281530372e+01,1.775962245181798016e+00,9.285390360539271318e-05
4.977191932014134323e+01,1.617251940933129184e+00,2.597671608136434702e-05
4.981495044304018194e+01,1.457354188582633325e+00,4.527103328763027219e-06
4.985369017696910277e+01,1.296363023576877938e+00,1.121279401381857372e-06
4.988804639325962853e+01,1.134379921318398932e+00,3.124123645731413783e-07
4.991855852717402087e+01,9.678210525532985331e-01,9.635238350398169306e-08
4.994431832697850382e+01,8.004614480563786438e-01,1.839637925547059277e-08
4.996736694632206621e+01,6.129334561588176689e-01,3.660415723444100919e-09
4.998433370123665753e+01,4.247578298386632811e-01,8.473244561247838804e-10
4.999607902432614281e+01,2.125231695166420742e-01,1.256595559360857449e-09
4.999999999999997868e+01,-8.721575686084017109e-17,1.163625357894103763e-08
