x,y,stress
5.999999999999997335e+00,-3.398725839795504878e-13,7.725000562814952900e+02
6.002721741859037508e+00,2.200338319948255961e-01,1.090563301479385530e+02
6.010882649034797964e+00,4.399331260092166351e-01,9.518567093708412585e+01
6.022692250030449834e+00,6.351709372250590180e-01,4.267774072292189658e+01
6.038774356391646059e+00,8.301033436590407044e-01,3.872856654622597006e+01
6.056638930963086587e+00,1.003032891046806485e+00,2.800938902856169577e+01
6.077845798253849630e+00,1.175584467995452131e+00,2.410562697182797010e+01
6.101026461794741174e+00,1.338816471149220755e+00,2.012082203200093389e+01
6.127174781850034613e+00,1.501599461361638133e+00,1.747415223714994070e+01
6.156268539060807399e+00,1.663881922794458124e+00,1.519890937640581896e+01
6.188283293036416666e+00,1.825613513348905315e+00,1.338623795885116685e+01
6.223192487099429293e+00,1.986745160666072207e+00,1.185361507265425018e+01
6.260967560933420550e+00,2.147229154956499020e+00,1.055853255404357682e+01
6.301578066537679490e+00,2.307019222098352973e+00,9.442256262581157245e+00
6.344991788628348672e+00,2.466070589540803049e+00,8.475537382531955544e+00
6.391174870274064723e+00,2.624340050124634338e+00,7.629406148056749437e+00
6.440091939374636532e+00,2.781786010324001523e+00,6.883945828680416490e+00
6.491706236922105688e+00,2.938368531141812845e+00,6.223032658454064503e+00
6.545979744455877380e+00,3.094049356572126541e+00,5.633629945380224768e+00
6.603641110411378357e+00,3.250826680849710826e+00,5.099076640174442510e+00
6.663950341370502350e+00,3.406604638089039128e+00,4.619079354627863232e+00
6.726029109107034998e+00,3.559341013861225811e+00,4.192003055403343836e+00
6.790603841921729611e+00,3.711039036367767441e+00,3.805534274366504821e+00
6.857632083462523731e+00,3.861669080096871376e+00,3.455886281263035098e+00
6.927070859806293335e+00,4.011203236700396246e+00,3.136333596238166876e+00
6.998876760913965711e+00,4.159615233704031745e+00,2.830388589881879469e+00
7.073006095127468029e+00,4.306880513138772848e+00,2.569429588051515001e+00
7.149414957942622273e+00,4.452976130724908721e+00,2.326274641789817466e+00
7.228059295643729065e+00,4.597880665748295570e+00,2.105562505069530577e+00
7.308895036547877311e+00,4.741574266108256275e+00,1.904064427634102552e+00
7.391878161748650200e+00,4.884038580415696273e+00,1.720894866978838422e+00
7.477307301563290487e+00,5.025815808902408754e+00,1.554276232446438977e+00
7.564812482951333017e+00,5.166321238540053429e+00,1.404324025763723061e+00
7.656341504717982360e+00,5.308587927972984843e+00,1.267820355582765179e+00
7.749946440946089865e+00,5.449497479552017687e+00,1.148677789385894155e+00
7.843127668924627649e+00,5.585510706509831280e+00,1.049224934650774932e+00
7.938194629221116294e+00,5.720212686065979213e+00,9.667351318401178339e-01
8.035105516693610284e+00,5.853594208929957077e+00,9.017567992503303653e-01
8.133819080153520176e+00,5.985647205048281627e+00,8.545347129672317132e-01
8.234294629410845445e+00,6.116364647990550019e+00,8.249292011589109963e-01
8.336492006321785553e+00,6.245740427096096781e+00,8.121345690904411274e-01
8.440371668042439879e+00,6.373769373753132683e+00,8.146744229708348106e-01
8.545894746017873800e+00,6.500447252705247259e+00,8.305330260121052133e-01
8.653023017863988642e+00,6.625770651710189085e+00,8.574481249513690173e-01
8.761718905117815481e+00,6.749736914361498030e+00,8.931800506431089026e-01
8.872192032096906544e+00,6.872614955809479120e+00,9.358280938887062472e-01
8.984166267108465220e+00,6.994126701642152000e+00,9.836025962052703520e-01
9.103732874937712438e+00,7.120678961212501434e+00,1.037970128311472395e+00
9.224885397428204570e+00,7.245713857227921828e+00,1.095303607188523598e+00
9.341396703344425845e+00,7.363076282015719620e+00,1.151641040585678066e+00
9.459269169425347457e+00,7.479071595606094469e+00,1.209161680426112717e+00
9.578104770165422721e+00,7.593354349656585178e+00,1.267239151102501404e+00
9.698228706667508803e+00,7.706282180860120512e+00,1.325706496181371818e+00
9.819609963469931202e+00,7.817857808771705663e+00,1.384299228928538961e+00
9.942217917888898526e+00,7.928084060768278540e+00,1.442831427960284518e+00
1.006602267043737164e+01,8.036964165015701766e+00,1.501146454723345292e+00
1.019099522806467917e+01,8.144501880013752526e+00,1.559141628963893966e+00
1.031710717159633894e+01,8.250701176288002259e+00,1.616723741616671539e+00
1.044433071455033790e+01,8.355566275362381390e+00,1.673836187757743010e+00
1.057263880270287615e+01,8.459101715402477240e+00,1.730425830811256116e+00
1.070200489026855273e+01,8.561312154671998798e+00,1.786458176839112788e+00
1.083638798121090829e+01,8.665252669969778054e+00,1.843573892603535880e+00
1.097183941193781642e+01,8.767797108830896136e+00,1.900034820735237329e+00
1.111425097582569421e+01,8.873289248306065247e+00,1.958213512481539187e+00
1.125776609213436785e+01,8.977275129718771396e+00,2.015608357131778661e+00
1.139244295349978842e+01,9.072806789490893919e+00,2.068388456717610513e+00
1.152802965333073182e+01,9.167042698276430812e+00,2.120486051620725121e+00
1.166429886701621754e+01,9.259850444862905761e+00,2.171809964319038500e+00
1.180143126501278950e+01,9.351377960851921856e+00,2.222421866392734202e+00
1.193940572848652693e+01,9.441631194380114778e+00,2.272344492218156375e+00
1.207820158158250834e+01,9.530616102972670589e+00,2.321524674754798845e+00
1.221779866012318472e+01,9.618338697214976918e+00,2.369967966523943925e+00
1.235817733227824711e+01,9.704805049526269656e+00,2.417661212536869719e+00
1.249931842044404995e+01,9.790021242166401905e+00,2.464597162844835765e+00
1.264120320421957011e+01,9.873993368174001972e+00,2.510738100034290987e+00
1.278381341390653603e+01,9.956727526263543737e+00,2.556080057312643650e+00
1.292713121939801724e+01,1.003822981322083230e+01,2.600625838716065452e+00
1.307643229557334053e+01,1.012142650737505001e+01,2.645929277786830625e+00
1.322645618252585642e+01,1.020331263766587782e+01,2.690362688911591249e+00
1.338780027415875296e+01,1.028950762709331102e+01,2.736919828137062360e+00
1.354992911445743609e+01,1.037421734390838957e+01,2.782403615155169874e+00
1.369904262079531954e+01,1.045048120549931348e+01,2.823154174186034648e+00
1.384877988346670818e+01,1.052551299507584837e+01,2.863021791080466727e+00
1.399677516703054714e+01,1.059817685590139469e+01,2.901366305802740797e+00
1.414534503901303530e+01,1.066965857589777578e+01,2.938821981278226136e+00
1.429447523286673061e+01,1.073996393840828389e+01,2.975352299767662689e+00
1.444415173416420295e+01,1.080909863332957421e+01,3.010971434871223540e+00
1.459436080047917983e+01,1.087706827042159929e+01,3.045626212247651843e+00
1.474508914981064045e+01,1.094387846494603700e+01,3.079402048391514324e+00
1.489632375484485394e+01,1.100953474330165172e+01,3.112590547704270350e+00
1.504805180204820658e+01,1.107404252897781483e+01,3.144265134464582889e+00
1.520026080131616197e+01,1.113740719225810594e+01,3.175159397293477070e+00
1.535293851357000250e+01,1.119963402033869571e+01,3.205069414386707560e+00
1.550771476904961865e+01,1.126137615825238036e+01,3.234311727848220297e+00
1.566294550594377100e+01,1.132196659556447571e+01,3.262574995543245482e+00
1.583463933634364018e+01,1.138745381689988001e+01,3.292521764649471105e+00
1.600685592522620482e+01,1.145155371535226863e+01,3.321181898751251360e+00
1.617580077214212864e+01,1.151291733280290508e+01,3.348008834783293697e+00
1.634521737708090328e+01,1.157296623987745932e+01,3.373590546387351452e+00
1.650149049456785377e+01,1.162705696994741800e+01,3.396069414532924213e+00
1.665814106984464971e+01,1.168004463911688440e+01,3.417525113194997299e+00
1.681468565186108677e+01,1.173177921303690141e+01,3.437875873622380229e+00
1.697158544836553418e+01,1.178242630107327038e+01,3.457189777484281912e+00
1.712883080048674245e+01,1.183199024478440897e+01,3.475471645193628500e+00
1.728641217031117705e+01,1.188047527800923753e+01,3.492720576373482988e+00
1.744432019440735715e+01,1.192788554635834153e+01,3.508939259339062033e+00
1.760254573710858139e+01,1.197422512397692707e+01,3.524133157586799125e+00
1.776107979711335005e+01,1.201949798639917866e+01,3.538313299853580229e+00
1.791991352905240475e+01,1.206370801885828214e+01,3.551485019592322434e+00
1.807903825169089984e+01,1.210685901984791712e+01,3.563654021287554041e+00
1.823844540865383124e+01,1.214895469175014853e+01,3.574851390970010812e+00
1.840302092259813094e+01,1.219123902449918795e+01,3.585348051313892892e+00
1.856787846210973569e+01,1.223241009905811438e+01,3.594869824344220532e+00
1.875146877740686335e+01,1.227687734121387564e+01,3.604243906811578135e+00
1.893538462377391340e+01,1.231997841685124762e+01,3.612356060205039743e+00
1.911035340555887174e+01,1.235965407607294253e+01,3.619000462316933842e+00
1.928559523923953023e+01,1.239810577982420625e+01,3.624594027388510664e+00
1.944728956749666438e+01,1.243245370581128917e+01,3.628871805907486259e+00
1.960919983619499618e+01,1.246576888961695317e+01,3.632352524280066941e+00
1.977089613011624891e+01,1.249797145748773985e+01,3.635035618399705903e+00
1.993279256045757819e+01,1.252915227518189489e+01,3.636978432635348479e+00
2.009488192805370588e+01,1.255931401323136853e+01,3.638259436417315751e+00
2.025715715358556324e+01,1.258845925910846653e+01,3.638849112360697635e+00
2.041961124004930284e+01,1.261659051082106231e+01,3.638805130847176716e+00
2.058223725859506459e+01,1.264371017563291133e+01,3.638162826259773830e+00
2.074502837191707627e+01,1.266982057507641812e+01,3.636959251853930208e+00
2.090797781507257724e+01,1.269492394250185718e+01,3.635245699290137633e+00
2.107107888324314970e+01,1.271902242221776191e+01,3.633068472327003917e+00
2.123432497479753422e+01,1.274211807660084084e+01,3.630492171425604653e+00
2.140294387616520666e+01,1.276490391137924618e+01,3.627424451068420375e+00
2.157170313243682358e+01,1.278662583837515143e+01,3.624060538561722389e+00
2.176024045834783394e+01,1.280961906152222696e+01,3.619941088196346524e+00
2.194893415367998912e+01,1.283129166457040071e+01,3.615482675569285487e+00
2.213056754684852478e+01,1.285089371414462889e+01,3.611023934788550882e+00
2.231232820571718989e+01,1.286927830909866977e+01,3.606410377069361406e+00
2.247775781484273594e+01,1.288494491228556527e+01,3.602174432969808660e+00
2.264327946056070573e+01,1.289960721583387659e+01,3.597960796750362622e+00
2.280759296249939538e+01,1.291316367418531996e+01,3.593820485135189813e+00
2.297198485732040751e+01,1.292573386357269527e+01,3.589770003144560295e+00
2.313644910995422777e+01,1.293731885288684680e+01,3.585855518998744884e+00
2.330097973372510722e+01,1.294791962805912178e+01,3.582113818746238465e+00
2.346557077218255216e+01,1.295753709088660344e+01,3.578587486642615723e+00
2.363021627940907265e+01,1.296617205832500730e+01,3.575309705404220662e+00
2.379491033834668556e+01,1.297382526402946823e+01,3.572318585809028502e+00
2.395964706134472877e+01,1.298049735846042019e+01,3.569640793346799956e+00
2.412442057422415687e+01,1.298618890834118567e+01,3.567303695513788231e+00
2.428922502277459472e+01,1.299090039715161282e+01,3.565339904381593872e+00
2.445732167685659064e+01,1.299469629080163280e+01,3.563723759448190531e+00
2.462543824451957164e+01,1.299747364009743222e+01,3.562559700874348145e+00
2.481271486211325339e+01,1.299936842732124731e+01,3.561761961156301393e+00
2.499999999999967315e+01,1.299999999999999289e+01,3.561468722816519161e+00
2.518728513788610002e+01,1.299936842732124731e+01,3.561743723030136533e+00
2.537456175547979242e+01,1.299747364009744111e+01,3.562522519405865840e+00
2.554267832314280540e+01,1.299469629080164168e+01,3.563667869413935207e+00
2.571077497722477290e+01,1.299090039715162703e+01,3.565264765011485704e+00
2.587557942577529246e+01,1.298618890834120521e+01,3.567211858701591076e+00
2.604035293865465306e+01,1.298049735846044150e+01,3.569531835056158453e+00
2.620508966165268205e+01,1.297382526402949665e+01,3.572194945864146653e+00
2.636978372059030207e+01,1.296617205832503750e+01,3.575171206364465171e+00
2.653442922781681901e+01,1.295753709088663541e+01,3.578438780778542494e+00
2.669902026627427105e+01,1.294791962805915730e+01,3.581954440294324638e+00
2.686355089004514696e+01,1.293731885288688588e+01,3.585687726202056336e+00
2.702801514267897076e+01,1.292573386357273790e+01,3.589593704929703311e+00
2.719240703749997934e+01,1.291316367418536615e+01,3.593639908200517041e+00
2.735672053943867255e+01,1.289960721583392633e+01,3.597776033062393353e+00
2.752224218515663168e+01,1.288494491228562033e+01,3.601988609631931126e+00
2.768767179428218483e+01,1.286927830909873016e+01,3.606225634343750208e+00
2.786943245315084994e+01,1.285089371414469284e+01,3.610837534643914104e+00
2.805106584631938205e+01,1.283129166457046821e+01,3.615295422124786384e+00
2.823975954165152302e+01,1.280961906152230156e+01,3.619752989952523148e+00
2.842829686756254404e+01,1.278662583837522781e+01,3.623869605265963134e+00
2.859705612383417872e+01,1.276490391137932079e+01,3.627238201395369011e+00
2.876567502520187958e+01,1.274211807660091900e+01,3.630308642240512196e+00
2.892892111675626765e+01,1.271902242221784007e+01,3.632888468406092475e+00
2.909202218492684366e+01,1.269492394250194067e+01,3.635068103198578982e+00
2.925497162808235529e+01,1.266982057507650516e+01,3.636780794554871132e+00
2.941776274140437764e+01,1.264371017563299660e+01,3.637983641151230518e+00
2.958038875995013584e+01,1.261659051082115468e+01,3.638631376993749722e+00
2.974284284641387899e+01,1.258845925910856067e+01,3.638680981086630517e+00
2.990511807194573990e+01,1.255931401323146268e+01,3.638096527154665694e+00
3.006720743954188535e+01,1.252915227518199259e+01,3.636834031638113363e+00
3.022910386988320397e+01,1.249797145748784288e+01,3.634861594891057646e+00
3.039080016380446381e+01,1.246576888961705798e+01,3.632139022591727606e+00
3.055271043250280627e+01,1.243245370581139753e+01,3.628627150955129554e+00
3.071440476075993686e+01,1.239810577982431639e+01,3.624322733684456121e+00
3.088964659444057759e+01,1.235965407607306155e+01,3.618710096417558919e+00
3.106461537622552882e+01,1.231997841685137018e+01,3.612050856944148958e+00
3.124853122259258598e+01,1.227687734121399998e+01,3.603932376058559761e+00
3.143212153788972429e+01,1.223241009905824228e+01,3.594545775015492772e+00
3.159697907740132194e+01,1.219123902449932118e+01,3.585028881421157720e+00
3.176155459134562520e+01,1.214895469175028353e+01,3.574534555597488783e+00
3.192096174830856015e+01,1.210685901984805746e+01,3.563346517615101128e+00
3.208008647094705168e+01,1.206370801885842425e+01,3.551185553707650655e+00
3.223892020288610638e+01,1.201949798639932077e+01,3.538021324630122422e+00
3.239745426289088215e+01,1.197422512397707095e+01,3.523846346993944501e+00
3.255567980559209929e+01,1.192788554635848719e+01,3.508656491870413507e+00
3.271358782968829360e+01,1.188047527800938674e+01,3.492440269402958375e+00
3.287116919951272820e+01,1.183199024478456352e+01,3.475196175654438502e+00
3.302841455163393647e+01,1.178242630107342848e+01,3.456917300286221018e+00
3.318531434813837677e+01,1.173177921303706484e+01,3.437608121908227510e+00
3.334185893015480673e+01,1.168004463911705493e+01,3.417262434328628196e+00
3.349850950543159911e+01,1.162705696994759386e+01,3.395814524742584606e+00
3.365478262291853895e+01,1.157296623987764228e+01,3.373349112076901690e+00
3.382419922785731359e+01,1.151291733280309693e+01,3.347773972074735926e+00
3.399314407477323385e+01,1.145155371535246225e+01,3.320957109456331491e+00
3.416536066365582514e+01,1.138745381690007186e+01,3.292311804883942372e+00
3.433705449405571386e+01,1.132196659556466223e+01,3.262376244775935685e+00
3.449228523094986087e+01,1.126137615825257576e+01,3.234130163753911713e+00
3.464706148642947170e+01,1.119963402033889821e+01,3.204902244903775621e+00
3.479973919868330512e+01,1.113740719225831377e+01,3.174980962878177770e+00
3.495194819795124630e+01,1.107404252897802621e+01,3.144086388041595015e+00
3.510367624515460250e+01,1.100953474330186843e+01,3.112223770005758006e+00
3.525491085018882131e+01,1.094387846494625904e+01,3.079401556332640233e+00
3.540563919952028726e+01,1.087706827042182489e+01,3.045633137626033715e+00
3.555584826583526592e+01,1.080909863332980514e+01,3.010924814417394568e+00
3.570552476713274359e+01,1.073996393840851482e+01,2.975291983455994327e+00
3.585465496098644422e+01,1.066965857589801026e+01,2.938741641254900117e+00
3.600322483296893239e+01,1.059817685590163627e+01,2.901288304806556084e+00
3.615122011653276246e+01,1.052551299507609883e+01,2.862943125429212810e+00
3.630095737920416354e+01,1.045048120549955861e+01,2.823087420211292997e+00
3.645007088554207542e+01,1.037421734390862760e+01,2.782348519559157740e+00
3.661219972584076032e+01,1.028950762709355615e+01,2.736863699971244124e+00
3.677354381747365153e+01,1.020331263766613006e+01,2.690298790263011774e+00
3.692356770442616920e+01,1.012142650737530403e+01,2.645859769687511243e+00
3.707286878060149604e+01,1.003822981322109165e+01,2.600549779292749886e+00
3.721618658609298080e+01,9.956727526263806638e+00,2.556008074649263939e+00
3.735879679577993784e+01,9.873993368174271978e+00,2.510676393556052766e+00
3.750068157955545445e+01,9.790021242166673687e+00,2.464557412403347136e+00
3.764182266772126439e+01,9.704805049526548544e+00,2.417660625480237080e+00
3.778220133987633744e+01,9.618338697215259359e+00,2.369999305083516195e+00
3.792179841841701204e+01,9.530616102972954806e+00,2.321580706379459347e+00
3.806059427151298991e+01,9.441631194380402547e+00,2.272418508657064962e+00
3.819856873498674332e+01,9.351377960852213178e+00,2.222520959454540979e+00
3.833570113298330995e+01,9.259850444863204189e+00,2.171901017542721579e+00
3.847197034666880455e+01,9.167042698276734569e+00,2.120567919792486045e+00
3.860755704649973552e+01,9.072806789491201229e+00,2.068452466317566962e+00
3.874223390786516319e+01,8.977275129719087587e+00,2.015654243728934425e+00
3.888574902417383328e+01,8.873289248306392096e+00,1.958251169946941150e+00
3.902816058806170929e+01,8.767797108831231867e+00,1.900068709356995900e+00
3.916361201878861920e+01,8.665252669970113786e+00,1.843594737066351463e+00
3.929799510973098364e+01,8.561312154672336305e+00,1.786468614675858380e+00
3.942736119729666910e+01,8.459101715402818300e+00,1.730421419475574485e+00
3.955566928544921268e+01,8.355566275362726003e+00,1.673816526464678711e+00
3.968289282840321874e+01,8.250701176288350425e+00,1.616692082724853208e+00
3.980900477193488740e+01,8.144501880014102468e+00,1.559095899134812502e+00
3.993397732956219670e+01,8.036964165016057038e+00,1.501097156055561488e+00
4.005778208211066982e+01,7.928084060768637364e+00,1.442777031081398764e+00
4.018039003652963714e+01,7.817857808772070705e+00,1.384248790153172814e+00
4.030177129333205954e+01,7.706282180860495323e+00,1.325658893438858899e+00
4.042189522983414207e+01,7.593354349656976865e+00,1.267202316502133774e+00
4.054073083057421201e+01,7.479071595606498590e+00,1.209135578611917561e+00
4.065860329665513717e+01,7.363076282016130847e+00,1.151627155339263187e+00
4.077511460257134956e+01,7.245713857228347266e+00,1.095301930931936951e+00
4.089626712506186124e+01,7.120678961212922431e+00,1.037983940867516441e+00
4.101583373289111734e+01,6.994126701642571220e+00,9.836385777627656424e-01
4.112780796790267601e+01,6.872614955809901893e+00,9.358852871079057500e-01
4.123828109488177773e+01,6.749736914361929685e+00,8.932655877670637734e-01
4.134697698213560102e+01,6.625770651710632286e+00,8.575707768884577309e-01
4.145410525398170876e+01,6.500447252705697565e+00,8.307138133187865758e-01
4.155962833195715689e+01,6.373769373753587431e+00,8.149142395248969439e-01
4.166350799367781832e+01,6.245740427096555969e+00,8.124613023325181205e-01
4.176570537058874777e+01,6.116364647991035852e+00,8.253352989206256263e-01
4.186618091984606593e+01,5.985647205048794106e+00,8.550415971217163458e-01
4.196489448330596872e+01,5.853594208930489984e+00,9.023153205782463715e-01
4.206180537077846537e+01,5.720212686066532548e+00,9.673434333521864215e-01
4.215687233107495757e+01,5.585510706510390833e+00,1.049782553341368052e+00
4.225005355905350513e+01,5.449497479552579016e+00,1.149155825373374906e+00
4.234365849528164460e+01,5.308587927973507092e+00,1.268197831156841371e+00
4.243518751704833392e+01,5.166321238540543703e+00,1.404487338020268261e+00
4.252269269843638000e+01,5.025815808902908799e+00,1.554478498153351929e+00
4.260812183825103006e+01,4.884038580416200759e+00,1.721276376694099053e+00
4.269110496345180650e+01,4.741574266108768754e+00,1.904785796673264864e+00
4.277194070435596274e+01,4.597880665748815154e+00,2.106663483422144267e+00
4.285058504205708374e+01,4.452976130725415871e+00,2.328162241555995049e+00
4.292699390487225486e+01,4.306880513139267563e+00,2.570997938369453450e+00
4.300112323908575007e+01,4.159615233704557546e+00,2.837036460511455083e+00
4.307292914019341623e+01,4.011203236700957575e+00,3.128787273494801902e+00
4.314236791653718939e+01,3.861669080097451356e+00,3.448951666086986112e+00
4.320939615807798617e+01,3.711039036368372290e+00,3.801004993090798312e+00
4.327397089089268434e+01,3.559341013861847980e+00,4.188711025126788279e+00
4.333604965862922853e+01,3.406604638089666182e+00,4.616905152222262387e+00
4.339635888958836318e+01,3.250826680850340988e+00,5.097552805733558401e+00
4.345402025554387393e+01,3.094049356572762477e+00,5.632825806930010337e+00
4.350829376307763852e+01,2.938368531142444784e+00,6.222726151310880915e+00
4.355990806062514054e+01,2.781786010324631686e+00,6.884165543591993064e+00
4.360882512972572300e+01,2.624340050125252954e+00,7.629671683381851643e+00
4.365500821137145948e+01,2.466070589541411451e+00,8.475731030762180040e+00
4.369842193346213577e+01,2.307019222098954714e+00,9.442339362774340827e+00
4.373903243906641336e+01,2.147229154957094988e+00,1.055792946748648653e+01
4.377680751290041172e+01,1.986745160666692822e+00,1.185552046415694782e+01
4.381171670696343057e+01,1.825613513349547024e+00,1.339322186721679131e+01
4.384373146093903273e+01,1.663881922795099833e+00,1.521618293916485598e+01
4.387282521814983482e+01,1.501599461362277621e+00,1.749989824700180918e+01
4.389897353820513359e+01,1.338816471149838927e+00,2.017443005782217114e+01
4.392215420174603224e+01,1.175584467996050098e+00,2.414797944819099129e+01
4.394336106903680417e+01,1.003032891047402675e+00,2.813507033712699368e+01
4.396122564360828022e+01,8.301033436596313431e-01,3.874807610203048824e+01
4.397730774996949066e+01,6.351709372256191255e-01,4.289880940980086166e+01
4.398911735096515230e+01,4.399331260097436025e-01,9.497795118750805443e+01
4.399727825814093052e+01,2.200338319952619970e-01,1.101696863245900033e+02
4.399999999999997868e+01,-4.263849346608653932e-17,7.730801136283157575e+02
