x,y,stress
1.999999999999998890e+00,6.849365124289976668e-16,7.466341395946030843e+02
2.003573802119773095e+00,2.115342552466874526e-01,1.133452484860388267e+02
2.014282255490988494e+00,4.228275664352476593e-01,8.984178805371037413e+01
2.029764251683376930e+00,6.102942238970919808e-01,3.808461343818897404e+01
2.050812363155090967e+00,7.972178708542975167e-01,3.331480814772064747e+01
2.074369917572751465e+00,9.642277404097765459e-01,2.215459524122683632e+01
2.102303583519626873e+00,1.130561723552487852e+00,1.796335800197748966e+01
2.133804768069107016e+00,1.292514912428598395e+00,1.371776287431056396e+01
2.169371990391779637e+00,1.453624083850560078e+00,1.095323241116843604e+01
2.208935050212135653e+00,1.613798966085979947e+00,8.682231768034018415e+00
2.252417955642568970e+00,1.772954559614801306e+00,6.963439320848589631e+00
2.299739641665437873e+00,1.931011406042447698e+00,5.609081885995974126e+00
2.350814680727458583e+00,2.087895726048226930e+00,4.516855896717868468e+00
2.405553999630127837e+00,2.243539530186824837e+00,3.558121717078350343e+00
2.463865586516346795e+00,2.397880672808962554e+00,2.910802452308690835e+00
2.525655146284124797e+00,2.550862773003121031e+00,2.361181325739598602e+00
2.590826737388850720e+00,2.702435130549270870e+00,1.926334706556694254e+00
2.659617310173990834e+00,2.853264433351191620e+00,1.571910562796317024e+00
2.731625397568206548e+00,3.002584560735736208e+00,1.286021346737913351e+00
2.806429110522111525e+00,3.149740952836094898e+00,1.054121410363738631e+00
2.884227966995288828e+00,3.295336208129983735e+00,8.644574134991834802e-01
2.964881937983334215e+00,3.439269047662878886e+00,7.084534573431703341e-01
3.048336529561451069e+00,3.581596471294841599e+00,5.794651159597390411e-01
3.134498175858934754e+00,3.722301744579138649e+00,4.724831539337059350e-01
3.223275047781643199e+00,3.861371895244937846e+00,3.841299025409474766e-01
3.314577271638230016e+00,3.998797436735896937e+00,3.122407321204413444e-01
3.408317099350957502e+00,4.134572081360542661e+00,2.561319205966819390e-01
3.504409049806715526e+00,4.268692471918953402e+00,2.164445592245473615e-01
3.602770013572202945e+00,4.401157916624838684e+00,1.944986170701896722e-01
3.703319331274718351e+00,4.531970139398073805e+00,1.903962669702950194e-01
3.805978845773330121e+00,4.661133041961496026e+00,2.013533495021059549e-01
3.914119912532223911e+00,4.792782691310007337e+00,2.236317756353342068e-01
4.024349980943534355e+00,4.922688359846334016e+00,2.525533933451105106e-01
4.133457896936577392e+00,5.047335214719365304e+00,2.843083451218527680e-01
4.244398747537182714e+00,5.170353616230305427e+00,3.180436075381181671e-01
4.356651740669970962e+00,5.291272705549751265e+00,3.527411155351570238e-01
4.470594444117822697e+00,5.410601000057488008e+00,3.880611712131774582e-01
4.586166346851894282e+00,5.528352247317100954e+00,4.237523810728207607e-01
4.703309181645643378e+00,5.644540869793133631e+00,4.596597284857903976e-01
4.821966866502378934e+00,5.759181862111105055e+00,4.957122696425907971e-01
4.942085751692943951e+00,5.872290984657127844e+00,5.318567398224837151e-01
5.063614329831588101e+00,5.983884438530980177e+00,5.680750920535695414e-01
5.186502892714539570e+00,6.093978537012352703e+00,6.043406194722736879e-01
5.310703729468715828e+00,6.202589888587620059e+00,6.406465855480636407e-01
5.436171270148347112e+00,6.309735506213805856e+00,6.769804206132670199e-01
5.566422286948275122e+00,6.418368054422159297e+00,7.143455280559688481e-01
5.697919860234615719e+00,6.525488361164062390e+00,7.517162787349742636e-01
5.837320875676062393e+00,6.636384920209835947e+00,7.909563020122111210e-01
5.978000062843652707e+00,6.745655557493110521e+00,8.301542191886573940e-01
6.109773942131671909e+00,6.845713651469716332e+00,8.665298570642819831e-01
6.242574809566280969e+00,6.944404668867725228e+00,9.028654272691848393e-01
6.375991164762882413e+00,7.041474012523127435e+00,9.390365740767606662e-01
6.510362124638089831e+00,7.137217603492413076e+00,9.751353882553512875e-01
6.645656722801128069e+00,7.231652219427512129e+00,1.011160469268141071e+00
6.781844608523736717e+00,7.324794007311682620e+00,1.047072988245795422e+00
6.918896581811639912e+00,7.416658901864162878e+00,1.082862414334010870e+00
7.056785271623419398e+00,7.507263088140081031e+00,1.118513135221273824e+00
7.195484108115846489e+00,7.596622321162437963e+00,1.154011172296644627e+00
7.334967438025876696e+00,7.684752037348047793e+00,1.189347896187493481e+00
7.475210635695172634e+00,7.771667450455912451e+00,1.224508248909760955e+00
7.616190066873394393e+00,7.857383547699766879e+00,1.259487654004886492e+00
7.762382409594096089e+00,7.944573320226165691e+00,1.295365925578512156e+00
7.909310130472515077e+00,8.030518119296729651e+00,1.331023456876496702e+00
8.071951653084136424e+00,8.123751007643395639e+00,1.370010231410482726e+00
8.235427579120168318e+00,8.215513020037294112e+00,1.408672324005199927e+00
8.388218752186228144e+00,8.299567964655800267e+00,1.444350786083560267e+00
8.541685480962712518e+00,8.382383090473048526e+00,1.479739246558871901e+00
8.687488531956809368e+00,8.459609766247563556e+00,1.512938435512275026e+00
8.833860291131999887e+00,8.535753059572202872e+00,1.545859720399293868e+00
8.980784264283178331e+00,8.610825463220759701e+00,1.578485485496035734e+00
9.128244422179657036e+00,8.684839144662445776e+00,1.610807599517958488e+00
9.276225282388889326e+00,8.757806006885534345e+00,1.642816153487532294e+00
9.424712056291765450e+00,8.829737774363026759e+00,1.674500968484532226e+00
9.573690382046340375e+00,8.900645874721629269e+00,1.705853521390011673e+00
9.723146412855138365e+00,8.970541497236769857e+00,1.736864702542173733e+00
9.873066834998436292e+00,9.039435613467905029e+00,1.767524279484341765e+00
1.002343864223334968e+01,9.107338886726727978e+00,1.797825967266020175e+00
1.017424924059417712e+01,9.174261736261838607e+00,1.827750099042607212e+00
1.032548663360909913e+01,9.240214429932013473e+00,1.857314986382339939e+00
1.048605868475242531e+01,9.308994479662949573e+00,1.888155005459300151e+00
1.064708262443363473e+01,9.376709859918666012e+00,1.918677124787754318e+00
1.082708921521726708e+01,9.450949721099670242e+00,1.952357371605251579e+00
1.100762389097401162e+01,9.523896039065874675e+00,1.985054515219696114e+00
1.117856255949044098e+01,9.591601246857655028e+00,2.015529750636378736e+00
1.134994367706310214e+01,9.658178565341694721e+00,2.045446262116616953e+00
1.150566052962500585e+01,9.717561862640165415e+00,2.072111161871992291e+00
1.166172075125222740e+01,9.776036842043538400e+00,2.098331772810218876e+00
1.181655283651832988e+01,9.833041768027383611e+00,2.123839264527929593e+00
1.197170392929828786e+01,9.889172652777295625e+00,2.148891534312851181e+00
1.212716570322915643e+01,9.944437298304736217e+00,2.173480970163152115e+00
1.228293004766667273e+01,9.998843315254710262e+00,2.197601911634854410e+00
1.243898909873944980e+01,1.005239814139219412e+01,2.221249235242451547e+00
1.259533521875475870e+01,1.010510904112309127e+01,2.244416400922383925e+00
1.275196099250718440e+01,1.015698311078111793e+01,2.267097021132225443e+00
1.290885919730425613e+01,1.020802727506781693e+01,2.289286358999353954e+00
1.306602286933761903e+01,1.025824831456520769e+01,2.310979696235764269e+00
1.322344513258537724e+01,1.030765281666116273e+01,2.332177300937131825e+00
1.338379612890129167e+01,1.035706459151242242e+01,2.353206662128858540e+00
1.354440090202004221e+01,1.040564517975816905e+01,2.373731245446864424e+00
1.372320201245255689e+01,1.045867474077406278e+01,2.395897581483230177e+00
1.390229965110123977e+01,1.051069405573637994e+01,2.417411143726315270e+00
1.409707879879769798e+01,1.056603937904343837e+01,2.440007593040692147e+00
1.429218676058830617e+01,1.062021416117893402e+01,2.461780190015198766e+00
1.447007722683512476e+01,1.066852202479055833e+01,2.480930107473976687e+00
1.464822407060676746e+01,1.071587570688486757e+01,2.499410348181126285e+00
1.480967825985858433e+01,1.075791855609074332e+01,2.515573835217023380e+00
1.497133113013075878e+01,1.079919090477177512e+01,2.531199286504804302e+00
1.513138587106519672e+01,1.083925387057874978e+01,2.546116505601453639e+00
1.529162494795316007e+01,1.087857308089716035e+01,2.560499695068704451e+00
1.545204358852621951e+01,1.091715322619756101e+01,2.574348868159209491e+00
1.561263709894974028e+01,1.095499887260162630e+01,2.587664933908263798e+00
1.577340091616944662e+01,1.099211447773396522e+01,2.600451772000500483e+00
1.593433055492908323e+01,1.102850438129065580e+01,2.612710759303122909e+00
1.609542161705658359e+01,1.106417281055373714e+01,2.624444108723190450e+00
1.625666984033977158e+01,1.109912389392879994e+01,2.635656643104205443e+00
1.641807104294235486e+01,1.113336165102213116e+01,2.646352442537621474e+00
1.657962110674843004e+01,1.116688999207817901e+01,2.656542253845862955e+00
1.674383876064633014e+01,1.120021902879019216e+01,2.666363451969004927e+00
1.690820167674246477e+01,1.123282416509661097e+01,2.675693440176055038e+00
1.709083522886360029e+01,1.126817760325574191e+01,2.685426282328580161e+00
1.727363740181469254e+01,1.130264855323527051e+01,2.694558668461179973e+00
1.747711945081248786e+01,1.133995250978930791e+01,2.703987292618891924e+00
1.768079634148933010e+01,1.137617757040283806e+01,2.712650029661361817e+00
1.787224812573867183e+01,1.140922106288912552e+01,2.720152610990421493e+00
1.806385995235332587e+01,1.144132350686779631e+01,2.727023664291920113e+00
1.823435003466925863e+01,1.146907910090859950e+01,2.732643390391272575e+00
1.840495843147438748e+01,1.149609791990475038e+01,2.737808771403693164e+00
1.856802719961932269e+01,1.152122070440741908e+01,2.742331320940297079e+00
1.873119727560055381e+01,1.154567687127178566e+01,2.746462813053798691e+00
1.889446549913337137e+01,1.156946902710341440e+01,2.750210752612823217e+00
1.905782875071150784e+01,1.159259969616841524e+01,2.753588413300647630e+00
1.922128395723728289e+01,1.161507132273010434e+01,2.756611897859583049e+00
1.938482810039829474e+01,1.163688627351183946e+01,2.759294614694256520e+00
1.954845820290250202e+01,1.165804683704605615e+01,2.761650061032173920e+00
1.971217132459921828e+01,1.167855522448999039e+01,2.763694556193653451e+00
1.987596456362329533e+01,1.169841357104748525e+01,2.765446570844228180e+00
2.003983506472275167e+01,1.171762393810672798e+01,2.766921388649925984e+00
2.020382019940663554e+01,1.173619278397540988e+01,2.768131664894878607e+00
2.036787702093960917e+01,1.175411723592283408e+01,2.769111731646318297e+00
2.054340826621147187e+01,1.177257600919711500e+01,2.769890880448388160e+00
2.071901502475970247e+01,1.179030200789853744e+01,2.770449574387253922e+00
2.091678872533712408e+01,1.180938266705902429e+01,2.770792276868663251e+00
2.111464932083187662e+01,1.182754012925900078e+01,2.770878970955948706e+00
2.132328185753654282e+01,1.184568158437280516e+01,2.770734436327425332e+00
2.153200054927516049e+01,1.186280338473225449e+01,2.770340995683441054e+00
2.171896595192275825e+01,1.187727201966885993e+01,2.769847970719367947e+00
2.190599252757156279e+01,1.189092718243922420e+01,2.769230522481235024e+00
2.207390211503096822e+01,1.190249175419418037e+01,2.768594977027465376e+00
2.224185537980845950e+01,1.191340366867348521e+01,2.767905888171740880e+00
2.240654079533004506e+01,1.192346827175195578e+01,2.767181980644748407e+00
2.257126322361309434e+01,1.193290776630827743e+01,2.766426993193045636e+00
2.273602023588009402e+01,1.194172309244363994e+01,2.765653404779521374e+00
2.290080941557349803e+01,1.194991512654222632e+01,2.764873293293948819e+00
2.306562836247348613e+01,1.195748468193378322e+01,2.764098814751899891e+00
2.323047468851518005e+01,1.196443250907520017e+01,2.763342075549342525e+00
2.339534601841272732e+01,1.197075929594982213e+01,2.762613889034269743e+00
2.356023998749358483e+01,1.197646566830949943e+01,2.761924812755144121e+00
2.372515424137655415e+01,1.198155218996778082e+01,2.761282731567646032e+00
2.389008643428312695e+01,1.198601936301530912e+01,2.760699933709998888e+00
2.405634156872181606e+01,1.198989565630554743e+01,2.760175046375290542e+00
2.422261016590068650e+01,1.199314358050192375e+01,2.759738912074297001e+00
2.440544910606153906e+01,1.199598998293360630e+01,2.759343278690890688e+00
2.458829828682072360e+01,1.199807736997926177e+01,2.759058906638487407e+00
2.479414689864108112e+01,1.199951936089230209e+01,2.758866443196602347e+00
2.500000000000015277e+01,1.199999999999999467e+01,2.758790985396641915e+00
2.520585310135921020e+01,1.199951936089230564e+01,2.758867916592732339e+00
2.541170171317953219e+01,1.199807736997925822e+01,2.759061850065848365e+00
2.559455089393874871e+01,1.199598998293359919e+01,2.759347449656876616e+00
2.577738983409955154e+01,1.199314358050192020e+01,2.759744265711358668e+00
2.594365843127848237e+01,1.198989565630554388e+01,2.760180441630196935e+00
2.610991356571708621e+01,1.198601936301530557e+01,2.760705099137488627e+00
2.627484575862366967e+01,1.198155218996777371e+01,2.761286632215854908e+00
2.643976001250663899e+01,1.197646566830949233e+01,2.761927433684653099e+00
2.660465398158748584e+01,1.197075929594981858e+01,2.762614836791517980e+00
2.676952531148502956e+01,1.196443250907518951e+01,2.763341267214280084e+00
2.693437163752673769e+01,1.195748468193376901e+01,2.764094687855930932e+00
2.709919058442672579e+01,1.194991512654221388e+01,2.764865719719777903e+00
2.726397976412011914e+01,1.194172309244363106e+01,2.765640979630281659e+00
2.742873677638711527e+01,1.193290776630826500e+01,2.766409196009273153e+00
2.759345920467017166e+01,1.192346827175193624e+01,2.767158015647364078e+00
2.775814462019176077e+01,1.191340366867347100e+01,2.767875249958656969e+00
2.792609788496925560e+01,1.190249175419416794e+01,2.768558130169102238e+00
2.809400747242866103e+01,1.189092718243920643e+01,2.769187345216745921e+00
2.828103404807749044e+01,1.187727201966883683e+01,2.769801122660239034e+00
2.846799945072511306e+01,1.186280338473222962e+01,2.770290399656244240e+00
2.867671814246373074e+01,1.184568158437278385e+01,2.770682336860098349e+00
2.888535067916840049e+01,1.182754012925897236e+01,2.770824447533399848e+00
2.908321127466314238e+01,1.180938266705899409e+01,2.770739075612702607e+00
2.928098497524054622e+01,1.179030200789850902e+01,2.770397312035355775e+00
2.945659173378875906e+01,1.177257600919709191e+01,2.769841722612642165e+00
2.963212297906060755e+01,1.175411723592280744e+01,2.769066720719520536e+00
2.979617980059358118e+01,1.173619278397537791e+01,2.768092151527211442e+00
2.996016493527747571e+01,1.171762393810669955e+01,2.766888309858714923e+00
3.012403543637692493e+01,1.169841357104745860e+01,2.765416728489420883e+00
3.028782867540099133e+01,1.167855522448996020e+01,2.763668141144307810e+00
3.045154179709771114e+01,1.165804683704602240e+01,2.761622913315900263e+00
3.061517189960192553e+01,1.163688627351180749e+01,2.759266469088245799e+00
3.077871604276293027e+01,1.161507132273007592e+01,2.756574541033002923e+00
3.094217124928870177e+01,1.159259969616838148e+01,2.753541129275501653e+00
3.110553450086685601e+01,1.156946902710337532e+01,2.750147633877673137e+00
3.126880272439968778e+01,1.154567687127174480e+01,2.746377344586266922e+00
3.143197280038092600e+01,1.152122070440738000e+01,2.742249173721306388e+00
3.159504156852586831e+01,1.149609791990470598e+01,2.737734512018799471e+00
3.176564996533103269e+01,1.146907910090854443e+01,2.732572878074206901e+00
3.193614004764699033e+01,1.144132350686773769e+01,2.726958469006029340e+00
3.212775187426166212e+01,1.140922106288906512e+01,2.720083282460874496e+00
3.231920365851102162e+01,1.137617757040276878e+01,2.712578177095957166e+00
3.252288054918786031e+01,1.133995250978923508e+01,2.703909745931095898e+00
3.272636259818566629e+01,1.130264855323519768e+01,2.694474467137781826e+00
3.290916477113672300e+01,1.126817760325567797e+01,2.685340042835664853e+00
3.309179832325781234e+01,1.123282416509654702e+01,2.675602926599592646e+00
3.325616123935392920e+01,1.120021902879012998e+01,2.666272067395460077e+00
3.342037889325180799e+01,1.116688999207812216e+01,2.656449686135988308e+00
3.358192895705788317e+01,1.113336165102207609e+01,2.646259031212514490e+00
3.374333015966046645e+01,1.109912389392874310e+01,2.635561416143587188e+00
3.390457838294366155e+01,1.106417281055367674e+01,2.624346561418553048e+00
3.406566944507115835e+01,1.102850438129059363e+01,2.612610810854696819e+00
3.422659908383081273e+01,1.099211447773390127e+01,2.600351401993509448e+00
3.438736290105050841e+01,1.095499887260155703e+01,2.587563958313212176e+00
3.454795641147403984e+01,1.091715322619748640e+01,2.574247574820227591e+00
3.470837505204711704e+01,1.087857308089708752e+01,2.560398884583550583e+00
3.486861412893508572e+01,1.083925387057867873e+01,2.546018693394763943e+00
3.502866886986951300e+01,1.079919090477169696e+01,2.531104869779817967e+00
3.519032174014169811e+01,1.075791855609065628e+01,2.515481457903739670e+00
3.535177592939353985e+01,1.071587570688478053e+01,2.499323399903957910e+00
3.552992277316520386e+01,1.066852202479046419e+01,2.480844989636229680e+00
3.570781323941204022e+01,1.062021416117882566e+01,2.461700339677233895e+00
3.590292120120266617e+01,1.056603937904332469e+01,2.439926817546021365e+00
3.609770034889914569e+01,1.051069405573625914e+01,2.417329921907684032e+00
3.627679798754779483e+01,1.045867474077395265e+01,2.395818476086648552e+00
3.645559909798026865e+01,1.040564517975806424e+01,2.373650697237775997e+00
3.661620387109901031e+01,1.035706459151231762e+01,2.353125241196539541e+00
3.677655486741493718e+01,1.030765281666105793e+01,2.332092886876790949e+00
3.693397713066268295e+01,1.025824831456510644e+01,2.310893629058287768e+00
3.709114080269603164e+01,1.020802727506771035e+01,2.289196740524967577e+00
3.724803900749311225e+01,1.015698311078100602e+01,2.267002813719117604e+00
3.740466478124554328e+01,1.010510904112298114e+01,2.244317416037363344e+00
3.756101090126085040e+01,1.005239814139208399e+01,2.221147101399831847e+00
3.771706995233363102e+01,9.998843315254593023e+00,2.197495412092973499e+00
3.787283429677115265e+01,9.944437298304615425e+00,2.173370099442767600e+00
3.802829607070201945e+01,9.889172652777174832e+00,2.148775749927334555e+00
3.818344716348196499e+01,9.833041768027264595e+00,2.123720123299672746e+00
3.833827924874805149e+01,9.776036842043421160e+00,2.098208825197271921e+00
3.849433947037528014e+01,9.717561862640041070e+00,2.071983277621162856e+00
3.865005632293721050e+01,9.658178565341565047e+00,2.045316498175474784e+00
3.882143744050988943e+01,9.591601246857514695e+00,2.015389317199907993e+00
3.899237610902633122e+01,9.523896039065720132e+00,1.984924909813368332e+00
3.917291078478305622e+01,9.450949721099522804e+00,1.952107965526454381e+00
3.935291737556667613e+01,9.376709859918525680e+00,1.918700163449207796e+00
3.951394131524784825e+01,9.308994479662821675e+00,1.888245928363259774e+00
3.967451336639113890e+01,9.240214429931894458e+00,1.857364505718604120e+00
3.982575075940605558e+01,9.174261736261719591e+00,1.827791221471981586e+00
3.997656135776690434e+01,9.107338886726603633e+00,1.797851961189947723e+00
4.012693316500181595e+01,9.039435613467778907e+00,1.767545131401136338e+00
4.027685358714510500e+01,8.970541497236640183e+00,1.736879045941517985e+00
4.042630961795391187e+01,8.900645874721494266e+00,1.705863810958609950e+00
4.057528794370849567e+01,8.829737774362888203e+00,1.674507234351984009e+00
4.072377471761137002e+01,8.757806006885392236e+00,1.642819545400019843e+00
4.087175557782060764e+01,8.684839144662296562e+00,1.610807575190045249e+00
4.101921573571708990e+01,8.610825463220605158e+00,1.578482579827871879e+00
4.116613970886827900e+01,8.535753059572046553e+00,1.545853084147557954e+00
4.131251146804344643e+01,8.459609766247414342e+00,1.512928209418555214e+00
4.145831451903752907e+01,8.382383090472902865e+00,1.479723385055594198e+00
4.161178124781400811e+01,8.299567964655652830e+00,1.444333701653703672e+00
4.176457242088007860e+01,8.215513020037144898e+00,1.408651117587965018e+00
4.192804834691609983e+01,8.123751007643248201e+00,1.369989934649091357e+00
4.209068986952770786e+01,8.030518119296583990e+00,1.331003377784673480e+00
4.223761759040608155e+01,7.944573320226043123e+00,1.295344925164541250e+00
4.238380993312674860e+01,7.857383547699670068e+00,1.259469993446495018e+00
4.252478936430496503e+01,7.771667450455812975e+00,1.224488220248406423e+00
4.266503256197425031e+01,7.684752037347943876e+00,1.189322300593765647e+00
4.280451589188425743e+01,7.596622321162345592e+00,1.153982726196532305e+00
4.294321472837668097e+01,7.507263088139997542e+00,1.118481172294774284e+00
4.308110341818845512e+01,7.416658901864082942e+00,1.082833059141188325e+00
4.321815539147633700e+01,7.324794007311603572e+00,1.047049915912255269e+00
4.335434327719895009e+01,7.231652219427431305e+00,1.011148020978928530e+00
4.348963787536199277e+01,7.137217603492337581e+00,9.751395687292322423e-01
4.362400883523721262e+01,7.041474012523044834e+00,9.390408005258595869e-01
4.375742519043379986e+01,6.944404668867638186e+00,9.028647505460171141e-01
4.389022605786841069e+01,6.845713651469625738e+00,8.665221906252985606e-01
4.402199993715644410e+01,6.745655557493015486e+00,8.301375253708376256e-01
4.416267912432401488e+01,6.636384920209757787e+00,7.909367061277295941e-01
4.430208013976542958e+01,6.525488361163993112e+00,7.516950770711980923e-01
4.443357771305175419e+01,6.418368054422099789e+00,7.143225122241630975e-01
4.456382872985168575e+01,6.309735506213754341e+00,6.769563577164338097e-01
4.468929627053132236e+01,6.202589888587566769e+00,6.406205575103209870e-01
4.481349710728549240e+01,6.093978537012291419e+00,6.043131373560619579e-01
4.493638567016844121e+01,5.983884438530914451e+00,5.680437144038146258e-01
4.505791424830710667e+01,5.872290984657055901e+00,5.318204989550633366e-01
4.517803313349767080e+01,5.759181862111032224e+00,4.956663108997456657e-01
4.529669081835438504e+01,5.644540869793065241e+00,4.596009206194004992e-01
4.541383365314812437e+01,5.528352247317039669e+00,4.236754247784255689e-01
4.552940555588219951e+01,5.410601000057441823e+00,3.879611692532833889e-01
4.564334825933004680e+01,5.291272705549711297e+00,3.526054435602193338e-01
4.575560125246281729e+01,5.170353616230265459e+00,3.178619845058484050e-01
4.586654210306342350e+01,5.047335214719321783e+00,2.840455369936499830e-01
4.597565001905648074e+01,4.922688359846291384e+00,2.521830968757812208e-01
4.608588008746779252e+01,4.792782691309965593e+00,2.230718838537305848e-01
4.619402115422666810e+01,4.661133041961451617e+00,2.005754389691782047e-01
4.629668066872527987e+01,4.531970139398029396e+00,1.894689488608652106e-01
4.639722998642780993e+01,4.401157916624792499e+00,1.936461744667534735e-01
4.649559095019331068e+01,4.268692471918886788e+00,2.162443721667376417e-01
4.659168290064906870e+01,4.134572081360451179e+00,2.566324086602035370e-01
4.668542272836179308e+01,3.998797436735804567e+00,3.133161447740955841e-01
4.677672495221839455e+01,3.861371895244840591e+00,3.856805233766583130e-01
4.686550182414109145e+01,3.722301744579061822e+00,4.744310448370224198e-01
4.695166347043854671e+01,3.581596471294778983e+00,5.818537474434123391e-01
4.703511806201667156e+01,3.439269047662801615e+00,7.113668716059777797e-01
4.711577203300473826e+01,3.295336208129891808e+00,8.680521983962453669e-01
4.719357088947791112e+01,3.149740952836004748e+00,1.058452103177877746e+00
4.726837460243179834e+01,3.002584560735650498e+00,1.291142439840100575e+00
4.734038268982601494e+01,2.853264433351104579e+00,1.578341722376685574e+00
4.740917326261116216e+01,2.702435130549185605e+00,1.933518413221190890e+00
4.747434485371588408e+01,2.550862773003054862e+00,2.372136247568726652e+00
4.753613441348363011e+01,2.397880672808920366e+00,2.918635181498407505e+00
4.759444600036984951e+01,2.243539530186793307e+00,3.601834787859231835e+00
4.764918531927252587e+01,2.087895726048207834e+00,4.460043795021266355e+00
4.770026035833454614e+01,1.931011406042429934e+00,5.538620037487866909e+00
4.774758204435739373e+01,1.772954559614781767e+00,6.909262131954987396e+00
4.779106494978783104e+01,1.613798966085965736e+00,8.635912522418749404e+00
4.783062800960819771e+01,1.453624083850548310e+00,1.090901350736609032e+01
4.786619523193087389e+01,1.292514912428584628e+00,1.368564460062303034e+01
4.789769641648033627e+01,1.130561723552462094e+00,1.791538065653175593e+01
4.792563008242721168e+01,9.642277404097667759e-01,2.213444733211072091e+01
4.794918763684488994e+01,7.972178708543021797e-01,3.326326249051917472e+01
4.797023574831660397e+01,6.102942238971060807e-01,3.797877097019512149e+01
4.798571774450896754e+01,4.228275664352761920e-01,8.995738420372073563e+01
4.799642619788020426e+01,2.115342552467016635e-01,1.123965803962543077e+02
4.799999999999997868e+01,-4.129899102809276522e-17,7.460658723277647368e+02
